-338.93820 0.00000
-340.60540 0.00000
-341.67480 0.00000
-340.65990 0.00000
-341.55610 0.00000
-340.66500 0.00000
-340.13780 0.00000
-340.16920 0.00000
-340.71220 0.00000
-340.08050 0.00000
-339.97330 0.00000
-340.18970 0.00000
-340.23260 0.00000
-340.52120 0.00000
-339.70210 0.00000
-339.26550 0.00000
-339.28040 0.00000
-338.59350 0.00000
-338.77330 0.00000
-338.37200 0.00000
-338.49090 0.00000
-338.54570 0.00000
-338.36770 0.00000
-337.66230 0.00000
-336.74480 0.00000
-336.85580 0.00000
-336.80450 0.00000
-336.50270 0.00000
-335.64440 0.00000
-335.13910 0.00000
-335.41290 0.00000
-335.23130 0.00000
-335.55940 0.00000
-335.23780 0.00000
-335.47160 0.00000
-335.98920 0.00000
-337.15620 0.00000
-335.80170 0.00000
-335.64520 0.00000
-335.53370 0.00000
-336.00170 0.00000
-335.97380 0.00000
-336.12580 0.00000
-335.62980 0.00000
-336.15210 0.00000
-335.98720 0.00000
-335.17040 0.00000
-335.79080 0.00000
-334.76860 0.00000
-334.43510 0.00000
-334.14940 0.00000
-333.79900 0.00000
-332.99870 0.00000
-333.45560 0.00000
-332.07520 0.00000
-331.18380 0.00000
-331.18590 0.00000
-330.93650 0.00000
-330.77800 0.00000
-330.58370 0.00000
-330.16750 0.00000
-330.18370 0.00000
-330.10370 0.00000
-330.79640 0.00000
-330.54960 0.00000
-330.77280 0.00000
-330.54920 0.00000
-330.33080 0.00000
-330.67300 0.00000
-330.56920 0.00000
-330.77880 0.00000
-330.68100 0.00000
-330.62080 0.00000
-330.03930 0.00000
-329.68320 0.00000
-329.68450 0.00000
-330.60820 0.00000
-329.69140 0.00000
-330.38270 0.00000
-329.24360 0.00000
-329.31460 0.00000
-329.70700 0.00000
-329.47850 0.00000
-329.91470 0.00000
-330.58760 0.00000
-330.34400 0.00000
-329.85000 0.00000
-329.99440 0.00000
-330.00170 0.00000
-330.35550 0.00000
-330.21440 0.00000
-329.81940 0.00000
-329.88140 0.00000
-330.57500 0.00000
-331.10140 0.00000
-330.79080 0.00000
-330.83110 0.00000
-331.10500 0.00000
-330.88400 0.00000
-331.55320 0.00000
-331.40790 0.00000
-309.17440 0.00000
-309.26720 0.00000
-309.44430 0.00000
-308.59430 0.00000
-307.19530 0.00000
-307.03040 0.00000
-307.18000 0.00000
-306.41740 0.00000
-306.47340 0.00000
-305.69880 0.00000
-306.39640 0.00000
-306.36520 0.00000
-306.17060 0.00000
-306.25520 0.00000
-306.12620 0.00000
-305.70710 0.00000
-304.68070 0.00000
-304.44910 0.00000
-304.55260 0.00000
-303.98370 0.00000
-303.02100 0.00000
-301.97300 0.00000
-301.44360 0.00000
-301.37480 0.00000
-301.82240 0.00000
-300.12760 0.00000
-300.35180 0.00000
-299.09890 0.00000
-298.36340 0.00000
-298.61080 0.00000
-299.65290 0.00000
-298.80430 0.00000
-298.52380 0.00000
-298.20660 0.00000
-297.47090 0.00000
-298.28440 0.00000
-297.55010 0.00000
-297.30490 0.00000
-296.37850 0.00000
-297.28160 0.00000
-297.24010 0.00000
-296.98990 0.00000
-297.17920 0.00000
-296.33170 0.00000
-296.24670 0.00000
-296.20930 0.00000
-295.12190 0.00000
-294.62580 0.00000
-295.61090 0.00000
-293.45510 0.00000
-294.86440 0.00000
-294.87890 0.00000
-295.27750 0.00000
-294.74160 0.00000
-294.77130 0.00000
-294.26200 0.00000
-293.91120 0.00000
-294.42200 0.00000
-294.40650 0.00000
-294.20260 0.00000
-295.13860 0.00000
-294.18180 0.00000
-294.42780 0.00000
-293.87090 0.00000
-293.77220 0.00000
-293.96990 0.00000
-294.48820 0.00000
-293.79800 0.00000
-293.73930 0.00000
-292.95150 0.00000
-292.44420 0.00000
-292.83490 0.00000
-293.03620 0.00000
-293.49300 0.00000
-293.34780 0.00000
-293.79680 0.00000
-293.61490 0.00000
-292.91030 0.00000
-292.00980 0.00000
-292.09570 0.00000
-292.37630 0.00000
-291.36100 0.00000
-291.34130 0.00000
-291.32030 0.00000
-291.61550 0.00000
-292.63380 0.00000
-292.24530 0.00000
-291.70530 0.00000
-292.14860 0.00000
-293.38900 0.00000
-292.64860 0.00000
-294.19450 0.00000
-293.40800 0.00000
-294.05900 0.00000
-294.49270 0.00000
-294.40000 0.00000
-294.35850 0.00000
-295.59100 0.00000
-294.10470 0.00000
-293.56720 0.00000
-292.00370 0.00000
-292.34190 0.00000
-292.33720 0.00000
-292.50650 0.00000
-292.62580 0.00000
-292.28090 0.00000
-291.94090 0.00000
-292.65200 0.00000
-293.25490 0.00000
-293.77920 0.00000
-294.65040 0.00000
-295.05190 0.00000
-295.13690 0.00000
-295.48020 0.00000
-296.11740 0.00000
-296.75790 0.00000
-297.56980 0.00000
-297.32180 0.00000
-296.53850 0.00000
-296.28660 0.00000
-296.42510 0.00000
-297.28050 0.00000
-296.98720 0.00000
-297.43730 0.00000
-296.63250 0.00000
-296.30990 0.00000
-294.70830 0.00000
-294.99310 0.00000
-296.94080 0.00000
-296.12990 0.00000
-295.70750 0.00000
-294.93820 0.00000
-293.95270 0.00000
-294.66380 0.00000
-294.45280 0.00000
-293.41790 0.00000
-292.62420 0.00000
-292.80530 0.00000
-294.35640 0.00000
-292.74920 0.00000
-291.68650 0.00000
-291.24060 0.00000
-292.02550 0.00000
-292.47110 0.00000
-292.71770 0.00000
-290.90590 0.00000
-290.50660 0.00000
-290.01600 0.00000
-291.14910 0.00000
-289.85730 0.00000
-290.15480 0.00000
-289.94210 0.00000
-289.13910 0.00000
-288.45680 0.00000
-287.40890 0.00000
-288.34470 0.00000
-287.93740 0.00000
-288.49130 0.00000
-288.30610 0.00000
-288.89130 0.00000
-288.90700 0.00000
-288.81180 0.00000
-289.41980 0.00000
-289.27590 0.00000
-290.07360 0.00000
-289.50940 0.00000
-289.67430 0.00000
-288.22280 0.00000
-288.21700 0.00000
-288.21410 0.00000
-289.53120 0.00000
-287.75500 0.00000
-287.24340 0.00000
-287.40890 0.00000
-287.96180 0.00000
-286.98500 0.00000
-286.36000 0.00000
-286.64690 0.00000
-287.32530 0.00000
-286.26590 0.00000
-285.34200 0.00000
-285.03300 0.00000
-285.62030 0.00000
-285.68970 0.00000
-286.43340 0.00000
-285.83850 0.00000
-284.92270 0.00000
-284.02980 0.00000
-284.62890 0.00000
-284.04660 0.00000
-284.67880 0.00000
-284.27760 0.00000
-284.08400 0.00000
-284.02710 0.00000
-283.44840 0.00000
-283.11890 0.00000
-283.07210 0.00000
-283.44380 0.00000
-282.86440 0.00000
-283.83860 0.00000
-267.16860 0.00000
-268.52000 0.00000
-267.99180 0.00000
-268.21500 0.00000
-267.02500 0.00000
-266.63000 0.00000
-268.05500 0.00000
-265.54380 0.00000
-265.95670 0.00000
-265.82400 0.00000
-266.59450 0.00000
-265.92810 0.00000
-266.15550 0.00000
-264.63000 0.00000
-264.30810 0.00000
-264.52970 0.00000
-264.23330 0.00000
-263.77120 0.00000
-263.01820 0.00000
-262.37070 0.00000
-262.59600 0.00000
-261.73150 0.00000
-262.76320 0.00000
-261.98660 0.00000
-261.69570 0.00000
-262.22250 0.00000
-261.88390 0.00000
-261.25900 0.00000
-262.11820 0.00000
-262.69470 0.00000
-259.56280 0.00000
-259.96040 0.00000
-261.27960 0.00000
-259.06550 0.00000
-258.93300 0.00000
-257.77150 0.00000
-257.02740 0.00000
-258.40160 0.00000
-258.94550 0.00000
-256.20290 0.00000
-255.54040 0.00000
-255.97530 0.00000
-256.86950 0.00000
-255.97520 0.00000
-255.72110 0.00000
-254.49440 0.00000
-255.86060 0.00000
-253.22640 0.00000
-254.00870 0.00000
-252.90470 0.00000
-252.81000 0.00000
-253.03370 0.00000
-252.97460 0.00000
-253.60080 0.00000
-254.12170 0.00000
-254.05770 0.00000
-256.04460 0.00000
-253.88370 0.00000
-253.34140 0.00000
-253.66450 0.00000
-252.02690 0.00000
-253.27870 0.00000
-251.04680 0.00000
-251.69500 0.00000
-251.74450 0.00000
-251.76750 0.00000
-251.84830 0.00000
-252.29380 0.00000
-253.00720 0.00000
-253.12470 0.00000
-251.62180 0.00000
-250.65720 0.00000
-250.27090 0.00000
-249.15880 0.00000
-249.82450 0.00000
-249.36770 0.00000
-249.46200 0.00000
-249.73520 0.00000
-249.55840 0.00000
-250.27860 0.00000
-250.51120 0.00000
-250.18370 0.00000
-250.04380 0.00000
-250.49550 0.00000
-251.21240 0.00000
-250.81510 0.00000
-251.23370 0.00000
-251.15000 0.00000
-251.44490 0.00000
-251.05350 0.00000
-249.44630 0.00000
-249.20040 0.00000
-250.00580 0.00000
-249.34730 0.00000
-248.72000 0.00000
-249.18640 0.00000
-249.35500 0.00000
-250.05900 0.00000
-248.95360 0.00000
-340.86250 0.00000
-315.95800 0.00000
-316.07390 0.00000
-315.53020 0.00000
-315.31810 0.00000
-314.83850 0.00000
-314.77810 0.00000
-314.01500 0.00000
-314.18350 0.00000
-314.81210 0.00000
-314.08490 0.00000
-314.01560 0.00000
-313.40680 0.00000
-313.32790 0.00000
-314.63950 0.00000
-314.18550 0.00000
-314.40300 0.00000
-314.09620 0.00000
-314.23120 0.00000
-314.12260 0.00000
-314.28680 0.00000
-314.20200 0.00000
-315.12680 0.00000
-315.13760 0.00000
-315.33090 0.00000
-314.73070 0.00000
-314.44970 0.00000
-314.28150 0.00000
-314.23460 0.00000
-314.10750 0.00000
-315.02130 0.00000
-314.39110 0.00000
-315.07040 0.00000
-315.17390 0.00000
-315.37560 0.00000
-314.41030 0.00000
-314.32280 0.00000
-315.05490 0.00000
-315.15440 0.00000
-315.10660 0.00000
-315.11010 0.00000
-314.32460 0.00000
-314.09530 0.00000
-313.89750 0.00000
-313.94060 0.00000
-314.53520 0.00000
-313.77500 0.00000
-313.61770 0.00000
-314.07370 0.00000
-313.84950 0.00000
-313.50410 0.00000
-314.14180 0.00000
-314.02670 0.00000
-313.61480 0.00000
-313.64990 0.00000
-312.12790 0.00000
-312.24760 0.00000
-312.72600 0.00000
-312.60990 0.00000
-312.13120 0.00000
-311.51470 0.00000
-310.79630 0.00000
-311.92700 0.00000
-310.95600 0.00000
-310.45400 0.00000
-310.02930 0.00000
-310.27830 0.00000
-311.19090 0.00000
-310.75430 0.00000
-310.34280 0.00000
-310.82050 0.00000
-310.60580 0.00000
-309.86450 0.00000
-309.35050 0.00000
-309.67910 0.00000
-309.43310 0.00000
-310.61680 0.00000
-309.11160 0.00000
-309.15690 0.00000
-309.07910 0.00000
-308.91380 0.00000
-309.39130 0.00000
-308.69410 0.00000
-308.74580 0.00000
-308.53750 0.00000
-309.19480 0.00000
-309.55170 0.00000
-308.14490 0.00000
-307.65690 0.00000
-307.50810 0.00000
-308.31690 0.00000
-308.25490 0.00000
-308.65470 0.00000
-308.73870 0.00000
-308.72080 0.00000
-309.03190 0.00000
-309.06530 0.00000
-308.61230 0.00000
-308.95900 0.00000
-308.85470 0.00000
-308.90180 0.00000
-326.38230 0.00000
-326.54250 0.00000
-325.01050 0.00000
-328.25650 0.00000
-327.55170 0.00000
-327.82860 0.00000
-325.85270 0.00000
-327.72590 0.00000
-328.70690 0.00000
-326.59880 0.00000
-328.02300 0.00000
-328.91210 0.00000
-328.38710 0.00000
-326.27660 0.00000
-327.14880 0.00000
-328.53390 0.00000
-327.89460 0.00000
-328.80150 0.00000
-326.59140 0.00000
-327.38190 0.00000
-326.19980 0.00000
-327.41280 0.00000
-326.87410 0.00000
-326.55420 0.00000
-325.87600 0.00000
-328.00110 0.00000
-326.40470 0.00000
-329.01980 0.00000
-328.61760 0.00000
-326.32860 0.00000
-326.98730 0.00000
-327.56500 0.00000
-326.63850 0.00000
-328.14520 0.00000
-326.78080 0.00000
-327.95360 0.00000
-328.75450 0.00000
-328.12630 0.00000
-326.78060 0.00000
-327.15570 0.00000
-327.21590 0.00000
-325.04090 0.00000
-328.13960 0.00000
-326.64000 0.00000
-325.98610 0.00000
-327.85870 0.00000
-327.36300 0.00000
-326.65720 0.00000
-326.45110 0.00000
-326.74280 0.00000
-325.81140 0.00000
-326.92080 0.00000
-327.48900 0.00000
-326.40830 0.00000
-326.49010 0.00000
-327.60520 0.00000
-327.90130 0.00000
-326.12730 0.00000
-324.56810 0.00000
-324.16190 0.00000
-323.59160 0.00000
-323.07270 0.00000
-323.75580 0.00000
-322.27820 0.00000
-322.21730 0.00000
-323.22060 0.00000
-324.23850 0.00000
-322.91580 0.00000
-323.66250 0.00000
-321.68470 0.00000
-320.85580 0.00000
-323.29790 0.00000
-320.18600 0.00000
-320.89590 0.00000
-320.53670 0.00000
-319.12340 0.00000
-318.87180 0.00000
-318.42580 0.00000
-317.75270 0.00000
-317.85210 0.00000
-316.86290 0.00000
-317.77600 0.00000
-316.66490 0.00000
-317.47800 0.00000
-318.67290 0.00000
-317.65060 0.00000
-318.12400 0.00000
-318.00590 0.00000
-320.69110 0.00000
-317.95140 0.00000
-319.01570 0.00000
-318.79810 0.00000
-317.84270 0.00000
-317.44310 0.00000
-317.72480 0.00000
-317.15660 0.00000
-318.04320 0.00000
-317.89560 0.00000
-316.13180 0.00000
-317.41740 0.00000
-283.72130 0.00000
-286.22860 0.00000
-284.45800 0.00000
-284.77530 0.00000
-285.99340 0.00000
-286.03450 0.00000
-285.54890 0.00000
-286.81090 0.00000
-290.46880 0.00000
-287.12150 0.00000
-287.21540 0.00000
-288.81810 0.00000
-287.12570 0.00000
-286.17310 0.00000
-287.38460 0.00000
-285.01000 0.00000
-286.67020 0.00000
-285.21460 0.00000
-283.71770 0.00000
-282.87570 0.00000
-283.75940 0.00000
-282.43360 0.00000
-281.80500 0.00000
-281.91980 0.00000
-281.17410 0.00000
-281.45470 0.00000
-281.78260 0.00000
-280.81600 0.00000
-282.02340 0.00000
-281.90070 0.00000
-283.83530 0.00000
-283.65610 0.00000
-282.46590 0.00000
-280.28540 0.00000
-281.86690 0.00000
-281.97400 0.00000
-281.84770 0.00000
-283.36400 0.00000
-282.58360 0.00000
-279.25390 0.00000
-280.43000 0.00000
-280.31450 0.00000
-280.37220 0.00000
-279.96550 0.00000
-279.60840 0.00000
-278.21360 0.00000
-278.39460 0.00000
-277.37390 0.00000
-276.24960 0.00000
-275.01210 0.00000
-275.20480 0.00000
-275.70690 0.00000
-274.37550 0.00000
-275.15320 0.00000
-274.33150 0.00000
-273.86780 0.00000
-273.71960 0.00000
-275.99590 0.00000
-273.46280 0.00000
-272.85270 0.00000
-272.23550 0.00000
-271.71440 0.00000
-270.95300 0.00000
-270.81870 0.00000
-270.83220 0.00000
-270.66310 0.00000
-270.32500 0.00000
-270.04550 0.00000
-270.28040 0.00000
-268.77940 0.00000
-268.35180 0.00000
-268.89500 0.00000
-267.42440 0.00000
-267.11290 0.00000
-267.38060 0.00000
-267.40100 0.00000
-266.03170 0.00000
-266.29000 0.00000
-265.97370 0.00000
-267.42030 0.00000
-265.68210 0.00000
-265.07470 0.00000
-265.75070 0.00000
-266.35650 0.00000
-265.99240 0.00000
-265.03650 0.00000
-265.71260 0.00000
-265.77170 0.00000
-266.88750 0.00000
-266.48420 0.00000
-267.32230 0.00000
-267.79940 0.00000
-267.78410 0.00000
-267.05740 0.00000
-267.89050 0.00000
-267.74250 0.00000
-267.43930 0.00000
-266.78170 0.00000
-266.84660 0.00000
-268.27510 0.00000
-284.43090 0.00000
-283.51170 0.00000
-284.71310 0.00000
-282.92820 0.00000
-283.32250 0.00000
-283.55260 0.00000
-284.33900 0.00000
-283.83300 0.00000
-284.06060 0.00000
-284.30270 0.00000
-284.42800 0.00000
-284.42860 0.00000
-283.19950 0.00000
-283.38840 0.00000
-283.88770 0.00000
-283.46360 0.00000
-284.18140 0.00000
-283.50810 0.00000
-283.64160 0.00000
-284.26610 0.00000
-284.29120 0.00000
-284.32160 0.00000
-283.55510 0.00000
-284.79530 0.00000
-283.24800 0.00000
-283.63740 0.00000
-284.20900 0.00000
-283.20570 0.00000
-284.64980 0.00000
-285.39420 0.00000
-283.62080 0.00000
-283.95830 0.00000
-284.31800 0.00000
-285.41700 0.00000
-284.04020 0.00000
-283.47730 0.00000
-284.14820 0.00000
-282.53710 0.00000
-283.59930 0.00000
-284.02370 0.00000
-284.13290 0.00000
-284.08240 0.00000
-284.45960 0.00000
-283.78470 0.00000
-282.73700 0.00000
-283.74830 0.00000
-283.87090 0.00000
-284.31470 0.00000
-283.87250 0.00000
-284.00140 0.00000
-283.88950 0.00000
-284.24510 0.00000
-283.96880 0.00000
-283.76080 0.00000
-283.72420 0.00000
-284.98100 0.00000
-284.50930 0.00000
-284.25310 0.00000
-283.46020 0.00000
-283.08320 0.00000
-283.73190 0.00000
-283.28530 0.00000
-283.61050 0.00000
-284.05050 0.00000
-283.53020 0.00000
-283.39350 0.00000
-283.69650 0.00000
-284.02320 0.00000
-284.56720 0.00000
-284.98360 0.00000
-282.69890 0.00000
-284.02770 0.00000
-283.92590 0.00000
-283.01180 0.00000
-284.17090 0.00000
-284.19560 0.00000
-283.86280 0.00000
-285.23700 0.00000
-283.80870 0.00000
-285.55770 0.00000
-282.51960 0.00000
-284.45230 0.00000
-282.26990 0.00000
-283.96020 0.00000
-284.22510 0.00000
-283.12790 0.00000
-283.02620 0.00000
-283.93790 0.00000
-284.63710 0.00000
-282.60620 0.00000
-283.89990 0.00000
-284.90080 0.00000
-284.07250 0.00000
-284.44580 0.00000
-283.46080 0.00000
-284.56560 0.00000
-282.89230 0.00000
-283.70380 0.00000
-282.48470 0.00000
-316.57060 0.00000
-326.99200 0.00000
-328.43050 0.00000
-327.13580 0.00000
-327.28070 0.00000
-326.56520 0.00000
-326.36600 0.00000
-327.29290 0.00000
-326.78440 0.00000
-325.95550 0.00000
-327.41020 0.00000
-328.21450 0.00000
-328.51370 0.00000
-328.52040 0.00000
-326.37730 0.00000
-326.59250 0.00000
-327.12230 0.00000
-327.11760 0.00000
-328.63670 0.00000
-326.00990 0.00000
-328.72010 0.00000
-326.98560 0.00000
-327.01800 0.00000
-326.89290 0.00000
-327.09270 0.00000
-326.24940 0.00000
-327.02410 0.00000
-327.13290 0.00000
-326.84210 0.00000
-326.46050 0.00000
-326.12250 0.00000
-327.38490 0.00000
-326.86060 0.00000
-327.45100 0.00000
-327.42950 0.00000
-327.48700 0.00000
-328.74450 0.00000
-327.08220 0.00000
-326.21780 0.00000
-326.89130 0.00000
-328.20660 0.00000
-326.73940 0.00000
-326.59380 0.00000
-326.52580 0.00000
-327.09760 0.00000
-326.51960 0.00000
-326.67890 0.00000
-327.59240 0.00000
-327.15900 0.00000
-328.17800 0.00000
-326.09910 0.00000
-327.07170 0.00000
-327.40450 0.00000
-328.09260 0.00000
-325.00940 0.00000
-326.61530 0.00000
-327.16580 0.00000
-328.85800 0.00000
-326.98760 0.00000
-328.36490 0.00000
-326.68490 0.00000
-326.82310 0.00000
-325.68630 0.00000
-327.59240 0.00000
-327.88580 0.00000
-328.42930 0.00000
-326.54390 0.00000
-326.52070 0.00000
-328.62140 0.00000
-327.41880 0.00000
-327.32550 0.00000
-328.03570 0.00000
-327.63930 0.00000
-326.58280 0.00000
-327.52740 0.00000
-327.21580 0.00000
-328.52050 0.00000
-326.43130 0.00000
-328.35990 0.00000
-327.19600 0.00000
-326.18990 0.00000
-326.91490 0.00000
-327.82250 0.00000
-327.56550 0.00000
-328.37690 0.00000
-327.39530 0.00000
-327.30850 0.00000
-328.07010 0.00000
-326.94610 0.00000
-326.82090 0.00000
-327.64520 0.00000
-327.80230 0.00000
-325.87500 0.00000
-329.31960 0.00000
-328.54900 0.00000
-327.40600 0.00000
-327.28970 0.00000
-327.76790 0.00000
-328.08150 0.00000
-328.08040 0.00000
-328.09280 0.00000
-312.68600 0.00000
-311.29860 0.00000
-309.12240 0.00000
-310.03380 0.00000
-306.54780 0.00000
-307.71960 0.00000
-308.11490 0.00000
-307.39170 0.00000
-308.40510 0.00000
-307.06830 0.00000
-308.56080 0.00000
-310.25470 0.00000
-310.89780 0.00000
-308.96920 0.00000
-307.64200 0.00000
-308.65820 0.00000
-305.57400 0.00000
-308.86330 0.00000
-304.71370 0.00000
-304.08420 0.00000
-301.53500 0.00000
-298.29060 0.00000
-298.07720 0.00000
-297.44420 0.00000
-296.37490 0.00000
-295.56280 0.00000
-295.39460 0.00000
-295.87870 0.00000
-295.76030 0.00000
-295.27110 0.00000
-296.96040 0.00000
-295.58520 0.00000
-294.09850 0.00000
-294.09660 0.00000
-294.48610 0.00000
-296.99850 0.00000
-296.30820 0.00000
-294.48260 0.00000
-293.59550 0.00000
-294.50860 0.00000
-291.64780 0.00000
-291.31690 0.00000
-290.17440 0.00000
-289.14900 0.00000
-287.89860 0.00000
-288.90040 0.00000
-288.20970 0.00000
-287.04110 0.00000
-287.25850 0.00000
-286.71560 0.00000
-286.85160 0.00000
-287.74760 0.00000
-288.67000 0.00000
-286.97560 0.00000
-286.50240 0.00000
-285.34240 0.00000
-288.02520 0.00000
-288.22430 0.00000
-287.63910 0.00000
-285.29640 0.00000
-284.61480 0.00000
-286.19590 0.00000
-287.64460 0.00000
-286.29190 0.00000
-287.12320 0.00000
-286.96610 0.00000
-290.33990 0.00000
-287.79600 0.00000
-288.22780 0.00000
-285.91590 0.00000
-285.09110 0.00000
-286.94830 0.00000
-286.04660 0.00000
-287.17290 0.00000
-285.82100 0.00000
-284.27950 0.00000
-284.88770 0.00000
-283.81220 0.00000
-284.11100 0.00000
-283.92500 0.00000
-285.60860 0.00000
-284.46590 0.00000
-284.52140 0.00000
-285.29840 0.00000
-285.88000 0.00000
-287.96060 0.00000
-286.80350 0.00000
-285.64540 0.00000
-287.66840 0.00000
-286.23230 0.00000
-285.76630 0.00000
-285.75020 0.00000
-285.58550 0.00000
-286.02870 0.00000
-286.11420 0.00000
-285.00600 0.00000
-284.23760 0.00000
-285.32830 0.00000
-284.29160 0.00000
-285.19550 0.00000
-314.27100 0.00000
-316.72740 0.00000
-316.83990 0.00000
-317.28210 0.00000
-315.25670 0.00000
-317.08420 0.00000
-317.85780 0.00000
-317.47180 0.00000
-317.61970 0.00000
-315.34090 0.00000
-317.24330 0.00000
-316.17510 0.00000
-317.11060 0.00000
-316.88460 0.00000
-317.05410 0.00000
-315.63910 0.00000
-317.13770 0.00000
-315.98620 0.00000
-315.79600 0.00000
-315.47970 0.00000
-317.45930 0.00000
-316.81430 0.00000
-315.17080 0.00000
-317.13950 0.00000
-316.33330 0.00000
-317.62120 0.00000
-314.91910 0.00000
-316.42250 0.00000
-317.44340 0.00000
-317.66780 0.00000
-317.51610 0.00000
-316.40520 0.00000
-316.29420 0.00000
-316.35920 0.00000
-318.02670 0.00000
-315.89000 0.00000
-316.96520 0.00000
-316.59750 0.00000
-317.92580 0.00000
-315.23600 0.00000
-317.78060 0.00000
-317.26710 0.00000
-315.34640 0.00000
-316.27130 0.00000
-316.24180 0.00000
-314.19940 0.00000
-315.85510 0.00000
-316.25930 0.00000
-316.17010 0.00000
-317.31880 0.00000
-316.44690 0.00000
-315.43640 0.00000
-316.73770 0.00000
-316.76450 0.00000
-314.54700 0.00000
-316.19900 0.00000
-315.73300 0.00000
-317.16100 0.00000
-315.44200 0.00000
-316.35950 0.00000
-316.30180 0.00000
-317.88560 0.00000
-314.25260 0.00000
-317.35420 0.00000
-316.77120 0.00000
-315.58750 0.00000
-315.46270 0.00000
-315.54180 0.00000
-316.16190 0.00000
-316.60580 0.00000
-315.94010 0.00000
-315.83050 0.00000
-317.04340 0.00000
-318.24750 0.00000
-316.71160 0.00000
-317.11120 0.00000
-315.61330 0.00000
-316.34170 0.00000
-315.34840 0.00000
-317.05680 0.00000
-316.12870 0.00000
-316.77090 0.00000
-315.48260 0.00000
-314.45890 0.00000
-317.85450 0.00000
-315.23820 0.00000
-317.04660 0.00000
-315.41550 0.00000
-317.03270 0.00000
-314.75860 0.00000
-317.03290 0.00000
-315.79920 0.00000
-316.41070 0.00000
-316.78670 0.00000
-316.21460 0.00000
-316.81710 0.00000
-314.20430 0.00000
-317.83890 0.00000
-316.62340 0.00000
-316.57010 0.00000
-316.32840 0.00000
-318.06380 0.00000
-314.94190 0.00000
-316.30260 0.00000
-315.86440 0.00000
-315.81510 0.00000
-316.48280 0.00000
-313.89420 0.00000
-317.00890 0.00000
-315.91920 0.00000
-316.95840 0.00000
-316.72450 0.00000
-317.37900 0.00000
-314.97750 0.00000
-315.24020 0.00000
-316.24320 0.00000
-315.43270 0.00000
-315.73990 0.00000
-317.14540 0.00000
-316.75410 0.00000
-316.95810 0.00000
-315.86430 0.00000
-318.00800 0.00000
-314.26570 0.00000
-317.81410 0.00000
-317.80620 0.00000
-316.25210 0.00000
-314.80300 0.00000
-317.15060 0.00000
-317.10100 0.00000
-315.47620 0.00000
-317.23140 0.00000
-316.59780 0.00000
-317.06490 0.00000
-316.90550 0.00000
-316.07800 0.00000
-314.62740 0.00000
-317.43590 0.00000
-317.23820 0.00000
-314.68950 0.00000
-315.18460 0.00000
-316.58230 0.00000
-317.16630 0.00000
-316.52920 0.00000
-315.13240 0.00000
-315.15590 0.00000
-316.31570 0.00000
-315.93550 0.00000
-318.69430 0.00000
-315.96450 0.00000
-316.89720 0.00000
-316.70570 0.00000
-316.18510 0.00000
-317.10760 0.00000
-316.70350 0.00000
-316.74880 0.00000
-317.59530 0.00000
-315.20320 0.00000
-316.06430 0.00000
-317.65200 0.00000
-316.32280 0.00000
-317.55590 0.00000
-314.06760 0.00000
-314.41530 0.00000
-317.00570 0.00000
-315.05230 0.00000
-317.09200 0.00000
-317.73770 0.00000
-316.89300 0.00000
-317.73510 0.00000
-315.74290 0.00000
-315.38320 0.00000
-316.93090 0.00000
-316.07180 0.00000
-317.54760 0.00000
-315.50830 0.00000
-315.78790 0.00000
-316.01890 0.00000
-316.72140 0.00000
-317.75780 0.00000
-315.71450 0.00000
-317.37100 0.00000
-316.17090 0.00000
-315.91010 0.00000
-317.01580 0.00000
-316.01000 0.00000
-314.73200 0.00000
-317.10300 0.00000
-316.66470 0.00000
-315.40790 0.00000
-316.52360 0.00000
-317.24260 0.00000
-317.03230 0.00000
-314.90220 0.00000
-315.65060 0.00000
-317.17980 0.00000
-314.62280 0.00000
-316.72620 0.00000
-315.15610 0.00000
-327.21740 0.00000
-324.63340 0.00000
-327.01000 0.00000
-327.39040 0.00000
-323.95190 0.00000
-324.12600 0.00000
-322.87010 0.00000
-322.09090 0.00000
-322.27720 0.00000
-320.88660 0.00000
-322.29880 0.00000
-323.26400 0.00000
-325.37090 0.00000
-323.83610 0.00000
-323.46420 0.00000
-323.15360 0.00000
-322.35940 0.00000
-322.75890 0.00000
-325.05580 0.00000
-323.98700 0.00000
-327.68790 0.00000
-325.39220 0.00000
-324.45540 0.00000
-324.47220 0.00000
-323.63840 0.00000
-321.84230 0.00000
-321.52970 0.00000
-320.34040 0.00000
-318.94380 0.00000
-318.59260 0.00000
-319.15040 0.00000
-319.74320 0.00000
-319.50850 0.00000
-320.26980 0.00000
-319.89030 0.00000
-320.29710 0.00000
-321.15830 0.00000
-320.35290 0.00000
-319.38450 0.00000
-319.14470 0.00000
-320.33860 0.00000
-319.06060 0.00000
-318.81520 0.00000
-316.28160 0.00000
-316.86120 0.00000
-317.46870 0.00000
-316.46950 0.00000
-316.13700 0.00000
-315.68470 0.00000
-316.59950 0.00000
-313.76250 0.00000
-314.88840 0.00000
-315.05510 0.00000
-317.80350 0.00000
-311.73060 0.00000
-309.64470 0.00000
-310.89280 0.00000
-310.78600 0.00000
-311.31480 0.00000
-312.38520 0.00000
-310.53790 0.00000
-311.15440 0.00000
-310.93650 0.00000
-310.31910 0.00000
-312.50440 0.00000
-310.72120 0.00000
-309.46230 0.00000
-308.96170 0.00000
-310.03710 0.00000
-310.75430 0.00000
-311.84480 0.00000
-312.76360 0.00000
-315.13620 0.00000
-311.02460 0.00000
-310.58590 0.00000
-310.21060 0.00000
-313.83970 0.00000
-310.06200 0.00000
-311.41300 0.00000
-311.29590 0.00000
-311.04520 0.00000
-310.62750 0.00000
-309.11580 0.00000
-308.54780 0.00000
-311.41430 0.00000
-308.93150 0.00000
-309.41920 0.00000
-308.34660 0.00000
-308.53370 0.00000
-309.04970 0.00000
-307.91970 0.00000
-308.95860 0.00000
-308.47840 0.00000
-311.23400 0.00000
-313.65240 0.00000
-314.08010 0.00000
-313.02640 0.00000
-313.38280 0.00000
-315.02180 0.00000
-313.01880 0.00000
-315.50650 0.00000
-405.60940 0.00000
-404.23910 0.00000
-404.49260 0.00000
-405.41580 0.00000
-404.95950 0.00000
-406.04330 0.00000
-405.48470 0.00000
-405.87600 0.00000
-407.35720 0.00000
-404.88540 0.00000
-406.74370 0.00000
-406.94660 0.00000
-405.60040 0.00000
-406.17140 0.00000
-407.04890 0.00000
-405.91640 0.00000
-406.87770 0.00000
-407.59950 0.00000
-404.56220 0.00000
-406.32560 0.00000
-403.69500 0.00000
-404.19080 0.00000
-404.53130 0.00000
-404.95530 0.00000
-402.51310 0.00000
-405.76280 0.00000
-407.07260 0.00000
-406.25830 0.00000
-405.53340 0.00000
-403.55070 0.00000
-405.11130 0.00000
-405.62370 0.00000
-404.64610 0.00000
-406.34510 0.00000
-405.39070 0.00000
-407.27120 0.00000
-407.56150 0.00000
-406.22090 0.00000
-403.80870 0.00000
-406.49580 0.00000
-404.22420 0.00000
-402.42930 0.00000
-406.70110 0.00000
-405.49230 0.00000
-404.76350 0.00000
-404.88520 0.00000
-405.58510 0.00000
-404.24580 0.00000
-404.03300 0.00000
-403.68560 0.00000
-403.33820 0.00000
-404.45250 0.00000
-405.14610 0.00000
-403.08310 0.00000
-402.83420 0.00000
-404.22320 0.00000
-403.93590 0.00000
-402.95960 0.00000
-400.88820 0.00000
-401.61220 0.00000
-401.27700 0.00000
-402.22840 0.00000
-401.73670 0.00000
-400.44680 0.00000
-402.24200 0.00000
-400.99800 0.00000
-401.74870 0.00000
-400.85230 0.00000
-400.82890 0.00000
-398.60930 0.00000
-398.02090 0.00000
-400.92060 0.00000
-399.24380 0.00000
-398.30440 0.00000
-398.39860 0.00000
-397.38530 0.00000
-397.93160 0.00000
-395.88140 0.00000
-394.09360 0.00000
-393.07770 0.00000
-393.42680 0.00000
-394.09390 0.00000
-393.96660 0.00000
-394.15680 0.00000
-395.97860 0.00000
-394.38900 0.00000
-393.90680 0.00000
-392.36880 0.00000
-394.44590 0.00000
-395.73100 0.00000
-395.98150 0.00000
-396.64020 0.00000
-393.44000 0.00000
-393.53940 0.00000
-392.79090 0.00000
-392.29470 0.00000
-392.79250 0.00000
-393.73010 0.00000
-391.62350 0.00000
-393.18740 0.00000
-328.26040 0.00000
-328.14720 0.00000
-328.16150 0.00000
-328.89060 0.00000
-329.70540 0.00000
-328.30360 0.00000
-328.51750 0.00000
-328.69630 0.00000
-328.51130 0.00000
-328.77110 0.00000
-328.75360 0.00000
-329.10320 0.00000
-328.23690 0.00000
-328.19070 0.00000
-328.17590 0.00000
-328.29210 0.00000
-328.24570 0.00000
-328.78570 0.00000
-328.52520 0.00000
-328.29250 0.00000
-328.62470 0.00000
-329.28990 0.00000
-328.93890 0.00000
-328.02970 0.00000
-328.01620 0.00000
-327.65860 0.00000
-326.81920 0.00000
-326.90390 0.00000
-328.59170 0.00000
-329.02960 0.00000
-329.56620 0.00000
-330.15080 0.00000
-328.72710 0.00000
-328.18490 0.00000
-327.73810 0.00000
-327.26270 0.00000
-326.97400 0.00000
-327.64100 0.00000
-328.18920 0.00000
-327.33030 0.00000
-327.58340 0.00000
-326.90270 0.00000
-327.18360 0.00000
-327.82280 0.00000
-326.90630 0.00000
-325.89760 0.00000
-325.72330 0.00000
-324.98880 0.00000
-325.36870 0.00000
-325.04300 0.00000
-324.38310 0.00000
-323.88180 0.00000
-323.86820 0.00000
-324.66490 0.00000
-323.75270 0.00000
-324.38500 0.00000
-323.53470 0.00000
-323.97570 0.00000
-323.97600 0.00000
-323.92270 0.00000
-324.15790 0.00000
-325.21140 0.00000
-325.08780 0.00000
-324.15580 0.00000
-324.45140 0.00000
-324.33930 0.00000
-323.65800 0.00000
-324.05730 0.00000
-323.85200 0.00000
-323.49230 0.00000
-324.17970 0.00000
-323.00030 0.00000
-323.01750 0.00000
-323.25600 0.00000
-323.52080 0.00000
-323.29370 0.00000
-323.10810 0.00000
-323.26350 0.00000
-323.20200 0.00000
-323.74000 0.00000
-323.27210 0.00000
-323.37930 0.00000
-323.97370 0.00000
-322.41920 0.00000
-323.08550 0.00000
-322.15720 0.00000
-321.67790 0.00000
-321.00560 0.00000
-321.07520 0.00000
-320.81760 0.00000
-321.84270 0.00000
-321.31580 0.00000
-321.19370 0.00000
-321.08930 0.00000
-320.83410 0.00000
-320.94660 0.00000
-321.16590 0.00000
-322.17390 0.00000
-321.98700 0.00000
-321.14440 0.00000
-321.32420 0.00000
-321.95070 0.00000
-321.84910 0.00000
-321.87240 0.00000
-321.21020 0.00000
-320.59060 0.00000
-321.07290 0.00000
-319.60270 0.00000
-319.53160 0.00000
-319.57600 0.00000
-319.58290 0.00000
-320.19380 0.00000
-319.55300 0.00000
-319.08790 0.00000
-319.16460 0.00000
-318.29340 0.00000
-317.80430 0.00000
-318.33600 0.00000
-317.96520 0.00000
-317.76190 0.00000
-318.59430 0.00000
-318.09690 0.00000
-318.05930 0.00000
-317.39990 0.00000
-317.80570 0.00000
-317.38130 0.00000
-317.48950 0.00000
-316.78750 0.00000
-318.02710 0.00000
-319.17720 0.00000
-318.72100 0.00000
-317.57170 0.00000
-318.60010 0.00000
-318.67400 0.00000
-319.31540 0.00000
-318.79490 0.00000
-317.99010 0.00000
-317.48760 0.00000
-317.89110 0.00000
-318.03570 0.00000
-318.88190 0.00000
-317.17240 0.00000
-317.36930 0.00000
-317.27640 0.00000
-316.75310 0.00000
-317.24660 0.00000
-316.98120 0.00000
-316.50820 0.00000
-316.94130 0.00000
-317.18310 0.00000
-316.48510 0.00000
-317.14240 0.00000
-317.42310 0.00000
-317.98070 0.00000
-316.75820 0.00000
-317.87550 0.00000
-317.47590 0.00000
-317.05710 0.00000
-316.53690 0.00000
-316.46850 0.00000
-316.58140 0.00000
-315.87930 0.00000
-315.33050 0.00000
-315.76100 0.00000
-315.74220 0.00000
-315.24090 0.00000
-315.43980 0.00000
-315.61240 0.00000
-315.01150 0.00000
-316.45900 0.00000
-314.33980 0.00000
-314.06850 0.00000
-313.53530 0.00000
-312.66860 0.00000
-313.00970 0.00000
-313.59550 0.00000
-313.54140 0.00000
-314.41740 0.00000
-313.19400 0.00000
-314.16610 0.00000
-313.39600 0.00000
-314.35730 0.00000
-312.44060 0.00000
-312.16750 0.00000
-312.67250 0.00000
-311.07840 0.00000
-310.41780 0.00000
-309.54590 0.00000
-309.52410 0.00000
-308.62360 0.00000
-309.17640 0.00000
-309.48330 0.00000
-308.75900 0.00000
-308.71170 0.00000
-308.09430 0.00000
-308.22490 0.00000
-307.20810 0.00000
-306.95900 0.00000
-306.57680 0.00000
-324.97630 0.00000
-405.93650 0.00000
-406.16010 0.00000
-406.63830 0.00000
-404.26500 0.00000
-404.82300 0.00000
-405.91630 0.00000
-404.65100 0.00000
-404.65120 0.00000
-404.41890 0.00000
-407.35710 0.00000
-406.15630 0.00000
-406.72490 0.00000
-406.29800 0.00000
-404.46400 0.00000
-404.78470 0.00000
-405.58590 0.00000
-404.42840 0.00000
-406.86390 0.00000
-404.23680 0.00000
-408.01720 0.00000
-405.32170 0.00000
-405.28700 0.00000
-404.89200 0.00000
-405.58960 0.00000
-404.68960 0.00000
-405.30160 0.00000
-406.71070 0.00000
-404.81670 0.00000
-404.81170 0.00000
-403.58280 0.00000
-405.60950 0.00000
-405.10430 0.00000
-405.25660 0.00000
-405.60280 0.00000
-406.67870 0.00000
-406.36580 0.00000
-405.80080 0.00000
-405.25580 0.00000
-405.42490 0.00000
-404.59270 0.00000
-405.83030 0.00000
-405.64670 0.00000
-404.42690 0.00000
-403.21520 0.00000
-405.50350 0.00000
-405.02170 0.00000
-404.74290 0.00000
-406.38030 0.00000
-404.88170 0.00000
-403.79790 0.00000
-404.73980 0.00000
-406.45660 0.00000
-407.03880 0.00000
-404.26750 0.00000
-405.37160 0.00000
-407.43950 0.00000
-409.00710 0.00000
-404.59150 0.00000
-406.59530 0.00000
-405.59820 0.00000
-407.31930 0.00000
-404.39290 0.00000
-406.92440 0.00000
-407.49390 0.00000
-408.68990 0.00000
-404.38680 0.00000
-403.93750 0.00000
-404.92900 0.00000
-405.55830 0.00000
-407.82230 0.00000
-405.38840 0.00000
-405.99150 0.00000
-405.03560 0.00000
-404.85630 0.00000
-406.72850 0.00000
-406.21690 0.00000
-403.71860 0.00000
-406.53830 0.00000
-405.76380 0.00000
-404.81080 0.00000
-406.96500 0.00000
-405.55430 0.00000
-404.76110 0.00000
-408.75940 0.00000
-404.44670 0.00000
-406.36250 0.00000
-404.97320 0.00000
-406.76290 0.00000
-405.75160 0.00000
-405.98860 0.00000
-405.75620 0.00000
-404.62080 0.00000
-407.02210 0.00000
-407.03950 0.00000
-404.97440 0.00000
-403.79590 0.00000
-406.19070 0.00000
-407.21120 0.00000
-407.06190 0.00000
-405.65340 0.00000
-331.92190 0.00000
-332.51610 0.00000
-331.81770 0.00000
-332.11380 0.00000
-331.48390 0.00000
-331.15070 0.00000
-330.58190 0.00000
-330.80900 0.00000
-331.20330 0.00000
-330.12580 0.00000
-330.53090 0.00000
-330.24440 0.00000
-329.58610 0.00000
-329.34500 0.00000
-328.74850 0.00000
-328.70540 0.00000
-328.32620 0.00000
-327.56520 0.00000
-327.38960 0.00000
-327.28490 0.00000
-327.56860 0.00000
-328.36540 0.00000
-328.04970 0.00000
-328.13760 0.00000
-328.75150 0.00000
-328.18450 0.00000
-327.73110 0.00000
-327.03790 0.00000
-327.27990 0.00000
-327.17270 0.00000
-328.66740 0.00000
-328.58120 0.00000
-328.36150 0.00000
-329.52500 0.00000
-329.20580 0.00000
-329.54310 0.00000
-329.43540 0.00000
-328.93100 0.00000
-328.58000 0.00000
-329.20380 0.00000
-329.06360 0.00000
-329.27720 0.00000
-329.53210 0.00000
-328.80720 0.00000
-329.67660 0.00000
-330.31000 0.00000
-330.25900 0.00000
-330.08890 0.00000
-331.32560 0.00000
-330.83730 0.00000
-331.54330 0.00000
-330.85130 0.00000
-330.55820 0.00000
-330.89710 0.00000
-330.64060 0.00000
-329.81190 0.00000
-330.51390 0.00000
-329.78170 0.00000
-330.16040 0.00000
-329.45820 0.00000
-329.75500 0.00000
-329.01370 0.00000
-328.27180 0.00000
-328.46500 0.00000
-328.28610 0.00000
-327.90750 0.00000
-328.31660 0.00000
-328.11550 0.00000
-328.60230 0.00000
-327.94720 0.00000
-327.44880 0.00000
-328.07850 0.00000
-326.54420 0.00000
-327.48970 0.00000
-327.98910 0.00000
-328.50650 0.00000
-327.99480 0.00000
-327.46690 0.00000
-328.01520 0.00000
-327.68670 0.00000
-326.91890 0.00000
-327.15660 0.00000
-328.02080 0.00000
-327.81780 0.00000
-329.06880 0.00000
-328.47010 0.00000
-328.46450 0.00000
-327.74120 0.00000
-328.84610 0.00000
-328.33450 0.00000
-327.37160 0.00000
-328.26400 0.00000
-328.38830 0.00000
-329.21270 0.00000
-328.12220 0.00000
-328.57010 0.00000
-329.09400 0.00000
-330.35170 0.00000
-329.56150 0.00000
-329.34320 0.00000
-355.70220 0.00000
-356.42870 0.00000
-355.36560 0.00000
-357.61230 0.00000
-354.55040 0.00000
-356.58890 0.00000
-356.21960 0.00000
-357.61830 0.00000
-358.53430 0.00000
-355.48890 0.00000
-356.60630 0.00000
-356.71450 0.00000
-356.03220 0.00000
-357.17980 0.00000
-355.72440 0.00000
-355.38160 0.00000
-357.15070 0.00000
-355.78870 0.00000
-355.48660 0.00000
-355.32720 0.00000
-358.06010 0.00000
-356.82220 0.00000
-355.77600 0.00000
-356.35570 0.00000
-356.23950 0.00000
-356.94700 0.00000
-355.17400 0.00000
-355.85430 0.00000
-356.94030 0.00000
-355.77910 0.00000
-357.67180 0.00000
-356.89790 0.00000
-355.37500 0.00000
-355.45000 0.00000
-358.04910 0.00000
-355.70270 0.00000
-356.05490 0.00000
-356.21710 0.00000
-357.13730 0.00000
-355.46890 0.00000
-357.49240 0.00000
-356.78970 0.00000
-356.68140 0.00000
-355.87690 0.00000
-355.33340 0.00000
-353.22140 0.00000
-355.68140 0.00000
-355.48520 0.00000
-356.56680 0.00000
-355.82990 0.00000
-355.12220 0.00000
-355.80220 0.00000
-356.33560 0.00000
-355.69410 0.00000
-354.90970 0.00000
-354.82120 0.00000
-354.70010 0.00000
-357.76390 0.00000
-356.16580 0.00000
-356.62640 0.00000
-355.12100 0.00000
-355.46580 0.00000
-355.70930 0.00000
-356.11970 0.00000
-355.23510 0.00000
-356.59500 0.00000
-356.62320 0.00000
-354.06870 0.00000
-357.58230 0.00000
-354.80210 0.00000
-355.07240 0.00000
-354.89650 0.00000
-356.78440 0.00000
-358.49940 0.00000
-355.69870 0.00000
-356.83070 0.00000
-356.00890 0.00000
-356.71870 0.00000
-355.41620 0.00000
-356.14050 0.00000
-354.74070 0.00000
-355.12560 0.00000
-355.25060 0.00000
-353.96400 0.00000
-357.11210 0.00000
-354.85630 0.00000
-355.01730 0.00000
-354.74260 0.00000
-357.43640 0.00000
-356.12860 0.00000
-356.25550 0.00000
-356.02670 0.00000
-355.31400 0.00000
-355.12770 0.00000
-355.65400 0.00000
-358.02250 0.00000
-354.70330 0.00000
-356.87780 0.00000
-355.24500 0.00000
-356.07340 0.00000
-274.94650 0.00000
-275.75650 0.00000
-275.69180 0.00000
-274.03210 0.00000
-273.66680 0.00000
-273.52050 0.00000
-272.65700 0.00000
-271.69410 0.00000
-271.31320 0.00000
-270.70660 0.00000
-271.45640 0.00000
-270.42010 0.00000
-271.08850 0.00000
-270.07130 0.00000
-268.81130 0.00000
-269.09110 0.00000
-267.79070 0.00000
-267.07800 0.00000
-268.66830 0.00000
-267.37590 0.00000
-267.68630 0.00000
-266.97190 0.00000
-268.39670 0.00000
-266.42190 0.00000
-267.60830 0.00000
-267.28740 0.00000
-268.70880 0.00000
-265.02330 0.00000
-266.36150 0.00000
-267.49470 0.00000
-266.43230 0.00000
-267.53390 0.00000
-267.47260 0.00000
-270.27450 0.00000
-267.30470 0.00000
-267.08000 0.00000
-267.26610 0.00000
-267.56180 0.00000
-266.65360 0.00000
-266.28630 0.00000
-266.51390 0.00000
-266.63880 0.00000
-266.80780 0.00000
-267.65560 0.00000
-267.12990 0.00000
-267.29750 0.00000
-266.66940 0.00000
-267.91030 0.00000
-268.66680 0.00000
-268.65140 0.00000
-268.94050 0.00000
-268.53950 0.00000
-267.69440 0.00000
-268.32710 0.00000
-268.38650 0.00000
-270.22430 0.00000
-269.90250 0.00000
-268.37360 0.00000
-269.19820 0.00000
-269.71960 0.00000
-269.18820 0.00000
-267.96210 0.00000
-266.14560 0.00000
-265.38530 0.00000
-266.18060 0.00000
-264.37510 0.00000
-264.56800 0.00000
-265.90310 0.00000
-266.14720 0.00000
-267.01750 0.00000
-265.26520 0.00000
-266.28900 0.00000
-266.60240 0.00000
-266.36300 0.00000
-267.92070 0.00000
-266.16300 0.00000
-266.84750 0.00000
-267.35180 0.00000
-266.59000 0.00000
-267.75040 0.00000
-266.40400 0.00000
-266.95850 0.00000
-265.45480 0.00000
-264.88730 0.00000
-265.28700 0.00000
-264.05580 0.00000
-262.42240 0.00000
-263.56290 0.00000
-262.76750 0.00000
-262.36670 0.00000
-263.44140 0.00000
-263.69860 0.00000
-263.30120 0.00000
-263.53190 0.00000
-263.32910 0.00000
-264.04470 0.00000
-261.95410 0.00000
-262.33860 0.00000
-261.89080 0.00000
-405.75230 0.00000
-336.21070 0.00000
-336.55260 0.00000
-335.83670 0.00000
-335.69470 0.00000
-335.49070 0.00000
-335.50580 0.00000
-335.31140 0.00000
-335.31820 0.00000
-335.22020 0.00000
-335.03190 0.00000
-334.89960 0.00000
-334.07140 0.00000
-334.75160 0.00000
-334.54600 0.00000
-335.40330 0.00000
-335.92170 0.00000
-336.41990 0.00000
-336.74030 0.00000
-337.28690 0.00000
-336.88250 0.00000
-335.67990 0.00000
-335.89450 0.00000
-335.99730 0.00000
-335.64680 0.00000
-335.10350 0.00000
-335.28960 0.00000
-334.86200 0.00000
-334.73690 0.00000
-334.28690 0.00000
-335.49680 0.00000
-335.12760 0.00000
-335.77200 0.00000
-335.67180 0.00000
-335.65030 0.00000
-335.55940 0.00000
-335.62150 0.00000
-336.41950 0.00000
-336.84040 0.00000
-336.50900 0.00000
-337.22580 0.00000
-336.21130 0.00000
-335.89040 0.00000
-335.41950 0.00000
-335.91810 0.00000
-336.26930 0.00000
-336.32070 0.00000
-336.50510 0.00000
-336.36280 0.00000
-336.20410 0.00000
-335.97400 0.00000
-335.92970 0.00000
-335.52610 0.00000
-334.87590 0.00000
-333.86870 0.00000
-333.01800 0.00000
-333.46570 0.00000
-333.23600 0.00000
-332.76550 0.00000
-331.99860 0.00000
-331.67750 0.00000
-330.99460 0.00000
-331.09690 0.00000
-331.35690 0.00000
-331.28060 0.00000
-330.85240 0.00000
-331.33900 0.00000
-332.27050 0.00000
-333.06970 0.00000
-333.79620 0.00000
-334.11400 0.00000
-333.89590 0.00000
-333.24380 0.00000
-332.39270 0.00000
-333.13520 0.00000
-332.98760 0.00000
-333.97310 0.00000
-333.58460 0.00000
-333.82450 0.00000
-332.62960 0.00000
-332.75960 0.00000
-332.69800 0.00000
-332.10380 0.00000
-331.65810 0.00000
-331.57890 0.00000
-331.65460 0.00000
-331.13470 0.00000
-331.53750 0.00000
-330.89530 0.00000
-330.16740 0.00000
-330.70030 0.00000
-330.92220 0.00000
-331.37690 0.00000
-331.00760 0.00000
-331.08730 0.00000
-330.93140 0.00000
-330.61190 0.00000
-330.58280 0.00000
-331.17590 0.00000
-331.86580 0.00000
-332.07850 0.00000
-367.96640 0.00000
-366.23170 0.00000
-364.77270 0.00000
-366.75150 0.00000
-365.19760 0.00000
-367.03010 0.00000
-368.04710 0.00000
-366.46610 0.00000
-369.93940 0.00000
-367.60900 0.00000
-369.21320 0.00000
-366.99670 0.00000
-366.47870 0.00000
-367.49950 0.00000
-367.06690 0.00000
-366.66630 0.00000
-365.79980 0.00000
-369.52910 0.00000
-366.74360 0.00000
-367.07540 0.00000
-365.28690 0.00000
-365.88990 0.00000
-368.64480 0.00000
-367.18660 0.00000
-364.41860 0.00000
-367.41190 0.00000
-368.57660 0.00000
-366.30660 0.00000
-365.54900 0.00000
-365.16900 0.00000
-366.50010 0.00000
-367.25210 0.00000
-366.55110 0.00000
-369.04490 0.00000
-365.75260 0.00000
-369.97110 0.00000
-368.92850 0.00000
-366.94590 0.00000
-367.68210 0.00000
-367.69470 0.00000
-364.28990 0.00000
-365.75750 0.00000
-368.52070 0.00000
-367.81950 0.00000
-366.55990 0.00000
-366.04050 0.00000
-367.22150 0.00000
-365.91210 0.00000
-366.44900 0.00000
-366.11000 0.00000
-366.33220 0.00000
-367.01710 0.00000
-369.03450 0.00000
-368.05760 0.00000
-366.03370 0.00000
-366.21970 0.00000
-368.67360 0.00000
-365.51460 0.00000
-363.50470 0.00000
-363.94540 0.00000
-362.71820 0.00000
-363.59760 0.00000
-363.85590 0.00000
-361.80830 0.00000
-362.35200 0.00000
-363.56240 0.00000
-364.52640 0.00000
-362.02550 0.00000
-362.29470 0.00000
-360.12330 0.00000
-360.21660 0.00000
-362.05310 0.00000
-362.25790 0.00000
-363.41840 0.00000
-364.37270 0.00000
-362.41250 0.00000
-361.29800 0.00000
-360.82030 0.00000
-359.96190 0.00000
-358.71690 0.00000
-358.28190 0.00000
-357.04410 0.00000
-356.85180 0.00000
-358.16810 0.00000
-358.07680 0.00000
-358.18940 0.00000
-359.19930 0.00000
-356.85540 0.00000
-358.20530 0.00000
-357.84860 0.00000
-357.14640 0.00000
-356.56160 0.00000
-356.42330 0.00000
-356.07900 0.00000
-356.71330 0.00000
-356.03910 0.00000
-356.03950 0.00000
-357.67460 0.00000
-355.78100 0.00000
-357.32880 0.00000
-296.54250 0.00000
-297.09850 0.00000
-295.49100 0.00000
-296.97230 0.00000
-293.52420 0.00000
-294.17820 0.00000
-296.67810 0.00000
-295.36750 0.00000
-297.20950 0.00000
-294.16160 0.00000
-294.82400 0.00000
-295.13920 0.00000
-296.14310 0.00000
-297.49110 0.00000
-297.01710 0.00000
-297.51370 0.00000
-299.03170 0.00000
-300.90850 0.00000
-297.31160 0.00000
-296.27070 0.00000
-297.94870 0.00000
-298.06600 0.00000
-295.05240 0.00000
-298.19740 0.00000
-298.22500 0.00000
-299.58690 0.00000
-295.76990 0.00000
-296.60370 0.00000
-298.14450 0.00000
-297.94550 0.00000
-297.37030 0.00000
-295.57720 0.00000
-295.09520 0.00000
-296.24840 0.00000
-297.11580 0.00000
-292.42330 0.00000
-293.68320 0.00000
-293.76020 0.00000
-296.55460 0.00000
-292.96800 0.00000
-293.66890 0.00000
-294.60470 0.00000
-291.88670 0.00000
-292.27470 0.00000
-291.98750 0.00000
-288.96700 0.00000
-289.05240 0.00000
-289.50380 0.00000
-290.30190 0.00000
-291.17110 0.00000
-290.82760 0.00000
-290.22700 0.00000
-291.16030 0.00000
-289.77320 0.00000
-287.34160 0.00000
-287.68170 0.00000
-286.75800 0.00000
-286.61560 0.00000
-287.32200 0.00000
-287.58390 0.00000
-287.75550 0.00000
-288.01110 0.00000
-286.30560 0.00000
-287.03790 0.00000
-288.76180 0.00000
-285.67230 0.00000
-286.00220 0.00000
-283.72200 0.00000
-283.05220 0.00000
-283.56190 0.00000
-284.08450 0.00000
-282.39680 0.00000
-283.76250 0.00000
-285.43020 0.00000
-285.04020 0.00000
-284.80490 0.00000
-284.11400 0.00000
-284.28900 0.00000
-283.63670 0.00000
-283.03910 0.00000
-282.70920 0.00000
-284.49540 0.00000
-283.84580 0.00000
-283.04470 0.00000
-285.83100 0.00000
-281.66930 0.00000
-280.63660 0.00000
-278.71910 0.00000
-279.86200 0.00000
-278.58370 0.00000
-279.06420 0.00000
-277.97110 0.00000
-276.58190 0.00000
-277.48450 0.00000
-276.98740 0.00000
-276.85020 0.00000
-276.29380 0.00000
-277.52930 0.00000
-275.40770 0.00000
-275.11370 0.00000
-371.38450 0.00000
-373.16020 0.00000
-369.37120 0.00000
-372.48210 0.00000
-369.70650 0.00000
-370.18350 0.00000
-373.64870 0.00000
-367.54410 0.00000
-370.78680 0.00000
-369.61520 0.00000
-371.16500 0.00000
-370.99840 0.00000
-371.69290 0.00000
-370.12810 0.00000
-371.31280 0.00000
-372.10510 0.00000
-369.42760 0.00000
-370.87390 0.00000
-371.33180 0.00000
-371.59170 0.00000
-371.87900 0.00000
-369.91030 0.00000
-372.34020 0.00000
-368.64970 0.00000
-372.46400 0.00000
-371.71840 0.00000
-371.49690 0.00000
-370.63470 0.00000
-370.91870 0.00000
-371.75920 0.00000
-371.62750 0.00000
-371.67920 0.00000
-371.99330 0.00000
-369.28170 0.00000
-371.92500 0.00000
-369.80120 0.00000
-370.42030 0.00000
-373.53260 0.00000
-373.30180 0.00000
-369.52490 0.00000
-368.60340 0.00000
-370.42850 0.00000
-371.34900 0.00000
-370.12380 0.00000
-370.61360 0.00000
-369.91190 0.00000
-369.80010 0.00000
-370.49160 0.00000
-372.69370 0.00000
-369.77160 0.00000
-370.82100 0.00000
-369.41680 0.00000
-373.22200 0.00000
-370.77580 0.00000
-370.16970 0.00000
-369.73160 0.00000
-370.68610 0.00000
-367.57200 0.00000
-369.72840 0.00000
-372.31570 0.00000
-371.56870 0.00000
-371.60840 0.00000
-369.70470 0.00000
-368.57150 0.00000
-372.31810 0.00000
-370.84870 0.00000
-372.54560 0.00000
-371.04270 0.00000
-371.45900 0.00000
-371.14420 0.00000
-372.15280 0.00000
-370.24530 0.00000
-370.99700 0.00000
-371.18090 0.00000
-370.63070 0.00000
-369.16780 0.00000
-371.35120 0.00000
-369.56650 0.00000
-371.67890 0.00000
-369.78730 0.00000
-371.28250 0.00000
-372.27940 0.00000
-370.93330 0.00000
-369.48480 0.00000
-370.35950 0.00000
-370.63580 0.00000
-370.19780 0.00000
-371.46530 0.00000
-370.10870 0.00000
-371.27210 0.00000
-371.61270 0.00000
-370.69230 0.00000
-371.60410 0.00000
-369.51910 0.00000
-371.28910 0.00000
-369.50770 0.00000
-370.42980 0.00000
-369.91140 0.00000
-370.87830 0.00000
-336.15690 0.00000
-366.56190 0.00000
-369.13740 0.00000
-369.34620 0.00000
-366.17610 0.00000
-366.48290 0.00000
-367.88320 0.00000
-366.46690 0.00000
-366.06720 0.00000
-365.81570 0.00000
-369.03020 0.00000
-366.76200 0.00000
-368.68800 0.00000
-367.92750 0.00000
-366.00180 0.00000
-365.70400 0.00000
-367.42570 0.00000
-367.52640 0.00000
-367.13020 0.00000
-365.62970 0.00000
-373.52440 0.00000
-368.13940 0.00000
-367.13370 0.00000
-366.33010 0.00000
-366.56290 0.00000
-364.70140 0.00000
-368.32130 0.00000
-368.16110 0.00000
-365.39970 0.00000
-366.99840 0.00000
-364.82820 0.00000
-367.80110 0.00000
-366.92550 0.00000
-367.51930 0.00000
-366.80730 0.00000
-368.18630 0.00000
-367.97020 0.00000
-367.11380 0.00000
-367.49570 0.00000
-366.86050 0.00000
-367.06330 0.00000
-367.92450 0.00000
-368.17380 0.00000
-365.08080 0.00000
-365.70170 0.00000
-367.19150 0.00000
-367.39160 0.00000
-366.89730 0.00000
-367.78720 0.00000
-367.40780 0.00000
-364.56310 0.00000
-367.02550 0.00000
-366.69570 0.00000
-367.56220 0.00000
-366.31580 0.00000
-367.64850 0.00000
-368.23900 0.00000
-367.32720 0.00000
-367.65650 0.00000
-368.29190 0.00000
-367.69080 0.00000
-368.66590 0.00000
-367.99660 0.00000
-367.86660 0.00000
-368.01380 0.00000
-369.67910 0.00000
-366.88780 0.00000
-366.16540 0.00000
-366.92140 0.00000
-367.58540 0.00000
-369.50600 0.00000
-367.16310 0.00000
-367.31240 0.00000
-366.62740 0.00000
-366.12080 0.00000
-366.05010 0.00000
-368.33810 0.00000
-366.17900 0.00000
-368.38130 0.00000
-369.14450 0.00000
-366.68130 0.00000
-367.18430 0.00000
-366.25640 0.00000
-367.01040 0.00000
-369.30970 0.00000
-367.58820 0.00000
-368.55410 0.00000
-367.16080 0.00000
-368.43830 0.00000
-369.88250 0.00000
-367.85070 0.00000
-368.33600 0.00000
-367.00070 0.00000
-368.97750 0.00000
-366.81840 0.00000
-367.26280 0.00000
-366.05460 0.00000
-366.35550 0.00000
-370.12550 0.00000
-368.32340 0.00000
-367.42040 0.00000
-320.49250 0.00000
-317.91910 0.00000
-314.89170 0.00000
-315.25980 0.00000
-316.40830 0.00000
-317.54270 0.00000
-317.52660 0.00000
-316.96240 0.00000
-319.43440 0.00000
-317.55510 0.00000
-319.46950 0.00000
-320.98710 0.00000
-320.69980 0.00000
-320.76530 0.00000
-321.54350 0.00000
-321.43060 0.00000
-322.26360 0.00000
-324.88570 0.00000
-325.40530 0.00000
-324.13970 0.00000
-322.28730 0.00000
-321.05960 0.00000
-321.22090 0.00000
-320.11100 0.00000
-317.52770 0.00000
-318.95130 0.00000
-319.00940 0.00000
-320.35100 0.00000
-320.36360 0.00000
-319.56680 0.00000
-318.33820 0.00000
-318.31460 0.00000
-317.90120 0.00000
-319.21300 0.00000
-317.82540 0.00000
-318.75570 0.00000
-318.59780 0.00000
-319.94090 0.00000
-318.29950 0.00000
-318.55820 0.00000
-318.55970 0.00000
-315.12660 0.00000
-318.15790 0.00000
-319.20210 0.00000
-316.40010 0.00000
-314.69150 0.00000
-314.53720 0.00000
-312.68420 0.00000
-311.11100 0.00000
-310.79160 0.00000
-310.16400 0.00000
-310.49180 0.00000
-312.66380 0.00000
-312.48690 0.00000
-312.59860 0.00000
-314.24060 0.00000
-312.87030 0.00000
-313.46570 0.00000
-311.68560 0.00000
-311.91810 0.00000
-312.11670 0.00000
-310.39380 0.00000
-310.90060 0.00000
-308.72740 0.00000
-307.19340 0.00000
-309.21920 0.00000
-308.75510 0.00000
-308.29550 0.00000
-308.98600 0.00000
-306.66470 0.00000
-304.87130 0.00000
-308.11000 0.00000
-305.91270 0.00000
-305.42860 0.00000
-306.35750 0.00000
-305.29980 0.00000
-305.88630 0.00000
-305.60140 0.00000
-303.59990 0.00000
-304.08790 0.00000
-301.79900 0.00000
-302.33470 0.00000
-300.98460 0.00000
-302.92300 0.00000
-302.35600 0.00000
-301.55330 0.00000
-302.24280 0.00000
-301.52840 0.00000
-302.65810 0.00000
-302.89370 0.00000
-302.27810 0.00000
-302.74820 0.00000
-302.84710 0.00000
-301.81450 0.00000
-302.43930 0.00000
-300.26300 0.00000
-302.18320 0.00000
-301.68240 0.00000
-299.06480 0.00000
-301.42360 0.00000
-371.38650 0.00000
-372.01120 0.00000
-370.89960 0.00000
-372.04010 0.00000
-371.35170 0.00000
-371.39250 0.00000
-369.77390 0.00000
-371.86700 0.00000
-372.14300 0.00000
-369.99890 0.00000
-370.51560 0.00000
-372.87760 0.00000
-370.53840 0.00000
-369.82110 0.00000
-371.28500 0.00000
-369.05990 0.00000
-372.17340 0.00000
-370.42960 0.00000
-369.50180 0.00000
-370.16260 0.00000
-370.83700 0.00000
-370.27920 0.00000
-369.49370 0.00000
-370.01480 0.00000
-369.41960 0.00000
-371.37070 0.00000
-371.09090 0.00000
-370.94900 0.00000
-371.73540 0.00000
-369.01410 0.00000
-371.91030 0.00000
-370.42340 0.00000
-370.73170 0.00000
-370.12440 0.00000
-372.91090 0.00000
-370.61290 0.00000
-371.08530 0.00000
-371.91810 0.00000
-370.06540 0.00000
-368.48290 0.00000
-372.80060 0.00000
-370.92880 0.00000
-370.54530 0.00000
-370.07730 0.00000
-369.65750 0.00000
-369.86000 0.00000
-370.44210 0.00000
-371.68600 0.00000
-369.49900 0.00000
-369.42340 0.00000
-371.52920 0.00000
-372.15150 0.00000
-370.81630 0.00000
-371.48320 0.00000
-370.46780 0.00000
-371.68170 0.00000
-369.67920 0.00000
-371.48010 0.00000
-370.96170 0.00000
-371.06120 0.00000
-370.38440 0.00000
-372.20820 0.00000
-369.15180 0.00000
-370.94360 0.00000
-371.90680 0.00000
-370.76480 0.00000
-370.41180 0.00000
-369.41500 0.00000
-371.09280 0.00000
-369.17870 0.00000
-370.85330 0.00000
-370.94330 0.00000
-371.27480 0.00000
-371.53570 0.00000
-371.40460 0.00000
-371.46930 0.00000
-371.19120 0.00000
-370.58480 0.00000
-370.13760 0.00000
-371.64220 0.00000
-370.66740 0.00000
-372.07990 0.00000
-369.90880 0.00000
-370.48810 0.00000
-371.68780 0.00000
-369.61140 0.00000
-371.84740 0.00000
-369.78830 0.00000
-370.89440 0.00000
-370.63230 0.00000
-369.91350 0.00000
-369.84390 0.00000
-371.10130 0.00000
-369.65330 0.00000
-371.42360 0.00000
-372.51340 0.00000
-370.37370 0.00000
-370.22360 0.00000
-371.06340 0.00000
-369.79850 0.00000
-327.27770 0.00000
-328.29140 0.00000
-326.47860 0.00000
-327.80560 0.00000
-326.56340 0.00000
-326.27550 0.00000
-327.87890 0.00000
-326.38150 0.00000
-327.08580 0.00000
-327.26130 0.00000
-327.40490 0.00000
-328.61620 0.00000
-326.83410 0.00000
-327.12400 0.00000
-327.19660 0.00000
-326.41150 0.00000
-327.20400 0.00000
-327.09850 0.00000
-326.81080 0.00000
-327.63360 0.00000
-327.50010 0.00000
-326.97060 0.00000
-327.72920 0.00000
-327.21540 0.00000
-326.87170 0.00000
-327.05110 0.00000
-326.57330 0.00000
-326.61590 0.00000
-327.08050 0.00000
-328.48380 0.00000
-326.97960 0.00000
-327.70380 0.00000
-327.93250 0.00000
-326.59940 0.00000
-328.18950 0.00000
-326.38780 0.00000
-327.45240 0.00000
-326.83640 0.00000
-328.00950 0.00000
-327.47800 0.00000
-327.04160 0.00000
-327.45920 0.00000
-327.93060 0.00000
-327.25430 0.00000
-327.07780 0.00000
-327.46770 0.00000
-326.38950 0.00000
-327.16510 0.00000
-328.26260 0.00000
-326.34340 0.00000
-327.43240 0.00000
-327.16070 0.00000
-327.08490 0.00000
-327.31800 0.00000
-327.76990 0.00000
-327.65110 0.00000
-327.94210 0.00000
-326.29670 0.00000
-326.44780 0.00000
-327.19210 0.00000
-327.11200 0.00000
-327.78690 0.00000
-326.13000 0.00000
-326.37130 0.00000
-327.10570 0.00000
-326.62050 0.00000
-327.49740 0.00000
-327.45740 0.00000
-328.12430 0.00000
-328.48740 0.00000
-326.71890 0.00000
-326.79530 0.00000
-326.83790 0.00000
-325.87260 0.00000
-327.66630 0.00000
-327.24130 0.00000
-328.00310 0.00000
-327.32910 0.00000
-327.80780 0.00000
-328.25760 0.00000
-326.55280 0.00000
-327.31000 0.00000
-326.02950 0.00000
-326.78320 0.00000
-327.51220 0.00000
-326.97340 0.00000
-326.28090 0.00000
-327.07360 0.00000
-327.36310 0.00000
-326.58330 0.00000
-326.68850 0.00000
-327.84510 0.00000
-326.70830 0.00000
-326.37340 0.00000
-326.96530 0.00000
-328.03590 0.00000
-325.56710 0.00000
-326.71890 0.00000
-326.55390 0.00000
-367.28780 0.00000
-336.69760 0.00000
-336.20860 0.00000
-338.55300 0.00000
-335.35100 0.00000
-335.41780 0.00000
-334.49100 0.00000
-334.08160 0.00000
-333.95120 0.00000
-331.79650 0.00000
-332.44780 0.00000
-335.26410 0.00000
-335.33740 0.00000
-333.17950 0.00000
-332.25490 0.00000
-330.17450 0.00000
-329.75270 0.00000
-327.56500 0.00000
-330.10600 0.00000
-326.62690 0.00000
-329.62980 0.00000
-329.92200 0.00000
-330.11500 0.00000
-331.39740 0.00000
-330.11710 0.00000
-328.45880 0.00000
-327.70130 0.00000
-327.67260 0.00000
-327.94700 0.00000
-326.68490 0.00000
-323.87310 0.00000
-323.68160 0.00000
-322.88620 0.00000
-323.64110 0.00000
-325.22860 0.00000
-325.36210 0.00000
-327.42090 0.00000
-323.47040 0.00000
-321.48320 0.00000
-322.69470 0.00000
-321.82280 0.00000
-321.28340 0.00000
-321.03810 0.00000
-320.17090 0.00000
-318.66290 0.00000
-317.87420 0.00000
-316.71230 0.00000
-315.28590 0.00000
-317.17930 0.00000
-319.09030 0.00000
-316.57900 0.00000
-315.69170 0.00000
-317.35080 0.00000
-317.65840 0.00000
-315.13350 0.00000
-315.27590 0.00000
-315.29100 0.00000
-318.98420 0.00000
-318.36620 0.00000
-320.00910 0.00000
-319.83320 0.00000
-318.49740 0.00000
-315.57980 0.00000
-315.68280 0.00000
-314.62410 0.00000
-316.66690 0.00000
-315.91840 0.00000
-314.82010 0.00000
-314.55240 0.00000
-315.36280 0.00000
-316.12890 0.00000
-316.68820 0.00000
-316.98960 0.00000
-316.01390 0.00000
-317.24490 0.00000
-315.93390 0.00000
-317.45330 0.00000
-314.57240 0.00000
-316.06640 0.00000
-317.23420 0.00000
-314.65370 0.00000
-315.42850 0.00000
-315.80910 0.00000
-316.89860 0.00000
-317.32520 0.00000
-318.05330 0.00000
-318.66290 0.00000
-318.24380 0.00000
-319.61510 0.00000
-320.12760 0.00000
-319.77050 0.00000
-321.76130 0.00000
-317.95570 0.00000
-320.49920 0.00000
-320.52920 0.00000
-317.88800 0.00000
-318.69320 0.00000
-319.27150 0.00000
-320.00180 0.00000
-321.92610 0.00000
-321.03720 0.00000
-376.71320 0.00000
-376.95230 0.00000
-375.87810 0.00000
-378.90810 0.00000
-375.90190 0.00000
-377.84200 0.00000
-377.68140 0.00000
-377.68860 0.00000
-378.38460 0.00000
-377.12830 0.00000
-378.84340 0.00000
-379.71510 0.00000
-379.18150 0.00000
-376.73100 0.00000
-377.36780 0.00000
-378.25450 0.00000
-377.68230 0.00000
-379.15380 0.00000
-377.37640 0.00000
-377.45740 0.00000
-376.54120 0.00000
-376.90360 0.00000
-377.36920 0.00000
-377.20360 0.00000
-376.47990 0.00000
-376.80820 0.00000
-377.68180 0.00000
-378.27170 0.00000
-377.99570 0.00000
-376.88670 0.00000
-377.03760 0.00000
-376.52180 0.00000
-378.11140 0.00000
-377.22460 0.00000
-378.05280 0.00000
-379.55490 0.00000
-378.90250 0.00000
-376.64460 0.00000
-376.03640 0.00000
-378.08700 0.00000
-375.61620 0.00000
-376.35000 0.00000
-377.49910 0.00000
-375.93270 0.00000
-376.91490 0.00000
-376.96740 0.00000
-378.71640 0.00000
-377.45100 0.00000
-377.67530 0.00000
-377.53890 0.00000
-376.84550 0.00000
-377.93250 0.00000
-377.39730 0.00000
-378.14620 0.00000
-376.69160 0.00000
-376.79400 0.00000
-379.09710 0.00000
-377.14430 0.00000
-376.34440 0.00000
-374.67770 0.00000
-372.22970 0.00000
-373.76370 0.00000
-372.10590 0.00000
-371.84620 0.00000
-373.35930 0.00000
-374.46520 0.00000
-375.30470 0.00000
-373.93370 0.00000
-374.47380 0.00000
-373.75320 0.00000
-374.67240 0.00000
-375.76830 0.00000
-373.72540 0.00000
-374.34120 0.00000
-373.76740 0.00000
-371.34080 0.00000
-371.93080 0.00000
-371.10780 0.00000
-371.16570 0.00000
-370.82970 0.00000
-370.90460 0.00000
-371.70520 0.00000
-371.15230 0.00000
-371.25790 0.00000
-372.05220 0.00000
-373.56970 0.00000
-372.37950 0.00000
-370.84260 0.00000
-372.55720 0.00000
-373.29970 0.00000
-372.43940 0.00000
-372.42500 0.00000
-371.90040 0.00000
-371.93870 0.00000
-371.05680 0.00000
-370.92380 0.00000
-371.38580 0.00000
-372.42850 0.00000
-370.71880 0.00000
-372.13510 0.00000
-334.61040 0.00000
-337.06780 0.00000
-334.28460 0.00000
-334.58240 0.00000
-334.68770 0.00000
-334.79660 0.00000
-334.60330 0.00000
-335.64170 0.00000
-336.53340 0.00000
-334.46810 0.00000
-334.37240 0.00000
-335.60010 0.00000
-333.75880 0.00000
-333.85020 0.00000
-334.49270 0.00000
-332.85220 0.00000
-332.79890 0.00000
-333.43910 0.00000
-331.62310 0.00000
-330.60930 0.00000
-330.76760 0.00000
-330.28050 0.00000
-329.44550 0.00000
-329.11060 0.00000
-328.64410 0.00000
-327.99430 0.00000
-327.73120 0.00000
-326.61100 0.00000
-328.41920 0.00000
-327.57390 0.00000
-328.10610 0.00000
-328.46810 0.00000
-327.92110 0.00000
-328.18270 0.00000
-328.89600 0.00000
-327.78570 0.00000
-327.22390 0.00000
-327.63470 0.00000
-328.36070 0.00000
-326.36310 0.00000
-326.57660 0.00000
-326.95020 0.00000
-327.61090 0.00000
-326.55700 0.00000
-326.76580 0.00000
-325.51460 0.00000
-325.17970 0.00000
-324.84550 0.00000
-325.58300 0.00000
-325.21560 0.00000
-325.93770 0.00000
-325.43430 0.00000
-324.69470 0.00000
-325.44260 0.00000
-325.42120 0.00000
-325.73800 0.00000
-325.30960 0.00000
-325.87790 0.00000
-325.43410 0.00000
-325.69840 0.00000
-324.97510 0.00000
-325.96210 0.00000
-326.13640 0.00000
-326.57810 0.00000
-327.34950 0.00000
-326.60240 0.00000
-327.07200 0.00000
-326.95450 0.00000
-326.99130 0.00000
-327.11710 0.00000
-327.82520 0.00000
-327.52870 0.00000
-327.20540 0.00000
-328.11460 0.00000
-329.45220 0.00000
-329.41140 0.00000
-328.59820 0.00000
-328.22300 0.00000
-328.39910 0.00000
-329.14200 0.00000
-327.40610 0.00000
-326.92070 0.00000
-327.64800 0.00000
-326.75970 0.00000
-327.27040 0.00000
-326.55580 0.00000
-327.00510 0.00000
-326.31640 0.00000
-326.63050 0.00000
-326.06760 0.00000
-326.15400 0.00000
-326.46210 0.00000
-326.81040 0.00000
-326.61630 0.00000
-326.55390 0.00000
-326.72720 0.00000
-326.41080 0.00000
-326.87080 0.00000
-326.79660 0.00000
-327.14820 0.00000
-328.42140 0.00000
-329.14480 0.00000
-327.62440 0.00000
-328.04870 0.00000
-327.61670 0.00000
-327.39310 0.00000
-327.69540 0.00000
-326.45610 0.00000
-326.59650 0.00000
-325.89750 0.00000
-326.11060 0.00000
-326.29510 0.00000
-326.65180 0.00000
-326.59970 0.00000
-326.27050 0.00000
-326.18810 0.00000
-325.74680 0.00000
-325.31820 0.00000
-325.55540 0.00000
-325.69030 0.00000
-326.44560 0.00000
-325.31760 0.00000
-325.70170 0.00000
-324.46040 0.00000
-324.89550 0.00000
-325.13050 0.00000
-324.64770 0.00000
-324.41820 0.00000
-324.79520 0.00000
-325.32370 0.00000
-326.07230 0.00000
-326.44520 0.00000
-326.97290 0.00000
-326.21210 0.00000
-326.62980 0.00000
-326.52100 0.00000
-325.77710 0.00000
-325.46950 0.00000
-326.26640 0.00000
-325.26300 0.00000
-324.98780 0.00000
-324.73720 0.00000
-324.52610 0.00000
-324.62670 0.00000
-324.73040 0.00000
-325.01700 0.00000
-324.75590 0.00000
-324.92410 0.00000
-325.29130 0.00000
-324.49170 0.00000
-324.28060 0.00000
-324.06250 0.00000
-324.10120 0.00000
-325.04160 0.00000
-324.05350 0.00000
-324.25840 0.00000
-325.10710 0.00000
-323.95260 0.00000
-323.67130 0.00000
-323.88970 0.00000
-324.28910 0.00000
-324.65110 0.00000
-324.20450 0.00000
-323.68760 0.00000
-324.06050 0.00000
-323.39140 0.00000
-323.94450 0.00000
-324.17140 0.00000
-323.95690 0.00000
-324.98190 0.00000
-323.95740 0.00000
-323.66180 0.00000
-323.69930 0.00000
-323.63760 0.00000
-323.78110 0.00000
-323.67780 0.00000
-323.79230 0.00000
-324.23130 0.00000
-324.21650 0.00000
-324.64730 0.00000
-324.63520 0.00000
-325.40800 0.00000
-325.11960 0.00000
-324.96340 0.00000
-325.53390 0.00000
-325.22990 0.00000
-325.05660 0.00000
-324.56410 0.00000
-324.52620 0.00000
-324.20980 0.00000
-324.60210 0.00000
-325.24790 0.00000
-324.89660 0.00000
-323.97830 0.00000
-322.84910 0.00000
-323.11840 0.00000
-322.13660 0.00000
-322.26840 0.00000
-321.59020 0.00000
-336.07540 0.00000
-379.14680 0.00000
-378.43710 0.00000
-377.99540 0.00000
-377.36980 0.00000
-378.16470 0.00000
-376.11670 0.00000
-377.06430 0.00000
-378.24700 0.00000
-375.18290 0.00000
-377.47270 0.00000
-379.43740 0.00000
-379.31000 0.00000
-378.95370 0.00000
-376.35690 0.00000
-376.75480 0.00000
-376.30140 0.00000
-377.12860 0.00000
-379.37760 0.00000
-377.23980 0.00000
-378.78480 0.00000
-378.69940 0.00000
-376.09410 0.00000
-376.70030 0.00000
-376.54600 0.00000
-376.02690 0.00000
-377.00560 0.00000
-376.33230 0.00000
-376.50210 0.00000
-377.18640 0.00000
-376.33730 0.00000
-378.71830 0.00000
-377.95520 0.00000
-376.65230 0.00000
-377.44930 0.00000
-378.33340 0.00000
-378.67060 0.00000
-376.65710 0.00000
-377.33860 0.00000
-378.62000 0.00000
-377.25020 0.00000
-377.78720 0.00000
-375.60020 0.00000
-376.66080 0.00000
-377.55560 0.00000
-376.62410 0.00000
-375.83880 0.00000
-377.98840 0.00000
-375.83560 0.00000
-376.72920 0.00000
-375.69090 0.00000
-378.04820 0.00000
-377.40900 0.00000
-378.45430 0.00000
-375.17780 0.00000
-376.69500 0.00000
-377.54400 0.00000
-378.99780 0.00000
-377.03170 0.00000
-378.29640 0.00000
-377.45720 0.00000
-377.40100 0.00000
-376.29840 0.00000
-380.26110 0.00000
-379.15850 0.00000
-378.74220 0.00000
-376.85880 0.00000
-376.30480 0.00000
-378.57600 0.00000
-377.46290 0.00000
-378.26760 0.00000
-377.28890 0.00000
-378.82930 0.00000
-377.52740 0.00000
-376.87780 0.00000
-378.15650 0.00000
-377.78770 0.00000
-378.28900 0.00000
-379.05510 0.00000
-378.44790 0.00000
-377.96890 0.00000
-379.73490 0.00000
-378.53890 0.00000
-376.97880 0.00000
-380.51460 0.00000
-377.13060 0.00000
-376.69100 0.00000
-376.51650 0.00000
-379.04400 0.00000
-378.55950 0.00000
-376.54520 0.00000
-377.94730 0.00000
-376.78590 0.00000
-380.49440 0.00000
-378.93780 0.00000
-377.77380 0.00000
-376.52600 0.00000
-378.40140 0.00000
-378.46440 0.00000
-378.03100 0.00000
-378.80510 0.00000
-349.30100 0.00000
-348.67320 0.00000
-347.36830 0.00000
-347.47460 0.00000
-346.99810 0.00000
-347.45220 0.00000
-347.15120 0.00000
-347.77740 0.00000
-348.49520 0.00000
-347.27250 0.00000
-347.92780 0.00000
-348.90250 0.00000
-350.28150 0.00000
-349.57400 0.00000
-350.02140 0.00000
-350.04300 0.00000
-349.91950 0.00000
-351.22840 0.00000
-348.45660 0.00000
-348.20630 0.00000
-346.71040 0.00000
-345.52020 0.00000
-344.89480 0.00000
-344.66540 0.00000
-343.55610 0.00000
-343.67530 0.00000
-342.92760 0.00000
-343.30270 0.00000
-344.81370 0.00000
-342.53310 0.00000
-343.72080 0.00000
-344.09770 0.00000
-343.40070 0.00000
-343.69330 0.00000
-343.36020 0.00000
-344.31610 0.00000
-345.13490 0.00000
-343.08740 0.00000
-341.43170 0.00000
-342.03080 0.00000
-341.74670 0.00000
-340.92330 0.00000
-341.25970 0.00000
-340.26260 0.00000
-339.73280 0.00000
-340.68910 0.00000
-339.44240 0.00000
-339.56100 0.00000
-340.15980 0.00000
-337.89940 0.00000
-338.27400 0.00000
-339.20900 0.00000
-337.07740 0.00000
-337.41580 0.00000
-337.07920 0.00000
-337.08450 0.00000
-338.09700 0.00000
-336.43080 0.00000
-335.31880 0.00000
-334.58770 0.00000
-334.76750 0.00000
-336.14450 0.00000
-336.16850 0.00000
-336.28940 0.00000
-337.28240 0.00000
-337.93540 0.00000
-339.04020 0.00000
-337.12030 0.00000
-337.94900 0.00000
-336.01520 0.00000
-334.80860 0.00000
-335.91700 0.00000
-336.52240 0.00000
-337.39390 0.00000
-335.67360 0.00000
-335.22890 0.00000
-336.09590 0.00000
-333.65470 0.00000
-333.92040 0.00000
-334.04100 0.00000
-334.94680 0.00000
-335.02180 0.00000
-335.48670 0.00000
-336.13710 0.00000
-336.15500 0.00000
-337.72990 0.00000
-337.28710 0.00000
-336.41320 0.00000
-338.26200 0.00000
-337.15830 0.00000
-336.23960 0.00000
-336.38500 0.00000
-335.42940 0.00000
-336.00280 0.00000
-335.44120 0.00000
-335.25290 0.00000
-336.57070 0.00000
-338.42290 0.00000
-336.97190 0.00000
-336.40280 0.00000
-332.35680 0.00000
-332.93560 0.00000
-332.40840 0.00000
-333.33460 0.00000
-334.20480 0.00000
-333.31550 0.00000
-332.68910 0.00000
-332.95610 0.00000
-333.58990 0.00000
-332.81510 0.00000
-333.24420 0.00000
-333.68470 0.00000
-333.66760 0.00000
-333.54610 0.00000
-333.23750 0.00000
-332.97390 0.00000
-333.28880 0.00000
-333.41660 0.00000
-332.69150 0.00000
-332.47660 0.00000
-333.01520 0.00000
-333.40670 0.00000
-332.83380 0.00000
-332.47690 0.00000
-332.23080 0.00000
-332.30170 0.00000
-332.01830 0.00000
-332.19700 0.00000
-333.41780 0.00000
-334.13190 0.00000
-334.38620 0.00000
-333.93040 0.00000
-333.75010 0.00000
-333.26030 0.00000
-333.46670 0.00000
-332.67820 0.00000
-332.05950 0.00000
-332.92940 0.00000
-332.51700 0.00000
-331.42010 0.00000
-332.28820 0.00000
-332.45860 0.00000
-332.47700 0.00000
-332.83240 0.00000
-332.36230 0.00000
-331.91780 0.00000
-331.31610 0.00000
-331.72780 0.00000
-331.11130 0.00000
-330.28390 0.00000
-330.11220 0.00000
-330.03480 0.00000
-330.02010 0.00000
-331.08240 0.00000
-329.99540 0.00000
-330.12940 0.00000
-328.83160 0.00000
-328.81170 0.00000
-328.90330 0.00000
-328.60260 0.00000
-328.58500 0.00000
-330.06850 0.00000
-328.23380 0.00000
-328.65210 0.00000
-328.61030 0.00000
-328.62190 0.00000
-328.35570 0.00000
-328.73740 0.00000
-328.87670 0.00000
-328.93420 0.00000
-328.94370 0.00000
-328.84280 0.00000
-328.95000 0.00000
-329.50960 0.00000
-330.08250 0.00000
-330.35690 0.00000
-330.46150 0.00000
-330.72420 0.00000
-330.40620 0.00000
-331.27030 0.00000
-329.77630 0.00000
-330.16510 0.00000
-330.50920 0.00000
-330.08840 0.00000
-330.22940 0.00000
-329.23950 0.00000
-329.70060 0.00000
-328.57070 0.00000
-328.74460 0.00000
-327.93270 0.00000
-328.10110 0.00000
-328.36900 0.00000
-327.89580 0.00000
-327.74310 0.00000
-327.70400 0.00000
-328.06680 0.00000
-328.11170 0.00000
-329.13730 0.00000
-328.56030 0.00000
-328.18160 0.00000
-355.98510 0.00000
-357.82320 0.00000
-354.20120 0.00000
-355.79650 0.00000
-354.37160 0.00000
-354.84820 0.00000
-356.35610 0.00000
-352.45990 0.00000
-356.49940 0.00000
-355.39690 0.00000
-356.87670 0.00000
-356.16550 0.00000
-355.47770 0.00000
-354.20740 0.00000
-356.61920 0.00000
-357.89630 0.00000
-355.57800 0.00000
-355.30420 0.00000
-357.05220 0.00000
-357.24370 0.00000
-356.75400 0.00000
-354.91010 0.00000
-356.96110 0.00000
-354.49680 0.00000
-354.95140 0.00000
-356.66150 0.00000
-356.00880 0.00000
-353.61780 0.00000
-356.02300 0.00000
-357.76470 0.00000
-355.19560 0.00000
-356.73130 0.00000
-358.06920 0.00000
-356.20700 0.00000
-356.92020 0.00000
-354.02360 0.00000
-353.85250 0.00000
-356.43670 0.00000
-357.51840 0.00000
-355.12840 0.00000
-355.37280 0.00000
-354.66600 0.00000
-355.88240 0.00000
-354.72860 0.00000
-353.05900 0.00000
-355.30140 0.00000
-356.64370 0.00000
-355.57050 0.00000
-358.15780 0.00000
-356.15600 0.00000
-356.07300 0.00000
-354.66700 0.00000
-358.12650 0.00000
-356.91290 0.00000
-354.77830 0.00000
-356.54330 0.00000
-356.76810 0.00000
-353.19180 0.00000
-354.83950 0.00000
-356.98430 0.00000
-355.55830 0.00000
-356.16980 0.00000
-354.53010 0.00000
-354.13820 0.00000
-356.64430 0.00000
-355.46770 0.00000
-355.54710 0.00000
-355.90640 0.00000
-357.24560 0.00000
-356.52580 0.00000
-355.50330 0.00000
-355.23990 0.00000
-356.42610 0.00000
-356.35250 0.00000
-356.32960 0.00000
-355.71340 0.00000
-357.58160 0.00000
-354.30360 0.00000
-356.22670 0.00000
-356.13050 0.00000
-355.91680 0.00000
-358.89750 0.00000
-354.59100 0.00000
-355.30710 0.00000
-357.57150 0.00000
-356.18280 0.00000
-355.06500 0.00000
-357.27950 0.00000
-356.43140 0.00000
-355.14140 0.00000
-355.70280 0.00000
-355.92680 0.00000
-354.71770 0.00000
-355.05850 0.00000
-354.65080 0.00000
-356.29680 0.00000
-354.70960 0.00000
-357.99090 0.00000
-356.76280 0.00000
-377.53770 0.00000
-339.16260 0.00000
-340.60330 0.00000
-340.63690 0.00000
-340.12190 0.00000
-340.16090 0.00000
-340.15530 0.00000
-338.96700 0.00000
-338.96780 0.00000
-338.36760 0.00000
-340.01770 0.00000
-340.62220 0.00000
-342.21920 0.00000
-343.47800 0.00000
-342.71240 0.00000
-342.54560 0.00000
-342.95550 0.00000
-342.19110 0.00000
-343.71780 0.00000
-343.13750 0.00000
-344.10790 0.00000
-344.69180 0.00000
-345.12950 0.00000
-343.96490 0.00000
-343.03490 0.00000
-342.70290 0.00000
-342.32560 0.00000
-341.79350 0.00000
-340.94440 0.00000
-340.34300 0.00000
-339.44200 0.00000
-339.54650 0.00000
-339.00700 0.00000
-338.18960 0.00000
-337.58300 0.00000
-337.97700 0.00000
-339.12810 0.00000
-339.69350 0.00000
-339.47770 0.00000
-339.40040 0.00000
-340.82120 0.00000
-341.16840 0.00000
-340.62450 0.00000
-339.97820 0.00000
-339.80730 0.00000
-340.44330 0.00000
-340.02710 0.00000
-340.02860 0.00000
-339.64540 0.00000
-339.26240 0.00000
-337.79390 0.00000
-337.52130 0.00000
-337.97700 0.00000
-338.44130 0.00000
-336.99750 0.00000
-336.59640 0.00000
-337.56780 0.00000
-337.99160 0.00000
-337.02190 0.00000
-337.42530 0.00000
-336.58730 0.00000
-336.46290 0.00000
-336.56000 0.00000
-337.42180 0.00000
-338.79260 0.00000
-339.47480 0.00000
-339.24540 0.00000
-338.92850 0.00000
-338.90060 0.00000
-339.01660 0.00000
-340.12710 0.00000
-340.39850 0.00000
-341.16260 0.00000
-340.44590 0.00000
-339.74470 0.00000
-340.09200 0.00000
-341.92830 0.00000
-339.72930 0.00000
-340.00090 0.00000
-339.66200 0.00000
-340.16260 0.00000
-340.20390 0.00000
-340.58090 0.00000
-340.92350 0.00000
-342.96270 0.00000
-343.16760 0.00000
-343.16880 0.00000
-342.17410 0.00000
-342.93190 0.00000
-342.54700 0.00000
-341.57700 0.00000
-341.31730 0.00000
-341.45460 0.00000
-343.36920 0.00000
-345.16180 0.00000
-345.46760 0.00000
-344.69120 0.00000
-345.62890 0.00000
-346.57100 0.00000
-346.92480 0.00000
-348.40040 0.00000
-330.57220 0.00000
-330.98160 0.00000
-330.46540 0.00000
-330.80490 0.00000
-330.57900 0.00000
-330.18260 0.00000
-329.74220 0.00000
-329.94370 0.00000
-330.76810 0.00000
-330.70550 0.00000
-331.47160 0.00000
-331.48010 0.00000
-331.83580 0.00000
-331.58590 0.00000
-331.05390 0.00000
-331.22740 0.00000
-331.20590 0.00000
-331.87890 0.00000
-331.12190 0.00000
-331.36960 0.00000
-330.97330 0.00000
-331.33850 0.00000
-331.44530 0.00000
-331.61040 0.00000
-332.18730 0.00000
-332.72080 0.00000
-332.22000 0.00000
-332.44000 0.00000
-333.09330 0.00000
-332.56530 0.00000
-332.38730 0.00000
-332.63500 0.00000
-332.86690 0.00000
-332.52830 0.00000
-332.32500 0.00000
-332.48510 0.00000
-332.92040 0.00000
-332.16660 0.00000
-331.66950 0.00000
-332.28190 0.00000
-332.10800 0.00000
-332.29570 0.00000
-332.85870 0.00000
-332.41370 0.00000
-332.45630 0.00000
-332.84980 0.00000
-332.64090 0.00000
-333.36090 0.00000
-334.19510 0.00000
-334.01880 0.00000
-334.10820 0.00000
-334.58850 0.00000
-334.51560 0.00000
-334.50120 0.00000
-334.42400 0.00000
-334.32910 0.00000
-334.35950 0.00000
-334.57480 0.00000
-334.65730 0.00000
-333.55720 0.00000
-332.79390 0.00000
-333.34020 0.00000
-332.86540 0.00000
-332.45500 0.00000
-333.94880 0.00000
-332.92620 0.00000
-333.07010 0.00000
-333.15700 0.00000
-333.24010 0.00000
-333.47680 0.00000
-333.86960 0.00000
-333.84250 0.00000
-333.66370 0.00000
-333.58840 0.00000
-333.50280 0.00000
-332.58260 0.00000
-332.09000 0.00000
-331.81010 0.00000
-331.60850 0.00000
-331.72940 0.00000
-331.65980 0.00000
-331.48430 0.00000
-331.89280 0.00000
-332.01420 0.00000
-332.55370 0.00000
-333.27250 0.00000
-333.00860 0.00000
-332.39960 0.00000
-332.95770 0.00000
-333.04060 0.00000
-331.69850 0.00000
-331.83010 0.00000
-332.41240 0.00000
-331.74990 0.00000
-331.39110 0.00000
-331.39890 0.00000
-332.31870 0.00000
-333.45750 0.00000
-332.02740 0.00000
-332.48720 0.00000
-389.85570 0.00000
-392.50490 0.00000
-390.66220 0.00000
-392.62610 0.00000
-388.95400 0.00000
-392.76770 0.00000
-391.16520 0.00000
-393.80300 0.00000
-393.04790 0.00000
-390.63490 0.00000
-393.36540 0.00000
-391.70310 0.00000
-391.77400 0.00000
-392.50370 0.00000
-392.65960 0.00000
-390.77660 0.00000
-393.27880 0.00000
-392.99650 0.00000
-392.00800 0.00000
-389.97160 0.00000
-393.23190 0.00000
-392.35830 0.00000
-390.67760 0.00000
-391.68280 0.00000
-391.21090 0.00000
-393.17860 0.00000
-389.84420 0.00000
-391.56220 0.00000
-393.68910 0.00000
-392.09680 0.00000
-393.66850 0.00000
-390.58050 0.00000
-391.00830 0.00000
-392.63960 0.00000
-394.61680 0.00000
-390.47010 0.00000
-392.98930 0.00000
-392.88270 0.00000
-393.64640 0.00000
-388.25340 0.00000
-394.05010 0.00000
-391.43180 0.00000
-391.01080 0.00000
-391.79230 0.00000
-391.54170 0.00000
-387.44000 0.00000
-392.06590 0.00000
-392.38980 0.00000
-392.74770 0.00000
-392.85150 0.00000
-392.78680 0.00000
-392.11270 0.00000
-391.50920 0.00000
-392.42680 0.00000
-389.91230 0.00000
-392.50830 0.00000
-391.01080 0.00000
-394.00270 0.00000
-391.33670 0.00000
-393.01530 0.00000
-391.88920 0.00000
-392.89210 0.00000
-390.22860 0.00000
-393.30330 0.00000
-391.51310 0.00000
-392.33690 0.00000
-392.26880 0.00000
-389.50730 0.00000
-392.86700 0.00000
-391.34290 0.00000
-392.09810 0.00000
-391.21010 0.00000
-393.51350 0.00000
-393.28780 0.00000
-393.50440 0.00000
-393.17680 0.00000
-391.64220 0.00000
-391.86470 0.00000
-390.80330 0.00000
-391.60350 0.00000
-390.80490 0.00000
-390.42800 0.00000
-390.85500 0.00000
-389.01690 0.00000
-392.80700 0.00000
-390.73930 0.00000
-391.53380 0.00000
-390.14670 0.00000
-392.08020 0.00000
-390.51480 0.00000
-392.54080 0.00000
-391.34040 0.00000
-389.96350 0.00000
-391.16480 0.00000
-391.97330 0.00000
-392.44400 0.00000
-389.32710 0.00000
-394.02860 0.00000
-391.91730 0.00000
-390.53790 0.00000
-392.70440 0.00000
-393.85770 0.00000
-389.44250 0.00000
-393.45190 0.00000
-391.48320 0.00000
-390.11100 0.00000
-393.00480 0.00000
-388.48420 0.00000
-391.97000 0.00000
-391.74690 0.00000
-392.29130 0.00000
-393.13730 0.00000
-391.42470 0.00000
-389.89190 0.00000
-392.42230 0.00000
-392.64600 0.00000
-390.77590 0.00000
-390.92810 0.00000
-391.74020 0.00000
-393.37130 0.00000
-393.16240 0.00000
-390.94350 0.00000
-393.69500 0.00000
-389.22830 0.00000
-392.87590 0.00000
-392.72420 0.00000
-390.79870 0.00000
-391.39070 0.00000
-391.93040 0.00000
-394.20770 0.00000
-391.78160 0.00000
-392.78140 0.00000
-393.94430 0.00000
-393.33800 0.00000
-393.16540 0.00000
-390.02300 0.00000
-390.15070 0.00000
-393.64160 0.00000
-392.88190 0.00000
-390.34310 0.00000
-389.03670 0.00000
-389.81980 0.00000
-392.57000 0.00000
-390.28290 0.00000
-390.51810 0.00000
-390.17330 0.00000
-390.88940 0.00000
-392.75680 0.00000
-394.43730 0.00000
-391.71060 0.00000
-393.38780 0.00000
-389.99720 0.00000
-393.16220 0.00000
-392.31760 0.00000
-391.91250 0.00000
-391.15040 0.00000
-394.34610 0.00000
-388.42520 0.00000
-391.27430 0.00000
-391.59710 0.00000
-393.34770 0.00000
-392.84810 0.00000
-389.59470 0.00000
-389.47920 0.00000
-391.84960 0.00000
-391.15910 0.00000
-392.97670 0.00000
-391.81980 0.00000
-393.75110 0.00000
-393.31030 0.00000
-390.50750 0.00000
-390.53880 0.00000
-392.18060 0.00000
-393.53660 0.00000
-391.79590 0.00000
-389.79800 0.00000
-394.00890 0.00000
-390.44580 0.00000
-392.98950 0.00000
-390.83890 0.00000
-392.79530 0.00000
-392.45670 0.00000
-389.95850 0.00000
-391.14690 0.00000
-392.70350 0.00000
-392.17190 0.00000
-390.65030 0.00000
-394.15790 0.00000
-391.67030 0.00000
-389.97430 0.00000
-391.99300 0.00000
-392.32220 0.00000
-391.94950 0.00000
-390.42660 0.00000
-393.03150 0.00000
-393.06910 0.00000
-389.08630 0.00000
-393.48190 0.00000
-391.08170 0.00000
