-100.0000 -100.0000
-316.1690 0.0000
-316.9015 0.0000
-316.8990 0.0000
-316.1299 0.0000
-316.1248 0.0000
-316.1481 0.0000
-316.2713 0.0000
-315.8241 0.0000
-315.3892 0.0000
-316.1624 0.0000
-316.1075 0.0000
-316.3095 0.0000
-317.3254 0.0000
-317.1598 0.0000
-317.0067 0.0000
-317.1536 0.0000
-317.0019 0.0000
-317.2853 0.0000
-317.6847 0.0000
-317.9569 0.0000
-318.0228 0.0000
-317.4745 0.0000
-317.7931 0.0000
-317.5706 0.0000
-316.9050 0.0000
-317.0859 0.0000
-316.6403 0.0000
-316.4068 0.0000
-315.1742 0.0000
-314.7704 0.0000
-315.0522 0.0000
-314.4722 0.0000
-313.5621 0.0000
-312.4747 0.0000
-313.4691 0.0000
-311.7075 0.0000
-311.2140 0.0000
-311.1701 0.0000
-310.7386 0.0000
-309.5221 0.0000
-309.3888 0.0000
-309.1697 0.0000
-309.0415 0.0000
-307.7621 0.0000
-307.1298 0.0000
-306.4075 0.0000
-306.4459 0.0000
-305.9457 0.0000
-305.3003 0.0000
-306.2605 0.0000
-305.5418 0.0000
-306.1661 0.0000
-306.0155 0.0000
-305.5848 0.0000
-305.9059 0.0000
-306.4628 0.0000
-305.5696 0.0000
-305.7309 0.0000
-305.4225 0.0000
-305.3227 0.0000
-305.4590 0.0000
-305.1902 0.0000
-305.4742 0.0000
-304.7323 0.0000
-304.4181 0.0000
-304.3156 0.0000
-304.9566 0.0000
-304.5672 0.0000
-304.1337 0.0000
-303.6837 0.0000
-304.2487 0.0000
-305.6807 0.0000
-306.1170 0.0000
-305.5619 0.0000
-306.1375 0.0000
-307.5545 0.0000
-305.2708 0.0000
-305.2892 0.0000
-305.1000 0.0000
-305.2962 0.0000
-305.4826 0.0000
-305.5152 0.0000
-305.7708 0.0000
-306.3614 0.0000
-305.4428 0.0000
-306.7162 0.0000
-304.7718 0.0000
-304.6277 0.0000
-304.2838 0.0000
-304.9704 0.0000
-305.5106 0.0000
-305.2929 0.0000
-305.3053 0.0000
-304.1667 0.0000
-303.7767 0.0000
-303.9315 0.0000
-304.3432 0.0000
-304.5484 0.0000
-304.8331 0.0000
-305.1658 0.0000
-334.5273 0.0000
-334.3614 0.0000
-334.7266 0.0000
-335.3252 0.0000
-335.1204 0.0000
-335.3607 0.0000
-334.3030 0.0000
-334.4041 0.0000
-334.6395 0.0000
-333.9484 0.0000
-334.6521 0.0000
-334.0467 0.0000
-334.2249 0.0000
-333.8883 0.0000
-333.6305 0.0000
-334.8305 0.0000
-334.4857 0.0000
-334.6928 0.0000
-334.8075 0.0000
-334.9725 0.0000
-334.1887 0.0000
-333.2263 0.0000
-334.4445 0.0000
-334.7705 0.0000
-335.0744 0.0000
-335.3045 0.0000
-333.2704 0.0000
-334.4926 0.0000
-334.0185 0.0000
-334.2640 0.0000
-334.5284 0.0000
-335.2707 0.0000
-335.4641 0.0000
-334.4418 0.0000
-334.8579 0.0000
-334.2782 0.0000
-334.7308 0.0000
-334.6912 0.0000
-334.7308 0.0000
-335.6830 0.0000
-335.2980 0.0000
-334.6591 0.0000
-334.6825 0.0000
-335.3796 0.0000
-334.4546 0.0000
-334.3863 0.0000
-334.6419 0.0000
-334.6557 0.0000
-334.4063 0.0000
-334.2758 0.0000
-334.9605 0.0000
-334.0294 0.0000
-334.8957 0.0000
-335.0486 0.0000
-334.1033 0.0000
-333.9113 0.0000
-334.9087 0.0000
-335.7675 0.0000
-335.4301 0.0000
-333.9678 0.0000
-334.9192 0.0000
-335.4312 0.0000
-335.2478 0.0000
-335.8769 0.0000
-333.5951 0.0000
-335.2024 0.0000
-334.8707 0.0000
-333.5392 0.0000
-334.0872 0.0000
-334.2538 0.0000
-334.4568 0.0000
-334.6865 0.0000
-334.5327 0.0000
-334.5566 0.0000
-333.9941 0.0000
-335.1252 0.0000
-334.4699 0.0000
-334.2802 0.0000
-335.4486 0.0000
-333.9127 0.0000
-334.7093 0.0000
-334.3356 0.0000
-334.1233 0.0000
-335.8719 0.0000
-333.8000 0.0000
-334.7565 0.0000
-334.6884 0.0000
-334.3065 0.0000
-334.0132 0.0000
-334.2347 0.0000
-334.6855 0.0000
-334.6958 0.0000
-335.0533 0.0000
-334.6629 0.0000
-335.2354 0.0000
-335.0015 0.0000
-334.4371 0.0000
-334.5842 0.0000
-335.1932 0.0000
-335.2913 0.0000
-324.7571 0.0000
-323.2350 0.0000
-323.3203 0.0000
-323.8975 0.0000
-322.8980 0.0000
-322.9066 0.0000
-322.3057 0.0000
-323.7503 0.0000
-323.0705 0.0000
-323.5866 0.0000
-323.0366 0.0000
-324.4571 0.0000
-323.8173 0.0000
-322.3447 0.0000
-323.0726 0.0000
-323.0292 0.0000
-323.5017 0.0000
-323.7466 0.0000
-323.8082 0.0000
-323.0680 0.0000
-322.7918 0.0000
-322.8331 0.0000
-323.4292 0.0000
-323.1659 0.0000
-323.5846 0.0000
-324.0287 0.0000
-322.3829 0.0000
-323.2947 0.0000
-323.2311 0.0000
-323.2571 0.0000
-323.1413 0.0000
-322.8138 0.0000
-323.2157 0.0000
-323.5222 0.0000
-323.4749 0.0000
-322.9935 0.0000
-323.8462 0.0000
-323.2123 0.0000
-323.8847 0.0000
-323.6109 0.0000
-324.8343 0.0000
-323.6294 0.0000
-324.3671 0.0000
-323.0034 0.0000
-322.7162 0.0000
-323.4203 0.0000
-323.0586 0.0000
-323.1145 0.0000
-323.7409 0.0000
-323.0756 0.0000
-323.3570 0.0000
-323.4935 0.0000
-323.7084 0.0000
-322.7941 0.0000
-323.6432 0.0000
-323.7710 0.0000
-322.8688 0.0000
-324.5878 0.0000
-323.5062 0.0000
-323.5129 0.0000
-324.4588 0.0000
-324.0785 0.0000
-323.4712 0.0000
-323.4005 0.0000
-324.1011 0.0000
-323.7440 0.0000
-323.4160 0.0000
-323.5645 0.0000
-323.9801 0.0000
-323.2444 0.0000
-322.8797 0.0000
-323.5317 0.0000
-323.5914 0.0000
-323.8479 0.0000
-322.9260 0.0000
-323.8852 0.0000
-323.9213 0.0000
-324.1662 0.0000
-323.1430 0.0000
-323.3914 0.0000
-323.1811 0.0000
-323.5179 0.0000
-322.9319 0.0000
-323.1403 0.0000
-322.8898 0.0000
-322.5958 0.0000
-324.1065 0.0000
-323.1095 0.0000
-324.5050 0.0000
-323.4528 0.0000
-324.0939 0.0000
-322.2802 0.0000
-322.4329 0.0000
-323.5393 0.0000
-323.0370 0.0000
-323.8943 0.0000
-323.1692 0.0000
-323.4791 0.0000
-323.6106 0.0000
-323.4191 0.0000
-297.1314 0.0000
-296.8361 0.0000
-295.7066 0.0000
-293.6592 0.0000
-294.8117 0.0000
-294.0259 0.0000
-291.9193 0.0000
-292.2129 0.0000
-291.4059 0.0000
-293.3911 0.0000
-291.3021 0.0000
-291.9198 0.0000
-294.2506 0.0000
-293.8288 0.0000
-292.4891 0.0000
-292.2032 0.0000
-291.3133 0.0000
-292.8993 0.0000
-292.8911 0.0000
-292.9475 0.0000
-291.0586 0.0000
-291.3281 0.0000
-292.1754 0.0000
-291.2793 0.0000
-290.8453 0.0000
-290.9980 0.0000
-291.7171 0.0000
-292.7094 0.0000
-292.7066 0.0000
-293.4017 0.0000
-292.0636 0.0000
-292.4321 0.0000
-293.7285 0.0000
-292.8333 0.0000
-292.9128 0.0000
-291.9126 0.0000
-291.4380 0.0000
-290.5716 0.0000
-288.5892 0.0000
-287.1266 0.0000
-287.9095 0.0000
-288.0542 0.0000
-287.9288 0.0000
-287.9042 0.0000
-287.0674 0.0000
-285.1421 0.0000
-284.4937 0.0000
-285.0630 0.0000
-286.0039 0.0000
-284.4085 0.0000
-283.5619 0.0000
-284.9877 0.0000
-284.5890 0.0000
-282.6158 0.0000
-281.0550 0.0000
-280.7424 0.0000
-280.7164 0.0000
-279.6080 0.0000
-279.6975 0.0000
-280.0344 0.0000
-278.6495 0.0000
-278.2618 0.0000
-276.8746 0.0000
-276.1897 0.0000
-278.1028 0.0000
-276.0539 0.0000
-274.5780 0.0000
-274.1742 0.0000
-275.7135 0.0000
-275.7369 0.0000
-275.8183 0.0000
-276.2399 0.0000
-276.7178 0.0000
-277.0693 0.0000
-276.8789 0.0000
-275.9907 0.0000
-275.1423 0.0000
-275.5364 0.0000
-274.7917 0.0000
-275.0582 0.0000
-275.5059 0.0000
-275.5041 0.0000
-275.6736 0.0000
-275.2497 0.0000
-275.9460 0.0000
-276.3659 0.0000
-276.0493 0.0000
-276.4276 0.0000
-278.0798 0.0000
-275.9061 0.0000
-275.4299 0.0000
-276.0722 0.0000
-274.7951 0.0000
-274.6280 0.0000
-275.1765 0.0000
-275.8463 0.0000
-277.6839 0.0000
-276.9595 0.0000
-276.4598 0.0000
-275.8275 0.0000
-324.2027 0.0000
-325.5635 0.0000
-326.2152 0.0000
-323.6970 0.0000
-324.8882 0.0000
-324.7414 0.0000
-324.1964 0.0000
-324.6966 0.0000
-325.3061 0.0000
-324.6593 0.0000
-324.5781 0.0000
-325.2567 0.0000
-325.3068 0.0000
-326.2823 0.0000
-323.9936 0.0000
-324.4051 0.0000
-325.3343 0.0000
-325.9937 0.0000
-325.1949 0.0000
-324.8637 0.0000
-326.2905 0.0000
-325.0285 0.0000
-325.5186 0.0000
-325.0413 0.0000
-326.2244 0.0000
-323.7232 0.0000
-325.2965 0.0000
-324.4861 0.0000
-324.6781 0.0000
-323.5664 0.0000
-325.4214 0.0000
-323.8084 0.0000
-326.0860 0.0000
-325.2530 0.0000
-324.3944 0.0000
-324.2968 0.0000
-325.0613 0.0000
-324.1825 0.0000
-325.3254 0.0000
-325.8163 0.0000
-324.0907 0.0000
-326.1452 0.0000
-324.7459 0.0000
-325.0002 0.0000
-325.3824 0.0000
-326.2511 0.0000
-326.0056 0.0000
-326.2720 0.0000
-324.2491 0.0000
-324.5286 0.0000
-324.4575 0.0000
-325.5206 0.0000
-324.5791 0.0000
-324.8302 0.0000
-324.3343 0.0000
-324.4528 0.0000
-325.0131 0.0000
-323.9515 0.0000
-324.3262 0.0000
-325.6985 0.0000
-324.3281 0.0000
-325.7609 0.0000
-325.4522 0.0000
-325.3860 0.0000
-323.9214 0.0000
-324.3504 0.0000
-325.9506 0.0000
-324.8667 0.0000
-324.4734 0.0000
-324.0371 0.0000
-324.5452 0.0000
-324.6508 0.0000
-324.8015 0.0000
-324.8721 0.0000
-324.0656 0.0000
-325.1591 0.0000
-325.1173 0.0000
-324.7532 0.0000
-324.2495 0.0000
-325.4498 0.0000
-325.0791 0.0000
-324.2794 0.0000
-324.6992 0.0000
-324.4765 0.0000
-325.7500 0.0000
-324.7841 0.0000
-324.4928 0.0000
-324.4830 0.0000
-325.4162 0.0000
-325.6978 0.0000
-326.3544 0.0000
-324.5770 0.0000
-324.6333 0.0000
-324.1024 0.0000
-325.4370 0.0000
-325.2536 0.0000
-325.4309 0.0000
-324.9854 0.0000
-324.5522 0.0000
-325.2290 0.0000
-344.8424 0.0000
-346.0948 0.0000
-345.5357 0.0000
-345.9148 0.0000
-346.4451 0.0000
-346.3433 0.0000
-346.0684 0.0000
-345.6219 0.0000
-345.5602 0.0000
-346.4668 0.0000
-345.0100 0.0000
-345.5599 0.0000
-346.3050 0.0000
-345.4963 0.0000
-346.2418 0.0000
-346.3355 0.0000
-345.5598 0.0000
-346.0724 0.0000
-345.4913 0.0000
-345.0953 0.0000
-346.2568 0.0000
-346.4893 0.0000
-345.9954 0.0000
-345.0516 0.0000
-345.0599 0.0000
-346.7643 0.0000
-345.6649 0.0000
-346.3532 0.0000
-345.8048 0.0000
-346.9221 0.0000
-346.5463 0.0000
-346.2524 0.0000
-347.0734 0.0000
-346.3977 0.0000
-346.0779 0.0000
-345.2744 0.0000
-345.8628 0.0000
-345.3928 0.0000
-346.1034 0.0000
-346.5660 0.0000
-346.5748 0.0000
-345.5258 0.0000
-345.9696 0.0000
-345.4863 0.0000
-346.4591 0.0000
-345.0676 0.0000
-346.7238 0.0000
-345.6448 0.0000
-345.7470 0.0000
-345.5602 0.0000
-344.9870 0.0000
-345.8680 0.0000
-345.9675 0.0000
-346.2068 0.0000
-345.6287 0.0000
-345.4442 0.0000
-346.1068 0.0000
-345.9715 0.0000
-346.3332 0.0000
-346.0828 0.0000
-346.0485 0.0000
-344.8350 0.0000
-346.4801 0.0000
-346.1535 0.0000
-345.1066 0.0000
-346.3220 0.0000
-347.2559 0.0000
-345.6778 0.0000
-345.8955 0.0000
-346.1815 0.0000
-346.2812 0.0000
-345.0528 0.0000
-345.5773 0.0000
-346.9371 0.0000
-345.3643 0.0000
-346.1890 0.0000
-346.1646 0.0000
-346.2409 0.0000
-345.7826 0.0000
-345.5228 0.0000
-346.1080 0.0000
-347.0374 0.0000
-346.0430 0.0000
-346.1555 0.0000
-345.9829 0.0000
-346.0674 0.0000
-346.2228 0.0000
-346.5951 0.0000
-346.0842 0.0000
-347.0731 0.0000
-345.7564 0.0000
-345.7837 0.0000
-345.0339 0.0000
-346.1226 0.0000
-346.3526 0.0000
-345.8835 0.0000
-346.1678 0.0000
-345.4941 0.0000
-346.6891 0.0000
-345.9010 0.0000
-321.3015 0.0000
-322.8662 0.0000
-320.9160 0.0000
-320.9308 0.0000
-320.4266 0.0000
-321.3733 0.0000
-321.5980 0.0000
-322.1360 0.0000
-321.0376 0.0000
-320.8579 0.0000
-321.1067 0.0000
-321.1335 0.0000
-321.4676 0.0000
-320.7533 0.0000
-322.1547 0.0000
-321.4249 0.0000
-321.2604 0.0000
-321.7170 0.0000
-321.6371 0.0000
-322.6783 0.0000
-321.1353 0.0000
-320.9371 0.0000
-321.1082 0.0000
-320.3433 0.0000
-322.0059 0.0000
-322.1227 0.0000
-322.2057 0.0000
-320.7456 0.0000
-321.5641 0.0000
-319.9882 0.0000
-322.5979 0.0000
-319.9720 0.0000
-320.7976 0.0000
-322.4433 0.0000
-321.2625 0.0000
-320.7498 0.0000
-321.9917 0.0000
-321.9850 0.0000
-321.8982 0.0000
-320.8441 0.0000
-321.2857 0.0000
-320.5097 0.0000
-321.6352 0.0000
-320.6789 0.0000
-321.3936 0.0000
-321.2095 0.0000
-322.8933 0.0000
-321.3048 0.0000
-320.4959 0.0000
-320.7421 0.0000
-320.4928 0.0000
-320.8865 0.0000
-320.4515 0.0000
-321.7521 0.0000
-321.0662 0.0000
-320.8012 0.0000
-321.3774 0.0000
-321.8000 0.0000
-320.9938 0.0000
-321.1555 0.0000
-320.5026 0.0000
-322.0139 0.0000
-322.0555 0.0000
-320.7856 0.0000
-321.9421 0.0000
-321.9527 0.0000
-321.7181 0.0000
-320.5351 0.0000
-320.8846 0.0000
-320.7891 0.0000
-320.7477 0.0000
-321.1263 0.0000
-320.3030 0.0000
-320.2047 0.0000
-320.9792 0.0000
-321.9500 0.0000
-320.4109 0.0000
-322.3752 0.0000
-320.7400 0.0000
-323.2001 0.0000
-321.2799 0.0000
-321.1577 0.0000
-321.5147 0.0000
-321.7870 0.0000
-321.1722 0.0000
-321.7912 0.0000
-322.4579 0.0000
-320.6417 0.0000
-321.2838 0.0000
-320.7167 0.0000
-321.2236 0.0000
-321.3859 0.0000
-322.0680 0.0000
-322.0737 0.0000
-320.7263 0.0000
-320.5511 0.0000
-320.0315 0.0000
-321.6583 0.0000
-321.6428 0.0000
-319.8700 0.0000
-303.0831 0.0000
-301.1333 0.0000
-302.4643 0.0000
-301.2796 0.0000
-301.6001 0.0000
-302.1792 0.0000
-301.9507 0.0000
-303.4169 0.0000
-301.4903 0.0000
-302.0562 0.0000
-302.8044 0.0000
-301.0888 0.0000
-302.7866 0.0000
-302.0400 0.0000
-300.1523 0.0000
-300.6739 0.0000
-301.4523 0.0000
-301.6299 0.0000
-300.7897 0.0000
-301.8385 0.0000
-301.6457 0.0000
-301.0674 0.0000
-302.3146 0.0000
-301.6337 0.0000
-303.1131 0.0000
-301.8874 0.0000
-300.7426 0.0000
-301.0611 0.0000
-302.3902 0.0000
-302.8505 0.0000
-301.2470 0.0000
-302.3795 0.0000
-301.9605 0.0000
-302.1044 0.0000
-299.9931 0.0000
-302.3968 0.0000
-302.3254 0.0000
-302.8785 0.0000
-301.8058 0.0000
-302.2268 0.0000
-302.3846 0.0000
-301.0439 0.0000
-301.8175 0.0000
-302.4846 0.0000
-301.5671 0.0000
-303.3173 0.0000
-302.7709 0.0000
-302.5249 0.0000
-300.3714 0.0000
-302.7246 0.0000
-301.4377 0.0000
-302.2556 0.0000
-301.7706 0.0000
-303.1581 0.0000
-301.5741 0.0000
-301.6647 0.0000
-301.5200 0.0000
-303.1194 0.0000
-302.3115 0.0000
-301.3556 0.0000
-300.0143 0.0000
-302.1159 0.0000
-301.5764 0.0000
-301.5245 0.0000
-302.2954 0.0000
-302.7030 0.0000
-301.6092 0.0000
-302.0410 0.0000
-301.8000 0.0000
-300.8469 0.0000
-301.9489 0.0000
-301.9652 0.0000
-301.2755 0.0000
-302.5038 0.0000
-301.7247 0.0000
-302.5728 0.0000
-302.4494 0.0000
-302.5545 0.0000
-302.1873 0.0000
-302.1199 0.0000
-302.2692 0.0000
-302.9799 0.0000
-301.4434 0.0000
-302.5732 0.0000
-301.3783 0.0000
-301.5252 0.0000
-302.5265 0.0000
-301.2850 0.0000
-300.9366 0.0000
-302.8430 0.0000
-302.3736 0.0000
-301.6359 0.0000
-301.1085 0.0000
-302.4112 0.0000
-301.9444 0.0000
-302.5949 0.0000
-303.1033 0.0000
-302.0425 0.0000
-301.2473 0.0000
-302.3781 0.0000
-276.2046 0.0000
-274.2148 0.0000
-273.4542 0.0000
-273.9631 0.0000
-273.5260 0.0000
-272.9856 0.0000
-273.4110 0.0000
-273.7293 0.0000
-274.3751 0.0000
-272.5185 0.0000
-271.6879 0.0000
-271.5111 0.0000
-271.5643 0.0000
-271.4867 0.0000
-271.6525 0.0000
-271.4754 0.0000
-271.7227 0.0000
-271.6243 0.0000
-272.0145 0.0000
-272.0717 0.0000
-272.1107 0.0000
-272.7332 0.0000
-272.8787 0.0000
-273.2264 0.0000
-272.9592 0.0000
-274.7310 0.0000
-273.8624 0.0000
-274.3851 0.0000
-273.9502 0.0000
-274.5880 0.0000
-274.3199 0.0000
-274.2359 0.0000
-273.7920 0.0000
-274.6527 0.0000
-274.1170 0.0000
-275.4769 0.0000
-274.6263 0.0000
-274.9649 0.0000
-275.0590 0.0000
-275.2025 0.0000
-275.6309 0.0000
-276.3711 0.0000
-276.1158 0.0000
-276.2959 0.0000
-276.4423 0.0000
-276.8194 0.0000
-277.1494 0.0000
-276.4432 0.0000
-276.7246 0.0000
-275.8370 0.0000
-275.6140 0.0000
-274.3702 0.0000
-274.5727 0.0000
-275.4986 0.0000
-275.7049 0.0000
-275.6479 0.0000
-277.5889 0.0000
-276.9271 0.0000
-277.8954 0.0000
-278.0488 0.0000
-278.7758 0.0000
-279.7549 0.0000
-281.3457 0.0000
-281.5587 0.0000
-281.7028 0.0000
-282.1416 0.0000
-281.7542 0.0000
-282.5645 0.0000
-280.6798 0.0000
-280.1974 0.0000
-279.4685 0.0000
-279.4293 0.0000
-277.0991 0.0000
-277.2865 0.0000
-276.2056 0.0000
-274.8294 0.0000
-274.3129 0.0000
-275.5215 0.0000
-274.7014 0.0000
-274.0922 0.0000
-273.9341 0.0000
-274.3592 0.0000
-274.5754 0.0000
-277.0937 0.0000
-275.2132 0.0000
-274.1806 0.0000
-273.5489 0.0000
-273.0969 0.0000
-273.4189 0.0000
-274.3135 0.0000
-273.0816 0.0000
-273.1811 0.0000
-274.0519 0.0000
-274.9219 0.0000
-274.0794 0.0000
-274.4998 0.0000
-275.8600 0.0000
-275.6714 0.0000
-276.1967 0.0000
-275.8117 0.0000
-339.9893 0.0000
-338.4402 0.0000
-337.2256 0.0000
-337.5043 0.0000
-340.5604 0.0000
-339.6670 0.0000
-339.0574 0.0000
-338.3576 0.0000
-338.2073 0.0000
-338.4229 0.0000
-338.6294 0.0000
-336.4532 0.0000
-339.8291 0.0000
-338.5547 0.0000
-337.6255 0.0000
-339.3324 0.0000
-338.6106 0.0000
-338.2729 0.0000
-339.2211 0.0000
-337.7659 0.0000
-339.9589 0.0000
-337.1538 0.0000
-338.0053 0.0000
-337.8052 0.0000
-339.3844 0.0000
-338.4544 0.0000
-339.4765 0.0000
-338.4156 0.0000
-338.7496 0.0000
-339.3205 0.0000
-338.6692 0.0000
-338.5934 0.0000
-338.9140 0.0000
-337.2689 0.0000
-339.0140 0.0000
-339.2932 0.0000
-339.6465 0.0000
-337.6791 0.0000
-339.9438 0.0000
-338.9510 0.0000
-339.0115 0.0000
-338.7479 0.0000
-338.4280 0.0000
-338.7183 0.0000
-338.8126 0.0000
-338.7837 0.0000
-338.6427 0.0000
-339.2417 0.0000
-340.1000 0.0000
-340.0900 0.0000
-338.5500 0.0000
-338.4527 0.0000
-336.7466 0.0000
-339.2814 0.0000
-338.1456 0.0000
-338.9944 0.0000
-339.2882 0.0000
-339.4054 0.0000
-338.0908 0.0000
-339.5572 0.0000
-338.7069 0.0000
-338.5465 0.0000
-338.1615 0.0000
-338.6250 0.0000
-338.0511 0.0000
-338.4376 0.0000
-338.8650 0.0000
-338.6204 0.0000
-338.5437 0.0000
-338.9116 0.0000
-337.7688 0.0000
-339.5046 0.0000
-338.5016 0.0000
-338.3623 0.0000
-337.7237 0.0000
-337.0479 0.0000
-338.4126 0.0000
-339.6750 0.0000
-338.9605 0.0000
-338.7719 0.0000
-338.2047 0.0000
-338.2562 0.0000
-337.2856 0.0000
-339.5424 0.0000
-339.3379 0.0000
-338.0688 0.0000
-337.4023 0.0000
-337.2364 0.0000
-338.9723 0.0000
-340.0184 0.0000
-338.7142 0.0000
-337.1796 0.0000
-339.5600 0.0000
-338.1870 0.0000
-337.1476 0.0000
-339.0363 0.0000
-340.0876 0.0000
-336.5148 0.0000
-339.5230 0.0000
-339.5661 0.0000
-287.7887 0.0000
-286.2540 0.0000
-286.0422 0.0000
-287.2122 0.0000
-286.3240 0.0000
-287.3370 0.0000
-286.7747 0.0000
-285.9383 0.0000
-286.2817 0.0000
-286.7504 0.0000
-286.4118 0.0000
-287.5441 0.0000
-287.4122 0.0000
-286.9938 0.0000
-287.2526 0.0000
-286.8671 0.0000
-287.7221 0.0000
-287.4347 0.0000
-286.0984 0.0000
-288.2609 0.0000
-286.8244 0.0000
-288.4069 0.0000
-286.5716 0.0000
-287.7029 0.0000
-287.4694 0.0000
-287.3321 0.0000
-287.2554 0.0000
-286.7894 0.0000
-288.4541 0.0000
-285.1600 0.0000
-287.1223 0.0000
-286.5681 0.0000
-287.1759 0.0000
-286.6363 0.0000
-286.0716 0.0000
-286.5635 0.0000
-287.9410 0.0000
-286.3968 0.0000
-286.8141 0.0000
-287.6851 0.0000
-286.8967 0.0000
-288.0595 0.0000
-286.4304 0.0000
-286.9135 0.0000
-286.0439 0.0000
-286.6818 0.0000
-285.8867 0.0000
-287.6147 0.0000
-287.2292 0.0000
-286.3687 0.0000
-285.2782 0.0000
-286.0800 0.0000
-285.2533 0.0000
-286.8323 0.0000
-285.9569 0.0000
-286.7679 0.0000
-287.4165 0.0000
-286.9613 0.0000
-285.2261 0.0000
-286.1230 0.0000
-287.2268 0.0000
-287.6806 0.0000
-287.1945 0.0000
-286.9167 0.0000
-286.9633 0.0000
-286.7627 0.0000
-286.8297 0.0000
-286.3883 0.0000
-286.0158 0.0000
-286.5061 0.0000
-287.0452 0.0000
-287.7399 0.0000
-287.8273 0.0000
-285.5917 0.0000
-287.4569 0.0000
-286.7174 0.0000
-287.6002 0.0000
-287.5060 0.0000
-285.9024 0.0000
-286.1230 0.0000
-286.9959 0.0000
-286.9016 0.0000
-287.3525 0.0000
-286.1465 0.0000
-285.3643 0.0000
-286.4581 0.0000
-287.4335 0.0000
-287.1976 0.0000
-287.8619 0.0000
-287.1489 0.0000
-287.5509 0.0000
-286.6345 0.0000
-286.0112 0.0000
-288.4206 0.0000
-287.4540 0.0000
-288.0422 0.0000
-288.5682 0.0000
-286.1026 0.0000
-287.1097 0.0000
-287.7052 0.0000
-335.1436 0.0000
-334.9053 0.0000
-334.4955 0.0000
-334.8372 0.0000
-333.8751 0.0000
-335.4346 0.0000
-334.6526 0.0000
-335.2876 0.0000
-335.0780 0.0000
-334.3373 0.0000
-334.7030 0.0000
-335.3054 0.0000
-334.4967 0.0000
-334.9167 0.0000
-334.6899 0.0000
-334.2494 0.0000
-334.5486 0.0000
-334.0301 0.0000
-334.7013 0.0000
-334.8430 0.0000
-334.4675 0.0000
-334.2777 0.0000
-333.9360 0.0000
-335.3242 0.0000
-334.8255 0.0000
-334.2382 0.0000
-334.2372 0.0000
-334.8828 0.0000
-334.3724 0.0000
-334.6038 0.0000
-334.2772 0.0000
-335.0490 0.0000
-334.9286 0.0000
-334.4059 0.0000
-334.8691 0.0000
-334.7536 0.0000
-334.3906 0.0000
-334.2848 0.0000
-334.5595 0.0000
-335.4156 0.0000
-335.1442 0.0000
-334.1855 0.0000
-334.1190 0.0000
-334.7794 0.0000
-334.6563 0.0000
-335.3736 0.0000
-333.2336 0.0000
-334.3039 0.0000
-333.4650 0.0000
-334.3431 0.0000
-334.7258 0.0000
-334.6740 0.0000
-334.9649 0.0000
-334.8042 0.0000
-334.8278 0.0000
-334.8493 0.0000
-335.3379 0.0000
-334.9566 0.0000
-334.2518 0.0000
-335.1904 0.0000
-333.3180 0.0000
-334.8130 0.0000
-334.8087 0.0000
-335.4740 0.0000
-334.3032 0.0000
-333.8091 0.0000
-334.4918 0.0000
-334.2388 0.0000
-335.1955 0.0000
-334.7954 0.0000
-334.1652 0.0000
-335.2606 0.0000
-334.5263 0.0000
-335.3245 0.0000
-334.2036 0.0000
-333.9164 0.0000
-333.9533 0.0000
-334.2093 0.0000
-334.8981 0.0000
-334.2422 0.0000
-333.8962 0.0000
-334.5370 0.0000
-334.4869 0.0000
-335.4743 0.0000
-335.3728 0.0000
-334.4302 0.0000
-335.3575 0.0000
-333.9454 0.0000
-333.7903 0.0000
-334.3797 0.0000
-333.9455 0.0000
-334.7847 0.0000
-334.7684 0.0000
-335.1628 0.0000
-334.1883 0.0000
-334.1555 0.0000
-335.0126 0.0000
-335.1336 0.0000
-334.3111 0.0000
-334.8398 0.0000
-324.3340 0.0000
-324.0258 0.0000
-323.7197 0.0000
-323.7097 0.0000
-323.5831 0.0000
-324.5789 0.0000
-323.7479 0.0000
-324.2767 0.0000
-323.4706 0.0000
-324.4190 0.0000
-323.4580 0.0000
-323.8357 0.0000
-323.3158 0.0000
-324.2132 0.0000
-324.4250 0.0000
-324.5494 0.0000
-323.7238 0.0000
-324.4462 0.0000
-323.7240 0.0000
-324.6539 0.0000
-324.2566 0.0000
-324.1360 0.0000
-323.9944 0.0000
-324.6576 0.0000
-324.0283 0.0000
-324.4625 0.0000
-323.6236 0.0000
-324.8294 0.0000
-323.8697 0.0000
-324.1139 0.0000
-323.0932 0.0000
-324.2112 0.0000
-324.3343 0.0000
-323.1724 0.0000
-324.8423 0.0000
-324.9480 0.0000
-324.5567 0.0000
-323.0384 0.0000
-324.5072 0.0000
-324.7156 0.0000
-324.0899 0.0000
-324.6724 0.0000
-325.2877 0.0000
-324.7855 0.0000
-324.2695 0.0000
-324.2083 0.0000
-323.6228 0.0000
-324.7613 0.0000
-324.3653 0.0000
-323.9491 0.0000
-324.9863 0.0000
-324.4044 0.0000
-324.3978 0.0000
-323.3525 0.0000
-323.9243 0.0000
-324.5266 0.0000
-323.6292 0.0000
-324.6229 0.0000
-323.1255 0.0000
-324.4268 0.0000
-324.4463 0.0000
-324.6984 0.0000
-323.9031 0.0000
-323.6106 0.0000
-323.8461 0.0000
-324.1236 0.0000
-324.3572 0.0000
-324.7023 0.0000
-324.5226 0.0000
-324.4609 0.0000
-324.1805 0.0000
-323.6777 0.0000
-324.7924 0.0000
-324.5294 0.0000
-324.4058 0.0000
-323.8808 0.0000
-324.7169 0.0000
-323.9320 0.0000
-324.5003 0.0000
-324.1365 0.0000
-323.8007 0.0000
-324.4905 0.0000
-323.6376 0.0000
-324.0781 0.0000
-323.9461 0.0000
-323.8362 0.0000
-324.3926 0.0000
-323.9081 0.0000
-324.6982 0.0000
-323.9409 0.0000
-323.1019 0.0000
-323.9646 0.0000
-323.6832 0.0000
-323.9877 0.0000
-324.1785 0.0000
-324.7604 0.0000
-323.6661 0.0000
-324.2746 0.0000
-323.6213 0.0000
-324.2400 0.0000
-263.3443 0.0000
-263.4526 0.0000
-263.1230 0.0000
-263.3840 0.0000
-263.6141 0.0000
-263.6306 0.0000
-264.1703 0.0000
-263.5889 0.0000
-263.5347 0.0000
-263.5209 0.0000
-263.8959 0.0000
-264.3986 0.0000
-263.7260 0.0000
-263.8212 0.0000
-263.4019 0.0000
-263.1290 0.0000
-263.8528 0.0000
-263.1562 0.0000
-262.6213 0.0000
-262.6252 0.0000
-263.1907 0.0000
-263.2184 0.0000
-264.1604 0.0000
-264.6507 0.0000
-264.8963 0.0000
-265.6393 0.0000
-264.1343 0.0000
-263.1507 0.0000
-263.2312 0.0000
-262.9908 0.0000
-263.3192 0.0000
-263.2129 0.0000
-262.9573 0.0000
-263.0667 0.0000
-261.6984 0.0000
-261.8195 0.0000
-262.3248 0.0000
-261.8780 0.0000
-261.1591 0.0000
-261.9177 0.0000
-261.5024 0.0000
-261.4383 0.0000
-261.8278 0.0000
-261.4624 0.0000
-261.6441 0.0000
-261.3670 0.0000
-262.3445 0.0000
-261.1190 0.0000
-261.1157 0.0000
-260.8999 0.0000
-260.8855 0.0000
-261.9832 0.0000
-261.5734 0.0000
-260.8887 0.0000
-261.2827 0.0000
-260.9773 0.0000
-261.4109 0.0000
-261.8773 0.0000
-262.9751 0.0000
-262.8512 0.0000
-262.3413 0.0000
-262.8379 0.0000
-262.8415 0.0000
-262.9895 0.0000
-262.2728 0.0000
-262.7758 0.0000
-263.0684 0.0000
-262.3486 0.0000
-262.2583 0.0000
-262.8057 0.0000
-262.9661 0.0000
-262.6111 0.0000
-262.1006 0.0000
-261.5154 0.0000
-260.6220 0.0000
-259.9986 0.0000
-259.1289 0.0000
-259.1353 0.0000
-258.3130 0.0000
-258.4554 0.0000
-258.6155 0.0000
-259.1349 0.0000
-259.5507 0.0000
-257.9468 0.0000
-257.3733 0.0000
-257.5364 0.0000
-258.2269 0.0000
-258.9850 0.0000
-258.2593 0.0000
-259.6419 0.0000
-257.1289 0.0000
-255.2215 0.0000
-255.6287 0.0000
-255.2204 0.0000
-254.7543 0.0000
-255.2122 0.0000
-255.2427 0.0000
-255.4561 0.0000
-256.8478 0.0000
-255.0810 0.0000
-325.0289 0.0000
-324.9896 0.0000
-325.2635 0.0000
-324.7073 0.0000
-324.7568 0.0000
-325.0992 0.0000
-325.3754 0.0000
-324.4022 0.0000
-325.4326 0.0000
-325.1777 0.0000
-323.2283 0.0000
-324.6745 0.0000
-325.1181 0.0000
-325.2443 0.0000
-325.2538 0.0000
-324.5183 0.0000
-324.7273 0.0000
-325.5063 0.0000
-326.0489 0.0000
-324.7558 0.0000
-325.2152 0.0000
-323.7264 0.0000
-326.2054 0.0000
-325.8184 0.0000
-324.5608 0.0000
-324.7902 0.0000
-324.7123 0.0000
-324.2612 0.0000
-324.2426 0.0000
-325.8442 0.0000
-324.1164 0.0000
-325.7584 0.0000
-326.1427 0.0000
-324.4926 0.0000
-324.7007 0.0000
-325.8264 0.0000
-324.6835 0.0000
-324.4532 0.0000
-324.7701 0.0000
-325.2147 0.0000
-324.6287 0.0000
-325.6142 0.0000
-324.2618 0.0000
-323.4582 0.0000
-324.6383 0.0000
-324.3618 0.0000
-325.8203 0.0000
-323.3026 0.0000
-324.4771 0.0000
-325.2386 0.0000
-325.6642 0.0000
-325.2095 0.0000
-323.8604 0.0000
-325.2234 0.0000
-324.3688 0.0000
-325.1902 0.0000
-323.3737 0.0000
-325.2670 0.0000
-324.0112 0.0000
-325.4202 0.0000
-324.7874 0.0000
-325.9828 0.0000
-324.8709 0.0000
-324.2541 0.0000
-324.0452 0.0000
-325.1881 0.0000
-324.9611 0.0000
-325.0157 0.0000
-323.5199 0.0000
-325.4246 0.0000
-323.9672 0.0000
-325.3678 0.0000
-323.9880 0.0000
-325.0508 0.0000
-325.6709 0.0000
-325.5158 0.0000
-324.5060 0.0000
-325.1076 0.0000
-325.1843 0.0000
-324.9749 0.0000
-324.7203 0.0000
-326.0824 0.0000
-324.9984 0.0000
-326.1066 0.0000
-324.8632 0.0000
-325.5830 0.0000
-324.2345 0.0000
-324.7722 0.0000
-323.9386 0.0000
-324.1943 0.0000
-324.9848 0.0000
-325.1237 0.0000
-325.2121 0.0000
-325.1701 0.0000
-325.2543 0.0000
-324.9956 0.0000
-324.3901 0.0000
-324.4293 0.0000
-324.7456 0.0000
-324.9491 0.0000
-345.8590 0.0000
-346.2035 0.0000
-346.3884 0.0000
-345.5554 0.0000
-346.3371 0.0000
-346.2264 0.0000
-346.6398 0.0000
-345.3915 0.0000
-346.3791 0.0000
-345.9175 0.0000
-345.9764 0.0000
-344.4630 0.0000
-346.1449 0.0000
-345.7908 0.0000
-346.2143 0.0000
-347.6849 0.0000
-345.9656 0.0000
-347.3096 0.0000
-345.0174 0.0000
-346.5541 0.0000
-345.4776 0.0000
-345.6667 0.0000
-345.6126 0.0000
-345.2503 0.0000
-345.7217 0.0000
-345.6755 0.0000
-344.9788 0.0000
-346.2887 0.0000
-345.9540 0.0000
-345.1721 0.0000
-345.9867 0.0000
-346.2859 0.0000
-346.2558 0.0000
-346.7149 0.0000
-345.7735 0.0000
-346.2401 0.0000
-346.2102 0.0000
-346.5961 0.0000
-345.9015 0.0000
-345.7613 0.0000
-344.8357 0.0000
-346.7100 0.0000
-345.6530 0.0000
-346.2585 0.0000
-346.0632 0.0000
-346.0194 0.0000
-346.4794 0.0000
-346.1103 0.0000
-346.8944 0.0000
-346.9305 0.0000
-346.4039 0.0000
-346.4248 0.0000
-345.6142 0.0000
-346.8511 0.0000
-345.5055 0.0000
-346.7396 0.0000
-345.3059 0.0000
-346.3050 0.0000
-345.8685 0.0000
-345.3367 0.0000
-345.9919 0.0000
-347.1773 0.0000
-346.0872 0.0000
-345.2030 0.0000
-346.8203 0.0000
-345.6096 0.0000
-346.4986 0.0000
-346.0110 0.0000
-346.0973 0.0000
-345.4181 0.0000
-346.1572 0.0000
-346.5947 0.0000
-346.4332 0.0000
-346.3820 0.0000
-346.1264 0.0000
-346.0109 0.0000
-345.7712 0.0000
-346.1947 0.0000
-345.1469 0.0000
-346.0502 0.0000
-346.5495 0.0000
-346.3488 0.0000
-345.8624 0.0000
-345.2211 0.0000
-344.4932 0.0000
-346.0653 0.0000
-347.0090 0.0000
-345.5959 0.0000
-346.1720 0.0000
-345.9311 0.0000
-345.2389 0.0000
-346.0272 0.0000
-346.0725 0.0000
-345.2224 0.0000
-346.3884 0.0000
-346.4368 0.0000
-346.2482 0.0000
-346.5909 0.0000
-345.5490 0.0000
-345.7886 0.0000
-309.8347 0.0000
-310.3706 0.0000
-309.3887 0.0000
-309.2448 0.0000
-309.9651 0.0000
-310.2402 0.0000
-310.2490 0.0000
-310.6504 0.0000
-310.2035 0.0000
-309.3765 0.0000
-310.5579 0.0000
-310.3669 0.0000
-311.1554 0.0000
-311.3803 0.0000
-310.5991 0.0000
-309.9407 0.0000
-308.3323 0.0000
-310.3165 0.0000
-309.9805 0.0000
-310.8462 0.0000
-311.2571 0.0000
-309.2762 0.0000
-310.5092 0.0000
-309.3286 0.0000
-310.0851 0.0000
-310.3588 0.0000
-310.3023 0.0000
-310.3377 0.0000
-310.9739 0.0000
-310.1783 0.0000
-310.2394 0.0000
-310.8440 0.0000
-311.2001 0.0000
-311.2072 0.0000
-309.8767 0.0000
-310.0168 0.0000
-310.7541 0.0000
-310.0807 0.0000
-310.3742 0.0000
-310.0566 0.0000
-310.5158 0.0000
-310.4193 0.0000
-311.0794 0.0000
-309.6683 0.0000
-309.9839 0.0000
-310.4451 0.0000
-310.7986 0.0000
-311.0573 0.0000
-310.2473 0.0000
-310.6923 0.0000
-310.5961 0.0000
-309.7525 0.0000
-309.2633 0.0000
-310.3387 0.0000
-311.0647 0.0000
-310.5843 0.0000
-310.7597 0.0000
-310.0398 0.0000
-310.4347 0.0000
-310.1998 0.0000
-310.6942 0.0000
-310.4720 0.0000
-310.3414 0.0000
-309.9038 0.0000
-310.4289 0.0000
-309.5880 0.0000
-312.2561 0.0000
-310.5041 0.0000
-310.6085 0.0000
-311.0992 0.0000
-309.6549 0.0000
-309.2365 0.0000
-309.7443 0.0000
-310.3813 0.0000
-309.4189 0.0000
-310.3245 0.0000
-311.2253 0.0000
-309.2024 0.0000
-309.2628 0.0000
-309.8416 0.0000
-309.4296 0.0000
-310.0496 0.0000
-310.0850 0.0000
-310.8551 0.0000
-309.1825 0.0000
-311.8153 0.0000
-310.5496 0.0000
-309.2488 0.0000
-310.9701 0.0000
-309.6671 0.0000
-311.2595 0.0000
-309.2417 0.0000
-310.0327 0.0000
-310.4628 0.0000
-311.4081 0.0000
-310.2794 0.0000
-310.9221 0.0000
-309.4915 0.0000
-309.6012 0.0000
-309.7370 0.0000
-289.9248 0.0000
-293.6245 0.0000
-289.7207 0.0000
-290.6828 0.0000
-292.2372 0.0000
-289.5257 0.0000
-290.0678 0.0000
-291.9022 0.0000
-290.9159 0.0000
-291.2429 0.0000
-290.8764 0.0000
-291.5349 0.0000
-290.0488 0.0000
-289.4813 0.0000
-291.0611 0.0000
-290.6378 0.0000
-291.3308 0.0000
-291.3630 0.0000
-290.2874 0.0000
-290.3765 0.0000
-290.2900 0.0000
-289.8346 0.0000
-291.0033 0.0000
-292.1899 0.0000
-289.5447 0.0000
-292.2993 0.0000
-290.9890 0.0000
-289.3893 0.0000
-290.6505 0.0000
-290.4997 0.0000
-290.3452 0.0000
-288.6525 0.0000
-290.1132 0.0000
-291.2503 0.0000
-291.4966 0.0000
-289.3085 0.0000
-290.1122 0.0000
-290.8331 0.0000
-290.3988 0.0000
-291.6639 0.0000
-291.2420 0.0000
-289.3562 0.0000
-290.2658 0.0000
-290.8941 0.0000
-290.4252 0.0000
-291.6441 0.0000
-290.3635 0.0000
-291.5197 0.0000
-291.1811 0.0000
-289.7192 0.0000
-291.8572 0.0000
-292.6568 0.0000
-291.3660 0.0000
-290.9283 0.0000
-290.4705 0.0000
-291.2313 0.0000
-291.6307 0.0000
-290.1029 0.0000
-290.2254 0.0000
-289.3389 0.0000
-293.5753 0.0000
-290.1806 0.0000
-290.7815 0.0000
-291.3865 0.0000
-290.1919 0.0000
-291.3527 0.0000
-290.8961 0.0000
-289.7115 0.0000
-291.0407 0.0000
-290.5189 0.0000
-291.8511 0.0000
-291.5686 0.0000
-290.8328 0.0000
-290.0974 0.0000
-290.8063 0.0000
-289.9869 0.0000
-291.6308 0.0000
-290.5710 0.0000
-291.4192 0.0000
-289.2864 0.0000
-290.7753 0.0000
-291.5915 0.0000
-291.0969 0.0000
-288.7349 0.0000
-289.0821 0.0000
-289.0701 0.0000
-292.0896 0.0000
-290.2774 0.0000
-289.9440 0.0000
-290.3774 0.0000
-289.5240 0.0000
-290.5281 0.0000
-289.9823 0.0000
-291.0160 0.0000
-289.8505 0.0000
-289.6783 0.0000
-291.1243 0.0000
-290.2871 0.0000
-289.5128 0.0000
-290.4049 0.0000
-271.9872 0.0000
-274.2421 0.0000
-274.1832 0.0000
-273.0760 0.0000
-273.4479 0.0000
-271.8139 0.0000
-272.5441 0.0000
-271.6968 0.0000
-272.4879 0.0000
-272.5251 0.0000
-272.5353 0.0000
-272.5698 0.0000
-273.3258 0.0000
-272.4366 0.0000
-271.8577 0.0000
-272.5017 0.0000
-271.8230 0.0000
-272.0121 0.0000
-272.2563 0.0000
-273.4247 0.0000
-271.9169 0.0000
-271.5575 0.0000
-272.3663 0.0000
-273.9090 0.0000
-272.7427 0.0000
-271.5116 0.0000
-273.1071 0.0000
-271.6075 0.0000
-272.6502 0.0000
-273.0687 0.0000
-272.4487 0.0000
-273.4664 0.0000
-272.3574 0.0000
-272.6884 0.0000
-271.4109 0.0000
-272.3858 0.0000
-272.4519 0.0000
-271.9338 0.0000
-272.7596 0.0000
-272.8588 0.0000
-272.0529 0.0000
-272.8264 0.0000
-273.0358 0.0000
-272.6950 0.0000
-272.5321 0.0000
-272.4432 0.0000
-272.8491 0.0000
-272.4067 0.0000
-272.4219 0.0000
-271.7582 0.0000
-272.8233 0.0000
-272.8655 0.0000
-271.7497 0.0000
-272.4885 0.0000
-274.2165 0.0000
-272.7727 0.0000
-271.9640 0.0000
-272.3744 0.0000
-272.2980 0.0000
-271.9780 0.0000
-271.8776 0.0000
-273.0032 0.0000
-272.0855 0.0000
-272.1246 0.0000
-270.7151 0.0000
-272.8921 0.0000
-272.0289 0.0000
-272.5432 0.0000
-273.1737 0.0000
-272.3506 0.0000
-272.2537 0.0000
-272.4726 0.0000
-272.1323 0.0000
-272.8242 0.0000
-273.5572 0.0000
-272.4075 0.0000
-272.0713 0.0000
-272.2839 0.0000
-271.9060 0.0000
-272.0436 0.0000
-272.6091 0.0000
-272.9592 0.0000
-272.2604 0.0000
-272.3423 0.0000
-272.1248 0.0000
-272.4316 0.0000
-273.1274 0.0000
-271.6541 0.0000
-270.8945 0.0000
-273.2580 0.0000
-273.7819 0.0000
-272.1699 0.0000
-271.6468 0.0000
-272.7498 0.0000
-272.4006 0.0000
-273.7073 0.0000
-272.6028 0.0000
-273.6326 0.0000
-272.8047 0.0000
-272.8378 0.0000
-339.7660 0.0000
-339.6210 0.0000
-339.4683 0.0000
-337.9948 0.0000
-338.4653 0.0000
-338.4799 0.0000
-338.7002 0.0000
-337.0381 0.0000
-339.1028 0.0000
-338.0131 0.0000
-338.0836 0.0000
-339.9507 0.0000
-339.7895 0.0000
-337.6074 0.0000
-338.5088 0.0000
-337.5877 0.0000
-338.9631 0.0000
-339.2404 0.0000
-338.9283 0.0000
-338.8729 0.0000
-338.6737 0.0000
-339.0794 0.0000
-340.0042 0.0000
-338.7931 0.0000
-337.5905 0.0000
-338.6734 0.0000
-339.3703 0.0000
-339.1027 0.0000
-339.2598 0.0000
-338.4135 0.0000
-337.5447 0.0000
-339.6972 0.0000
-338.6870 0.0000
-338.2180 0.0000
-338.0898 0.0000
-340.6056 0.0000
-339.6091 0.0000
-338.4114 0.0000
-339.2101 0.0000
-339.0685 0.0000
-337.8194 0.0000
-339.5906 0.0000
-338.7044 0.0000
-338.2451 0.0000
-336.7103 0.0000
-338.1509 0.0000
-338.1699 0.0000
-337.7194 0.0000
-339.1893 0.0000
-338.3694 0.0000
-341.9557 0.0000
-339.3052 0.0000
-340.4600 0.0000
-339.9103 0.0000
-338.1639 0.0000
-339.6486 0.0000
-337.6794 0.0000
-337.6342 0.0000
-337.8620 0.0000
-338.8716 0.0000
-337.7872 0.0000
-340.3660 0.0000
-339.0482 0.0000
-339.2144 0.0000
-339.4510 0.0000
-337.9173 0.0000
-338.8016 0.0000
-339.5400 0.0000
-339.5729 0.0000
-339.1446 0.0000
-336.9822 0.0000
-340.9140 0.0000
-338.0730 0.0000
-338.6900 0.0000
-339.8247 0.0000
-338.4674 0.0000
-338.4473 0.0000
-338.5705 0.0000
-338.7321 0.0000
-338.5708 0.0000
-338.2663 0.0000
-338.5755 0.0000
-337.1816 0.0000
-337.3792 0.0000
-339.4210 0.0000
-339.0378 0.0000
-337.6420 0.0000
-339.1787 0.0000
-338.6083 0.0000
-338.6360 0.0000
-338.9692 0.0000
-337.4939 0.0000
-338.2661 0.0000
-338.6039 0.0000
-339.4412 0.0000
-338.0542 0.0000
-337.2869 0.0000
-340.9424 0.0000
-340.1236 0.0000
-337.9067 0.0000
-261.9572 0.0000
-261.9368 0.0000
-262.4056 0.0000
-262.4024 0.0000
-261.8543 0.0000
-262.2090 0.0000
-261.7744 0.0000
-261.4979 0.0000
-263.4975 0.0000
-260.7827 0.0000
-261.7938 0.0000
-261.7062 0.0000
-260.4159 0.0000
-260.5317 0.0000
-260.3341 0.0000
-259.5107 0.0000
-258.8941 0.0000
-259.2322 0.0000
-257.9680 0.0000
-257.9751 0.0000
-257.2752 0.0000
-257.4580 0.0000
-256.7396 0.0000
-257.7263 0.0000
-256.9596 0.0000
-256.9956 0.0000
-257.4692 0.0000
-257.4482 0.0000
-257.3268 0.0000
-256.8975 0.0000
-258.0470 0.0000
-257.1642 0.0000
-257.3895 0.0000
-257.8422 0.0000
-258.5954 0.0000
-258.2661 0.0000
-258.1159 0.0000
-257.9465 0.0000
-257.4056 0.0000
-258.0972 0.0000
-258.1021 0.0000
-258.0067 0.0000
-258.5331 0.0000
-259.4225 0.0000
-260.1105 0.0000
-260.3535 0.0000
-259.1665 0.0000
-260.1936 0.0000
-260.1342 0.0000
-258.3968 0.0000
-259.1104 0.0000
-259.6365 0.0000
-258.4139 0.0000
-256.7202 0.0000
-255.1211 0.0000
-254.0127 0.0000
-254.1481 0.0000
-254.7430 0.0000
-254.9960 0.0000
-255.5586 0.0000
-255.8341 0.0000
-256.3201 0.0000
-255.1718 0.0000
-256.1445 0.0000
-255.1023 0.0000
-255.6293 0.0000
-255.9287 0.0000
-256.3059 0.0000
-256.7417 0.0000
-256.9828 0.0000
-256.9851 0.0000
-257.4442 0.0000
-257.0847 0.0000
-257.3773 0.0000
-257.7623 0.0000
-256.6226 0.0000
-256.3098 0.0000
-256.1222 0.0000
-256.0771 0.0000
-255.6515 0.0000
-256.5543 0.0000
-255.2254 0.0000
-254.2228 0.0000
-252.7227 0.0000
-252.0328 0.0000
-252.7668 0.0000
-252.0541 0.0000
-251.3846 0.0000
-251.6194 0.0000
-252.6161 0.0000
-251.8209 0.0000
-250.3549 0.0000
-250.4867 0.0000
-250.6694 0.0000
-251.1442 0.0000
-250.7803 0.0000
-251.8289 0.0000
-252.6215 0.0000
-253.0026 0.0000
-251.7377 0.0000
-329.8447 0.0000
-329.0205 0.0000
-329.8786 0.0000
-329.6316 0.0000
-329.9849 0.0000
-328.9008 0.0000
-329.8455 0.0000
-328.9414 0.0000
-330.0478 0.0000
-329.4098 0.0000
-329.5285 0.0000
-329.9770 0.0000
-329.4097 0.0000
-329.5902 0.0000
-329.5813 0.0000
-330.4614 0.0000
-329.1846 0.0000
-329.7823 0.0000
-328.9588 0.0000
-329.8621 0.0000
-330.2613 0.0000
-330.0769 0.0000
-329.9405 0.0000
-329.9398 0.0000
-330.2288 0.0000
-329.5493 0.0000
-329.5333 0.0000
-330.2001 0.0000
-329.2906 0.0000
-329.6748 0.0000
-329.6732 0.0000
-329.9240 0.0000
-329.4852 0.0000
-328.7136 0.0000
-329.0362 0.0000
-330.5550 0.0000
-329.1486 0.0000
-329.8899 0.0000
-329.8000 0.0000
-329.5675 0.0000
-329.8936 0.0000
-329.6641 0.0000
-329.8936 0.0000
-329.0959 0.0000
-329.9281 0.0000
-328.1928 0.0000
-329.4283 0.0000
-329.9793 0.0000
-330.1721 0.0000
-329.6123 0.0000
-330.2947 0.0000
-329.5096 0.0000
-329.7574 0.0000
-329.9894 0.0000
-330.2380 0.0000
-330.0159 0.0000
-330.0865 0.0000
-329.0095 0.0000
-329.4066 0.0000
-329.8653 0.0000
-329.9635 0.0000
-329.7015 0.0000
-329.9319 0.0000
-329.7833 0.0000
-330.8046 0.0000
-329.9107 0.0000
-330.8698 0.0000
-329.7709 0.0000
-329.5460 0.0000
-329.0935 0.0000
-328.5937 0.0000
-330.3285 0.0000
-328.9762 0.0000
-330.3594 0.0000
-330.5347 0.0000
-330.0051 0.0000
-330.1497 0.0000
-329.3170 0.0000
-329.7536 0.0000
-329.2146 0.0000
-329.6956 0.0000
-329.8970 0.0000
-329.5016 0.0000
-329.4859 0.0000
-330.5615 0.0000
-330.1867 0.0000
-330.6365 0.0000
-330.8865 0.0000
-329.2002 0.0000
-329.5507 0.0000
-329.4245 0.0000
-329.8525 0.0000
-329.7367 0.0000
-329.2407 0.0000
-328.9426 0.0000
-329.6620 0.0000
-329.5647 0.0000
-329.9569 0.0000
-329.5286 0.0000
-330.0397 0.0000
-314.6378 0.0000
-312.2147 0.0000
-313.5599 0.0000
-312.8554 0.0000
-312.6813 0.0000
-314.2253 0.0000
-313.3083 0.0000
-313.3694 0.0000
-312.4154 0.0000
-311.2915 0.0000
-313.7321 0.0000
-312.4027 0.0000
-312.2647 0.0000
-313.3696 0.0000
-314.3030 0.0000
-312.5250 0.0000
-312.2247 0.0000
-312.3852 0.0000
-313.8790 0.0000
-314.6021 0.0000
-314.0167 0.0000
-313.4707 0.0000
-312.8009 0.0000
-314.2962 0.0000
-312.8541 0.0000
-312.7174 0.0000
-311.8605 0.0000
-313.2420 0.0000
-312.6568 0.0000
-312.7169 0.0000
-312.6740 0.0000
-313.2011 0.0000
-312.3699 0.0000
-312.3724 0.0000
-311.8962 0.0000
-312.7035 0.0000
-313.8822 0.0000
-312.7630 0.0000
-313.8775 0.0000
-314.0125 0.0000
-313.5773 0.0000
-314.1849 0.0000
-313.2501 0.0000
-314.0608 0.0000
-313.3657 0.0000
-312.5420 0.0000
-313.4971 0.0000
-313.4591 0.0000
-313.6926 0.0000
-312.5895 0.0000
-314.2487 0.0000
-313.1910 0.0000
-313.4128 0.0000
-312.5110 0.0000
-313.0706 0.0000
-312.3291 0.0000
-313.7015 0.0000
-313.1027 0.0000
-313.2442 0.0000
-312.0659 0.0000
-312.0624 0.0000
-312.6361 0.0000
-312.6702 0.0000
-312.4995 0.0000
-313.0088 0.0000
-313.4203 0.0000
-313.0195 0.0000
-313.7551 0.0000
-312.7143 0.0000
-314.2538 0.0000
-313.1187 0.0000
-314.1421 0.0000
-314.0769 0.0000
-313.0610 0.0000
-313.4694 0.0000
-312.3680 0.0000
-313.1723 0.0000
-314.8290 0.0000
-312.0515 0.0000
-313.2139 0.0000
-313.5518 0.0000
-313.6975 0.0000
-312.8550 0.0000
-313.6563 0.0000
-313.2552 0.0000
-312.0532 0.0000
-312.4325 0.0000
-312.1572 0.0000
-312.9944 0.0000
-312.2553 0.0000
-312.6082 0.0000
-313.3448 0.0000
-313.3471 0.0000
-313.8132 0.0000
-313.3641 0.0000
-313.6642 0.0000
-312.4689 0.0000
-313.1030 0.0000
-312.3983 0.0000
-312.8789 0.0000
-239.4237 0.0000
-237.9934 0.0000
-238.2572 0.0000
-239.0013 0.0000
-238.5561 0.0000
-239.4888 0.0000
-239.1883 0.0000
-240.4387 0.0000
-239.0257 0.0000
-238.4184 0.0000
-238.0131 0.0000
-237.6379 0.0000
-237.4230 0.0000
-237.3622 0.0000
-237.7168 0.0000
-237.8906 0.0000
-236.7647 0.0000
-237.5230 0.0000
-237.7617 0.0000
-238.4374 0.0000
-238.5759 0.0000
-238.7234 0.0000
-239.2401 0.0000
-237.9739 0.0000
-238.9659 0.0000
-238.6859 0.0000
-239.6899 0.0000
-238.2133 0.0000
-238.4509 0.0000
-239.5162 0.0000
-238.2780 0.0000
-237.3880 0.0000
-237.5393 0.0000
-236.4555 0.0000
-235.7792 0.0000
-236.6106 0.0000
-235.7258 0.0000
-235.0628 0.0000
-236.4711 0.0000
-236.9120 0.0000
-234.5936 0.0000
-234.5337 0.0000
-234.0979 0.0000
-233.6190 0.0000
-232.7051 0.0000
-232.7144 0.0000
-233.0909 0.0000
-234.8013 0.0000
-231.9594 0.0000
-232.6030 0.0000
-231.9078 0.0000
-231.0123 0.0000
-231.0201 0.0000
-230.8609 0.0000
-232.5111 0.0000
-230.8077 0.0000
-230.3941 0.0000
-230.1289 0.0000
-230.3235 0.0000
-230.6970 0.0000
-230.8789 0.0000
-231.2580 0.0000
-231.4427 0.0000
-231.7044 0.0000
-230.4959 0.0000
-229.1601 0.0000
-228.3861 0.0000
-227.3284 0.0000
-228.3559 0.0000
-228.2979 0.0000
-227.6015 0.0000
-228.5948 0.0000
-228.7825 0.0000
-228.8937 0.0000
-228.0993 0.0000
-228.4111 0.0000
-227.7380 0.0000
-226.9518 0.0000
-227.8594 0.0000
-227.8696 0.0000
-228.8764 0.0000
-229.1704 0.0000
-227.1012 0.0000
-226.4449 0.0000
-225.7332 0.0000
-224.9353 0.0000
-224.4445 0.0000
-224.6652 0.0000
-225.1484 0.0000
-225.0635 0.0000
-224.8014 0.0000
-224.6398 0.0000
-223.9794 0.0000
-223.1210 0.0000
-222.6363 0.0000
-223.0924 0.0000
-222.7627 0.0000
-222.9763 0.0000
-222.7002 0.0000
-222.6838 0.0000
-325.0385 0.0000
-323.7867 0.0000
-325.2716 0.0000
-323.5707 0.0000
-324.4824 0.0000
-324.3006 0.0000
-324.2330 0.0000
-323.3533 0.0000
-324.2615 0.0000
-324.1660 0.0000
-324.4735 0.0000
-325.4328 0.0000
-324.7636 0.0000
-324.4268 0.0000
-325.1011 0.0000
-325.0384 0.0000
-323.9981 0.0000
-324.1234 0.0000
-325.4175 0.0000
-325.2495 0.0000
-324.4525 0.0000
-325.4569 0.0000
-325.3639 0.0000
-324.4284 0.0000
-324.0077 0.0000
-324.4618 0.0000
-325.4187 0.0000
-323.2352 0.0000
-324.9098 0.0000
-324.8394 0.0000
-324.5925 0.0000
-324.4592 0.0000
-325.2945 0.0000
-324.9016 0.0000
-324.5514 0.0000
-325.2759 0.0000
-324.4251 0.0000
-324.3584 0.0000
-324.5668 0.0000
-324.2570 0.0000
-324.3203 0.0000
-324.7994 0.0000
-325.0887 0.0000
-325.4991 0.0000
-324.2782 0.0000
-324.5092 0.0000
-325.7304 0.0000
-323.4859 0.0000
-324.5474 0.0000
-325.3286 0.0000
-324.8947 0.0000
-324.8212 0.0000
-324.8771 0.0000
-325.7075 0.0000
-325.1880 0.0000
-324.7256 0.0000
-324.8838 0.0000
-324.5463 0.0000
-325.7607 0.0000
-324.8411 0.0000
-325.6298 0.0000
-325.8802 0.0000
-324.4420 0.0000
-326.6408 0.0000
-324.7665 0.0000
-325.3131 0.0000
-326.2269 0.0000
-325.6186 0.0000
-324.9738 0.0000
-325.2127 0.0000
-325.2765 0.0000
-325.8250 0.0000
-325.6408 0.0000
-325.8341 0.0000
-324.5843 0.0000
-325.2913 0.0000
-324.0177 0.0000
-325.0947 0.0000
-323.6295 0.0000
-325.5302 0.0000
-324.0237 0.0000
-325.1184 0.0000
-324.5719 0.0000
-324.5540 0.0000
-324.7069 0.0000
-326.7901 0.0000
-324.4593 0.0000
-324.6073 0.0000
-325.2619 0.0000
-324.0776 0.0000
-324.9318 0.0000
-325.4584 0.0000
-325.7496 0.0000
-324.5263 0.0000
-325.8499 0.0000
-324.1675 0.0000
-324.5199 0.0000
-324.8548 0.0000
-324.9486 0.0000
-324.9263 0.0000
-345.1455 0.0000
-344.5699 0.0000
-344.6572 0.0000
-344.6497 0.0000
-344.9740 0.0000
-345.1695 0.0000
-344.6903 0.0000
-345.1411 0.0000
-345.8651 0.0000
-345.5971 0.0000
-345.6413 0.0000
-346.1254 0.0000
-346.0716 0.0000
-346.2869 0.0000
-347.5950 0.0000
-346.3149 0.0000
-347.5315 0.0000
-345.7431 0.0000
-346.5597 0.0000
-348.4128 0.0000
-346.9050 0.0000
-347.6031 0.0000
-348.5892 0.0000
-346.3322 0.0000
-345.4267 0.0000
-345.1682 0.0000
-344.6464 0.0000
-344.6309 0.0000
-345.3945 0.0000
-344.5694 0.0000
-345.1669 0.0000
-344.7086 0.0000
-344.4449 0.0000
-344.1270 0.0000
-343.7026 0.0000
-343.7239 0.0000
-343.6648 0.0000
-343.5153 0.0000
-344.1679 0.0000
-343.6634 0.0000
-342.8675 0.0000
-342.6989 0.0000
-343.0943 0.0000
-342.3383 0.0000
-342.4566 0.0000
-342.8234 0.0000
-341.9741 0.0000
-342.4586 0.0000
-342.4021 0.0000
-343.3523 0.0000
-342.2953 0.0000
-342.2227 0.0000
-342.1237 0.0000
-341.9541 0.0000
-342.2892 0.0000
-342.2058 0.0000
-342.4515 0.0000
-342.8370 0.0000
-342.6590 0.0000
-342.3100 0.0000
-342.4777 0.0000
-342.5684 0.0000
-342.8571 0.0000
-342.9008 0.0000
-342.4450 0.0000
-342.6192 0.0000
-343.4852 0.0000
-342.7878 0.0000
-342.4084 0.0000
-342.3746 0.0000
-342.9142 0.0000
-342.2213 0.0000
-342.1066 0.0000
-342.2262 0.0000
-342.4320 0.0000
-341.8895 0.0000
-342.2866 0.0000
-342.4198 0.0000
-342.6375 0.0000
-343.3157 0.0000
-343.1598 0.0000
-343.2516 0.0000
-343.3300 0.0000
-343.1994 0.0000
-342.7043 0.0000
-342.4466 0.0000
-342.6831 0.0000
-342.6352 0.0000
-342.7647 0.0000
-343.2516 0.0000
-342.9893 0.0000
-343.2517 0.0000
-342.6959 0.0000
-343.8766 0.0000
-342.6120 0.0000
-342.7567 0.0000
-342.6331 0.0000
-342.2500 0.0000
-342.0523 0.0000
-342.5516 0.0000
-271.4836 0.0000
-271.2742 0.0000
-271.5731 0.0000
-272.2732 0.0000
-272.9446 0.0000
-270.3426 0.0000
-270.1871 0.0000
-270.6771 0.0000
-270.0993 0.0000
-269.0352 0.0000
-269.1143 0.0000
-269.1193 0.0000
-269.5655 0.0000
-269.4077 0.0000
-269.6562 0.0000
-270.6864 0.0000
-269.6448 0.0000
-269.6866 0.0000
-269.5390 0.0000
-269.7783 0.0000
-271.0191 0.0000
-269.3407 0.0000
-271.3717 0.0000
-268.7216 0.0000
-268.4693 0.0000
-269.3508 0.0000
-268.4037 0.0000
-269.4413 0.0000
-269.6800 0.0000
-269.9512 0.0000
-268.1779 0.0000
-268.7487 0.0000
-267.2328 0.0000
-268.0857 0.0000
-267.2916 0.0000
-267.7844 0.0000
-268.1688 0.0000
-267.6340 0.0000
-269.2640 0.0000
-268.5721 0.0000
-268.2085 0.0000
-268.9846 0.0000
-267.4503 0.0000
-267.0257 0.0000
-266.2322 0.0000
-264.6467 0.0000
-264.3028 0.0000
-263.3954 0.0000
-263.2010 0.0000
-263.1184 0.0000
-261.9958 0.0000
-263.5155 0.0000
-262.1371 0.0000
-263.3511 0.0000
-262.2267 0.0000
-263.8364 0.0000
-264.2448 0.0000
-260.9794 0.0000
-261.8368 0.0000
-261.0960 0.0000
-260.6709 0.0000
-259.3773 0.0000
-259.1436 0.0000
-258.9072 0.0000
-258.8371 0.0000
-259.9079 0.0000
-257.9131 0.0000
-258.1523 0.0000
-256.7223 0.0000
-257.8037 0.0000
-256.4975 0.0000
-256.8716 0.0000
-256.5145 0.0000
-257.7566 0.0000
-256.3200 0.0000
-256.8366 0.0000
-257.5753 0.0000
-258.5901 0.0000
-259.5509 0.0000
-260.0767 0.0000
-257.3651 0.0000
-257.3038 0.0000
-257.7842 0.0000
-257.5064 0.0000
-257.5241 0.0000
-258.6406 0.0000
-257.0029 0.0000
-257.0825 0.0000
-257.7850 0.0000
-257.6320 0.0000
-257.8559 0.0000
-257.8111 0.0000
-258.2261 0.0000
-258.4216 0.0000
-258.5250 0.0000
-258.6991 0.0000
-258.4009 0.0000
-257.6265 0.0000
-257.8959 0.0000
-257.6360 0.0000
-235.4835 0.0000
-234.8921 0.0000
-233.4881 0.0000
-233.1469 0.0000
-231.9505 0.0000
-231.0591 0.0000
-231.0844 0.0000
-230.5370 0.0000
-230.2378 0.0000
-230.9146 0.0000
-230.4727 0.0000
-229.8649 0.0000
-229.5185 0.0000
-230.0344 0.0000
-230.4616 0.0000
-230.2343 0.0000
-230.0755 0.0000
-229.7916 0.0000
-230.3042 0.0000
-230.2764 0.0000
-229.6786 0.0000
-229.7350 0.0000
-229.4797 0.0000
-229.7536 0.0000
-230.5192 0.0000
-229.5349 0.0000
-229.5411 0.0000
-229.0685 0.0000
-229.5606 0.0000
-229.6299 0.0000
-228.8502 0.0000
-228.9040 0.0000
-228.6152 0.0000
-229.7722 0.0000
-228.3448 0.0000
-228.4643 0.0000
-229.4396 0.0000
-229.1680 0.0000
-229.1234 0.0000
-228.7689 0.0000
-228.4847 0.0000
-228.1357 0.0000
-228.5848 0.0000
-227.1846 0.0000
-227.2203 0.0000
-227.0905 0.0000
-227.6886 0.0000
-227.5164 0.0000
-227.2491 0.0000
-227.2711 0.0000
-227.6896 0.0000
-228.2278 0.0000
-227.8151 0.0000
-227.9093 0.0000
-227.8636 0.0000
-226.9279 0.0000
-227.4338 0.0000
-227.2120 0.0000
-226.7863 0.0000
-227.8882 0.0000
-226.5319 0.0000
-227.2613 0.0000
-227.4571 0.0000
-227.5053 0.0000
-227.4408 0.0000
-227.3167 0.0000
-227.2861 0.0000
-226.0677 0.0000
-226.4994 0.0000
-225.2088 0.0000
-226.6292 0.0000
-225.7265 0.0000
-225.6236 0.0000
-225.8128 0.0000
-224.5111 0.0000
-226.9706 0.0000
-225.7183 0.0000
-225.8694 0.0000
-226.0892 0.0000
-225.9379 0.0000
-226.6477 0.0000
-227.2916 0.0000
-226.0612 0.0000
-226.1232 0.0000
-225.4682 0.0000
-225.3104 0.0000
-225.4625 0.0000
-225.3981 0.0000
-225.6976 0.0000
-225.9715 0.0000
-226.2885 0.0000
-225.8295 0.0000
-226.8127 0.0000
-225.3483 0.0000
-224.3706 0.0000
-224.3076 0.0000
-224.7503 0.0000
-224.3789 0.0000
-224.3359 0.0000
-225.1618 0.0000
-275.4491 0.0000
-273.9104 0.0000
-275.7418 0.0000
-274.7986 0.0000
-273.7908 0.0000
-272.9030 0.0000
-274.1354 0.0000
-275.8737 0.0000
-275.6276 0.0000
-274.8281 0.0000
-274.1480 0.0000
-275.1338 0.0000
-273.0914 0.0000
-275.0409 0.0000
-275.6303 0.0000
-273.6319 0.0000
-272.5497 0.0000
-275.3259 0.0000
-276.0834 0.0000
-272.9764 0.0000
-273.9787 0.0000
-275.4515 0.0000
-274.2060 0.0000
-274.7838 0.0000
-274.7797 0.0000
-275.0090 0.0000
-274.5119 0.0000
-273.5351 0.0000
-276.8918 0.0000
-274.0714 0.0000
-274.1012 0.0000
-273.9117 0.0000
-273.9892 0.0000
-272.9314 0.0000
-274.6545 0.0000
-274.0189 0.0000
-272.7189 0.0000
-275.2506 0.0000
-274.7767 0.0000
-275.8993 0.0000
-275.1113 0.0000
-273.4325 0.0000
-273.5753 0.0000
-274.7941 0.0000
-274.4669 0.0000
-275.9952 0.0000
-273.4938 0.0000
-275.4229 0.0000
-274.2858 0.0000
-275.0693 0.0000
-275.1177 0.0000
-272.0044 0.0000
-277.5126 0.0000
-274.1297 0.0000
-274.0590 0.0000
-275.6646 0.0000
-275.5986 0.0000
-272.6611 0.0000
-276.1316 0.0000
-275.7124 0.0000
-275.7543 0.0000
-273.3545 0.0000
-274.3119 0.0000
-274.4851 0.0000
-272.9461 0.0000
-274.9011 0.0000
-273.4906 0.0000
-274.0617 0.0000
-276.0219 0.0000
-274.6494 0.0000
-274.6716 0.0000
-275.4998 0.0000
-273.9637 0.0000
-273.6294 0.0000
-274.0120 0.0000
-273.9701 0.0000
-274.0370 0.0000
-273.3584 0.0000
-274.9998 0.0000
-274.5658 0.0000
-272.9401 0.0000
-274.7717 0.0000
-275.1249 0.0000
-273.8160 0.0000
-273.7381 0.0000
-275.2484 0.0000
-275.1472 0.0000
-275.3095 0.0000
-275.3455 0.0000
-273.9920 0.0000
-275.4053 0.0000
-276.0630 0.0000
-272.4722 0.0000
-274.8774 0.0000
-276.2842 0.0000
-273.8466 0.0000
-275.7193 0.0000
-273.8527 0.0000
-275.2217 0.0000
-275.4611 0.0000
-273.9260 0.0000
-274.7323 0.0000
-274.8923 0.0000
-274.5147 0.0000
-275.5870 0.0000
-273.8508 0.0000
-275.3188 0.0000
-273.5016 0.0000
-275.2452 0.0000
-276.6054 0.0000
-274.8173 0.0000
-273.0352 0.0000
-273.5995 0.0000
-275.6144 0.0000
-275.2407 0.0000
-274.6494 0.0000
-274.8578 0.0000
-276.1050 0.0000
-275.0046 0.0000
-274.9635 0.0000
-272.8922 0.0000
-274.1744 0.0000
-273.1579 0.0000
-275.4744 0.0000
-275.8094 0.0000
-274.9580 0.0000
-275.3021 0.0000
-273.1579 0.0000
-275.3592 0.0000
-274.7539 0.0000
-274.7806 0.0000
-275.3147 0.0000
-274.6297 0.0000
-275.2279 0.0000
-273.8171 0.0000
-274.3948 0.0000
-274.2282 0.0000
-275.3459 0.0000
-276.8835 0.0000
-274.1634 0.0000
-274.4906 0.0000
-274.3198 0.0000
-275.3736 0.0000
-274.9851 0.0000
-273.6556 0.0000
-274.5681 0.0000
-275.5113 0.0000
-275.6152 0.0000
-275.1695 0.0000
-275.1943 0.0000
-273.6084 0.0000
-274.7612 0.0000
-274.3401 0.0000
-276.4318 0.0000
-274.3149 0.0000
-275.6169 0.0000
-275.2322 0.0000
-275.4194 0.0000
-276.2245 0.0000
-274.7436 0.0000
-275.0512 0.0000
-274.6217 0.0000
-274.3812 0.0000
-277.8256 0.0000
-277.0576 0.0000
-275.9029 0.0000
-273.5358 0.0000
-275.0116 0.0000
-273.5982 0.0000
-273.0984 0.0000
-276.1101 0.0000
-275.3559 0.0000
-274.9623 0.0000
-275.4283 0.0000
-272.8180 0.0000
-273.4905 0.0000
-272.6334 0.0000
-275.1905 0.0000
-274.9073 0.0000
-273.6180 0.0000
-275.2262 0.0000
-275.0140 0.0000
-274.1389 0.0000
-276.2082 0.0000
-275.0804 0.0000
-275.2963 0.0000
-274.9891 0.0000
-274.3021 0.0000
-275.6742 0.0000
-274.8693 0.0000
-275.4517 0.0000
-274.3301 0.0000
-274.2250 0.0000
-273.0723 0.0000
-274.4917 0.0000
-276.2581 0.0000
-274.4949 0.0000
-273.8361 0.0000
-275.3278 0.0000
-273.9159 0.0000
-211.0657 0.0000
-211.4104 0.0000
-211.2143 0.0000
-212.2981 0.0000
-211.5585 0.0000
-211.7248 0.0000
-212.5300 0.0000
-213.9856 0.0000
-213.2990 0.0000
-213.2299 0.0000
-212.9852 0.0000
-213.2829 0.0000
-215.9382 0.0000
-212.9204 0.0000
-212.4000 0.0000
-212.7781 0.0000
-214.2234 0.0000
-215.3049 0.0000
-214.6101 0.0000
-213.1957 0.0000
-213.9531 0.0000
-212.9812 0.0000
-212.7937 0.0000
-212.2034 0.0000
-212.7976 0.0000
-214.4716 0.0000
-213.1726 0.0000
-212.4314 0.0000
-213.9056 0.0000
-212.5371 0.0000
-211.8249 0.0000
-213.2357 0.0000
-212.3951 0.0000
-212.5061 0.0000
-213.2725 0.0000
-213.2239 0.0000
-212.2670 0.0000
-212.0868 0.0000
-211.5675 0.0000
-211.7617 0.0000
-211.8160 0.0000
-212.9871 0.0000
-212.1383 0.0000
-211.9351 0.0000
-212.8439 0.0000
-212.7396 0.0000
-213.3496 0.0000
-214.1840 0.0000
-213.3483 0.0000
-213.4604 0.0000
-214.7405 0.0000
-212.4436 0.0000
-213.2630 0.0000
-214.3961 0.0000
-212.2832 0.0000
-212.8447 0.0000
-212.2370 0.0000
-211.8117 0.0000
-212.2416 0.0000
-211.3730 0.0000
-211.7905 0.0000
-211.7206 0.0000
-211.7330 0.0000
-212.0135 0.0000
-211.5995 0.0000
-210.4291 0.0000
-209.9948 0.0000
-209.2484 0.0000
-209.6906 0.0000
-210.3571 0.0000
-209.6526 0.0000
-209.4914 0.0000
-209.5723 0.0000
-209.9897 0.0000
-210.8844 0.0000
-209.9145 0.0000
-210.2987 0.0000
-209.7123 0.0000
-209.2395 0.0000
-209.1992 0.0000
-209.0533 0.0000
-208.7383 0.0000
-208.9219 0.0000
-208.6763 0.0000
-208.1661 0.0000
-208.1813 0.0000
-208.3112 0.0000
-208.4446 0.0000
-207.8624 0.0000
-208.4878 0.0000
-208.3126 0.0000
-207.1960 0.0000
-207.6288 0.0000
-206.8053 0.0000
-206.8046 0.0000
-206.8022 0.0000
-206.7972 0.0000
-206.8766 0.0000
-207.6382 0.0000
-206.5838 0.0000
-206.4601 0.0000
-206.0668 0.0000
-205.8376 0.0000
-205.4084 0.0000
-205.2579 0.0000
-205.2858 0.0000
-204.8522 0.0000
-205.3576 0.0000
-205.4645 0.0000
-206.0022 0.0000
-205.3482 0.0000
-206.1483 0.0000
-207.0312 0.0000
-206.5442 0.0000
-206.8793 0.0000
-206.7965 0.0000
-206.5501 0.0000
-206.6491 0.0000
-207.2602 0.0000
-206.7184 0.0000
-206.4521 0.0000
-205.8634 0.0000
-206.0666 0.0000
-205.5463 0.0000
-205.5708 0.0000
-205.4159 0.0000
-205.5101 0.0000
-205.7079 0.0000
-206.0993 0.0000
-204.8010 0.0000
-204.1941 0.0000
-204.4037 0.0000
-204.4079 0.0000
-204.6393 0.0000
-205.1463 0.0000
-205.3741 0.0000
-204.7316 0.0000
-204.8057 0.0000
-204.5121 0.0000
-205.0200 0.0000
-204.7641 0.0000
-204.1264 0.0000
-204.6230 0.0000
-204.1221 0.0000
-203.7737 0.0000
-203.7831 0.0000
-204.0382 0.0000
-203.9544 0.0000
-204.0786 0.0000
-203.6621 0.0000
-203.5519 0.0000
-203.2478 0.0000
-202.6995 0.0000
-202.7556 0.0000
-202.4819 0.0000
-202.6556 0.0000
-202.4845 0.0000
-202.6381 0.0000
-203.1851 0.0000
-202.9761 0.0000
-202.6066 0.0000
-201.7518 0.0000
-201.7576 0.0000
-201.8978 0.0000
-201.7569 0.0000
-201.3176 0.0000
-201.5769 0.0000
-201.7013 0.0000
-201.3713 0.0000
-201.0577 0.0000
-201.3897 0.0000
-200.6983 0.0000
-200.4814 0.0000
-200.7319 0.0000
-201.0952 0.0000
-201.3067 0.0000
-201.3015 0.0000
-202.0092 0.0000
-201.2329 0.0000
-201.1822 0.0000
-201.2301 0.0000
-200.8231 0.0000
-200.8700 0.0000
-200.3358 0.0000
-200.2672 0.0000
-200.6451 0.0000
-200.5066 0.0000
-200.7172 0.0000
-200.6871 0.0000
-200.3891 0.0000
-200.1697 0.0000
-200.3234 0.0000
-200.0827 0.0000
-200.1771 0.0000
-200.6027 0.0000
-200.3338 0.0000
-200.5879 0.0000
-200.3083 0.0000
-200.6993 0.0000
-200.6227 0.0000
-207.4363 0.0000
-207.0449 0.0000
-206.7796 0.0000
-206.9370 0.0000
-207.7494 0.0000
-206.9449 0.0000
-207.1027 0.0000
-207.3171 0.0000
-207.3316 0.0000
-207.4780 0.0000
-207.2592 0.0000
-207.3400 0.0000
-207.4188 0.0000
-207.3099 0.0000
-207.7496 0.0000
-207.5465 0.0000
-207.3632 0.0000
-207.4813 0.0000
-207.2642 0.0000
-207.9397 0.0000
-207.1423 0.0000
-207.8352 0.0000
-206.8931 0.0000
-207.4399 0.0000
-207.5655 0.0000
-207.4066 0.0000
-206.6083 0.0000
-207.3579 0.0000
-207.8453 0.0000
-207.5407 0.0000
-207.3038 0.0000
-207.1712 0.0000
-207.2562 0.0000
-207.4756 0.0000
-207.5641 0.0000
-207.8786 0.0000
-207.1972 0.0000
-207.2616 0.0000
-206.6204 0.0000
-207.6452 0.0000
-207.7220 0.0000
-206.9953 0.0000
-207.5832 0.0000
-206.7010 0.0000
-207.0482 0.0000
-207.6148 0.0000
-207.0394 0.0000
-207.7313 0.0000
-207.5014 0.0000
-207.0428 0.0000
-207.4634 0.0000
-207.1610 0.0000
-207.9610 0.0000
-208.2282 0.0000
-208.2871 0.0000
-207.3411 0.0000
-207.6460 0.0000
-207.5910 0.0000
-207.8328 0.0000
-208.7274 0.0000
-208.1718 0.0000
-208.5016 0.0000
-208.8922 0.0000
-209.1562 0.0000
-208.3767 0.0000
-208.4557 0.0000
-209.3299 0.0000
-209.5765 0.0000
-209.1535 0.0000
-209.9785 0.0000
-209.6576 0.0000
-209.4079 0.0000
-209.5336 0.0000
-209.5854 0.0000
-209.1002 0.0000
-209.8027 0.0000
-209.5624 0.0000
-209.7770 0.0000
-210.6548 0.0000
-209.9015 0.0000
-209.6086 0.0000
-209.1538 0.0000
-208.9407 0.0000
-208.7047 0.0000
-208.9327 0.0000
-207.9418 0.0000
-208.6483 0.0000
-209.0640 0.0000
-209.2943 0.0000
-209.0697 0.0000
-209.8400 0.0000
-209.2031 0.0000
-209.6421 0.0000
-209.3770 0.0000
-209.6527 0.0000
-209.4767 0.0000
-209.2370 0.0000
-210.4793 0.0000
-209.9693 0.0000
-209.6630 0.0000
-209.3402 0.0000
-209.3280 0.0000
-209.4389 0.0000
-210.0583 0.0000
-209.1794 0.0000
-209.5560 0.0000
-209.4280 0.0000
-209.8114 0.0000
-209.4055 0.0000
-209.3112 0.0000
-209.7282 0.0000
-209.9602 0.0000
-209.6468 0.0000
-209.4627 0.0000
-209.3547 0.0000
-209.0971 0.0000
-209.1422 0.0000
-208.6205 0.0000
-208.2529 0.0000
-208.5972 0.0000
-207.9983 0.0000
-208.0043 0.0000
-208.6978 0.0000
-209.1819 0.0000
-208.7370 0.0000
-209.1457 0.0000
-208.7991 0.0000
-209.1539 0.0000
-208.9831 0.0000
-208.3018 0.0000
-208.2584 0.0000
-208.6109 0.0000
-208.5120 0.0000
-208.1016 0.0000
-208.2167 0.0000
-208.6697 0.0000
-208.0839 0.0000
-206.8987 0.0000
-207.0262 0.0000
-206.6922 0.0000
-206.7848 0.0000
-206.5343 0.0000
-206.7684 0.0000
-207.5784 0.0000
-207.5060 0.0000
-206.5911 0.0000
-206.5882 0.0000
-206.6324 0.0000
-206.5349 0.0000
-206.4970 0.0000
-207.0338 0.0000
-207.3369 0.0000
-207.5009 0.0000
-208.3265 0.0000
-207.4774 0.0000
-207.7152 0.0000
-207.9168 0.0000
-208.4702 0.0000
-207.9632 0.0000
-208.3295 0.0000
-208.0139 0.0000
-208.2656 0.0000
-208.7243 0.0000
-208.6648 0.0000
-208.6492 0.0000
-209.0084 0.0000
-208.7284 0.0000
-209.0069 0.0000
-208.3168 0.0000
-208.0625 0.0000
-208.5846 0.0000
-207.9596 0.0000
-207.5325 0.0000
-206.6491 0.0000
-206.9956 0.0000
-207.0968 0.0000
-207.0847 0.0000
-206.9041 0.0000
-205.8837 0.0000
-206.4564 0.0000
-207.0352 0.0000
-206.1934 0.0000
-206.3420 0.0000
-206.1029 0.0000
-206.0171 0.0000
-206.2631 0.0000
-206.1476 0.0000
-205.5020 0.0000
-205.2757 0.0000
-205.2831 0.0000
-205.3059 0.0000
-205.7946 0.0000
-204.9335 0.0000
-204.9908 0.0000
-204.8942 0.0000
-205.1711 0.0000
-205.0532 0.0000
-204.8902 0.0000
-204.8802 0.0000
-205.1357 0.0000
-205.2969 0.0000
-205.9546 0.0000
-205.6897 0.0000
-205.5837 0.0000
-205.8469 0.0000
-205.4159 0.0000
-205.9868 0.0000
-205.7137 0.0000
-206.0413 0.0000
-205.6185 0.0000
-204.7659 0.0000
-205.1713 0.0000
-204.1240 0.0000
-204.5881 0.0000
-205.1754 0.0000
-204.9538 0.0000
-204.8219 0.0000
-205.1557 0.0000
-204.8969 0.0000
-205.0779 0.0000
-205.4990 0.0000
-204.9648 0.0000
-204.5867 0.0000
-204.6600 0.0000
-204.7455 0.0000
-204.4862 0.0000
-204.5431 0.0000
-205.2474 0.0000
-204.5175 0.0000
-204.8842 0.0000
-205.0589 0.0000
-205.1033 0.0000
-204.7671 0.0000
-205.2874 0.0000
-205.4972 0.0000
-205.4356 0.0000
-205.5653 0.0000
-206.3559 0.0000
-205.3003 0.0000
-204.8541 0.0000
-204.7519 0.0000
-204.8309 0.0000
-204.7768 0.0000
-204.3276 0.0000
-205.3311 0.0000
-205.5626 0.0000
-205.4143 0.0000
-206.1095 0.0000
-206.1625 0.0000
-205.8467 0.0000
-205.1431 0.0000
-204.8732 0.0000
-204.6843 0.0000
-204.5741 0.0000
-204.3293 0.0000
-204.4683 0.0000
-204.6618 0.0000
-204.5797 0.0000
-204.2047 0.0000
-204.0540 0.0000
-203.9352 0.0000
-204.3637 0.0000
-204.7673 0.0000
-205.0223 0.0000
-205.2257 0.0000
-205.4744 0.0000
-206.1502 0.0000
-206.4764 0.0000
-207.7591 0.0000
-206.2277 0.0000
-206.0492 0.0000
-205.9880 0.0000
-206.8115 0.0000
-205.7809 0.0000
-206.2636 0.0000
-207.6141 0.0000
-207.5492 0.0000
-208.2666 0.0000
-207.5635 0.0000
-207.2306 0.0000
-207.9506 0.0000
-208.3558 0.0000
-207.9590 0.0000
-208.1042 0.0000
-208.6629 0.0000
-209.5453 0.0000
-208.6624 0.0000
-209.1405 0.0000
-209.4084 0.0000
-208.4843 0.0000
-207.9566 0.0000
-209.4682 0.0000
-207.4120 0.0000
-206.4375 0.0000
-206.1557 0.0000
-206.8585 0.0000
-205.8547 0.0000
-205.1325 0.0000
-206.0348 0.0000
-205.8408 0.0000
-204.9593 0.0000
-204.9026 0.0000
-205.2144 0.0000
-205.1938 0.0000
-205.1585 0.0000
-205.1255 0.0000
-205.1781 0.0000
-204.6913 0.0000
-204.9354 0.0000
-204.7104 0.0000
-204.3877 0.0000
-204.4891 0.0000
-204.6123 0.0000
-204.1833 0.0000
-203.9701 0.0000
-204.1512 0.0000
-204.1391 0.0000
-203.7277 0.0000
-203.5514 0.0000
-203.7452 0.0000
-204.1114 0.0000
-203.7934 0.0000
-203.4979 0.0000
-203.7718 0.0000
-202.5813 0.0000
-202.2740 0.0000
-202.5463 0.0000
-202.6928 0.0000
-202.5778 0.0000
-203.3206 0.0000
-201.9811 0.0000
-201.8211 0.0000
-201.2319 0.0000
-200.7180 0.0000
-200.8117 0.0000
-200.9650 0.0000
-201.4316 0.0000
-201.1773 0.0000
-201.1441 0.0000
-200.9189 0.0000
-200.8176 0.0000
-200.9474 0.0000
-201.1629 0.0000
-200.3842 0.0000
-200.3707 0.0000
-200.2528 0.0000
-199.9729 0.0000
-200.6683 0.0000
-200.4464 0.0000
-200.5875 0.0000
-200.0590 0.0000
-200.0917 0.0000
-199.6862 0.0000
-199.8683 0.0000
-200.1489 0.0000
-199.8230 0.0000
-199.7344 0.0000
-199.3310 0.0000
-199.4040 0.0000
-198.7935 0.0000
-198.6050 0.0000
-198.5651 0.0000
-198.8745 0.0000
-198.7461 0.0000
-198.4842 0.0000
-198.7677 0.0000
-198.6681 0.0000
-198.7732 0.0000
-199.5440 0.0000
-199.9857 0.0000
-200.4870 0.0000
-201.0127 0.0000
-200.9024 0.0000
-201.0448 0.0000
-200.7217 0.0000
-201.1228 0.0000
-200.9338 0.0000
-201.0982 0.0000
-200.3659 0.0000
-200.6637 0.0000
-199.7155 0.0000
-199.5758 0.0000
-199.2891 0.0000
-198.9978 0.0000
-199.1135 0.0000
-199.4124 0.0000
-200.1895 0.0000
-198.9478 0.0000
-198.8518 0.0000
-198.5070 0.0000
-198.6858 0.0000
-198.3848 0.0000
-198.2931 0.0000
-198.3287 0.0000
-198.0592 0.0000
-198.0367 0.0000
-198.5882 0.0000
-197.9133 0.0000
-198.2157 0.0000
-197.6797 0.0000
-197.6579 0.0000
-197.9213 0.0000
-197.9686 0.0000
-198.2940 0.0000
-197.8045 0.0000
-198.2227 0.0000
-197.8959 0.0000
-197.8559 0.0000
-198.3718 0.0000
-198.4770 0.0000
-198.2585 0.0000
-198.8194 0.0000
-198.3010 0.0000
-198.7108 0.0000
-199.5417 0.0000
-199.5646 0.0000
-199.8915 0.0000
-199.7594 0.0000
-199.4686 0.0000
-199.4963 0.0000
-200.4518 0.0000
-199.3290 0.0000
-199.0352 0.0000
-198.7355 0.0000
-198.2897 0.0000
-198.3048 0.0000
-198.1670 0.0000
-198.2686 0.0000
-198.4655 0.0000
-198.3968 0.0000
-199.1695 0.0000
-199.2128 0.0000
-198.8354 0.0000
-198.9325 0.0000
-198.0091 0.0000
-197.9023 0.0000
-198.3172 0.0000
-197.9884 0.0000
-198.2874 0.0000
-198.1849 0.0000
-197.5100 0.0000
-197.6908 0.0000
-198.1150 0.0000
-197.9301 0.0000
-198.2478 0.0000
-198.3674 0.0000
-197.9656 0.0000
-198.0583 0.0000
-197.8900 0.0000
-198.0140 0.0000
-198.6093 0.0000
-199.0090 0.0000
-199.1874 0.0000
-199.5100 0.0000
-199.6791 0.0000
-199.2350 0.0000
-198.5553 0.0000
-198.4568 0.0000
-198.5438 0.0000
-198.2702 0.0000
-198.3924 0.0000
-198.3865 0.0000
-198.2322 0.0000
-198.3896 0.0000
-198.4143 0.0000
-198.6638 0.0000
-198.9627 0.0000
-199.2302 0.0000
-199.1521 0.0000
-199.4928 0.0000
-199.4530 0.0000
-199.4693 0.0000
-199.2683 0.0000
-199.4659 0.0000
-199.6158 0.0000
-199.4248 0.0000
-199.2456 0.0000
-199.0052 0.0000
-198.3164 0.0000
-198.2911 0.0000
-198.2998 0.0000
-198.9203 0.0000
-199.0470 0.0000
-198.8574 0.0000
-198.6813 0.0000
-199.3741 0.0000
-199.3548 0.0000
-198.4756 0.0000
-198.7435 0.0000
-198.6865 0.0000
-199.3811 0.0000
-198.4678 0.0000
-199.2462 0.0000
-198.8294 0.0000
-198.3259 0.0000
-198.6856 0.0000
-199.0950 0.0000
-198.7406 0.0000
-198.1032 0.0000
-198.6043 0.0000
-198.6471 0.0000
-198.6476 0.0000
-198.9504 0.0000
-198.7957 0.0000
-199.2103 0.0000
-199.2560 0.0000
-199.0690 0.0000
-199.4363 0.0000
-199.1088 0.0000
-198.0967 0.0000
-198.2336 0.0000
-198.9288 0.0000
-198.7478 0.0000
-198.2346 0.0000
-197.9948 0.0000
-197.7283 0.0000
-197.6559 0.0000
-197.7631 0.0000
-197.6132 0.0000
-197.0165 0.0000
-196.7287 0.0000
-196.5038 0.0000
-196.3046 0.0000
-196.6438 0.0000
-196.7752 0.0000
-196.6191 0.0000
-196.3802 0.0000
-197.9387 0.0000
-196.0107 0.0000
-196.9563 0.0000
-196.0289 0.0000
-196.9876 0.0000
-196.2103 0.0000
-196.2399 0.0000
-196.4059 0.0000
-196.3599 0.0000
-196.4459 0.0000
-196.7109 0.0000
-197.0867 0.0000
-196.7004 0.0000
-196.2524 0.0000
-196.3663 0.0000
-195.9814 0.0000
-196.7118 0.0000
-196.0318 0.0000
-196.1630 0.0000
-196.0382 0.0000
-196.3352 0.0000
-195.7806 0.0000
-196.1938 0.0000
-196.0245 0.0000
-196.1678 0.0000
-196.3625 0.0000
-196.1088 0.0000
-197.0732 0.0000
-196.1475 0.0000
-195.5998 0.0000
-195.5257 0.0000
-195.5240 0.0000
-195.7021 0.0000
-196.3645 0.0000
-195.8274 0.0000
-195.5462 0.0000
-195.2158 0.0000
-194.3335 0.0000
-193.8441 0.0000
-193.6469 0.0000
-193.7941 0.0000
-193.2768 0.0000
-193.2184 0.0000
-193.5952 0.0000
-193.1789 0.0000
-192.8108 0.0000
-192.2162 0.0000
-192.1119 0.0000
-191.9400 0.0000
-191.6390 0.0000
-192.1470 0.0000
-192.2403 0.0000
-191.6371 0.0000
-191.6075 0.0000
-191.6072 0.0000
-191.7119 0.0000
-191.7850 0.0000
-191.9352 0.0000
-192.1343 0.0000
-192.1265 0.0000
-192.4436 0.0000
-192.4365 0.0000
-192.9062 0.0000
-192.2350 0.0000
-192.2527 0.0000
-192.6603 0.0000
-192.4067 0.0000
-191.9305 0.0000
-192.1282 0.0000
-192.3961 0.0000
-192.8094 0.0000
-192.0741 0.0000
-192.1813 0.0000
-192.2435 0.0000
-192.4155 0.0000
-192.5162 0.0000
-192.6726 0.0000
-192.6113 0.0000
-192.7525 0.0000
-192.9039 0.0000
-192.4442 0.0000
-191.9973 0.0000
-191.5041 0.0000
-191.2757 0.0000
-191.1302 0.0000
-191.6643 0.0000
-191.6763 0.0000
-191.6343 0.0000
-191.3837 0.0000
-191.5093 0.0000
-191.1326 0.0000
-191.4391 0.0000
-191.6125 0.0000
-191.5355 0.0000
-191.7910 0.0000
-191.6239 0.0000
-191.5548 0.0000
-191.5396 0.0000
-190.9885 0.0000
-191.0429 0.0000
-191.1418 0.0000
-191.6692 0.0000
-192.3657 0.0000
-191.6657 0.0000
-191.3564 0.0000
-191.4631 0.0000
-191.7812 0.0000
-192.5512 0.0000
-191.7059 0.0000
-191.8389 0.0000
-191.9162 0.0000
-191.7186 0.0000
-191.9151 0.0000
-191.8000 0.0000
-191.5716 0.0000
-191.1279 0.0000
-190.9158 0.0000
-191.3658 0.0000
-190.8496 0.0000
-191.5104 0.0000
-191.5557 0.0000
-191.6159 0.0000
-191.9262 0.0000
-191.5003 0.0000
-191.5717 0.0000
-192.1030 0.0000
-191.8260 0.0000
-192.2113 0.0000
-191.8184 0.0000
-191.7697 0.0000
-191.7111 0.0000
-191.8185 0.0000
-191.4931 0.0000
-191.2408 0.0000
-190.9993 0.0000
-191.2073 0.0000
-191.0315 0.0000
-191.2624 0.0000
-190.9087 0.0000
-191.1037 0.0000
-190.6211 0.0000
-190.3153 0.0000
-190.6141 0.0000
-190.6275 0.0000
-190.6492 0.0000
-190.6250 0.0000
-190.7152 0.0000
-190.8283 0.0000
-190.8813 0.0000
-190.6539 0.0000
-190.3965 0.0000
-190.5283 0.0000
-190.7906 0.0000
-189.9236 0.0000
-189.9577 0.0000
-189.7721 0.0000
-189.8969 0.0000
-190.3348 0.0000
-190.2083 0.0000
-190.1374 0.0000
-190.3761 0.0000
-190.6297 0.0000
-190.4322 0.0000
-190.0110 0.0000
-190.0148 0.0000
-190.0254 0.0000
-190.2405 0.0000
-190.1910 0.0000
-190.3427 0.0000
-190.2963 0.0000
-190.0211 0.0000
-190.3310 0.0000
-190.0321 0.0000
-189.8528 0.0000
-189.8819 0.0000
-189.6991 0.0000
-189.8080 0.0000
-189.4551 0.0000
-189.2869 0.0000
-188.8599 0.0000
-189.2557 0.0000
-188.9412 0.0000
-189.3807 0.0000
-189.3959 0.0000
-189.3108 0.0000
-189.3490 0.0000
-189.0575 0.0000
-189.5796 0.0000
-188.8307 0.0000
-188.8463 0.0000
-188.6908 0.0000
-188.5281 0.0000
-188.2408 0.0000
-187.9181 0.0000
-187.7535 0.0000
-188.0048 0.0000
-188.4309 0.0000
-188.3097 0.0000
-188.1991 0.0000
-188.6056 0.0000
-188.0549 0.0000
-187.9597 0.0000
-187.9506 0.0000
-188.2711 0.0000
-188.0097 0.0000
-187.9859 0.0000
-187.9948 0.0000
-188.3308 0.0000
-187.9189 0.0000
-187.9616 0.0000
-187.9509 0.0000
-188.1564 0.0000
-188.2592 0.0000
-188.1406 0.0000
-187.9670 0.0000
-188.3647 0.0000
-188.3880 0.0000
-188.3151 0.0000
-188.0868 0.0000
-188.3587 0.0000
-188.5945 0.0000
-188.1772 0.0000
-188.3798 0.0000
-188.1548 0.0000
-188.2628 0.0000
-188.7614 0.0000
-188.5381 0.0000
-188.3133 0.0000
-188.6002 0.0000
-188.2425 0.0000
-188.0251 0.0000
-188.1637 0.0000
-188.0455 0.0000
-187.6830 0.0000
-187.3637 0.0000
-187.0014 0.0000
-187.1787 0.0000
-187.3835 0.0000
-187.8661 0.0000
-187.5734 0.0000
-187.1507 0.0000
-186.9822 0.0000
-186.9670 0.0000
-186.8746 0.0000
-186.8152 0.0000
-186.7694 0.0000
-187.2011 0.0000
-187.6392 0.0000
-187.1930 0.0000
-187.3021 0.0000
-187.0283 0.0000
-186.9918 0.0000
-186.6832 0.0000
-186.4938 0.0000
-186.1418 0.0000
-186.1709 0.0000
-185.9040 0.0000
-185.8869 0.0000
-185.8187 0.0000
-186.0008 0.0000
-186.0703 0.0000
-186.1209 0.0000
-185.9159 0.0000
-185.4502 0.0000
-185.4398 0.0000
-185.3130 0.0000
-185.4999 0.0000
-185.9144 0.0000
-185.6659 0.0000
-185.8564 0.0000
-186.3339 0.0000
-185.6324 0.0000
-185.1586 0.0000
-187.4071 0.0000
-187.3448 0.0000
-187.6747 0.0000
-188.7849 0.0000
-187.4300 0.0000
-187.8727 0.0000
-186.8954 0.0000
-188.2447 0.0000
-187.6786 0.0000
-188.5259 0.0000
-188.0183 0.0000
-187.4306 0.0000
-186.9686 0.0000
-187.4009 0.0000
-187.7810 0.0000
-187.1903 0.0000
-187.6087 0.0000
-187.0024 0.0000
-187.3781 0.0000
-187.1112 0.0000
-187.6630 0.0000
-187.5265 0.0000
-187.5885 0.0000
-187.7276 0.0000
-188.9540 0.0000
-187.9098 0.0000
-187.9527 0.0000
-186.8582 0.0000
-187.9937 0.0000
-186.6614 0.0000
-187.7732 0.0000
-187.6713 0.0000
-187.6172 0.0000
-188.5333 0.0000
-187.1838 0.0000
-186.8381 0.0000
-187.1366 0.0000
-187.7389 0.0000
-188.3976 0.0000
-188.1022 0.0000
-187.3151 0.0000
-187.6132 0.0000
-187.6331 0.0000
-187.2239 0.0000
-185.8488 0.0000
-187.7400 0.0000
-187.4269 0.0000
-187.8911 0.0000
-187.4766 0.0000
-186.7954 0.0000
-185.7110 0.0000
-186.3358 0.0000
-186.5735 0.0000
-186.0548 0.0000
-186.2022 0.0000
-187.5606 0.0000
-188.0324 0.0000
-187.4452 0.0000
-187.4507 0.0000
-186.8364 0.0000
-187.6527 0.0000
-187.7376 0.0000
-186.8719 0.0000
-185.7587 0.0000
-186.7124 0.0000
-185.9492 0.0000
-186.2276 0.0000
-186.0769 0.0000
-185.8936 0.0000
-186.3003 0.0000
-185.5703 0.0000
-185.6754 0.0000
-186.3269 0.0000
-185.8890 0.0000
-185.2065 0.0000
-185.6068 0.0000
-185.7417 0.0000
-185.8104 0.0000
-187.2578 0.0000
-187.7992 0.0000
-187.0501 0.0000
-186.8898 0.0000
-187.3301 0.0000
-187.4034 0.0000
-187.4491 0.0000
-186.7668 0.0000
-187.7946 0.0000
-186.8135 0.0000
-186.7524 0.0000
-186.2688 0.0000
-186.4937 0.0000
-186.4023 0.0000
-186.4300 0.0000
-187.4881 0.0000
-187.5566 0.0000
-187.9306 0.0000
-188.0891 0.0000
-188.6191 0.0000
-189.1049 0.0000
-188.3583 0.0000
-189.3641 0.0000
-188.7067 0.0000
-187.7057 0.0000
-187.5444 0.0000
-187.9291 0.0000
-187.5193 0.0000
-187.1404 0.0000
-187.6807 0.0000
-187.3358 0.0000
-187.4990 0.0000
-187.7939 0.0000
-187.2844 0.0000
-187.2857 0.0000
-186.5639 0.0000
-186.6350 0.0000
-186.0073 0.0000
-186.4727 0.0000
-186.0478 0.0000
-186.1744 0.0000
-186.3374 0.0000
-186.0556 0.0000
-186.1795 0.0000
-185.5923 0.0000
-185.7549 0.0000
-186.6589 0.0000
-186.1004 0.0000
-185.8190 0.0000
-185.9247 0.0000
-186.0313 0.0000
-186.1505 0.0000
-186.0234 0.0000
-186.6980 0.0000
-186.4211 0.0000
-186.2577 0.0000
-185.6065 0.0000
-185.4797 0.0000
-185.0839 0.0000
-185.2002 0.0000
-185.4076 0.0000
-185.9622 0.0000
-185.9727 0.0000
-186.1243 0.0000
-186.7650 0.0000
-186.9469 0.0000
-186.6715 0.0000
-186.4363 0.0000
-186.9156 0.0000
-185.7888 0.0000
-186.8576 0.0000
-186.9286 0.0000
-187.8805 0.0000
-186.6814 0.0000
-187.0668 0.0000
-187.1913 0.0000
-187.2594 0.0000
-187.6613 0.0000
-186.6934 0.0000
-186.3008 0.0000
-186.2372 0.0000
-185.7880 0.0000
-185.1483 0.0000
-184.6399 0.0000
-184.9376 0.0000
-185.5863 0.0000
-184.6977 0.0000
-185.2861 0.0000
-184.4775 0.0000
-184.6463 0.0000
-183.8843 0.0000
-183.6331 0.0000
-183.7825 0.0000
-183.9494 0.0000
-184.7661 0.0000
-183.9088 0.0000
-184.3977 0.0000
-183.4297 0.0000
-183.6091 0.0000
-183.7458 0.0000
-183.7549 0.0000
-183.8782 0.0000
-183.1439 0.0000
-183.0882 0.0000
-183.1430 0.0000
-183.0988 0.0000
-183.0171 0.0000
-183.0444 0.0000
-182.8777 0.0000
-183.0430 0.0000
-182.9280 0.0000
-182.9796 0.0000
-182.7855 0.0000
-182.6072 0.0000
-182.6360 0.0000
-182.7027 0.0000
-182.6294 0.0000
-183.0292 0.0000
-182.8646 0.0000
-183.1286 0.0000
-182.4890 0.0000
-183.0723 0.0000
-186.1227 0.0000
-185.9170 0.0000
-185.5053 0.0000
-185.8505 0.0000
-184.9217 0.0000
-185.3475 0.0000
-185.3875 0.0000
-185.0496 0.0000
-185.3415 0.0000
-185.2734 0.0000
-184.9698 0.0000
-185.2170 0.0000
-185.4817 0.0000
-185.7959 0.0000
-186.1416 0.0000
-185.6913 0.0000
-185.8214 0.0000
-185.8467 0.0000
-185.9461 0.0000
-186.4513 0.0000
-186.8469 0.0000
-187.1465 0.0000
-186.6265 0.0000
-186.7403 0.0000
-186.1342 0.0000
-186.2379 0.0000
-186.1889 0.0000
-186.1599 0.0000
-186.2689 0.0000
-186.6497 0.0000
-186.8811 0.0000
-186.5462 0.0000
-186.4652 0.0000
-186.5046 0.0000
-186.2451 0.0000
-186.5467 0.0000
-187.2490 0.0000
-187.3865 0.0000
-187.6631 0.0000
-187.7479 0.0000
-186.9712 0.0000
-187.6094 0.0000
-187.0597 0.0000
-187.4046 0.0000
-186.8739 0.0000
-186.4545 0.0000
-187.1324 0.0000
-187.1769 0.0000
-186.9470 0.0000
-186.8472 0.0000
-186.1328 0.0000
-186.1287 0.0000
-186.2121 0.0000
-185.9423 0.0000
-185.6621 0.0000
-185.4823 0.0000
-185.9520 0.0000
-186.7918 0.0000
-185.8782 0.0000
-186.1670 0.0000
-186.3063 0.0000
-186.0660 0.0000
-185.7021 0.0000
-185.8884 0.0000
-185.9584 0.0000
-185.7163 0.0000
-185.4126 0.0000
-185.1223 0.0000
-185.0113 0.0000
-184.7865 0.0000
-185.0613 0.0000
-185.2157 0.0000
-185.4877 0.0000
-185.5156 0.0000
-185.8685 0.0000
-185.6553 0.0000
-185.0571 0.0000
-186.0209 0.0000
-185.3129 0.0000
-185.0696 0.0000
-185.3286 0.0000
-185.1987 0.0000
-185.1830 0.0000
-185.1564 0.0000
-184.6092 0.0000
-184.4743 0.0000
-184.6433 0.0000
-184.4869 0.0000
-184.6809 0.0000
-185.1279 0.0000
-185.0274 0.0000
-185.3782 0.0000
-185.4646 0.0000
-185.5934 0.0000
-185.6343 0.0000
-184.7927 0.0000
-184.4854 0.0000
-184.3686 0.0000
-184.3588 0.0000
-184.3420 0.0000
-183.0024 0.0000
-183.3486 0.0000
-183.5175 0.0000
-183.7971 0.0000
-183.3522 0.0000
-183.4067 0.0000
-183.1296 0.0000
-183.3214 0.0000
-182.9449 0.0000
-182.4680 0.0000
-182.7397 0.0000
-182.8656 0.0000
-182.8411 0.0000
-182.6217 0.0000
-182.5305 0.0000
-182.4248 0.0000
-182.3237 0.0000
-182.3756 0.0000
-182.2362 0.0000
-182.6115 0.0000
-181.9301 0.0000
-181.8734 0.0000
-182.1299 0.0000
-181.9493 0.0000
-182.0287 0.0000
-182.0446 0.0000
-181.9645 0.0000
-181.7362 0.0000
-181.5065 0.0000
-181.5705 0.0000
-181.8096 0.0000
-181.3435 0.0000
-181.3095 0.0000
-181.3399 0.0000
-181.2388 0.0000
-181.2328 0.0000
-181.2881 0.0000
-181.1190 0.0000
-181.0340 0.0000
-180.9096 0.0000
-181.0165 0.0000
-181.0302 0.0000
-180.7656 0.0000
-180.5359 0.0000
-180.3620 0.0000
-180.2989 0.0000
-180.3084 0.0000
-180.4088 0.0000
-180.1639 0.0000
-180.3015 0.0000
-180.4522 0.0000
-180.2375 0.0000
-180.1362 0.0000
-179.8912 0.0000
-179.9509 0.0000
-179.9883 0.0000
-179.9287 0.0000
-180.0886 0.0000
-180.0497 0.0000
-180.0573 0.0000
-180.0053 0.0000
-180.1423 0.0000
-180.2254 0.0000
-180.4547 0.0000
-180.6034 0.0000
-180.5623 0.0000
-180.9104 0.0000
-180.5198 0.0000
-180.5904 0.0000
-180.3024 0.0000
-180.2324 0.0000
-180.3789 0.0000
-180.0771 0.0000
-179.9892 0.0000
-180.0611 0.0000
-180.0705 0.0000
-179.9068 0.0000
-179.7484 0.0000
-179.6186 0.0000
-179.7733 0.0000
-179.7230 0.0000
-179.7737 0.0000
-179.8515 0.0000
-180.1125 0.0000
-180.1771 0.0000
-180.2092 0.0000
-180.2344 0.0000
-180.3810 0.0000
-180.6700 0.0000
-180.9451 0.0000
-180.8784 0.0000
-181.1553 0.0000
-180.9853 0.0000
-180.8418 0.0000
-180.9969 0.0000
-181.0666 0.0000
-181.0170 0.0000
-180.8300 0.0000
-181.0904 0.0000
-180.9189 0.0000
-184.5619 0.0000
-184.7373 0.0000
-184.7289 0.0000
-184.8717 0.0000
-184.8601 0.0000
-184.7016 0.0000
-184.9317 0.0000
-184.8724 0.0000
-184.5641 0.0000
-184.6074 0.0000
-184.8272 0.0000
-184.9398 0.0000
-184.9839 0.0000
-184.9429 0.0000
-184.6809 0.0000
-184.9261 0.0000
-185.4360 0.0000
-185.3759 0.0000
-185.2334 0.0000
-185.4420 0.0000
-185.2980 0.0000
-184.9997 0.0000
-184.7934 0.0000
-184.7630 0.0000
-185.1479 0.0000
-184.8528 0.0000
-184.9088 0.0000
-185.0563 0.0000
-185.5773 0.0000
-185.9984 0.0000
-185.8001 0.0000
-185.6495 0.0000
-185.8673 0.0000
-185.7146 0.0000
-185.9720 0.0000
-185.4926 0.0000
-185.7040 0.0000
-185.7639 0.0000
-185.4129 0.0000
-185.2980 0.0000
-185.2216 0.0000
-184.7296 0.0000
-184.8110 0.0000
-184.9695 0.0000
-185.0007 0.0000
-184.9476 0.0000
-184.8158 0.0000
-184.8348 0.0000
-184.9625 0.0000
-184.9258 0.0000
-185.1764 0.0000
-184.5489 0.0000
-184.4902 0.0000
-184.3721 0.0000
-184.2360 0.0000
-184.4409 0.0000
-184.2658 0.0000
-184.3044 0.0000
-184.2696 0.0000
-184.0786 0.0000
-184.0644 0.0000
-184.1686 0.0000
-184.4428 0.0000
-184.6589 0.0000
-184.8120 0.0000
-184.8038 0.0000
-184.4800 0.0000
-184.3324 0.0000
-184.4724 0.0000
-184.5495 0.0000
-184.3276 0.0000
-185.0633 0.0000
-184.9374 0.0000
-184.6793 0.0000
-184.2498 0.0000
-184.2574 0.0000
-184.6530 0.0000
-184.2402 0.0000
-184.2168 0.0000
-184.3789 0.0000
-183.9990 0.0000
-183.8456 0.0000
-184.0558 0.0000
-184.2190 0.0000
-183.8224 0.0000
-184.2977 0.0000
-184.1557 0.0000
-184.1267 0.0000
-184.2351 0.0000
-184.0351 0.0000
-184.0188 0.0000
-183.8177 0.0000
-183.7046 0.0000
-183.7656 0.0000
-183.8647 0.0000
-183.7560 0.0000
-183.5266 0.0000
-183.5926 0.0000
-183.3969 0.0000
-183.5507 0.0000
-183.4622 0.0000
-183.3366 0.0000
-184.0613 0.0000
-183.7336 0.0000
-183.5882 0.0000
-183.4532 0.0000
-183.3203 0.0000
-183.7688 0.0000
-183.6810 0.0000
-183.7764 0.0000
-183.9206 0.0000
-184.1945 0.0000
-184.7538 0.0000
-185.2100 0.0000
-184.7921 0.0000
-184.4690 0.0000
-184.5574 0.0000
-184.6807 0.0000
-184.5736 0.0000
-184.7531 0.0000
-184.6053 0.0000
-184.7859 0.0000
-184.3679 0.0000
-184.6653 0.0000
-185.1061 0.0000
-184.9858 0.0000
-185.0618 0.0000
-185.4186 0.0000
-184.8669 0.0000
-185.0081 0.0000
-184.7076 0.0000
-184.9169 0.0000
-184.6325 0.0000
-185.1102 0.0000
-184.6035 0.0000
-184.9033 0.0000
-185.0530 0.0000
-184.6186 0.0000
-184.4339 0.0000
-184.3248 0.0000
-184.0374 0.0000
-183.7116 0.0000
-183.7723 0.0000
-183.9282 0.0000
-184.2500 0.0000
-184.2027 0.0000
-184.4467 0.0000
-184.3952 0.0000
-184.3249 0.0000
-184.3500 0.0000
-184.4590 0.0000
-184.5003 0.0000
-184.3922 0.0000
-184.1503 0.0000
-183.7841 0.0000
-183.4374 0.0000
-183.5667 0.0000
-183.6887 0.0000
-183.7457 0.0000
-183.7479 0.0000
-183.6391 0.0000
-183.6816 0.0000
-183.6420 0.0000
-183.7787 0.0000
-183.5363 0.0000
-183.8964 0.0000
-184.0511 0.0000
-184.2357 0.0000
-184.2890 0.0000
-184.1197 0.0000
-184.5258 0.0000
-184.2103 0.0000
-184.2606 0.0000
-184.4354 0.0000
-184.6532 0.0000
-184.3445 0.0000
-184.3684 0.0000
-184.5672 0.0000
-184.4407 0.0000
-184.6640 0.0000
-184.7861 0.0000
-184.8574 0.0000
-184.8455 0.0000
-184.9578 0.0000
-184.9770 0.0000
-184.9218 0.0000
-185.6022 0.0000
-184.9122 0.0000
-185.3360 0.0000
-184.8971 0.0000
-185.3618 0.0000
-185.3546 0.0000
-185.8172 0.0000
-186.1412 0.0000
-185.9182 0.0000
-185.8792 0.0000
-185.7960 0.0000
-186.1052 0.0000
-186.4497 0.0000
-186.3865 0.0000
-186.2208 0.0000
-186.0533 0.0000
-186.2152 0.0000
-186.2161 0.0000
-186.0976 0.0000
-186.0399 0.0000
-185.7979 0.0000
-185.8745 0.0000
-185.7501 0.0000
-185.7364 0.0000
-185.8911 0.0000
-185.9220 0.0000
-186.2518 0.0000
-186.4638 0.0000
-186.7997 0.0000
-187.4742 0.0000
-186.6130 0.0000
-186.5255 0.0000
-187.1236 0.0000
-187.0993 0.0000
-186.8052 0.0000
-186.6763 0.0000
-186.8979 0.0000
-186.6066 0.0000
-186.5649 0.0000
-186.9374 0.0000
-186.9021 0.0000
-186.9966 0.0000
-187.3510 0.0000
-187.1875 0.0000
-187.3590 0.0000
-187.4271 0.0000
-187.7633 0.0000
-187.7540 0.0000
-188.3163 0.0000
-187.7574 0.0000
-187.9341 0.0000
-188.3677 0.0000
-188.0959 0.0000
-188.0828 0.0000
-188.0737 0.0000
-188.2055 0.0000
-188.1870 0.0000
-188.5704 0.0000
-188.6640 0.0000
-188.4348 0.0000
-188.5426 0.0000
-188.2651 0.0000
-188.0251 0.0000
-187.9805 0.0000
-188.0855 0.0000
-188.1627 0.0000
-188.0357 0.0000
-188.0544 0.0000
-187.7184 0.0000
-187.9674 0.0000
-188.1280 0.0000
-188.0200 0.0000
-188.2757 0.0000
-188.5497 0.0000
-188.7939 0.0000
-188.8864 0.0000
-189.4458 0.0000
-189.4623 0.0000
-189.1304 0.0000
-189.3543 0.0000
-189.4344 0.0000
-189.9972 0.0000
-190.1813 0.0000
-190.3938 0.0000
-190.4022 0.0000
-190.8703 0.0000
-190.8721 0.0000
-191.2159 0.0000
-190.9554 0.0000
-190.9003 0.0000
-190.8097 0.0000
-190.7346 0.0000
-190.4166 0.0000
-190.5092 0.0000
-191.3374 0.0000
-190.9730 0.0000
-191.0586 0.0000
-191.5370 0.0000
-191.4307 0.0000
-191.1421 0.0000
-191.2517 0.0000
-191.0236 0.0000
-190.5772 0.0000
-190.6185 0.0000
-190.5523 0.0000
-189.9393 0.0000
-189.6680 0.0000
-189.8730 0.0000
-189.6259 0.0000
-190.2331 0.0000
-189.6049 0.0000
-189.8366 0.0000
-189.5420 0.0000
-189.5406 0.0000
-189.9142 0.0000
-189.9638 0.0000
-189.6611 0.0000
-189.6104 0.0000
-189.8202 0.0000
-189.8397 0.0000
-189.7908 0.0000
-190.4245 0.0000
-190.1667 0.0000
-190.6943 0.0000
-190.6460 0.0000
-190.4263 0.0000
-190.3916 0.0000
-190.1350 0.0000
-189.8007 0.0000
-190.0455 0.0000
-190.3143 0.0000
-190.3721 0.0000
-190.4751 0.0000
-190.0840 0.0000
-190.0164 0.0000
-189.3244 0.0000
-189.2895 0.0000
-188.9667 0.0000
-189.0159 0.0000
-188.9006 0.0000
-188.6697 0.0000
-189.1478 0.0000
-188.8640 0.0000
-188.8164 0.0000
-188.8513 0.0000
-188.8992 0.0000
-188.7316 0.0000
-188.4623 0.0000
-188.6358 0.0000
-188.7898 0.0000
-188.6061 0.0000
-188.5755 0.0000
-188.7627 0.0000
-189.1714 0.0000
-189.0790 0.0000
-189.5313 0.0000
-189.4465 0.0000
-189.4261 0.0000
-189.8776 0.0000
-190.2304 0.0000
-189.4487 0.0000
-189.3771 0.0000
-188.8629 0.0000
-189.0319 0.0000
-189.2574 0.0000
-189.0627 0.0000
-189.0789 0.0000
-189.1877 0.0000
-189.2308 0.0000
-189.7820 0.0000
-189.4587 0.0000
-189.2077 0.0000
-189.2707 0.0000
-189.1251 0.0000
-188.8804 0.0000
-188.8931 0.0000
-189.2283 0.0000
-188.9267 0.0000
-188.9737 0.0000
-188.8870 0.0000
-188.9349 0.0000
-189.0720 0.0000
-188.9553 0.0000
-189.4339 0.0000
-189.1271 0.0000
-189.2069 0.0000
-188.7709 0.0000
-188.9794 0.0000
-188.8424 0.0000
-189.1857 0.0000
-189.3113 0.0000
-189.2110 0.0000
-189.6341 0.0000
-188.8271 0.0000
-189.0238 0.0000
-189.5258 0.0000
-189.7083 0.0000
-189.6139 0.0000
-189.8782 0.0000
-189.1725 0.0000
-189.4838 0.0000
-189.5904 0.0000
-189.4052 0.0000
-189.7551 0.0000
-189.8239 0.0000
-189.7602 0.0000
-189.8302 0.0000
-189.7148 0.0000
-189.3794 0.0000
-188.7511 0.0000
-188.6340 0.0000
-188.6868 0.0000
-188.6670 0.0000
-188.6918 0.0000
-188.7203 0.0000
-188.7778 0.0000
-189.4784 0.0000
-189.3373 0.0000
-189.5517 0.0000
-189.1653 0.0000
-189.6576 0.0000
-188.9421 0.0000
-189.2112 0.0000
-188.9090 0.0000
-188.9661 0.0000
-189.0962 0.0000
-189.5039 0.0000
-189.3606 0.0000
-189.2834 0.0000
-189.8951 0.0000
-189.0222 0.0000
-188.8542 0.0000
-188.8022 0.0000
-188.8808 0.0000
-188.3773 0.0000
-188.1447 0.0000
-188.2444 0.0000
-188.4623 0.0000
-188.7951 0.0000
-188.9850 0.0000
-188.8280 0.0000
-188.8362 0.0000
-189.2542 0.0000
-189.2192 0.0000
-189.4038 0.0000
-189.1096 0.0000
-189.2580 0.0000
-189.4320 0.0000
-189.3061 0.0000
-188.7308 0.0000
-188.5339 0.0000
-188.2989 0.0000
-188.1306 0.0000
-188.4657 0.0000
-188.8451 0.0000
-188.8742 0.0000
-189.0057 0.0000
-189.9186 0.0000
-188.4576 0.0000
-187.9670 0.0000
-187.9598 0.0000
-187.8974 0.0000
-187.5485 0.0000
-187.6592 0.0000
-187.9771 0.0000
-188.2867 0.0000
-188.4165 0.0000
-188.7754 0.0000
-188.3285 0.0000
-188.2079 0.0000
-188.0818 0.0000
-188.4967 0.0000
-188.3838 0.0000
-189.0570 0.0000
-188.8170 0.0000
-188.3342 0.0000
-188.2979 0.0000
-188.1205 0.0000
-188.7450 0.0000
-188.1969 0.0000
-188.1738 0.0000
-188.0877 0.0000
-188.5376 0.0000
-188.5315 0.0000
-189.0994 0.0000
-188.7635 0.0000
-188.8049 0.0000
-188.8227 0.0000
-189.3040 0.0000
-189.0344 0.0000
-188.8734 0.0000
-188.9258 0.0000
-188.6360 0.0000
-188.8722 0.0000
-188.4288 0.0000
-189.0016 0.0000
-189.1860 0.0000
-189.0392 0.0000
-188.7500 0.0000
-187.9982 0.0000
-188.1826 0.0000
-187.6594 0.0000
-187.9399 0.0000
-188.0691 0.0000
-188.8568 0.0000
-188.0654 0.0000
-187.1301 0.0000
-187.2454 0.0000
-187.3166 0.0000
-187.5090 0.0000
-187.8206 0.0000
-187.4292 0.0000
-187.5415 0.0000
-187.9018 0.0000
-187.6477 0.0000
-187.2261 0.0000
-186.7624 0.0000
-186.2722 0.0000
-186.4139 0.0000
-186.6254 0.0000
-186.0723 0.0000
-185.8377 0.0000
-186.1512 0.0000
-185.7995 0.0000
-185.8617 0.0000
-185.5961 0.0000
-185.7110 0.0000
-185.9502 0.0000
-185.7642 0.0000
-185.9033 0.0000
-186.2947 0.0000
-186.1467 0.0000
-186.7257 0.0000
-186.6319 0.0000
-186.4068 0.0000
-187.0087 0.0000
-186.8651 0.0000
-187.2297 0.0000
-187.1494 0.0000
-187.7885 0.0000
-188.0257 0.0000
-187.8654 0.0000
-188.0428 0.0000
-187.5792 0.0000
-187.9478 0.0000
-187.7277 0.0000
-187.7297 0.0000
-188.1150 0.0000
-187.6773 0.0000
-187.7333 0.0000
-187.7269 0.0000
-187.9085 0.0000
-187.8245 0.0000
-188.7566 0.0000
-189.1567 0.0000
-188.9941 0.0000
-188.4167 0.0000
-188.7134 0.0000
-189.7673 0.0000
-188.1393 0.0000
-188.4494 0.0000
-188.6927 0.0000
-188.3872 0.0000
-188.1170 0.0000
-188.4178 0.0000
-188.6739 0.0000
-188.8681 0.0000
-188.5520 0.0000
-188.1406 0.0000
-187.9161 0.0000
-188.1997 0.0000
-188.1204 0.0000
-188.0278 0.0000
-188.3866 0.0000
-188.3523 0.0000
-188.5421 0.0000
-188.6378 0.0000
-189.0538 0.0000
-188.2764 0.0000
-188.4623 0.0000
-188.7353 0.0000
-188.4826 0.0000
-188.1992 0.0000
-188.5042 0.0000
-188.2530 0.0000
-188.4725 0.0000
-188.5466 0.0000
-188.3465 0.0000
-188.3666 0.0000
-188.1874 0.0000
-187.8869 0.0000
-187.5245 0.0000
-187.2031 0.0000
-187.0714 0.0000
-187.6416 0.0000
-186.9470 0.0000
-187.1666 0.0000
-187.1821 0.0000
-186.9932 0.0000
-187.2457 0.0000
-187.5451 0.0000
-186.9922 0.0000
-186.9259 0.0000
-187.5742 0.0000
-187.0320 0.0000
-187.0092 0.0000
-187.2470 0.0000
-186.9399 0.0000
-187.3440 0.0000
-187.6832 0.0000
-188.3299 0.0000
-188.1393 0.0000
-188.2199 0.0000
