-100.0000 -100.0000
-352.7573 0.0000
-351.4667 0.0000
-352.0188 0.0000
-351.6366 0.0000
-353.1331 0.0000
-355.3660 0.0000
-353.9251 0.0000
-351.1025 0.0000
-349.5292 0.0000
-348.0321 0.0000
-347.7625 0.0000
-346.8638 0.0000
-348.0311 0.0000
-349.2931 0.0000
-349.3714 0.0000
-348.8581 0.0000
-348.6313 0.0000
-349.2493 0.0000
-349.3426 0.0000
-348.7820 0.0000
-349.2209 0.0000
-349.1256 0.0000
-348.4515 0.0000
-350.0254 0.0000
-351.0553 0.0000
-350.2931 0.0000
-350.5011 0.0000
-351.7131 0.0000
-351.2240 0.0000
-350.9595 0.0000
-348.4869 0.0000
-348.1488 0.0000
-347.0123 0.0000
-345.0486 0.0000
-346.4046 0.0000
-346.5740 0.0000
-346.5136 0.0000
-346.0008 0.0000
-346.2933 0.0000
-347.5846 0.0000
-348.8981 0.0000
-348.0754 0.0000
-347.9597 0.0000
-348.1748 0.0000
-347.2214 0.0000
-344.9174 0.0000
-344.0122 0.0000
-345.5944 0.0000
-345.4090 0.0000
-346.8287 0.0000
-350.2549 0.0000
-348.0009 0.0000
-346.6719 0.0000
-348.3746 0.0000
-349.4133 0.0000
-351.1701 0.0000
-352.2075 0.0000
-350.5380 0.0000
-349.0132 0.0000
-348.7623 0.0000
-349.4620 0.0000
-350.0060 0.0000
-350.3058 0.0000
-350.2232 0.0000
-352.0023 0.0000
-350.8034 0.0000
-350.6661 0.0000
-352.9902 0.0000
-349.8897 0.0000
-349.5560 0.0000
-349.3301 0.0000
-350.3407 0.0000
-351.4846 0.0000
-348.9976 0.0000
-349.9460 0.0000
-349.0093 0.0000
-351.3820 0.0000
-350.9443 0.0000
-349.0376 0.0000
-348.9306 0.0000
-349.7144 0.0000
-349.8236 0.0000
-349.6321 0.0000
-347.1530 0.0000
-346.7588 0.0000
-345.5556 0.0000
-346.0917 0.0000
-344.9646 0.0000
-345.2189 0.0000
-346.0384 0.0000
-346.0913 0.0000
-347.6630 0.0000
-346.7337 0.0000
-346.6536 0.0000
-347.0482 0.0000
-346.1776 0.0000
-346.6211 0.0000
-348.3395 0.0000
-347.9333 0.0000
-348.1006 0.0000
-372.4846 0.0000
-377.2096 0.0000
-373.9177 0.0000
-378.3057 0.0000
-378.6430 0.0000
-375.2933 0.0000
-375.1765 0.0000
-373.9536 0.0000
-375.6819 0.0000
-376.2986 0.0000
-376.0082 0.0000
-372.9441 0.0000
-374.6701 0.0000
-375.9634 0.0000
-373.6196 0.0000
-375.0370 0.0000
-373.8928 0.0000
-372.8211 0.0000
-375.0192 0.0000
-374.6387 0.0000
-373.5603 0.0000
-371.4375 0.0000
-373.6882 0.0000
-372.5793 0.0000
-374.2777 0.0000
-375.4572 0.0000
-374.1288 0.0000
-375.0698 0.0000
-374.1543 0.0000
-371.7447 0.0000
-367.2242 0.0000
-368.4300 0.0000
-367.1353 0.0000
-365.9927 0.0000
-365.1714 0.0000
-364.5209 0.0000
-367.0789 0.0000
-363.9151 0.0000
-364.6893 0.0000
-362.8007 0.0000
-363.0002 0.0000
-363.2839 0.0000
-363.9826 0.0000
-366.5135 0.0000
-366.0976 0.0000
-366.1596 0.0000
-367.8067 0.0000
-366.3384 0.0000
-368.6279 0.0000
-369.1093 0.0000
-367.6554 0.0000
-366.9822 0.0000
-367.3581 0.0000
-366.0203 0.0000
-367.9786 0.0000
-364.1210 0.0000
-366.0329 0.0000
-367.0546 0.0000
-368.8571 0.0000
-369.8789 0.0000
-371.3734 0.0000
-374.3447 0.0000
-376.5884 0.0000
-375.7845 0.0000
-372.0979 0.0000
-371.9183 0.0000
-374.2246 0.0000
-370.8311 0.0000
-370.4991 0.0000
-369.1571 0.0000
-367.7449 0.0000
-366.0637 0.0000
-367.7806 0.0000
-368.9361 0.0000
-366.1762 0.0000
-367.6602 0.0000
-366.5756 0.0000
-362.3379 0.0000
-363.2610 0.0000
-360.3368 0.0000
-363.0568 0.0000
-362.8585 0.0000
-359.6276 0.0000
-359.3877 0.0000
-357.6090 0.0000
-354.9338 0.0000
-355.2443 0.0000
-352.4921 0.0000
-353.5566 0.0000
-352.3924 0.0000
-353.4132 0.0000
-352.7446 0.0000
-355.3062 0.0000
-356.2138 0.0000
-359.3478 0.0000
-363.6351 0.0000
-356.1778 0.0000
-358.0262 0.0000
-363.6126 0.0000
-364.8899 0.0000
-306.8836 0.0000
-306.0678 0.0000
-306.6600 0.0000
-306.6285 0.0000
-306.7456 0.0000
-308.5525 0.0000
-307.6334 0.0000
-307.3213 0.0000
-306.0780 0.0000
-304.6838 0.0000
-304.2728 0.0000
-304.5758 0.0000
-304.9309 0.0000
-302.8169 0.0000
-303.6219 0.0000
-302.1514 0.0000
-302.2945 0.0000
-302.4530 0.0000
-302.7472 0.0000
-304.4536 0.0000
-303.5887 0.0000
-304.3700 0.0000
-304.4570 0.0000
-303.7757 0.0000
-303.9775 0.0000
-304.7144 0.0000
-305.6112 0.0000
-304.6857 0.0000
-303.9665 0.0000
-302.9655 0.0000
-304.5484 0.0000
-303.9926 0.0000
-304.2346 0.0000
-303.0438 0.0000
-303.7657 0.0000
-304.1463 0.0000
-303.3503 0.0000
-301.5361 0.0000
-300.7971 0.0000
-301.2400 0.0000
-301.5696 0.0000
-302.4364 0.0000
-303.1980 0.0000
-303.7708 0.0000
-302.4826 0.0000
-301.7097 0.0000
-302.5906 0.0000
-302.1213 0.0000
-302.1679 0.0000
-301.6681 0.0000
-302.3758 0.0000
-302.7707 0.0000
-303.8919 0.0000
-303.2155 0.0000
-302.1671 0.0000
-302.0580 0.0000
-302.9900 0.0000
-304.3171 0.0000
-303.8643 0.0000
-303.1642 0.0000
-303.9231 0.0000
-305.1214 0.0000
-305.1462 0.0000
-304.7286 0.0000
-304.5308 0.0000
-303.4768 0.0000
-303.0109 0.0000
-303.3959 0.0000
-303.5050 0.0000
-303.1470 0.0000
-302.4112 0.0000
-302.3251 0.0000
-301.5507 0.0000
-302.2125 0.0000
-301.9049 0.0000
-301.0501 0.0000
-302.0175 0.0000
-301.1107 0.0000
-300.7422 0.0000
-298.9765 0.0000
-298.8827 0.0000
-299.8508 0.0000
-299.2592 0.0000
-298.8344 0.0000
-299.9965 0.0000
-300.1487 0.0000
-300.7279 0.0000
-300.7502 0.0000
-301.7922 0.0000
-301.4502 0.0000
-300.7555 0.0000
-301.6837 0.0000
-301.3805 0.0000
-300.2556 0.0000
-300.8453 0.0000
-300.1791 0.0000
-299.4706 0.0000
-298.3541 0.0000
-298.2537 0.0000
-298.0941 0.0000
-340.2646 0.0000
-338.2939 0.0000
-339.3306 0.0000
-337.2252 0.0000
-337.7729 0.0000
-339.9715 0.0000
-336.4582 0.0000
-335.9432 0.0000
-337.9248 0.0000
-340.2521 0.0000
-338.0896 0.0000
-338.9591 0.0000
-339.9120 0.0000
-339.4220 0.0000
-338.5226 0.0000
-338.7372 0.0000
-338.4420 0.0000
-338.0955 0.0000
-337.6909 0.0000
-340.3359 0.0000
-336.1262 0.0000
-338.8392 0.0000
-338.9774 0.0000
-338.2705 0.0000
-339.4378 0.0000
-337.9378 0.0000
-338.4901 0.0000
-338.7363 0.0000
-339.0615 0.0000
-340.2224 0.0000
-338.8465 0.0000
-338.8462 0.0000
-337.8165 0.0000
-339.3675 0.0000
-339.3003 0.0000
-339.1919 0.0000
-337.4882 0.0000
-338.3408 0.0000
-338.2350 0.0000
-338.8082 0.0000
-336.9747 0.0000
-339.4926 0.0000
-338.7469 0.0000
-339.6248 0.0000
-337.4815 0.0000
-338.0007 0.0000
-340.3977 0.0000
-339.3272 0.0000
-339.5949 0.0000
-337.1482 0.0000
-339.3112 0.0000
-337.3398 0.0000
-339.7246 0.0000
-338.4049 0.0000
-337.8103 0.0000
-338.7605 0.0000
-338.6678 0.0000
-337.9933 0.0000
-338.4043 0.0000
-338.1349 0.0000
-338.5140 0.0000
-338.2998 0.0000
-338.9349 0.0000
-338.8744 0.0000
-339.3672 0.0000
-337.9021 0.0000
-339.5671 0.0000
-338.1646 0.0000
-339.1640 0.0000
-338.9529 0.0000
-338.8435 0.0000
-338.8527 0.0000
-338.8842 0.0000
-338.9578 0.0000
-339.3203 0.0000
-338.8993 0.0000
-338.4976 0.0000
-339.0231 0.0000
-338.9177 0.0000
-339.4694 0.0000
-337.8855 0.0000
-339.0401 0.0000
-337.1644 0.0000
-340.4885 0.0000
-337.9256 0.0000
-338.2835 0.0000
-339.5321 0.0000
-338.5717 0.0000
-339.2781 0.0000
-338.9711 0.0000
-338.2167 0.0000
-339.4551 0.0000
-340.1650 0.0000
-337.8057 0.0000
-338.7979 0.0000
-338.9146 0.0000
-339.3533 0.0000
-338.1180 0.0000
-339.0514 0.0000
-339.5355 0.0000
-272.5512 0.0000
-272.5425 0.0000
-272.1603 0.0000
-272.2618 0.0000
-273.0902 0.0000
-272.7290 0.0000
-272.6647 0.0000
-272.1955 0.0000
-273.2793 0.0000
-273.0396 0.0000
-272.5580 0.0000
-272.5588 0.0000
-272.7416 0.0000
-272.7742 0.0000
-273.5513 0.0000
-274.2945 0.0000
-273.5239 0.0000
-273.2257 0.0000
-272.6980 0.0000
-272.7097 0.0000
-273.2980 0.0000
-273.0805 0.0000
-273.2422 0.0000
-273.0398 0.0000
-273.8173 0.0000
-274.1741 0.0000
-274.7041 0.0000
-275.4441 0.0000
-275.7697 0.0000
-275.4807 0.0000
-274.9851 0.0000
-274.4496 0.0000
-273.5087 0.0000
-273.1034 0.0000
-274.0217 0.0000
-274.8217 0.0000
-276.1993 0.0000
-276.0778 0.0000
-276.8568 0.0000
-276.2541 0.0000
-275.4284 0.0000
-275.3520 0.0000
-275.2716 0.0000
-275.9688 0.0000
-276.0225 0.0000
-276.7335 0.0000
-277.7976 0.0000
-277.3331 0.0000
-277.4557 0.0000
-275.8818 0.0000
-275.8227 0.0000
-275.6919 0.0000
-275.1296 0.0000
-275.2116 0.0000
-276.0049 0.0000
-276.8276 0.0000
-277.2986 0.0000
-276.7002 0.0000
-276.6481 0.0000
-276.3250 0.0000
-276.0003 0.0000
-275.5555 0.0000
-276.3597 0.0000
-276.5418 0.0000
-275.9416 0.0000
-275.2078 0.0000
-274.6486 0.0000
-273.2900 0.0000
-273.3116 0.0000
-273.7613 0.0000
-273.7670 0.0000
-273.6579 0.0000
-273.4215 0.0000
-273.3560 0.0000
-272.8500 0.0000
-272.5271 0.0000
-272.9537 0.0000
-271.9717 0.0000
-272.4051 0.0000
-271.5074 0.0000
-270.2981 0.0000
-270.7642 0.0000
-270.5353 0.0000
-269.9689 0.0000
-269.8269 0.0000
-269.3342 0.0000
-269.0644 0.0000
-268.9192 0.0000
-268.1842 0.0000
-269.0947 0.0000
-268.4018 0.0000
-268.4580 0.0000
-268.6444 0.0000
-268.0463 0.0000
-269.0086 0.0000
-268.0685 0.0000
-268.6085 0.0000
-268.7231 0.0000
-269.2304 0.0000
-268.6751 0.0000
-333.8463 0.0000
-334.4917 0.0000
-334.1360 0.0000
-334.5324 0.0000
-334.5905 0.0000
-334.5689 0.0000
-334.7987 0.0000
-334.6605 0.0000
-334.3430 0.0000
-334.7856 0.0000
-333.6366 0.0000
-334.9561 0.0000
-334.1543 0.0000
-334.2847 0.0000
-334.8399 0.0000
-334.5471 0.0000
-334.2036 0.0000
-335.5402 0.0000
-333.7814 0.0000
-334.5600 0.0000
-335.1241 0.0000
-334.7068 0.0000
-334.3095 0.0000
-334.6153 0.0000
-334.4132 0.0000
-334.9161 0.0000
-334.4304 0.0000
-335.0320 0.0000
-334.8046 0.0000
-335.6471 0.0000
-334.8820 0.0000
-334.7027 0.0000
-335.2676 0.0000
-335.0403 0.0000
-334.2114 0.0000
-334.6295 0.0000
-335.0660 0.0000
-334.1032 0.0000
-334.6825 0.0000
-335.1633 0.0000
-335.0747 0.0000
-334.2300 0.0000
-334.2283 0.0000
-334.0630 0.0000
-335.1751 0.0000
-334.6330 0.0000
-335.2448 0.0000
-334.5773 0.0000
-334.6219 0.0000
-334.3115 0.0000
-334.7298 0.0000
-334.1315 0.0000
-333.7845 0.0000
-334.7508 0.0000
-334.4596 0.0000
-334.7359 0.0000
-334.3284 0.0000
-334.2594 0.0000
-335.7471 0.0000
-334.7619 0.0000
-334.6243 0.0000
-335.0930 0.0000
-334.7714 0.0000
-335.0824 0.0000
-333.4714 0.0000
-335.0636 0.0000
-334.5691 0.0000
-333.3005 0.0000
-333.8352 0.0000
-334.9505 0.0000
-334.7726 0.0000
-333.8512 0.0000
-334.0709 0.0000
-335.1233 0.0000
-334.0606 0.0000
-334.6196 0.0000
-335.5422 0.0000
-334.2135 0.0000
-335.1226 0.0000
-334.8629 0.0000
-334.9552 0.0000
-335.1152 0.0000
-334.9856 0.0000
-334.6040 0.0000
-334.6050 0.0000
-334.1115 0.0000
-335.0315 0.0000
-335.1999 0.0000
-335.1007 0.0000
-334.9253 0.0000
-334.3437 0.0000
-333.8581 0.0000
-334.3757 0.0000
-334.4449 0.0000
-335.1310 0.0000
-335.1199 0.0000
-334.8894 0.0000
-333.8989 0.0000
-335.0670 0.0000
-334.2109 0.0000
-324.2421 0.0000
-324.2683 0.0000
-323.9008 0.0000
-324.0740 0.0000
-324.9750 0.0000
-325.0740 0.0000
-323.9084 0.0000
-324.6645 0.0000
-323.7717 0.0000
-323.5565 0.0000
-324.3600 0.0000
-324.5020 0.0000
-323.9590 0.0000
-323.5410 0.0000
-324.7439 0.0000
-324.6445 0.0000
-323.3347 0.0000
-323.6641 0.0000
-323.9122 0.0000
-324.5017 0.0000
-323.9731 0.0000
-324.0536 0.0000
-324.4507 0.0000
-324.0135 0.0000
-325.6239 0.0000
-324.3289 0.0000
-324.7151 0.0000
-324.2267 0.0000
-324.2227 0.0000
-323.2826 0.0000
-325.1819 0.0000
-323.6019 0.0000
-323.9675 0.0000
-325.3155 0.0000
-324.8892 0.0000
-325.3121 0.0000
-324.3169 0.0000
-324.1060 0.0000
-324.1554 0.0000
-323.4206 0.0000
-323.5617 0.0000
-324.1945 0.0000
-324.0005 0.0000
-324.5465 0.0000
-323.4131 0.0000
-324.4578 0.0000
-324.4596 0.0000
-323.6968 0.0000
-324.2641 0.0000
-323.6035 0.0000
-324.0357 0.0000
-324.4341 0.0000
-323.6585 0.0000
-323.7301 0.0000
-324.8319 0.0000
-324.2673 0.0000
-324.9139 0.0000
-324.0371 0.0000
-324.0334 0.0000
-324.1070 0.0000
-323.0796 0.0000
-324.4341 0.0000
-324.0923 0.0000
-324.1637 0.0000
-324.5714 0.0000
-324.0182 0.0000
-322.8058 0.0000
-324.3473 0.0000
-325.0584 0.0000
-323.6993 0.0000
-325.0033 0.0000
-323.2929 0.0000
-323.6680 0.0000
-323.5481 0.0000
-323.4696 0.0000
-325.2127 0.0000
-324.2586 0.0000
-325.1523 0.0000
-324.4665 0.0000
-323.5818 0.0000
-324.6473 0.0000
-324.5498 0.0000
-324.9663 0.0000
-324.5251 0.0000
-324.0751 0.0000
-324.3289 0.0000
-324.1412 0.0000
-324.5632 0.0000
-324.4212 0.0000
-324.1955 0.0000
-323.6594 0.0000
-324.0469 0.0000
-324.3116 0.0000
-324.8248 0.0000
-324.4710 0.0000
-323.9152 0.0000
-323.7723 0.0000
-324.2198 0.0000
-323.9329 0.0000
-324.2562 0.0000
-255.9863 0.0000
-256.0924 0.0000
-256.4211 0.0000
-257.6060 0.0000
-257.6202 0.0000
-258.4595 0.0000
-260.2534 0.0000
-261.2410 0.0000
-260.2061 0.0000
-259.3734 0.0000
-261.2338 0.0000
-261.0104 0.0000
-262.4353 0.0000
-264.4151 0.0000
-263.0115 0.0000
-261.5900 0.0000
-261.9011 0.0000
-261.7930 0.0000
-258.8914 0.0000
-260.0170 0.0000
-260.0405 0.0000
-259.9239 0.0000
-260.9351 0.0000
-261.1457 0.0000
-263.1655 0.0000
-263.6799 0.0000
-261.5038 0.0000
-260.8324 0.0000
-261.4537 0.0000
-262.7541 0.0000
-261.2392 0.0000
-262.5689 0.0000
-262.1526 0.0000
-262.0379 0.0000
-263.6636 0.0000
-264.1838 0.0000
-264.4066 0.0000
-264.2416 0.0000
-261.8983 0.0000
-263.0105 0.0000
-263.6289 0.0000
-264.4016 0.0000
-265.2779 0.0000
-266.0398 0.0000
-264.9644 0.0000
-266.3326 0.0000
-266.1573 0.0000
-266.4367 0.0000
-265.7325 0.0000
-265.0168 0.0000
-264.5727 0.0000
-265.8370 0.0000
-264.2061 0.0000
-264.9196 0.0000
-265.6791 0.0000
-265.2735 0.0000
-265.0992 0.0000
-266.3396 0.0000
-267.2423 0.0000
-266.4796 0.0000
-265.6914 0.0000
-266.4764 0.0000
-267.5520 0.0000
-266.4027 0.0000
-265.8517 0.0000
-267.0027 0.0000
-266.3395 0.0000
-267.0051 0.0000
-266.2841 0.0000
-266.3876 0.0000
-265.8837 0.0000
-265.5613 0.0000
-265.2405 0.0000
-266.6790 0.0000
-266.9038 0.0000
-269.0861 0.0000
-270.2750 0.0000
-269.2344 0.0000
-269.0758 0.0000
-270.1586 0.0000
-271.1303 0.0000
-271.0260 0.0000
-269.9285 0.0000
-270.6132 0.0000
-270.8317 0.0000
-271.0361 0.0000
-272.4429 0.0000
-273.0515 0.0000
-273.4976 0.0000
-275.8882 0.0000
-275.1750 0.0000
-274.6719 0.0000
-274.9010 0.0000
-276.7682 0.0000
-274.8601 0.0000
-275.0789 0.0000
-277.2843 0.0000
-277.4508 0.0000
-276.9976 0.0000
-277.3123 0.0000
-324.5445 0.0000
-324.8162 0.0000
-325.1263 0.0000
-325.3306 0.0000
-323.1074 0.0000
-324.5861 0.0000
-324.7358 0.0000
-325.3050 0.0000
-324.8185 0.0000
-324.0024 0.0000
-324.2525 0.0000
-325.4324 0.0000
-324.8841 0.0000
-324.8335 0.0000
-325.3356 0.0000
-324.1415 0.0000
-325.4967 0.0000
-324.4556 0.0000
-324.6217 0.0000
-325.6695 0.0000
-325.2951 0.0000
-325.1594 0.0000
-324.9135 0.0000
-325.2015 0.0000
-323.7748 0.0000
-325.4392 0.0000
-325.8032 0.0000
-323.7818 0.0000
-324.9079 0.0000
-324.7545 0.0000
-325.0109 0.0000
-324.7676 0.0000
-324.7964 0.0000
-324.9812 0.0000
-324.4090 0.0000
-324.6516 0.0000
-325.1577 0.0000
-326.3790 0.0000
-325.2900 0.0000
-324.0110 0.0000
-325.4869 0.0000
-326.0815 0.0000
-325.3241 0.0000
-325.3540 0.0000
-325.1545 0.0000
-325.0499 0.0000
-324.5872 0.0000
-324.1919 0.0000
-324.6337 0.0000
-325.2643 0.0000
-324.1484 0.0000
-325.7000 0.0000
-324.5013 0.0000
-324.0697 0.0000
-324.6318 0.0000
-325.7301 0.0000
-325.6875 0.0000
-325.5201 0.0000
-324.0955 0.0000
-323.9409 0.0000
-325.6011 0.0000
-325.7416 0.0000
-324.7492 0.0000
-325.7690 0.0000
-325.2457 0.0000
-325.4893 0.0000
-325.3261 0.0000
-325.4730 0.0000
-324.3004 0.0000
-324.1203 0.0000
-323.7461 0.0000
-325.2414 0.0000
-325.1942 0.0000
-325.9747 0.0000
-325.5495 0.0000
-324.3902 0.0000
-325.5440 0.0000
-325.3236 0.0000
-324.1499 0.0000
-324.2020 0.0000
-325.9404 0.0000
-324.5182 0.0000
-324.4213 0.0000
-326.7768 0.0000
-325.2286 0.0000
-325.5973 0.0000
-325.1117 0.0000
-324.2126 0.0000
-325.2337 0.0000
-325.6032 0.0000
-324.9529 0.0000
-324.4241 0.0000
-325.3690 0.0000
-324.9193 0.0000
-325.1369 0.0000
-323.8838 0.0000
-325.3479 0.0000
-324.8846 0.0000
-325.1198 0.0000
-325.0231 0.0000
-346.4919 0.0000
-346.1153 0.0000
-346.0559 0.0000
-346.5393 0.0000
-346.9428 0.0000
-345.9388 0.0000
-346.4329 0.0000
-346.9090 0.0000
-346.1778 0.0000
-345.9772 0.0000
-345.4995 0.0000
-345.8723 0.0000
-346.9285 0.0000
-346.6701 0.0000
-344.9739 0.0000
-346.3715 0.0000
-345.6965 0.0000
-346.1566 0.0000
-345.5587 0.0000
-345.4050 0.0000
-347.2033 0.0000
-344.1579 0.0000
-346.2770 0.0000
-345.3132 0.0000
-346.4029 0.0000
-345.8667 0.0000
-346.4627 0.0000
-345.7397 0.0000
-345.3780 0.0000
-346.2441 0.0000
-346.0031 0.0000
-346.7636 0.0000
-346.1362 0.0000
-346.5170 0.0000
-345.9580 0.0000
-346.5758 0.0000
-347.4139 0.0000
-345.6893 0.0000
-346.5093 0.0000
-346.0239 0.0000
-346.5586 0.0000
-346.3355 0.0000
-345.1051 0.0000
-345.2455 0.0000
-346.4308 0.0000
-346.7691 0.0000
-345.3399 0.0000
-346.6758 0.0000
-347.7479 0.0000
-345.7167 0.0000
-345.8086 0.0000
-346.1583 0.0000
-345.5956 0.0000
-346.3396 0.0000
-345.5992 0.0000
-345.3303 0.0000
-345.8648 0.0000
-346.3133 0.0000
-345.9893 0.0000
-346.1745 0.0000
-346.8335 0.0000
-345.9313 0.0000
-346.5631 0.0000
-346.3310 0.0000
-346.1580 0.0000
-345.6857 0.0000
-345.5000 0.0000
-346.2513 0.0000
-346.0064 0.0000
-346.5198 0.0000
-346.5977 0.0000
-346.2131 0.0000
-345.8978 0.0000
-346.0545 0.0000
-346.3472 0.0000
-345.3752 0.0000
-345.7336 0.0000
-346.4959 0.0000
-346.4067 0.0000
-346.1989 0.0000
-345.8579 0.0000
-345.5313 0.0000
-346.2323 0.0000
-345.6819 0.0000
-345.8800 0.0000
-346.5251 0.0000
-345.4038 0.0000
-345.3664 0.0000
-345.4913 0.0000
-347.2276 0.0000
-345.9435 0.0000
-345.4571 0.0000
-346.0965 0.0000
-345.9629 0.0000
-345.4624 0.0000
-345.7405 0.0000
-347.0699 0.0000
-344.9229 0.0000
-346.2055 0.0000
-346.5543 0.0000
-320.6485 0.0000
-320.3293 0.0000
-321.7053 0.0000
-320.8739 0.0000
-321.0029 0.0000
-321.6654 0.0000
-321.7768 0.0000
-321.7325 0.0000
-320.0783 0.0000
-321.3995 0.0000
-320.7212 0.0000
-320.2176 0.0000
-320.6023 0.0000
-321.6279 0.0000
-321.2013 0.0000
-320.6404 0.0000
-322.6195 0.0000
-320.9218 0.0000
-321.6110 0.0000
-322.6265 0.0000
-322.2041 0.0000
-321.5403 0.0000
-322.4777 0.0000
-321.9711 0.0000
-321.9284 0.0000
-321.5259 0.0000
-320.9890 0.0000
-321.9635 0.0000
-322.0131 0.0000
-320.9407 0.0000
-322.6731 0.0000
-321.5456 0.0000
-321.6372 0.0000
-320.8891 0.0000
-320.6291 0.0000
-320.6933 0.0000
-321.2312 0.0000
-321.7766 0.0000
-321.4659 0.0000
-320.7683 0.0000
-321.3766 0.0000
-319.9531 0.0000
-320.0098 0.0000
-319.0004 0.0000
-318.5709 0.0000
-318.7365 0.0000
-318.6425 0.0000
-319.6451 0.0000
-318.5209 0.0000
-318.3226 0.0000
-318.0788 0.0000
-317.8551 0.0000
-317.8149 0.0000
-316.8430 0.0000
-316.6706 0.0000
-317.0458 0.0000
-316.3602 0.0000
-315.4033 0.0000
-315.6202 0.0000
-316.3586 0.0000
-316.1144 0.0000
-316.6249 0.0000
-316.5123 0.0000
-317.0392 0.0000
-316.5355 0.0000
-315.3816 0.0000
-316.2323 0.0000
-315.2625 0.0000
-314.6136 0.0000
-314.4841 0.0000
-314.6814 0.0000
-315.5662 0.0000
-315.2220 0.0000
-313.1937 0.0000
-313.2482 0.0000
-314.0069 0.0000
-315.4631 0.0000
-315.8730 0.0000
-315.8979 0.0000
-314.6794 0.0000
-313.3906 0.0000
-312.1035 0.0000
-313.2520 0.0000
-313.0483 0.0000
-312.6815 0.0000
-311.4166 0.0000
-310.9388 0.0000
-310.9835 0.0000
-310.1525 0.0000
-310.8536 0.0000
-310.7898 0.0000
-311.0486 0.0000
-311.9540 0.0000
-311.9039 0.0000
-311.6732 0.0000
-311.5393 0.0000
-312.6855 0.0000
-311.6464 0.0000
-310.8589 0.0000
-311.7559 0.0000
-301.2944 0.0000
-300.1602 0.0000
-300.5452 0.0000
-301.2609 0.0000
-301.3633 0.0000
-301.4837 0.0000
-301.7086 0.0000
-301.6686 0.0000
-302.2899 0.0000
-302.2419 0.0000
-302.4090 0.0000
-302.9463 0.0000
-301.5414 0.0000
-300.9634 0.0000
-302.2770 0.0000
-302.1599 0.0000
-302.1799 0.0000
-302.2574 0.0000
-302.5307 0.0000
-302.2209 0.0000
-301.8072 0.0000
-301.2596 0.0000
-302.2353 0.0000
-303.3483 0.0000
-303.5142 0.0000
-303.5142 0.0000
-303.8303 0.0000
-304.3656 0.0000
-303.5658 0.0000
-302.7051 0.0000
-302.7327 0.0000
-301.4499 0.0000
-301.6832 0.0000
-301.5155 0.0000
-301.9475 0.0000
-303.0383 0.0000
-302.7818 0.0000
-302.0073 0.0000
-302.6544 0.0000
-303.7882 0.0000
-301.8611 0.0000
-301.2661 0.0000
-301.2687 0.0000
-302.5858 0.0000
-303.1173 0.0000
-303.5374 0.0000
-303.2601 0.0000
-303.9463 0.0000
-303.6510 0.0000
-304.0528 0.0000
-305.1767 0.0000
-303.1942 0.0000
-303.3914 0.0000
-300.9204 0.0000
-300.4591 0.0000
-300.0521 0.0000
-300.3806 0.0000
-299.6726 0.0000
-301.0112 0.0000
-301.2003 0.0000
-301.6710 0.0000
-300.3461 0.0000
-299.3201 0.0000
-300.1167 0.0000
-300.2317 0.0000
-300.0346 0.0000
-299.9582 0.0000
-300.0700 0.0000
-300.0712 0.0000
-299.5924 0.0000
-299.2712 0.0000
-299.5293 0.0000
-299.6478 0.0000
-300.5973 0.0000
-300.6376 0.0000
-300.7058 0.0000
-300.8966 0.0000
-302.0717 0.0000
-301.3920 0.0000
-300.5176 0.0000
-300.4385 0.0000
-300.6100 0.0000
-301.6557 0.0000
-301.1300 0.0000
-301.6350 0.0000
-303.8196 0.0000
-302.5274 0.0000
-303.1576 0.0000
-303.2303 0.0000
-303.2983 0.0000
-304.9665 0.0000
-305.2961 0.0000
-303.3850 0.0000
-302.5673 0.0000
-302.4653 0.0000
-301.1566 0.0000
-301.2766 0.0000
-300.5766 0.0000
-301.8559 0.0000
-302.3408 0.0000
-275.8094 0.0000
-276.5542 0.0000
-276.8776 0.0000
-278.1270 0.0000
-278.4959 0.0000
-278.9951 0.0000
-278.2849 0.0000
-278.6655 0.0000
-279.2722 0.0000
-281.5175 0.0000
-279.5504 0.0000
-280.1009 0.0000
-281.6578 0.0000
-282.1346 0.0000
-283.0197 0.0000
-282.7957 0.0000
-284.8248 0.0000
-286.2057 0.0000
-287.0061 0.0000
-287.2826 0.0000
-288.3134 0.0000
-289.7242 0.0000
-289.1863 0.0000
-288.7565 0.0000
-289.4085 0.0000
-286.3113 0.0000
-285.7953 0.0000
-282.9495 0.0000
-281.8408 0.0000
-281.0180 0.0000
-279.8389 0.0000
-281.1616 0.0000
-281.4400 0.0000
-281.7980 0.0000
-282.6669 0.0000
-279.2926 0.0000
-277.7154 0.0000
-276.7160 0.0000
-276.7459 0.0000
-275.3268 0.0000
-277.3018 0.0000
-277.1687 0.0000
-277.6875 0.0000
-276.7733 0.0000
-276.2193 0.0000
-274.4873 0.0000
-273.9367 0.0000
-275.1682 0.0000
-275.3195 0.0000
-275.9180 0.0000
-275.9705 0.0000
-276.0535 0.0000
-276.7099 0.0000
-276.0593 0.0000
-275.2256 0.0000
-274.7897 0.0000
-275.7182 0.0000
-276.1248 0.0000
-276.0783 0.0000
-275.5670 0.0000
-275.5456 0.0000
-276.7350 0.0000
-277.2072 0.0000
-275.7481 0.0000
-276.1577 0.0000
-276.0767 0.0000
-276.7006 0.0000
-277.0712 0.0000
-276.7451 0.0000
-277.3253 0.0000
-276.9003 0.0000
-277.2132 0.0000
-276.4462 0.0000
-275.9873 0.0000
-275.1409 0.0000
-275.7224 0.0000
-277.3387 0.0000
-278.0978 0.0000
-278.6248 0.0000
-277.8612 0.0000
-279.5684 0.0000
-279.3454 0.0000
-280.4019 0.0000
-279.7156 0.0000
-279.1026 0.0000
-278.8287 0.0000
-279.3268 0.0000
-278.6725 0.0000
-279.2597 0.0000
-280.3005 0.0000
-280.6130 0.0000
-281.8846 0.0000
-281.7817 0.0000
-281.4059 0.0000
-280.6686 0.0000
-280.8061 0.0000
-281.0107 0.0000
-282.5123 0.0000
-282.5689 0.0000
-281.1222 0.0000
-339.0350 0.0000
-337.4873 0.0000
-337.3562 0.0000
-337.5275 0.0000
-339.1350 0.0000
-340.1502 0.0000
-336.7858 0.0000
-338.7304 0.0000
-339.6481 0.0000
-338.4965 0.0000
-339.6219 0.0000
-337.2528 0.0000
-339.6489 0.0000
-337.8053 0.0000
-338.2380 0.0000
-340.3030 0.0000
-338.2992 0.0000
-339.0447 0.0000
-339.3526 0.0000
-339.0516 0.0000
-339.7782 0.0000
-337.7264 0.0000
-338.4603 0.0000
-338.4743 0.0000
-338.8799 0.0000
-339.4413 0.0000
-337.9351 0.0000
-337.5597 0.0000
-339.3409 0.0000
-338.1564 0.0000
-339.1191 0.0000
-339.9916 0.0000
-338.2579 0.0000
-338.6632 0.0000
-337.6841 0.0000
-337.5611 0.0000
-338.4651 0.0000
-338.2651 0.0000
-337.6690 0.0000
-339.9982 0.0000
-339.6510 0.0000
-338.6911 0.0000
-338.7338 0.0000
-338.0094 0.0000
-339.9682 0.0000
-337.1119 0.0000
-338.5107 0.0000
-339.0310 0.0000
-338.5167 0.0000
-337.6083 0.0000
-338.5381 0.0000
-338.0106 0.0000
-339.2054 0.0000
-338.6291 0.0000
-339.0769 0.0000
-338.3400 0.0000
-339.6033 0.0000
-339.4593 0.0000
-339.1849 0.0000
-339.1624 0.0000
-339.3410 0.0000
-339.3113 0.0000
-338.9536 0.0000
-338.0767 0.0000
-339.7104 0.0000
-339.1790 0.0000
-338.5996 0.0000
-336.8194 0.0000
-339.2562 0.0000
-337.8829 0.0000
-337.8538 0.0000
-339.6783 0.0000
-339.6333 0.0000
-338.3824 0.0000
-338.6982 0.0000
-340.2478 0.0000
-339.4160 0.0000
-338.5432 0.0000
-338.0911 0.0000
-339.1332 0.0000
-339.6177 0.0000
-339.6651 0.0000
-339.3577 0.0000
-337.4080 0.0000
-338.7746 0.0000
-338.8482 0.0000
-338.7086 0.0000
-338.7943 0.0000
-339.7192 0.0000
-339.7540 0.0000
-339.4440 0.0000
-338.4519 0.0000
-338.4530 0.0000
-338.8118 0.0000
-339.8003 0.0000
-339.0110 0.0000
-339.7182 0.0000
-337.6277 0.0000
-337.7593 0.0000
-338.6234 0.0000
-283.5864 0.0000
-284.7391 0.0000
-286.0884 0.0000
-284.4475 0.0000
-284.7557 0.0000
-285.1841 0.0000
-286.1154 0.0000
-286.6817 0.0000
-287.0772 0.0000
-287.4150 0.0000
-286.8771 0.0000
-286.1064 0.0000
-287.2354 0.0000
-287.3883 0.0000
-288.4271 0.0000
-287.6283 0.0000
-285.7101 0.0000
-285.5209 0.0000
-287.4257 0.0000
-286.4828 0.0000
-286.4293 0.0000
-285.8878 0.0000
-286.5412 0.0000
-287.2508 0.0000
-286.5885 0.0000
-285.9940 0.0000
-286.5359 0.0000
-286.3544 0.0000
-286.3687 0.0000
-286.0397 0.0000
-285.2565 0.0000
-286.2475 0.0000
-287.4941 0.0000
-287.2743 0.0000
-287.1078 0.0000
-287.6846 0.0000
-286.9849 0.0000
-287.4956 0.0000
-286.8969 0.0000
-286.9252 0.0000
-288.1497 0.0000
-289.1217 0.0000
-288.2183 0.0000
-286.5475 0.0000
-287.0656 0.0000
-287.5349 0.0000
-288.1322 0.0000
-286.8269 0.0000
-286.8097 0.0000
-286.5241 0.0000
-288.0919 0.0000
-288.3459 0.0000
-288.1535 0.0000
-288.4862 0.0000
-287.6612 0.0000
-288.9280 0.0000
-287.7929 0.0000
-286.6441 0.0000
-286.0820 0.0000
-284.7345 0.0000
-285.1205 0.0000
-285.0094 0.0000
-283.8886 0.0000
-282.4205 0.0000
-281.7306 0.0000
-281.6347 0.0000
-281.3130 0.0000
-281.5393 0.0000
-280.8844 0.0000
-281.2001 0.0000
-281.3711 0.0000
-280.5351 0.0000
-280.8601 0.0000
-280.9056 0.0000
-280.8785 0.0000
-280.8314 0.0000
-280.4681 0.0000
-281.1120 0.0000
-281.2489 0.0000
-280.0132 0.0000
-280.9216 0.0000
-281.5290 0.0000
-282.6159 0.0000
-283.2866 0.0000
-283.0863 0.0000
-284.0478 0.0000
-283.8561 0.0000
-284.9131 0.0000
-284.2799 0.0000
-283.6277 0.0000
-283.7880 0.0000
-284.9000 0.0000
-286.3479 0.0000
-286.3648 0.0000
-285.4795 0.0000
-286.8331 0.0000
-287.0291 0.0000
-286.7189 0.0000
-286.5577 0.0000
-285.9788 0.0000
-329.5524 0.0000
-328.9258 0.0000
-329.9450 0.0000
-328.9639 0.0000
-329.9233 0.0000
-330.1447 0.0000
-330.0365 0.0000
-328.8284 0.0000
-329.2859 0.0000
-329.5531 0.0000
-330.1983 0.0000
-328.5319 0.0000
-329.9042 0.0000
-329.7509 0.0000
-329.3446 0.0000
-330.3972 0.0000
-329.7679 0.0000
-330.0890 0.0000
-329.5938 0.0000
-330.6734 0.0000
-330.3892 0.0000
-330.2330 0.0000
-329.6183 0.0000
-329.3446 0.0000
-328.9880 0.0000
-329.5743 0.0000
-328.7386 0.0000
-329.1652 0.0000
-329.0233 0.0000
-329.0911 0.0000
-329.0477 0.0000
-329.7291 0.0000
-329.8803 0.0000
-330.0888 0.0000
-329.7415 0.0000
-330.0258 0.0000
-328.7623 0.0000
-330.6826 0.0000
-329.3428 0.0000
-329.1140 0.0000
-329.0831 0.0000
-329.6670 0.0000
-329.0769 0.0000
-329.8371 0.0000
-329.0324 0.0000
-329.5758 0.0000
-329.7876 0.0000
-329.6770 0.0000
-330.1162 0.0000
-329.7537 0.0000
-330.5630 0.0000
-330.6716 0.0000
-329.2756 0.0000
-329.8898 0.0000
-329.4061 0.0000
-330.7119 0.0000
-329.4525 0.0000
-329.4269 0.0000
-329.7248 0.0000
-329.4504 0.0000
-329.7543 0.0000
-329.6007 0.0000
-329.4640 0.0000
-329.4050 0.0000
-329.3685 0.0000
-328.6959 0.0000
-330.2989 0.0000
-329.7907 0.0000
-329.8894 0.0000
-329.9793 0.0000
-329.4337 0.0000
-330.3909 0.0000
-329.5676 0.0000
-331.2328 0.0000
-329.4173 0.0000
-329.7908 0.0000
-328.7629 0.0000
-330.1230 0.0000
-328.9855 0.0000
-329.2080 0.0000
-329.8316 0.0000
-330.0295 0.0000
-329.5034 0.0000
-328.9904 0.0000
-329.3399 0.0000
-329.0145 0.0000
-329.8496 0.0000
-330.0938 0.0000
-329.8607 0.0000
-328.6350 0.0000
-329.6199 0.0000
-329.5831 0.0000
-329.1048 0.0000
-329.7924 0.0000
-330.8773 0.0000
-330.2526 0.0000
-330.3112 0.0000
-329.4875 0.0000
-329.7804 0.0000
-329.5446 0.0000
-322.0431 0.0000
-322.2604 0.0000
-321.7957 0.0000
-322.6723 0.0000
-322.7308 0.0000
-322.2948 0.0000
-321.8421 0.0000
-321.9087 0.0000
-320.9230 0.0000
-322.8706 0.0000
-322.5900 0.0000
-322.7549 0.0000
-321.0602 0.0000
-321.3887 0.0000
-320.9687 0.0000
-322.3269 0.0000
-321.7318 0.0000
-321.0812 0.0000
-321.9494 0.0000
-323.1925 0.0000
-321.6627 0.0000
-321.4458 0.0000
-322.2884 0.0000
-321.8876 0.0000
-322.1263 0.0000
-321.8428 0.0000
-321.0177 0.0000
-321.1603 0.0000
-322.1491 0.0000
-322.5860 0.0000
-322.3626 0.0000
-322.3517 0.0000
-321.5263 0.0000
-320.8389 0.0000
-320.4003 0.0000
-319.1368 0.0000
-319.0538 0.0000
-318.5727 0.0000
-317.7227 0.0000
-317.2945 0.0000
-316.7909 0.0000
-317.3036 0.0000
-317.5477 0.0000
-318.9459 0.0000
-317.8916 0.0000
-317.9682 0.0000
-318.5709 0.0000
-319.6789 0.0000
-317.7223 0.0000
-317.3934 0.0000
-317.9825 0.0000
-318.1285 0.0000
-317.8284 0.0000
-318.9606 0.0000
-318.7686 0.0000
-318.9246 0.0000
-318.0227 0.0000
-317.8302 0.0000
-316.9358 0.0000
-316.2695 0.0000
-316.1012 0.0000
-316.4685 0.0000
-316.9781 0.0000
-316.8756 0.0000
-316.5691 0.0000
-317.4391 0.0000
-317.2659 0.0000
-318.0709 0.0000
-318.6317 0.0000
-318.1710 0.0000
-317.3680 0.0000
-316.9603 0.0000
-315.6690 0.0000
-316.6443 0.0000
-316.8990 0.0000
-315.9649 0.0000
-314.1049 0.0000
-314.8265 0.0000
-314.1107 0.0000
-315.1694 0.0000
-315.3416 0.0000
-316.4608 0.0000
-316.4265 0.0000
-316.7708 0.0000
-317.0687 0.0000
-315.9827 0.0000
-315.8660 0.0000
-315.1673 0.0000
-316.2527 0.0000
-316.4702 0.0000
-317.5436 0.0000
-317.8963 0.0000
-317.5418 0.0000
-316.5702 0.0000
-316.3379 0.0000
-315.3387 0.0000
-314.5834 0.0000
-313.1509 0.0000
-312.4871 0.0000
-313.0539 0.0000
-256.8238 0.0000
-256.6449 0.0000
-257.0356 0.0000
-257.2432 0.0000
-257.8348 0.0000
-257.6437 0.0000
-257.3871 0.0000
-256.3470 0.0000
-256.1331 0.0000
-256.8090 0.0000
-256.9418 0.0000
-256.9383 0.0000
-256.2079 0.0000
-255.7400 0.0000
-255.4430 0.0000
-255.8278 0.0000
-255.2914 0.0000
-255.3888 0.0000
-254.9737 0.0000
-253.9947 0.0000
-253.6788 0.0000
-253.4218 0.0000
-253.9286 0.0000
-254.3496 0.0000
-255.6394 0.0000
-255.6779 0.0000
-255.2261 0.0000
-255.1232 0.0000
-254.7343 0.0000
-255.4996 0.0000
-255.1698 0.0000
-255.2609 0.0000
-255.2044 0.0000
-255.6431 0.0000
-255.3271 0.0000
-255.7202 0.0000
-256.6605 0.0000
-256.2247 0.0000
-255.2893 0.0000
-255.8359 0.0000
-255.7475 0.0000
-256.1457 0.0000
-255.4155 0.0000
-254.6921 0.0000
-254.7827 0.0000
-254.8593 0.0000
-254.5975 0.0000
-254.5405 0.0000
-254.8284 0.0000
-254.3535 0.0000
-254.4466 0.0000
-254.7237 0.0000
-256.4501 0.0000
-256.5072 0.0000
-255.7967 0.0000
-256.5501 0.0000
-256.5140 0.0000
-257.1201 0.0000
-258.5570 0.0000
-257.4557 0.0000
-257.6506 0.0000
-257.0015 0.0000
-256.9052 0.0000
-257.0071 0.0000
-256.1201 0.0000
-256.5545 0.0000
-255.3334 0.0000
-255.7729 0.0000
-254.8207 0.0000
-254.9539 0.0000
-254.3717 0.0000
-254.3601 0.0000
-254.4553 0.0000
-254.6445 0.0000
-254.5120 0.0000
-254.4796 0.0000
-256.4150 0.0000
-256.3432 0.0000
-256.2328 0.0000
-256.7528 0.0000
-256.2170 0.0000
-256.0670 0.0000
-256.3722 0.0000
-255.7787 0.0000
-255.4976 0.0000
-255.2283 0.0000
-255.2800 0.0000
-255.9463 0.0000
-255.5480 0.0000
-255.6645 0.0000
-256.4006 0.0000
-257.0862 0.0000
-257.2623 0.0000
-257.7536 0.0000
-257.5930 0.0000
-257.3802 0.0000
-257.6890 0.0000
-256.8841 0.0000
-255.8553 0.0000
-254.6186 0.0000
-326.1572 0.0000
-324.3106 0.0000
-324.6691 0.0000
-324.5454 0.0000
-324.8342 0.0000
-324.9704 0.0000
-323.5662 0.0000
-325.1451 0.0000
-323.9803 0.0000
-323.8746 0.0000
-324.2514 0.0000
-324.0384 0.0000
-324.2401 0.0000
-325.3314 0.0000
-324.1360 0.0000
-325.8662 0.0000
-324.6033 0.0000
-324.8113 0.0000
-324.1535 0.0000
-325.5012 0.0000
-324.6135 0.0000
-325.4024 0.0000
-325.7484 0.0000
-324.9784 0.0000
-324.8330 0.0000
-324.6862 0.0000
-325.7516 0.0000
-325.8883 0.0000
-324.3892 0.0000
-325.4947 0.0000
-324.4906 0.0000
-323.9420 0.0000
-326.5849 0.0000
-324.1899 0.0000
-325.1842 0.0000
-325.1071 0.0000
-324.7622 0.0000
-325.2388 0.0000
-324.5341 0.0000
-325.0129 0.0000
-324.1894 0.0000
-325.5620 0.0000
-326.5742 0.0000
-324.9459 0.0000
-324.2046 0.0000
-324.6195 0.0000
-325.2250 0.0000
-326.2378 0.0000
-326.4677 0.0000
-325.1553 0.0000
-325.6490 0.0000
-323.6434 0.0000
-324.9101 0.0000
-325.7279 0.0000
-326.0372 0.0000
-325.0326 0.0000
-326.0942 0.0000
-325.3778 0.0000
-325.2715 0.0000
-324.1480 0.0000
-324.1893 0.0000
-324.8603 0.0000
-325.7614 0.0000
-324.4084 0.0000
-324.5607 0.0000
-325.4744 0.0000
-325.0204 0.0000
-324.5883 0.0000
-324.1920 0.0000
-325.2169 0.0000
-325.5119 0.0000
-325.6546 0.0000
-324.8017 0.0000
-324.6673 0.0000
-324.3944 0.0000
-324.9735 0.0000
-325.5260 0.0000
-325.0693 0.0000
-324.5241 0.0000
-325.3005 0.0000
-323.2491 0.0000
-325.5854 0.0000
-324.4243 0.0000
-324.1474 0.0000
-324.8147 0.0000
-324.7337 0.0000
-325.2527 0.0000
-325.6904 0.0000
-324.6310 0.0000
-324.6485 0.0000
-325.4734 0.0000
-324.9068 0.0000
-325.2897 0.0000
-325.4731 0.0000
-326.0109 0.0000
-324.4234 0.0000
-324.6800 0.0000
-325.9188 0.0000
-324.3515 0.0000
-324.1646 0.0000
-345.8133 0.0000
-345.5904 0.0000
-346.0040 0.0000
-344.7568 0.0000
-345.1987 0.0000
-344.8544 0.0000
-345.6128 0.0000
-346.2171 0.0000
-346.1507 0.0000
-346.0883 0.0000
-345.8657 0.0000
-347.0183 0.0000
-346.5438 0.0000
-345.2593 0.0000
-345.3188 0.0000
-345.2070 0.0000
-345.7926 0.0000
-346.2428 0.0000
-346.3558 0.0000
-346.6002 0.0000
-345.8129 0.0000
-346.3258 0.0000
-346.6865 0.0000
-345.9961 0.0000
-345.0737 0.0000
-346.0589 0.0000
-347.0107 0.0000
-345.4375 0.0000
-345.4369 0.0000
-345.9943 0.0000
-345.2960 0.0000
-346.1758 0.0000
-345.2986 0.0000
-345.4361 0.0000
-345.6863 0.0000
-345.7328 0.0000
-345.8135 0.0000
-346.3139 0.0000
-345.7173 0.0000
-346.5618 0.0000
-346.2960 0.0000
-346.0478 0.0000
-345.7013 0.0000
-345.4302 0.0000
-344.1381 0.0000
-346.0535 0.0000
-345.8064 0.0000
-345.3756 0.0000
-346.3453 0.0000
-346.4328 0.0000
-348.0839 0.0000
-346.7281 0.0000
-347.0803 0.0000
-346.9989 0.0000
-345.8082 0.0000
-346.7925 0.0000
-345.4179 0.0000
-345.6985 0.0000
-345.6688 0.0000
-346.3716 0.0000
-346.2079 0.0000
-346.5035 0.0000
-346.0485 0.0000
-346.8423 0.0000
-345.8993 0.0000
-346.3047 0.0000
-345.6548 0.0000
-345.4172 0.0000
-345.9919 0.0000
-345.6412 0.0000
-345.1275 0.0000
-346.1050 0.0000
-346.1844 0.0000
-345.6614 0.0000
-346.7406 0.0000
-345.9095 0.0000
-346.1689 0.0000
-346.0474 0.0000
-345.9483 0.0000
-346.2016 0.0000
-345.7532 0.0000
-347.3438 0.0000
-345.6971 0.0000
-344.9805 0.0000
-346.6742 0.0000
-346.1973 0.0000
-345.8685 0.0000
-346.3872 0.0000
-345.5500 0.0000
-345.2551 0.0000
-345.9218 0.0000
-346.1259 0.0000
-346.1413 0.0000
-344.9410 0.0000
-346.1165 0.0000
-345.9261 0.0000
-345.7225 0.0000
-346.7010 0.0000
-346.6631 0.0000
-345.7867 0.0000
-303.1655 0.0000
-302.7308 0.0000
-302.7643 0.0000
-303.1657 0.0000
-304.0215 0.0000
-306.2174 0.0000
-305.0572 0.0000
-303.9400 0.0000
-304.8341 0.0000
-303.4833 0.0000
-304.6341 0.0000
-303.5771 0.0000
-304.4657 0.0000
-305.2517 0.0000
-306.4597 0.0000
-305.2266 0.0000
-303.9866 0.0000
-304.4443 0.0000
-302.5171 0.0000
-301.6150 0.0000
-301.3483 0.0000
-301.0669 0.0000
-300.0706 0.0000
-299.8239 0.0000
-299.4431 0.0000
-300.3721 0.0000
-301.3478 0.0000
-300.3278 0.0000
-301.0486 0.0000
-301.2206 0.0000
-302.2072 0.0000
-301.0321 0.0000
-299.9393 0.0000
-300.0677 0.0000
-299.8962 0.0000
-299.5471 0.0000
-301.0785 0.0000
-301.3380 0.0000
-301.9222 0.0000
-302.1928 0.0000
-300.5513 0.0000
-300.5191 0.0000
-301.3301 0.0000
-301.2623 0.0000
-301.9789 0.0000
-301.5002 0.0000
-302.2655 0.0000
-303.4911 0.0000
-304.5750 0.0000
-303.9978 0.0000
-305.2089 0.0000
-304.5980 0.0000
-304.0359 0.0000
-302.4021 0.0000
-302.2711 0.0000
-302.8141 0.0000
-302.1854 0.0000
-301.9425 0.0000
-302.6157 0.0000
-303.4597 0.0000
-303.2364 0.0000
-303.2881 0.0000
-302.4231 0.0000
-300.7583 0.0000
-300.8403 0.0000
-300.7358 0.0000
-301.4480 0.0000
-301.8964 0.0000
-300.7608 0.0000
-300.6376 0.0000
-299.8389 0.0000
-300.3446 0.0000
-300.6295 0.0000
-300.9365 0.0000
-300.5929 0.0000
-300.5356 0.0000
-300.3142 0.0000
-300.6122 0.0000
-301.4562 0.0000
-300.2428 0.0000
-301.9581 0.0000
-300.0655 0.0000
-299.8815 0.0000
-300.9548 0.0000
-301.4768 0.0000
-302.9932 0.0000
-301.1079 0.0000
-301.4619 0.0000
-300.6141 0.0000
-300.3533 0.0000
-300.5056 0.0000
-299.3544 0.0000
-300.0844 0.0000
-300.2021 0.0000
-298.9293 0.0000
-298.9956 0.0000
-298.2551 0.0000
-297.6003 0.0000
-297.3009 0.0000
-297.8704 0.0000
-295.1226 0.0000
-293.4077 0.0000
-294.2601 0.0000
-292.7761 0.0000
-293.8480 0.0000
-293.3306 0.0000
-293.8258 0.0000
-294.2466 0.0000
-294.5313 0.0000
-292.8281 0.0000
-293.8955 0.0000
-294.3385 0.0000
-293.7944 0.0000
-293.5906 0.0000
-293.0377 0.0000
-293.5560 0.0000
-292.7804 0.0000
-293.2905 0.0000
-290.6116 0.0000
-291.4727 0.0000
-291.4211 0.0000
-291.9381 0.0000
-292.3970 0.0000
-291.4518 0.0000
-293.0766 0.0000
-292.0053 0.0000
-291.6861 0.0000
-292.7242 0.0000
-293.1692 0.0000
-293.1841 0.0000
-292.3876 0.0000
-292.1844 0.0000
-292.5690 0.0000
-290.2763 0.0000
-289.9638 0.0000
-290.9174 0.0000
-289.2039 0.0000
-290.8631 0.0000
-292.8295 0.0000
-291.2739 0.0000
-291.6871 0.0000
-291.4798 0.0000
-290.6844 0.0000
-290.7302 0.0000
-290.6725 0.0000
-290.2426 0.0000
-288.0177 0.0000
-287.4899 0.0000
-290.3047 0.0000
-288.9035 0.0000
-289.5262 0.0000
-288.8447 0.0000
-288.7274 0.0000
-288.8911 0.0000
-290.6287 0.0000
-289.2582 0.0000
-287.6959 0.0000
-288.8785 0.0000
-289.9400 0.0000
-288.9841 0.0000
-289.7587 0.0000
-289.2892 0.0000
-289.4040 0.0000
-290.1981 0.0000
-293.4037 0.0000
-289.3746 0.0000
-289.9176 0.0000
-288.4025 0.0000
-289.0959 0.0000
-288.1679 0.0000
-286.3343 0.0000
-287.2344 0.0000
-286.1833 0.0000
-286.6165 0.0000
-289.7744 0.0000
-285.4482 0.0000
-285.5551 0.0000
-283.8672 0.0000
-281.9240 0.0000
-282.3861 0.0000
-281.2293 0.0000
-279.9602 0.0000
-280.4508 0.0000
-282.7217 0.0000
-282.3222 0.0000
-280.6090 0.0000
-282.4056 0.0000
-284.7430 0.0000
-285.6773 0.0000
-285.8175 0.0000
-285.6578 0.0000
-288.7651 0.0000
-285.2797 0.0000
-283.6215 0.0000
-280.9603 0.0000
-280.7671 0.0000
-280.6284 0.0000
-281.3760 0.0000
-280.3832 0.0000
-280.7604 0.0000
-278.8767 0.0000
-278.6580 0.0000
-279.5613 0.0000
-278.9399 0.0000
-279.5537 0.0000
-278.1621 0.0000
-278.5281 0.0000
-277.1461 0.0000
-276.3156 0.0000
-276.8220 0.0000
-275.8863 0.0000
-275.5707 0.0000
-276.8036 0.0000
-276.9815 0.0000
-277.9879 0.0000
-277.4077 0.0000
-276.6415 0.0000
-275.1274 0.0000
-274.9185 0.0000
-276.1718 0.0000
-276.5263 0.0000
-277.3168 0.0000
-278.0742 0.0000
-279.2347 0.0000
-280.7443 0.0000
-280.4529 0.0000
-279.8092 0.0000
-279.2661 0.0000
-279.1608 0.0000
-281.3633 0.0000
-281.1945 0.0000
-281.2205 0.0000
-281.2360 0.0000
-281.5655 0.0000
-280.2499 0.0000
-281.2838 0.0000
-279.7081 0.0000
-280.8128 0.0000
-279.5567 0.0000
-278.6914 0.0000
-277.2828 0.0000
-280.1983 0.0000
-281.7161 0.0000
-282.9401 0.0000
-286.0211 0.0000
-286.3816 0.0000
-287.4938 0.0000
-287.8929 0.0000
-288.1064 0.0000
-286.9068 0.0000
-286.8595 0.0000
-288.5228 0.0000
-289.7078 0.0000
-289.6032 0.0000
-288.9321 0.0000
-287.4863 0.0000
-288.7058 0.0000
-288.5670 0.0000
-289.1434 0.0000
-291.9570 0.0000
-291.5233 0.0000
-293.7450 0.0000
-294.5672 0.0000
-294.1890 0.0000
-294.2016 0.0000
-292.3974 0.0000
-291.9554 0.0000
-292.5916 0.0000
-290.7878 0.0000
-290.6360 0.0000
-290.3728 0.0000
-292.2785 0.0000
-295.0318 0.0000
-294.8123 0.0000
-296.5010 0.0000
-293.6746 0.0000
-294.5540 0.0000
-294.7006 0.0000
-294.5474 0.0000
-295.7292 0.0000
-297.2514 0.0000
-298.7824 0.0000
-295.8055 0.0000
-294.7527 0.0000
-293.0410 0.0000
-291.5402 0.0000
-290.4673 0.0000
-292.1333 0.0000
-290.7185 0.0000
-291.0955 0.0000
-286.9174 0.0000
-288.6557 0.0000
-287.3180 0.0000
-285.9143 0.0000
-288.3870 0.0000
-291.8332 0.0000
-292.9537 0.0000
-291.7863 0.0000
-293.3863 0.0000
-293.3440 0.0000
-337.7302 0.0000
-338.1708 0.0000
-337.7606 0.0000
-338.7330 0.0000
-338.2200 0.0000
-340.2366 0.0000
-336.7448 0.0000
-338.3315 0.0000
-338.9808 0.0000
-338.2756 0.0000
-337.1641 0.0000
-338.6810 0.0000
-337.6407 0.0000
-338.6182 0.0000
-338.8890 0.0000
-339.4404 0.0000
-337.5041 0.0000
-340.3051 0.0000
-336.6320 0.0000
-339.7568 0.0000
-337.9590 0.0000
-339.5121 0.0000
-339.2166 0.0000
-338.8244 0.0000
-338.6835 0.0000
-338.5295 0.0000
-339.7075 0.0000
-337.5634 0.0000
-338.5804 0.0000
-338.3708 0.0000
-338.5696 0.0000
-338.1687 0.0000
-338.8258 0.0000
-338.6470 0.0000
-337.5306 0.0000
-338.2554 0.0000
-337.4112 0.0000
-337.9760 0.0000
-338.6462 0.0000
-337.6818 0.0000
-337.6643 0.0000
-338.8538 0.0000
-338.3147 0.0000
-339.2972 0.0000
-338.2906 0.0000
-338.3642 0.0000
-338.9703 0.0000
-339.6396 0.0000
-339.1005 0.0000
-340.9099 0.0000
-341.1671 0.0000
-340.6101 0.0000
-340.6509 0.0000
-338.3285 0.0000
-338.2291 0.0000
-339.2092 0.0000
-339.4051 0.0000
-338.8247 0.0000
-337.9076 0.0000
-336.9278 0.0000
-335.3316 0.0000
-334.9721 0.0000
-334.7738 0.0000
-334.4124 0.0000
-334.7266 0.0000
-335.0212 0.0000
-335.5983 0.0000
-334.9068 0.0000
-334.3277 0.0000
-333.5269 0.0000
-333.7105 0.0000
-333.7118 0.0000
-334.3663 0.0000
-332.9899 0.0000
-331.9158 0.0000
-332.6361 0.0000
-332.4321 0.0000
-332.0732 0.0000
-331.6556 0.0000
-329.8491 0.0000
-329.0815 0.0000
-330.5665 0.0000
-328.5798 0.0000
-326.8852 0.0000
-326.3575 0.0000
-327.1338 0.0000
-326.0482 0.0000
-326.1644 0.0000
-325.6562 0.0000
-325.8763 0.0000
-327.1246 0.0000
-326.8246 0.0000
-327.2808 0.0000
-328.3808 0.0000
-326.9742 0.0000
-325.8764 0.0000
-327.0408 0.0000
-326.3415 0.0000
-326.7930 0.0000
-327.8104 0.0000
-239.9797 0.0000
-240.6570 0.0000
-241.0576 0.0000
-239.0324 0.0000
-240.3641 0.0000
-240.8051 0.0000
-241.1067 0.0000
-241.1527 0.0000
-240.9724 0.0000
-239.8478 0.0000
-241.2177 0.0000
-240.7246 0.0000
-242.7698 0.0000
-244.6378 0.0000
-243.4580 0.0000
-244.5502 0.0000
-244.2126 0.0000
-244.4458 0.0000
-244.1549 0.0000
-245.6612 0.0000
-245.3249 0.0000
-245.7966 0.0000
-245.9604 0.0000
-245.7407 0.0000
-246.7559 0.0000
-245.5579 0.0000
-246.1264 0.0000
-245.2697 0.0000
-245.8586 0.0000
-245.2367 0.0000
-245.0605 0.0000
-245.4900 0.0000
-246.1113 0.0000
-246.1366 0.0000
-244.1449 0.0000
-242.6440 0.0000
-242.3553 0.0000
-244.4680 0.0000
-244.1445 0.0000
-245.1816 0.0000
-245.0438 0.0000
-244.2218 0.0000
-245.3990 0.0000
-244.1911 0.0000
-245.7762 0.0000
-243.8532 0.0000
-242.8838 0.0000
-242.6302 0.0000
-243.7472 0.0000
-243.2119 0.0000
-243.0819 0.0000
-241.2856 0.0000
-242.8235 0.0000
-241.8729 0.0000
-241.0352 0.0000
-240.4510 0.0000
-240.2442 0.0000
-239.0949 0.0000
-240.3729 0.0000
-240.4128 0.0000
-242.4099 0.0000
-241.7228 0.0000
-242.9598 0.0000
-241.7041 0.0000
-242.4006 0.0000
-240.9401 0.0000
-240.7150 0.0000
-240.8344 0.0000
-240.9647 0.0000
-241.2352 0.0000
-240.8600 0.0000
-240.4235 0.0000
-239.8250 0.0000
-239.1775 0.0000
-239.5828 0.0000
-239.5796 0.0000
-240.3575 0.0000
-239.3558 0.0000
-238.4959 0.0000
-237.7715 0.0000
-237.9675 0.0000
-237.9979 0.0000
-238.0189 0.0000
-239.6770 0.0000
-238.9142 0.0000
-238.7033 0.0000
-238.5301 0.0000
-238.2890 0.0000
-237.5143 0.0000
-238.2439 0.0000
-236.8769 0.0000
-236.9720 0.0000
-235.3904 0.0000
-235.0451 0.0000
-236.2219 0.0000
-236.5571 0.0000
-236.9722 0.0000
-236.6259 0.0000
-236.5291 0.0000
-237.3451 0.0000
-327.2044 0.0000
-326.7326 0.0000
-327.0911 0.0000
-326.7182 0.0000
-327.3512 0.0000
-328.1616 0.0000
-326.5168 0.0000
-326.9473 0.0000
-327.3898 0.0000
-327.8491 0.0000
-327.7944 0.0000
-328.0409 0.0000
-328.2859 0.0000
-328.9814 0.0000
-330.4190 0.0000
-329.2770 0.0000
-330.2580 0.0000
-328.3611 0.0000
-328.5816 0.0000
-328.8922 0.0000
-329.7181 0.0000
-328.5078 0.0000
-329.2580 0.0000
-328.1542 0.0000
-328.2229 0.0000
-329.0633 0.0000
-329.1260 0.0000
-329.0578 0.0000
-330.5093 0.0000
-330.2856 0.0000
-331.1741 0.0000
-331.9720 0.0000
-329.9854 0.0000
-330.1933 0.0000
-330.1014 0.0000
-329.2461 0.0000
-330.2450 0.0000
-329.9626 0.0000
-329.3666 0.0000
-327.9421 0.0000
-326.9871 0.0000
-327.3490 0.0000
-326.6735 0.0000
-327.0268 0.0000
-327.1381 0.0000
-327.0333 0.0000
-326.7820 0.0000
-327.4983 0.0000
-327.1740 0.0000
-327.7528 0.0000
-327.3093 0.0000
-328.2069 0.0000
-327.4186 0.0000
-327.6236 0.0000
-327.2786 0.0000
-327.9228 0.0000
-327.3836 0.0000
-327.2202 0.0000
-327.5175 0.0000
-326.3807 0.0000
-327.0997 0.0000
-326.4217 0.0000
-326.4189 0.0000
-325.6834 0.0000
-325.5208 0.0000
-325.6243 0.0000
-326.2924 0.0000
-325.4405 0.0000
-325.8140 0.0000
-326.6119 0.0000
-326.6811 0.0000
-326.6546 0.0000
-327.7874 0.0000
-326.9812 0.0000
-327.6256 0.0000
-327.8663 0.0000
-328.8993 0.0000
-327.7990 0.0000
-328.7549 0.0000
-328.4384 0.0000
-328.6980 0.0000
-328.6126 0.0000
-328.8376 0.0000
-329.4732 0.0000
-328.3551 0.0000
-328.7309 0.0000
-329.1392 0.0000
-328.9204 0.0000
-327.9869 0.0000
-328.2532 0.0000
-328.0146 0.0000
-327.7883 0.0000
-327.2774 0.0000
-329.2530 0.0000
-327.5460 0.0000
-327.8329 0.0000
-327.8232 0.0000
-327.6851 0.0000
-326.6963 0.0000
-325.8811 0.0000
-300.0658 0.0000
-299.4812 0.0000
-299.6015 0.0000
-299.4311 0.0000
-297.5054 0.0000
-296.4034 0.0000
-296.1391 0.0000
-295.4266 0.0000
-295.5669 0.0000
-295.2972 0.0000
-295.4582 0.0000
-294.7785 0.0000
-295.5270 0.0000
-295.6298 0.0000
-295.1803 0.0000
-294.7144 0.0000
-293.4792 0.0000
-293.4094 0.0000
-293.4856 0.0000
-294.6390 0.0000
-294.4537 0.0000
-293.0979 0.0000
-294.4770 0.0000
-294.3617 0.0000
-292.9231 0.0000
-292.0248 0.0000
-293.4632 0.0000
-293.8591 0.0000
-293.7117 0.0000
-293.9545 0.0000
-293.0627 0.0000
-293.1307 0.0000
-293.6352 0.0000
-293.4892 0.0000
-293.2819 0.0000
-293.6039 0.0000
-294.5565 0.0000
-294.7830 0.0000
-296.2504 0.0000
-295.9667 0.0000
-296.4154 0.0000
-296.3751 0.0000
-293.6515 0.0000
-292.6310 0.0000
-292.4253 0.0000
-290.9460 0.0000
-291.0282 0.0000
-289.7894 0.0000
-289.7214 0.0000
-288.8448 0.0000
-290.2106 0.0000
-290.6369 0.0000
-290.3999 0.0000
-290.2069 0.0000
-289.8810 0.0000
-291.4134 0.0000
-290.6319 0.0000
-288.7877 0.0000
-291.3895 0.0000
-287.7811 0.0000
-287.1940 0.0000
-286.6503 0.0000
-285.5906 0.0000
-285.6997 0.0000
-285.2899 0.0000
-285.0253 0.0000
-286.3761 0.0000
-284.7133 0.0000
-284.5548 0.0000
-284.3454 0.0000
-285.0677 0.0000
-285.3743 0.0000
-285.5407 0.0000
-286.0507 0.0000
-286.3880 0.0000
-286.3461 0.0000
-286.1959 0.0000
-285.9255 0.0000
-286.7909 0.0000
-286.5684 0.0000
-286.7952 0.0000
-286.6233 0.0000
-286.7918 0.0000
-287.6805 0.0000
-285.3490 0.0000
-286.2790 0.0000
-284.8568 0.0000
-285.2742 0.0000
-284.0324 0.0000
-284.7601 0.0000
-285.9849 0.0000
-285.2358 0.0000
-286.0080 0.0000
-287.1313 0.0000
-287.5585 0.0000
-286.9105 0.0000
-287.9497 0.0000
-286.7826 0.0000
-287.2643 0.0000
-287.5610 0.0000
-299.1015 0.0000
-298.1051 0.0000
-298.4872 0.0000
-299.1181 0.0000
-299.0505 0.0000
-298.0493 0.0000
-298.0533 0.0000
-299.4701 0.0000
-298.4755 0.0000
-298.5186 0.0000
-298.2688 0.0000
-297.3730 0.0000
-298.8328 0.0000
-298.5089 0.0000
-298.4930 0.0000
-299.0379 0.0000
-299.0428 0.0000
-298.6697 0.0000
-297.4113 0.0000
-298.8495 0.0000
-297.8972 0.0000
-298.1988 0.0000
-299.1194 0.0000
-297.9970 0.0000
-296.6844 0.0000
-298.5059 0.0000
-299.3538 0.0000
-297.7903 0.0000
-298.4016 0.0000
-297.7245 0.0000
-298.0305 0.0000
-297.9284 0.0000
-298.8530 0.0000
-297.3650 0.0000
-299.3125 0.0000
-297.8900 0.0000
-297.3946 0.0000
-298.8638 0.0000
-298.0956 0.0000
-298.1110 0.0000
-297.4350 0.0000
-298.5266 0.0000
-297.9457 0.0000
-298.4365 0.0000
-298.2859 0.0000
-297.7680 0.0000
-296.9140 0.0000
-297.6205 0.0000
-298.6321 0.0000
-297.9400 0.0000
-298.8872 0.0000
-297.9351 0.0000
-298.1488 0.0000
-299.4596 0.0000
-299.1507 0.0000
-297.9520 0.0000
-297.7478 0.0000
-298.5601 0.0000
-298.4936 0.0000
-298.4496 0.0000
-298.7314 0.0000
-296.5451 0.0000
-297.4539 0.0000
-297.0524 0.0000
-298.0424 0.0000
-298.6213 0.0000
-298.3483 0.0000
-298.2731 0.0000
-298.0208 0.0000
-298.2311 0.0000
-297.6994 0.0000
-298.1334 0.0000
-297.7749 0.0000
-296.5650 0.0000
-298.4238 0.0000
-298.0033 0.0000
-297.7644 0.0000
-297.7219 0.0000
-297.9756 0.0000
-298.2403 0.0000
-299.3022 0.0000
-298.2444 0.0000
-298.7784 0.0000
-299.2503 0.0000
-298.7751 0.0000
-297.9467 0.0000
-298.4093 0.0000
-299.4361 0.0000
-298.0665 0.0000
-299.8619 0.0000
-298.0388 0.0000
-297.3250 0.0000
-298.3848 0.0000
-298.6335 0.0000
-297.9922 0.0000
-297.6717 0.0000
-298.6540 0.0000
-299.0409 0.0000
-298.7966 0.0000
-298.9054 0.0000
-298.2159 0.0000
-298.9777 0.0000
-298.9304 0.0000
-297.3629 0.0000
-298.3494 0.0000
-297.5241 0.0000
-297.6433 0.0000
-298.1895 0.0000
-297.3957 0.0000
-298.1804 0.0000
-297.5266 0.0000
-297.3147 0.0000
-297.4403 0.0000
-298.3835 0.0000
-297.2645 0.0000
-298.8631 0.0000
-297.2481 0.0000
-298.6302 0.0000
-298.9680 0.0000
-297.2295 0.0000
-297.7789 0.0000
-297.5724 0.0000
-298.2300 0.0000
-297.9109 0.0000
-298.9498 0.0000
-298.1823 0.0000
-298.7727 0.0000
-298.1808 0.0000
-299.5669 0.0000
-298.6804 0.0000
-298.1559 0.0000
-297.7984 0.0000
-298.2087 0.0000
-298.7561 0.0000
-297.6487 0.0000
-298.0182 0.0000
-297.1663 0.0000
-298.4026 0.0000
-297.4142 0.0000
-298.0500 0.0000
-297.3384 0.0000
-298.5443 0.0000
-298.6622 0.0000
-298.7541 0.0000
-298.3736 0.0000
-297.5006 0.0000
-297.9942 0.0000
-298.5658 0.0000
-297.4872 0.0000
-298.5509 0.0000
-298.0326 0.0000
-298.0942 0.0000
-299.1545 0.0000
-298.5412 0.0000
-299.4433 0.0000
-298.6550 0.0000
-298.6766 0.0000
-298.4882 0.0000
-297.9147 0.0000
-298.4169 0.0000
-298.9581 0.0000
-297.4614 0.0000
-298.1696 0.0000
-298.2313 0.0000
-297.6134 0.0000
-297.8488 0.0000
-298.3089 0.0000
-298.3922 0.0000
-298.6538 0.0000
-296.5540 0.0000
-298.9774 0.0000
-298.2936 0.0000
-298.9431 0.0000
-298.2771 0.0000
-297.5548 0.0000
-297.6943 0.0000
-299.4854 0.0000
-298.2917 0.0000
-297.7865 0.0000
-298.2677 0.0000
-297.3370 0.0000
-297.6843 0.0000
-298.3179 0.0000
-298.0403 0.0000
-297.9458 0.0000
-297.6262 0.0000
-297.4752 0.0000
-298.2221 0.0000
-298.6333 0.0000
-298.3143 0.0000
-297.8954 0.0000
-298.6221 0.0000
-298.3360 0.0000
-299.0483 0.0000
-297.9911 0.0000
-297.5863 0.0000
-297.0577 0.0000
-297.6277 0.0000
-299.2850 0.0000
-298.3344 0.0000
-297.6136 0.0000
-298.2889 0.0000
-299.2941 0.0000
-298.4307 0.0000
-298.2014 0.0000
-298.5799 0.0000
-298.7647 0.0000
-298.5273 0.0000
-298.0412 0.0000
-298.9205 0.0000
-298.3775 0.0000
-298.1222 0.0000
-297.2668 0.0000
-298.8928 0.0000
-298.3379 0.0000
-298.7995 0.0000
-298.1816 0.0000
-298.2886 0.0000
-297.9211 0.0000
-297.2225 0.0000
-298.3485 0.0000
-298.0284 0.0000
-299.0076 0.0000
-297.4903 0.0000
-297.8081 0.0000
-297.9494 0.0000
-298.3204 0.0000
-298.1109 0.0000
-296.9016 0.0000
-297.7830 0.0000
-297.6630 0.0000
-297.6002 0.0000
-299.2125 0.0000
-297.8581 0.0000
-297.9677 0.0000
-298.4737 0.0000
-298.3245 0.0000
-296.6974 0.0000
-298.2588 0.0000
-297.3976 0.0000
-297.9362 0.0000
-298.0173 0.0000
-297.5925 0.0000
-298.5594 0.0000
-297.4319 0.0000
-299.4194 0.0000
-298.6370 0.0000
-299.2895 0.0000
-297.8823 0.0000
-297.0745 0.0000
-298.5085 0.0000
-298.3431 0.0000
-298.2585 0.0000
-297.6926 0.0000
-298.1717 0.0000
-298.6001 0.0000
-297.8401 0.0000
-299.1173 0.0000
-297.6864 0.0000
-297.2204 0.0000
-298.1115 0.0000
-297.9925 0.0000
-298.4363 0.0000
-299.0032 0.0000
-298.6644 0.0000
-298.5871 0.0000
-297.4797 0.0000
-299.0142 0.0000
-298.1249 0.0000
-298.3056 0.0000
-298.4408 0.0000
-298.7137 0.0000
-297.8026 0.0000
-298.0618 0.0000
-298.1168 0.0000
-297.3302 0.0000
-297.1340 0.0000
-298.4839 0.0000
-298.5680 0.0000
-298.5286 0.0000
-299.4127 0.0000
-297.9245 0.0000
-298.6123 0.0000
-298.4344 0.0000
-297.2979 0.0000
-298.8427 0.0000
-298.1593 0.0000
-298.8048 0.0000
-297.9026 0.0000
-298.6820 0.0000
-299.1874 0.0000
-298.7965 0.0000
-298.0650 0.0000
-297.1882 0.0000
-298.4106 0.0000
-297.5538 0.0000
-297.5557 0.0000
-298.3445 0.0000
-298.3891 0.0000
-298.0118 0.0000
-298.6975 0.0000
-298.4721 0.0000
-297.8565 0.0000
-297.7949 0.0000
-298.2176 0.0000
-298.1176 0.0000
-298.1400 0.0000
-298.4770 0.0000
-298.1280 0.0000
-298.1248 0.0000
-297.9299 0.0000
-297.4545 0.0000
-297.8868 0.0000
-298.6792 0.0000
-298.4979 0.0000
-297.8099 0.0000
-297.7165 0.0000
-298.1372 0.0000
-298.0209 0.0000
-298.0382 0.0000
-297.2974 0.0000
-297.8374 0.0000
-298.2084 0.0000
-298.3478 0.0000
-297.5449 0.0000
-298.9501 0.0000
-297.3522 0.0000
-298.0233 0.0000
-298.6602 0.0000
-297.9994 0.0000
-298.8540 0.0000
-298.6245 0.0000
-298.1892 0.0000
-297.6467 0.0000
-296.9453 0.0000
-299.9077 0.0000
-298.6955 0.0000
-299.5379 0.0000
-298.5622 0.0000
-298.7524 0.0000
-299.2860 0.0000
-298.5136 0.0000
-298.8001 0.0000
-297.7879 0.0000
-299.5103 0.0000
-297.7468 0.0000
-299.0054 0.0000
-297.4381 0.0000
-299.2459 0.0000
-298.3674 0.0000
-299.3658 0.0000
-298.2242 0.0000
-298.8573 0.0000
-299.4165 0.0000
-298.7414 0.0000
-298.2414 0.0000
-298.7691 0.0000
-298.0817 0.0000
-298.2685 0.0000
-298.6086 0.0000
-298.5536 0.0000
-298.6506 0.0000
-298.0264 0.0000
-298.9271 0.0000
-297.3489 0.0000
-297.1929 0.0000
-298.9811 0.0000
-298.4652 0.0000
-298.9878 0.0000
-297.9499 0.0000
-298.5191 0.0000
-297.7554 0.0000
-297.9717 0.0000
-298.9512 0.0000
-298.5871 0.0000
-298.2117 0.0000
-297.7407 0.0000
-298.2488 0.0000
-297.1150 0.0000
-298.7203 0.0000
-298.6545 0.0000
-298.9985 0.0000
-298.5362 0.0000
-297.7791 0.0000
-297.6262 0.0000
-298.2595 0.0000
-298.2267 0.0000
-297.3129 0.0000
-298.5289 0.0000
-296.9203 0.0000
-298.7300 0.0000
-298.0614 0.0000
-298.4533 0.0000
-297.5536 0.0000
-298.2118 0.0000
-297.6006 0.0000
-297.9311 0.0000
-297.9577 0.0000
-298.9680 0.0000
-297.9486 0.0000
-297.9818 0.0000
-297.8478 0.0000
-297.8753 0.0000
-298.5924 0.0000
-299.1083 0.0000
-297.6635 0.0000
-298.0330 0.0000
-297.6692 0.0000
-297.6018 0.0000
-297.9785 0.0000
-297.8634 0.0000
-297.0794 0.0000
-297.8057 0.0000
-297.7933 0.0000
-297.6629 0.0000
-298.5028 0.0000
-298.4432 0.0000
-298.7439 0.0000
-297.4883 0.0000
-297.5160 0.0000
-298.5997 0.0000
-298.0145 0.0000
-297.9282 0.0000
-298.7073 0.0000
-297.7252 0.0000
-298.1780 0.0000
-298.3724 0.0000
-298.1977 0.0000
-298.2839 0.0000
-298.2817 0.0000
-298.3953 0.0000
-298.7545 0.0000
-297.9640 0.0000
-297.9319 0.0000
-297.2058 0.0000
-297.4567 0.0000
-298.1683 0.0000
-297.6323 0.0000
-299.6426 0.0000
-297.8210 0.0000
-298.2287 0.0000
-297.9447 0.0000
-297.7123 0.0000
-298.1015 0.0000
-297.6462 0.0000
-297.1590 0.0000
-298.1833 0.0000
-298.6674 0.0000
-297.7791 0.0000
-297.4235 0.0000
-298.3846 0.0000
-298.0821 0.0000
-298.0565 0.0000
-297.3966 0.0000
-298.6371 0.0000
-297.5786 0.0000
-298.9283 0.0000
-299.1007 0.0000
-297.9980 0.0000
-297.7063 0.0000
-298.0493 0.0000
-297.0359 0.0000
-298.2390 0.0000
-297.2896 0.0000
-298.1567 0.0000
-299.2200 0.0000
-297.9852 0.0000
-298.1606 0.0000
-298.4131 0.0000
-298.6716 0.0000
-298.2482 0.0000
-298.8710 0.0000
-298.8484 0.0000
-298.2681 0.0000
-297.9301 0.0000
-298.4650 0.0000
-298.8380 0.0000
-298.2717 0.0000
-298.1692 0.0000
-298.3458 0.0000
-298.5298 0.0000
-299.0759 0.0000
-298.2144 0.0000
-298.9842 0.0000
-298.3520 0.0000
-297.6505 0.0000
-298.1665 0.0000
-298.0771 0.0000
-298.5024 0.0000
-298.1113 0.0000
-297.3245 0.0000
-297.7746 0.0000
-298.8975 0.0000
-297.8989 0.0000
-298.1313 0.0000
-298.5979 0.0000
-297.6303 0.0000
-297.5552 0.0000
-298.2074 0.0000
-298.6611 0.0000
-297.9649 0.0000
-297.3650 0.0000
-297.3126 0.0000
-299.5046 0.0000
-297.5108 0.0000
-298.5310 0.0000
-297.9769 0.0000
-298.4299 0.0000
-298.7229 0.0000
-297.7358 0.0000
-297.7118 0.0000
-297.6590 0.0000
-298.2703 0.0000
-297.5836 0.0000
-298.0667 0.0000
-298.2339 0.0000
-298.6100 0.0000
-298.0769 0.0000
-298.1004 0.0000
-297.1917 0.0000
-297.8881 0.0000
-298.0213 0.0000
-298.3142 0.0000
-298.2543 0.0000
-297.9925 0.0000
-299.3504 0.0000
-297.7043 0.0000
-298.7180 0.0000
-299.6681 0.0000
-299.2009 0.0000
-297.6866 0.0000
-297.7674 0.0000
-297.5780 0.0000
-298.8386 0.0000
-298.5878 0.0000
-298.4514 0.0000
-298.2505 0.0000
-297.0347 0.0000
-298.0107 0.0000
-297.3070 0.0000
-299.0466 0.0000
-297.0978 0.0000
-298.5777 0.0000
-298.8650 0.0000
-298.6098 0.0000
-298.1989 0.0000
-297.3599 0.0000
-297.3387 0.0000
-298.3007 0.0000
-298.4349 0.0000
-297.6209 0.0000
-298.5450 0.0000
-298.8061 0.0000
-299.0369 0.0000
-297.5897 0.0000
-298.2008 0.0000
-298.5217 0.0000
-298.0441 0.0000
-298.4820 0.0000
-298.2476 0.0000
-298.6928 0.0000
-296.8478 0.0000
-298.2271 0.0000
-298.8956 0.0000
-298.3017 0.0000
-298.1462 0.0000
-298.2159 0.0000
-298.8273 0.0000
-299.3021 0.0000
-298.0375 0.0000
-299.0297 0.0000
-298.1585 0.0000
-297.9124 0.0000
-299.1337 0.0000
-297.5655 0.0000
-298.5936 0.0000
-298.6163 0.0000
-298.0137 0.0000
-298.7266 0.0000
-297.0124 0.0000
-298.2565 0.0000
-296.7800 0.0000
-298.2844 0.0000
-298.2276 0.0000
-297.6059 0.0000
-298.0608 0.0000
-297.8607 0.0000
-299.0606 0.0000
-298.0529 0.0000
-298.4616 0.0000
-298.7618 0.0000
-297.6485 0.0000
-299.4134 0.0000
-298.7040 0.0000
-298.6241 0.0000
-297.9964 0.0000
-298.0633 0.0000
-298.3312 0.0000
-298.0566 0.0000
-298.7351 0.0000
-298.0636 0.0000
-298.3864 0.0000
-297.5616 0.0000
-297.4521 0.0000
-298.6885 0.0000
-298.7796 0.0000
-298.6496 0.0000
-298.6302 0.0000
-298.9778 0.0000
-299.2056 0.0000
-297.7218 0.0000
-299.6514 0.0000
-297.8199 0.0000
-298.4927 0.0000
-298.7297 0.0000
-298.3841 0.0000
-297.1585 0.0000
-297.7132 0.0000
-297.7871 0.0000
-296.6670 0.0000
-298.3770 0.0000
-298.1251 0.0000
-297.9796 0.0000
-298.0337 0.0000
-297.9026 0.0000
-298.1276 0.0000
-298.4986 0.0000
-299.0276 0.0000
-297.1747 0.0000
-296.9617 0.0000
-298.4579 0.0000
-298.2920 0.0000
-297.9292 0.0000
-298.2719 0.0000
-299.0853 0.0000
-298.1800 0.0000
-297.7585 0.0000
-297.5776 0.0000
-298.0647 0.0000
-298.5656 0.0000
-297.2727 0.0000
-297.2089 0.0000
-296.8099 0.0000
-298.8763 0.0000
-298.8846 0.0000
-298.6987 0.0000
-298.9151 0.0000
-297.7935 0.0000
-298.5775 0.0000
-297.1164 0.0000
-299.2422 0.0000
-299.6141 0.0000
-299.9439 0.0000
-297.5710 0.0000
-298.7667 0.0000
-298.1490 0.0000
-297.7630 0.0000
-298.3368 0.0000
-297.9048 0.0000
-297.7152 0.0000
-297.9447 0.0000
-298.1381 0.0000
-298.3878 0.0000
-298.8352 0.0000
-298.4497 0.0000
-297.6466 0.0000
-297.3487 0.0000
-298.6685 0.0000
-297.3488 0.0000
-298.2555 0.0000
-298.1931 0.0000
-297.5303 0.0000
-299.4220 0.0000
-297.3874 0.0000
-298.1276 0.0000
-298.5196 0.0000
-297.8036 0.0000
-299.6811 0.0000
-298.7412 0.0000
-298.0284 0.0000
-298.1341 0.0000
-297.1394 0.0000
-298.4573 0.0000
-297.8127 0.0000
-298.3514 0.0000
-297.9402 0.0000
-299.3420 0.0000
-298.9936 0.0000
-298.3732 0.0000
-297.7665 0.0000
-298.6243 0.0000
-298.4590 0.0000
-297.5380 0.0000
-298.5561 0.0000
-297.8130 0.0000
-297.8293 0.0000
-300.2456 0.0000
-297.3685 0.0000
-298.4431 0.0000
-296.4643 0.0000
-298.5037 0.0000
-298.4824 0.0000
-298.1644 0.0000
-297.2354 0.0000
-298.6336 0.0000
-298.8062 0.0000
-298.5438 0.0000
-296.8609 0.0000
-298.1208 0.0000
-297.5654 0.0000
-298.0644 0.0000
-298.5523 0.0000
-298.3623 0.0000
-299.1983 0.0000
-298.2031 0.0000
-297.5783 0.0000
-297.5103 0.0000
-299.5153 0.0000
-297.9410 0.0000
-298.2512 0.0000
-298.8094 0.0000
-298.3183 0.0000
-298.3009 0.0000
-298.3814 0.0000
-297.8424 0.0000
-298.2955 0.0000
-298.0669 0.0000
-298.9189 0.0000
-298.0800 0.0000
-297.6225 0.0000
-298.2117 0.0000
-298.3750 0.0000
-297.2867 0.0000
-299.2703 0.0000
-299.1021 0.0000
-298.1861 0.0000
-298.0510 0.0000
-298.1143 0.0000
-298.8003 0.0000
-297.8182 0.0000
-298.8613 0.0000
-297.8220 0.0000
-298.3020 0.0000
-297.0356 0.0000
-298.1437 0.0000
-297.3991 0.0000
-299.6076 0.0000
-297.1359 0.0000
-297.3402 0.0000
-297.8533 0.0000
-297.8008 0.0000
-298.0181 0.0000
-297.8989 0.0000
-296.7274 0.0000
-299.2779 0.0000
-299.1258 0.0000
-298.5443 0.0000
-299.3639 0.0000
-298.7126 0.0000
-297.5507 0.0000
-296.8947 0.0000
-297.6774 0.0000
-299.8669 0.0000
-297.8382 0.0000
-297.9034 0.0000
-298.8780 0.0000
-298.5910 0.0000
-298.6991 0.0000
-297.9096 0.0000
-298.9969 0.0000
-297.9815 0.0000
-298.9072 0.0000
-298.5871 0.0000
-296.9777 0.0000
-298.6601 0.0000
-298.2974 0.0000
-297.6293 0.0000
-297.9895 0.0000
-298.7006 0.0000
-298.6551 0.0000
-298.0791 0.0000
-298.5021 0.0000
-298.5244 0.0000
-299.2787 0.0000
-297.9763 0.0000
-298.8585 0.0000
-297.5165 0.0000
-298.2570 0.0000
-297.0833 0.0000
-299.4114 0.0000
-298.5410 0.0000
-298.2727 0.0000
-297.7058 0.0000
-297.2269 0.0000
-297.4719 0.0000
-298.1576 0.0000
-297.4799 0.0000
-297.9205 0.0000
-298.0081 0.0000
-298.1143 0.0000
-299.2080 0.0000
-297.9659 0.0000
-297.5712 0.0000
-299.0288 0.0000
-297.0236 0.0000
-298.0438 0.0000
-297.2210 0.0000
-297.9431 0.0000
-297.4665 0.0000
-298.1359 0.0000
-297.3557 0.0000
-298.9166 0.0000
-297.7857 0.0000
-297.0476 0.0000
-297.1670 0.0000
-298.0977 0.0000
-297.3102 0.0000
-298.4791 0.0000
-297.7551 0.0000
-298.1260 0.0000
-298.7494 0.0000
-298.3647 0.0000
-297.3885 0.0000
-298.5653 0.0000
-297.4555 0.0000
-296.7971 0.0000
-298.0590 0.0000
-297.5752 0.0000
-298.3416 0.0000
-298.4083 0.0000
-298.2831 0.0000
-298.5258 0.0000
-297.1607 0.0000
-297.7757 0.0000
-299.5157 0.0000
-298.0146 0.0000
-299.0434 0.0000
-297.8903 0.0000
-298.0290 0.0000
-298.1250 0.0000
-298.1161 0.0000
-297.8492 0.0000
-297.8792 0.0000
-297.9054 0.0000
-298.2100 0.0000
-297.9922 0.0000
-297.8556 0.0000
-298.5859 0.0000
-298.6089 0.0000
-299.0723 0.0000
-297.4052 0.0000
-297.7914 0.0000
-298.7514 0.0000
-298.1397 0.0000
-298.1115 0.0000
-298.3884 0.0000
-298.5457 0.0000
-297.7256 0.0000
-297.8165 0.0000
-298.0820 0.0000
-297.6670 0.0000
-297.4290 0.0000
-298.4176 0.0000
-298.1508 0.0000
-298.3441 0.0000
-298.2427 0.0000
-298.1362 0.0000
-298.1524 0.0000
-298.3073 0.0000
-297.9331 0.0000
-298.1028 0.0000
-298.3372 0.0000
-298.7518 0.0000
-298.5102 0.0000
-298.2739 0.0000
-298.0010 0.0000
-297.8980 0.0000
-298.2821 0.0000
-298.6948 0.0000
-298.1811 0.0000
-298.1180 0.0000
-298.7116 0.0000
-298.1015 0.0000
-298.4211 0.0000
-298.4884 0.0000
-297.7131 0.0000
-298.7511 0.0000
-298.4358 0.0000
-298.0686 0.0000
-297.7842 0.0000
-299.0935 0.0000
-298.3258 0.0000
-298.6801 0.0000
-298.1294 0.0000
-298.1772 0.0000
-298.3241 0.0000
-297.7172 0.0000
-297.9628 0.0000
-297.7764 0.0000
-297.9960 0.0000
-298.4962 0.0000
-297.5324 0.0000
-298.2134 0.0000
-298.3121 0.0000
-299.0553 0.0000
-298.2189 0.0000
-297.7530 0.0000
-298.4132 0.0000
-297.3710 0.0000
-297.7109 0.0000
-297.8860 0.0000
-299.7978 0.0000
-297.6449 0.0000
-298.7460 0.0000
-299.6642 0.0000
-298.1657 0.0000
-298.3625 0.0000
-296.6509 0.0000
-298.6775 0.0000
-297.9390 0.0000
-297.7718 0.0000
-298.0761 0.0000
-298.4841 0.0000
-298.3151 0.0000
-298.2466 0.0000
-299.5976 0.0000
-298.4263 0.0000
-297.4049 0.0000
-298.1896 0.0000
-298.5208 0.0000
-299.3440 0.0000
-297.9092 0.0000
-298.5010 0.0000
-297.3086 0.0000
-297.6572 0.0000
-298.3414 0.0000
-298.3482 0.0000
-298.0501 0.0000
-299.0624 0.0000
-297.7436 0.0000
-297.9665 0.0000
-298.5360 0.0000
-297.9336 0.0000
-298.2330 0.0000
-298.5609 0.0000
-298.3254 0.0000
-297.4198 0.0000
-298.1445 0.0000
-297.1174 0.0000
-298.0813 0.0000
-299.3443 0.0000
-298.3688 0.0000
-298.2003 0.0000
-297.7785 0.0000
-298.7201 0.0000
-298.7562 0.0000
-298.2242 0.0000
-298.7021 0.0000
-298.3053 0.0000
-297.1652 0.0000
-298.9694 0.0000
-298.4124 0.0000
-298.7927 0.0000
-299.5192 0.0000
-298.7936 0.0000
-298.6618 0.0000
-297.5349 0.0000
-298.6022 0.0000
-297.9900 0.0000
-298.3592 0.0000
-297.8025 0.0000
-298.5243 0.0000
-297.8686 0.0000
-298.1441 0.0000
-298.9176 0.0000
-297.0786 0.0000
-298.9184 0.0000
-297.2151 0.0000
-298.0566 0.0000
-298.3746 0.0000
-297.9990 0.0000
-299.0063 0.0000
-296.8906 0.0000
-298.1743 0.0000
-297.8509 0.0000
-299.0901 0.0000
-298.2067 0.0000
-298.2126 0.0000
-298.2088 0.0000
-298.5759 0.0000
-298.5656 0.0000
-299.0186 0.0000
-298.8135 0.0000
-298.3456 0.0000
-298.6943 0.0000
-298.8136 0.0000
-297.7713 0.0000
-297.7552 0.0000
-298.2014 0.0000
-298.6283 0.0000
-297.7781 0.0000
-298.0626 0.0000
-299.9426 0.0000
-299.1599 0.0000
-298.5859 0.0000
-298.0539 0.0000
-298.6795 0.0000
-297.7687 0.0000
-297.7344 0.0000
-297.2068 0.0000
-297.6605 0.0000
-298.1823 0.0000
-298.5503 0.0000
-297.3166 0.0000
-298.2658 0.0000
-298.6293 0.0000
-298.1026 0.0000
-297.2860 0.0000
-298.1626 0.0000
-298.4960 0.0000
-299.7711 0.0000
-297.8883 0.0000
-297.5882 0.0000
-297.7668 0.0000
-298.3065 0.0000
-298.2715 0.0000
-297.8281 0.0000
-298.7712 0.0000
-298.7619 0.0000
-297.7909 0.0000
-297.8054 0.0000
-298.0381 0.0000
-298.1234 0.0000
-298.0208 0.0000
-299.5696 0.0000
-297.2614 0.0000
-298.6713 0.0000
-297.4117 0.0000
-298.2015 0.0000
-299.3790 0.0000
-297.6255 0.0000
-297.3295 0.0000
-297.8537 0.0000
-299.1417 0.0000
-298.5773 0.0000
-297.9243 0.0000
-298.0694 0.0000
-298.1849 0.0000
-297.2775 0.0000
-297.4028 0.0000
-297.8223 0.0000
-297.6942 0.0000
-298.2904 0.0000
-298.4105 0.0000
-297.7807 0.0000
-297.8168 0.0000
-298.5436 0.0000
-299.5251 0.0000
-297.4961 0.0000
-297.3303 0.0000
-299.4751 0.0000
-297.6992 0.0000
-297.5795 0.0000
-298.1896 0.0000
-297.9531 0.0000
-297.8441 0.0000
-298.8507 0.0000
-298.4143 0.0000
-298.6725 0.0000
-297.5425 0.0000
-297.8643 0.0000
-298.3563 0.0000
-297.5624 0.0000
-297.6765 0.0000
-298.1641 0.0000
-298.1645 0.0000
-297.5234 0.0000
-299.1154 0.0000
-297.9876 0.0000
-298.6049 0.0000
-297.7841 0.0000
-297.0730 0.0000
-297.6481 0.0000
-298.4677 0.0000
-299.4854 0.0000
-298.4685 0.0000
-298.3785 0.0000
-298.1112 0.0000
-298.8475 0.0000
-297.5195 0.0000
-297.6219 0.0000
-298.4108 0.0000
-299.0301 0.0000
-298.3291 0.0000
-297.9632 0.0000
-298.6301 0.0000
-298.5739 0.0000
-299.3433 0.0000
-297.3556 0.0000
-299.5596 0.0000
-298.6034 0.0000
-298.2240 0.0000
-297.5719 0.0000
-298.4872 0.0000
-298.0495 0.0000
-296.8808 0.0000
-299.3901 0.0000
-297.1234 0.0000
-297.8470 0.0000
-298.0316 0.0000
-297.6340 0.0000
-298.2002 0.0000
-298.6769 0.0000
-298.4670 0.0000
-297.6624 0.0000
-298.1100 0.0000
-298.4745 0.0000
-298.5521 0.0000
-299.2937 0.0000
-298.6008 0.0000
-298.2477 0.0000
-298.9800 0.0000
-298.4651 0.0000
-298.5116 0.0000
-298.3947 0.0000
-297.5037 0.0000
-297.6387 0.0000
-297.2791 0.0000
-298.0044 0.0000
-298.3001 0.0000
-298.6659 0.0000
-297.8446 0.0000
-296.9105 0.0000
-297.7753 0.0000
-297.8784 0.0000
-298.5143 0.0000
-298.4283 0.0000
-298.8460 0.0000
-296.8663 0.0000
-297.7822 0.0000
-299.0142 0.0000
-298.0340 0.0000
-297.5150 0.0000
-298.5161 0.0000
-298.9599 0.0000
-298.5388 0.0000
-298.2516 0.0000
-297.5937 0.0000
-298.2732 0.0000
-298.2150 0.0000
-297.5378 0.0000
-299.0074 0.0000
-298.2778 0.0000
-297.1374 0.0000
-298.5948 0.0000
-298.8463 0.0000
-298.2848 0.0000
-297.6903 0.0000
-298.3715 0.0000
-297.6073 0.0000
-298.3613 0.0000
-298.0107 0.0000
-298.4982 0.0000
-298.6767 0.0000
-296.9926 0.0000
-298.0711 0.0000
-298.3016 0.0000
-297.6298 0.0000
-297.8991 0.0000
-297.9284 0.0000
-298.1519 0.0000
-297.9121 0.0000
-298.2975 0.0000
-298.5456 0.0000
-298.7830 0.0000
-297.6738 0.0000
-297.3482 0.0000
-297.5995 0.0000
-299.1934 0.0000
-298.9618 0.0000
-297.4883 0.0000
-298.6426 0.0000
-297.3522 0.0000
-297.2966 0.0000
-298.5464 0.0000
-298.5339 0.0000
-297.3545 0.0000
-298.0486 0.0000
-299.0696 0.0000
-299.0837 0.0000
-298.5782 0.0000
-298.7815 0.0000
-299.6724 0.0000
-297.7272 0.0000
-298.3039 0.0000
-297.5891 0.0000
-297.8907 0.0000
-297.6788 0.0000
-298.3819 0.0000
-297.9683 0.0000
-298.6756 0.0000
-299.5366 0.0000
-298.6469 0.0000
-297.5377 0.0000
-299.1497 0.0000
-298.0324 0.0000
-297.2585 0.0000
-298.7086 0.0000
-297.2961 0.0000
-298.1414 0.0000
-298.5758 0.0000
-298.0781 0.0000
-297.7775 0.0000
-298.2051 0.0000
-297.6751 0.0000
-297.5198 0.0000
-297.8721 0.0000
-298.6870 0.0000
-297.8666 0.0000
-297.2853 0.0000
-299.1964 0.0000
-297.3868 0.0000
-297.8334 0.0000
-298.5137 0.0000
-298.2164 0.0000
-298.3828 0.0000
-298.4034 0.0000
-298.9481 0.0000
-298.3314 0.0000
-297.7201 0.0000
-298.8470 0.0000
-298.7349 0.0000
-297.7169 0.0000
-297.7691 0.0000
-298.5198 0.0000
-297.4349 0.0000
-298.3623 0.0000
-297.3892 0.0000
-297.6656 0.0000
-297.0423 0.0000
-298.1722 0.0000
-297.4689 0.0000
-298.9099 0.0000
-297.6456 0.0000
-298.6703 0.0000
-297.6943 0.0000
-298.7300 0.0000
-299.2379 0.0000
-297.5493 0.0000
-298.6532 0.0000
-298.7398 0.0000
-297.3531 0.0000
-297.7623 0.0000
-298.5931 0.0000
-297.0998 0.0000
-298.6751 0.0000
-298.9981 0.0000
-298.8582 0.0000
-299.2376 0.0000
-298.0849 0.0000
-297.9712 0.0000
-298.0178 0.0000
-297.4842 0.0000
-298.4828 0.0000
-297.7555 0.0000
-298.0292 0.0000
-298.6266 0.0000
-297.0453 0.0000
-297.5121 0.0000
-297.9361 0.0000
-299.2402 0.0000
-297.7843 0.0000
-297.7595 0.0000
-298.5451 0.0000
-298.8182 0.0000
-298.7054 0.0000
-297.9107 0.0000
-298.4434 0.0000
-297.8628 0.0000
-298.6749 0.0000
-297.9429 0.0000
-297.9773 0.0000
-300.0016 0.0000
-298.8029 0.0000
-297.4993 0.0000
-298.5047 0.0000
-297.5627 0.0000
-298.6022 0.0000
-298.7792 0.0000
-297.1959 0.0000
-298.8075 0.0000
-297.1140 0.0000
-297.5373 0.0000
-298.2708 0.0000
-298.9893 0.0000
-298.4369 0.0000
-298.6642 0.0000
-298.1808 0.0000
-298.0118 0.0000
-297.7260 0.0000
-297.6393 0.0000
-299.0330 0.0000
-298.1802 0.0000
-298.0247 0.0000
-299.1603 0.0000
-297.7708 0.0000
-297.7905 0.0000
-299.1217 0.0000
-298.2937 0.0000
-298.6711 0.0000
-296.7562 0.0000
-298.1358 0.0000
-298.1741 0.0000
-297.3240 0.0000
-298.0102 0.0000
-297.8455 0.0000
-298.0023 0.0000
-298.5355 0.0000
-298.4519 0.0000
-298.5928 0.0000
-298.0387 0.0000
-298.4901 0.0000
-298.0003 0.0000
-296.1954 0.0000
-298.4210 0.0000
-297.0092 0.0000
-296.6980 0.0000
-299.0201 0.0000
-299.5942 0.0000
-298.1827 0.0000
-298.7060 0.0000
-298.8336 0.0000
-296.5052 0.0000
-297.4312 0.0000
-296.7155 0.0000
-297.7367 0.0000
-298.2336 0.0000
-298.5404 0.0000
-297.5906 0.0000
-297.8941 0.0000
-298.7294 0.0000
-297.8349 0.0000
-297.8087 0.0000
-298.4508 0.0000
-298.8706 0.0000
-298.0456 0.0000
-296.8691 0.0000
-298.1263 0.0000
-297.6830 0.0000
-296.7601 0.0000
-298.3186 0.0000
-298.0461 0.0000
-297.4921 0.0000
-297.9655 0.0000
-299.0891 0.0000
-298.3860 0.0000
-298.1467 0.0000
-298.7932 0.0000
-297.1904 0.0000
-297.9943 0.0000
-297.2031 0.0000
-298.4825 0.0000
-296.8370 0.0000
-297.3214 0.0000
-298.4064 0.0000
-298.5480 0.0000
-298.3084 0.0000
-298.8164 0.0000
-298.5125 0.0000
-297.6960 0.0000
-297.8116 0.0000
-299.6362 0.0000
-298.5532 0.0000
-297.6745 0.0000
-297.9938 0.0000
-298.6727 0.0000
-298.4310 0.0000
-297.8101 0.0000
-297.8851 0.0000
-299.6214 0.0000
-297.6571 0.0000
-298.4012 0.0000
-299.0676 0.0000
-298.8840 0.0000
-299.0196 0.0000
-297.4597 0.0000
-298.1196 0.0000
-299.2776 0.0000
-298.1792 0.0000
-297.9272 0.0000
-297.8944 0.0000
-299.1816 0.0000
-297.6781 0.0000
-298.3716 0.0000
-298.4434 0.0000
-298.1294 0.0000
-298.5782 0.0000
-298.2516 0.0000
-298.8326 0.0000
-296.8135 0.0000
-297.3368 0.0000
-298.4980 0.0000
-298.0835 0.0000
-298.2622 0.0000
-299.1073 0.0000
-298.1609 0.0000
-298.7227 0.0000
-298.6905 0.0000
-297.3381 0.0000
-296.4635 0.0000
-299.0455 0.0000
-299.1072 0.0000
-299.1889 0.0000
-298.3134 0.0000
-297.2598 0.0000
-298.3077 0.0000
-297.3635 0.0000
-298.7855 0.0000
-297.4223 0.0000
-298.0314 0.0000
-297.1088 0.0000
-298.4463 0.0000
-298.5094 0.0000
-299.0640 0.0000
-299.0053 0.0000
-296.1908 0.0000
-298.3211 0.0000
-298.7106 0.0000
-298.1899 0.0000
-298.5508 0.0000
-299.3072 0.0000
-297.9706 0.0000
-298.3628 0.0000
-298.8887 0.0000
-297.6178 0.0000
-300.0074 0.0000
-298.6898 0.0000
-298.0820 0.0000
-299.0818 0.0000
-298.1149 0.0000
-298.7826 0.0000
-298.7340 0.0000
-297.7565 0.0000
-300.0046 0.0000
-298.3489 0.0000
-298.2291 0.0000
-297.2508 0.0000
-298.3689 0.0000
-297.3734 0.0000
-298.7065 0.0000
-297.4643 0.0000
-298.3454 0.0000
-297.6270 0.0000
-298.3585 0.0000
-298.9926 0.0000
-298.3636 0.0000
-298.3521 0.0000
-299.2098 0.0000
-297.8326 0.0000
-297.3818 0.0000
-299.4018 0.0000
-298.1054 0.0000
-297.8425 0.0000
-298.7684 0.0000
-297.6663 0.0000
-298.3066 0.0000
-297.2926 0.0000
-298.4241 0.0000
-299.3672 0.0000
-299.2340 0.0000
-299.0011 0.0000
-297.9351 0.0000
-298.5134 0.0000
-298.4207 0.0000
-298.9240 0.0000
-298.3962 0.0000
-298.9256 0.0000
-298.9519 0.0000
-299.0965 0.0000
-298.7580 0.0000
-297.3378 0.0000
-298.5703 0.0000
-297.9408 0.0000
-298.0518 0.0000
-297.6953 0.0000
-297.9426 0.0000
-299.0771 0.0000
-298.5268 0.0000
-297.3440 0.0000
-298.7381 0.0000
-298.6091 0.0000
-298.2719 0.0000
-299.4155 0.0000
-299.1434 0.0000
-297.6904 0.0000
-298.5419 0.0000
-298.0142 0.0000
-298.6385 0.0000
-298.8839 0.0000
-298.3804 0.0000
-298.1560 0.0000
-298.2713 0.0000
-297.5389 0.0000
-298.1580 0.0000
-297.1558 0.0000
-298.5126 0.0000
-298.8949 0.0000
-298.3546 0.0000
-298.1269 0.0000
-298.5248 0.0000
-297.3647 0.0000
-298.0920 0.0000
-298.1809 0.0000
-297.8975 0.0000
-298.3957 0.0000
-299.4382 0.0000
-297.9703 0.0000
-298.0390 0.0000
-299.5347 0.0000
-298.7522 0.0000
-298.7020 0.0000
-298.4634 0.0000
-298.4739 0.0000
-298.2136 0.0000
-298.9030 0.0000
-298.0892 0.0000
-297.8910 0.0000
-298.5313 0.0000
-297.9090 0.0000
-297.9464 0.0000
-299.6028 0.0000
-297.6775 0.0000
-298.1969 0.0000
-298.0823 0.0000
-298.0513 0.0000
-298.1466 0.0000
-297.2670 0.0000
-298.8095 0.0000
-298.4246 0.0000
-299.1079 0.0000
-297.3613 0.0000
-297.4772 0.0000
-297.9203 0.0000
-298.6751 0.0000
-297.9817 0.0000
-298.1651 0.0000
-298.2622 0.0000
-297.8205 0.0000
-298.1447 0.0000
-297.2806 0.0000
-297.6466 0.0000
-297.9738 0.0000
-298.2097 0.0000
-298.3622 0.0000
-298.1070 0.0000
-297.3679 0.0000
-297.8542 0.0000
-297.7228 0.0000
-298.8781 0.0000
-297.0684 0.0000
-298.2668 0.0000
-299.0495 0.0000
-298.9291 0.0000
-298.6420 0.0000
-298.6252 0.0000
-299.1108 0.0000
-297.9579 0.0000
-298.8007 0.0000
-297.1619 0.0000
-297.7759 0.0000
-297.8933 0.0000
-298.0990 0.0000
-298.8499 0.0000
-298.1885 0.0000
-299.3422 0.0000
-297.1396 0.0000
-298.7334 0.0000
-298.8652 0.0000
-298.9526 0.0000
-299.3008 0.0000
-298.0628 0.0000
-299.2881 0.0000
-298.0343 0.0000
-298.3192 0.0000
-298.1079 0.0000
-298.2837 0.0000
-297.9878 0.0000
-297.9557 0.0000
-297.5918 0.0000
-298.6343 0.0000
-299.1423 0.0000
-298.1235 0.0000
-298.5606 0.0000
-298.2693 0.0000
-298.3288 0.0000
-297.5352 0.0000
-298.3366 0.0000
-297.8461 0.0000
-298.3638 0.0000
-299.5684 0.0000
-296.3009 0.0000
-299.0896 0.0000
-298.1734 0.0000
-297.4635 0.0000
-297.9751 0.0000
-298.1629 0.0000
-299.5846 0.0000
-298.4812 0.0000
-297.4802 0.0000
-297.9744 0.0000
-298.1229 0.0000
-299.5764 0.0000
-298.4723 0.0000
-298.4973 0.0000
-297.5825 0.0000
-299.2683 0.0000
-298.1505 0.0000
-298.7223 0.0000
-297.6822 0.0000
-298.1550 0.0000
-298.5249 0.0000
-299.0010 0.0000
-297.1833 0.0000
-297.8481 0.0000
-297.9363 0.0000
-299.2256 0.0000
-298.4397 0.0000
-297.6431 0.0000
-298.6225 0.0000
-297.9738 0.0000
-298.9389 0.0000
-297.9761 0.0000
-296.7543 0.0000
-299.0455 0.0000
-297.1504 0.0000
-297.0318 0.0000
-298.4848 0.0000
-298.2123 0.0000
-297.6807 0.0000
-299.3524 0.0000
-297.8457 0.0000
-297.7435 0.0000
-298.2285 0.0000
-298.1438 0.0000
-298.5592 0.0000
-298.6416 0.0000
-297.9939 0.0000
-298.0772 0.0000
-297.6238 0.0000
-299.0838 0.0000
-297.7883 0.0000
-297.5249 0.0000
-297.9501 0.0000
-298.0212 0.0000
-297.4630 0.0000
-298.3092 0.0000
-298.7427 0.0000
-297.9224 0.0000
-297.6234 0.0000
-298.5453 0.0000
-298.0521 0.0000
-298.4420 0.0000
-298.1054 0.0000
-297.2863 0.0000
-298.9478 0.0000
-298.6697 0.0000
-298.5777 0.0000
-299.1217 0.0000
-297.9435 0.0000
-298.4409 0.0000
-297.9717 0.0000
-298.3688 0.0000
-298.5098 0.0000
-299.0096 0.0000
-296.7914 0.0000
-297.2954 0.0000
-298.6346 0.0000
-299.1973 0.0000
-298.8902 0.0000
-296.7767 0.0000
-298.9052 0.0000
-297.7381 0.0000
-297.5210 0.0000
-297.1903 0.0000
-298.5947 0.0000
-298.8201 0.0000
-297.5781 0.0000
-298.5380 0.0000
-297.8089 0.0000
-297.8168 0.0000
-298.2966 0.0000
-298.1068 0.0000
-298.1474 0.0000
-298.2372 0.0000
-298.1038 0.0000
-298.3702 0.0000
-297.6867 0.0000
-297.5812 0.0000
-298.8876 0.0000
-298.4143 0.0000
-297.7306 0.0000
-299.2651 0.0000
-297.0786 0.0000
-298.8003 0.0000
-298.2524 0.0000
-298.5996 0.0000
-298.2545 0.0000
-298.5924 0.0000
-297.9279 0.0000
-297.7227 0.0000
-297.6973 0.0000
-298.7210 0.0000
-298.0125 0.0000
-298.0810 0.0000
-298.3321 0.0000
-298.6430 0.0000
-297.2334 0.0000
-298.4549 0.0000
-298.3000 0.0000
-297.6955 0.0000
-298.3957 0.0000
-298.2092 0.0000
-298.3390 0.0000
-299.4125 0.0000
-297.8308 0.0000
-298.7392 0.0000
-297.9438 0.0000
-298.9401 0.0000
-298.6735 0.0000
-299.1530 0.0000
-297.9577 0.0000
-298.1066 0.0000
-298.0689 0.0000
-298.9368 0.0000
-299.1676 0.0000
-297.1022 0.0000
-297.5606 0.0000
-298.2157 0.0000
-299.1984 0.0000
-298.7641 0.0000
-298.3980 0.0000
-298.7710 0.0000
-297.1692 0.0000
-297.8083 0.0000
-298.8076 0.0000
-298.2454 0.0000
-298.7126 0.0000
-298.2059 0.0000
-298.5098 0.0000
-298.6304 0.0000
-298.7431 0.0000
-298.6744 0.0000
-298.9852 0.0000
-298.7098 0.0000
-297.3754 0.0000
-298.4955 0.0000
-298.7158 0.0000
-298.4562 0.0000
-300.0192 0.0000
-298.5689 0.0000
-298.1810 0.0000
-298.3806 0.0000
-298.3603 0.0000
-297.9497 0.0000
-298.9086 0.0000
-299.5258 0.0000
-299.5131 0.0000
-297.8390 0.0000
-298.1329 0.0000
-298.8738 0.0000
-298.4323 0.0000
-298.2249 0.0000
-297.5147 0.0000
-298.0057 0.0000
-298.6115 0.0000
-297.7099 0.0000
-298.3884 0.0000
-299.9077 0.0000
-298.5254 0.0000
-297.9163 0.0000
-299.6948 0.0000
-298.0691 0.0000
-298.1946 0.0000
-298.1335 0.0000
-299.4713 0.0000
-298.6518 0.0000
-298.3164 0.0000
-298.0709 0.0000
-297.3830 0.0000
-298.3943 0.0000
-297.6558 0.0000
-298.6136 0.0000
-298.5006 0.0000
-297.9249 0.0000
-298.5437 0.0000
-298.0257 0.0000
-298.6851 0.0000
-299.3587 0.0000
-297.3758 0.0000
-297.9563 0.0000
-297.3485 0.0000
-297.9386 0.0000
-298.0568 0.0000
-298.5836 0.0000
-299.0216 0.0000
-298.4923 0.0000
-298.2264 0.0000
-298.3541 0.0000
-297.3999 0.0000
-298.7334 0.0000
-298.3934 0.0000
-298.6226 0.0000
-297.8335 0.0000
-298.0404 0.0000
-298.2486 0.0000
-297.7124 0.0000
-298.9196 0.0000
-297.7114 0.0000
-298.0180 0.0000
-298.9213 0.0000
-297.7673 0.0000
-298.3348 0.0000
-298.2402 0.0000
-298.8484 0.0000
-298.3898 0.0000
-297.5396 0.0000
-298.1722 0.0000
-299.6838 0.0000
-299.0204 0.0000
-297.5721 0.0000
-298.0061 0.0000
-297.3882 0.0000
-298.0041 0.0000
-298.5085 0.0000
-296.8572 0.0000
-297.6019 0.0000
-297.5605 0.0000
-299.1714 0.0000
-298.1157 0.0000
-299.7215 0.0000
-298.3905 0.0000
-297.1174 0.0000
-298.6202 0.0000
-298.6863 0.0000
-298.1556 0.0000
-298.7857 0.0000
-297.2242 0.0000
-298.7090 0.0000
-298.7576 0.0000
-298.8582 0.0000
-298.5079 0.0000
-298.1457 0.0000
-297.5900 0.0000
-299.3981 0.0000
-298.6557 0.0000
-297.1898 0.0000
-298.3010 0.0000
-298.6891 0.0000
-298.4384 0.0000
-297.7892 0.0000
-297.7626 0.0000
-298.1950 0.0000
-297.6707 0.0000
-298.6867 0.0000
-298.3214 0.0000
-298.5873 0.0000
-298.5227 0.0000
-298.4388 0.0000
-297.8287 0.0000
-298.2433 0.0000
-298.0393 0.0000
-297.5168 0.0000
-298.0452 0.0000
-298.6644 0.0000
-299.1209 0.0000
-299.0409 0.0000
-297.3062 0.0000
-297.5407 0.0000
-297.6284 0.0000
-298.4149 0.0000
-298.3910 0.0000
-297.6963 0.0000
-298.1010 0.0000
-298.3008 0.0000
-298.6925 0.0000
-298.6840 0.0000
-298.9384 0.0000
-298.5171 0.0000
-297.4501 0.0000
-298.5918 0.0000
-296.8806 0.0000
-297.9497 0.0000
-296.7050 0.0000
-297.0628 0.0000
-297.6159 0.0000
-297.7467 0.0000
-297.5909 0.0000
-298.6171 0.0000
-298.1516 0.0000
-297.9611 0.0000
-298.0374 0.0000
-298.2539 0.0000
-297.6199 0.0000
-298.5972 0.0000
-298.7570 0.0000
-298.3404 0.0000
-298.4989 0.0000
-297.7657 0.0000
-299.1105 0.0000
-298.0419 0.0000
-297.9272 0.0000
-299.2754 0.0000
-298.1286 0.0000
-298.4229 0.0000
-297.8385 0.0000
-297.3530 0.0000
-298.1162 0.0000
-298.5189 0.0000
-297.7056 0.0000
-298.2057 0.0000
-298.9871 0.0000
-298.1631 0.0000
-297.8065 0.0000
-297.9797 0.0000
-298.0877 0.0000
-298.6258 0.0000
-297.7510 0.0000
-298.2006 0.0000
-297.4356 0.0000
-297.4082 0.0000
-298.5295 0.0000
-298.0481 0.0000
-298.3572 0.0000
-298.7194 0.0000
-298.2124 0.0000
-297.3524 0.0000
-299.1179 0.0000
-298.2552 0.0000
-298.5852 0.0000
-299.2954 0.0000
-298.1296 0.0000
-297.9003 0.0000
-298.1181 0.0000
-299.1471 0.0000
-297.2477 0.0000
-297.7935 0.0000
-298.4027 0.0000
-297.8708 0.0000
-299.9713 0.0000
-298.2698 0.0000
-298.7374 0.0000
-298.5432 0.0000
-298.7730 0.0000
-297.8640 0.0000
-297.3543 0.0000
-299.1079 0.0000
-298.5488 0.0000
-297.1297 0.0000
-298.6183 0.0000
-297.7107 0.0000
-299.0136 0.0000
-299.0605 0.0000
-298.0732 0.0000
-299.1666 0.0000
-298.6816 0.0000
-298.7026 0.0000
-297.5500 0.0000
-298.7304 0.0000
-297.1088 0.0000
-298.0529 0.0000
-298.9463 0.0000
-296.7598 0.0000
-297.5860 0.0000
-299.8707 0.0000
-299.1589 0.0000
-298.2281 0.0000
-298.4532 0.0000
-298.7048 0.0000
-297.5203 0.0000
-298.0079 0.0000
-298.5302 0.0000
-298.0470 0.0000
-297.8013 0.0000
-298.8237 0.0000
-297.7209 0.0000
-298.5331 0.0000
-297.8408 0.0000
-298.7314 0.0000
-297.8613 0.0000
-298.7184 0.0000
-298.6565 0.0000
-298.7612 0.0000
-297.8111 0.0000
-298.3730 0.0000
-297.8722 0.0000
-298.1109 0.0000
-299.0304 0.0000
-297.9857 0.0000
-297.7375 0.0000
-297.6329 0.0000
-298.8465 0.0000
-298.8990 0.0000
-298.6865 0.0000
-297.2094 0.0000
-297.4397 0.0000
-298.2035 0.0000
-297.7729 0.0000
-297.5503 0.0000
-298.4496 0.0000
-297.9559 0.0000
-297.4988 0.0000
-298.5558 0.0000
-297.8721 0.0000
-298.0937 0.0000
-297.3201 0.0000
-297.9601 0.0000
-298.4041 0.0000
-298.0395 0.0000
-297.9768 0.0000
-298.8623 0.0000
-298.0016 0.0000
-298.1928 0.0000
-299.2846 0.0000
-298.1035 0.0000
-298.4560 0.0000
-299.0449 0.0000
-299.1439 0.0000
-296.6700 0.0000
-297.5989 0.0000
-298.0047 0.0000
-299.1805 0.0000
-299.5633 0.0000
-297.7237 0.0000
-298.2844 0.0000
-297.5075 0.0000
-298.2318 0.0000
-298.7338 0.0000
-298.2748 0.0000
-298.6348 0.0000
-298.7999 0.0000
-298.2317 0.0000
-298.6762 0.0000
-296.5271 0.0000
-298.9814 0.0000
-297.5768 0.0000
-297.6042 0.0000
-299.0916 0.0000
-298.5203 0.0000
-298.2304 0.0000
-299.2004 0.0000
-298.6259 0.0000
-297.9738 0.0000
-297.8213 0.0000
-298.2587 0.0000
-298.5069 0.0000
-298.4766 0.0000
-298.1115 0.0000
-297.6776 0.0000
-297.1131 0.0000
-297.6085 0.0000
-298.7915 0.0000
-298.1081 0.0000
-297.9096 0.0000
-298.2104 0.0000
-298.7856 0.0000
-299.8755 0.0000
-298.4844 0.0000
-297.5228 0.0000
-297.1483 0.0000
-298.8788 0.0000
-298.5130 0.0000
-297.2268 0.0000
-298.7260 0.0000
-297.6228 0.0000
-297.7602 0.0000
-298.1667 0.0000
-299.1148 0.0000
-298.8504 0.0000
-298.2673 0.0000
-298.7515 0.0000
-297.7144 0.0000
-298.1338 0.0000
-297.6183 0.0000
-298.5085 0.0000
-298.2562 0.0000
-297.2081 0.0000
-297.8729 0.0000
-298.3422 0.0000
-298.0254 0.0000
-298.7426 0.0000
-298.5979 0.0000
-298.3292 0.0000
-297.0140 0.0000
-296.8838 0.0000
-299.0946 0.0000
-298.4368 0.0000
-298.9781 0.0000
-298.7736 0.0000
-297.9576 0.0000
-298.4849 0.0000
-298.1838 0.0000
-299.2092 0.0000
-297.2894 0.0000
-297.2161 0.0000
-297.4578 0.0000
-298.2628 0.0000
-298.8925 0.0000
-298.7227 0.0000
-298.6761 0.0000
-297.2414 0.0000
-297.8366 0.0000
-297.6501 0.0000
-298.4339 0.0000
-297.3479 0.0000
-298.4808 0.0000
-298.3208 0.0000
-299.2766 0.0000
-298.3397 0.0000
-298.2830 0.0000
-298.0718 0.0000
-297.3598 0.0000
-299.1844 0.0000
-297.5343 0.0000
-297.8084 0.0000
-298.1733 0.0000
-298.3149 0.0000
-298.5654 0.0000
-297.3323 0.0000
-298.8208 0.0000
-298.8969 0.0000
-298.1066 0.0000
-298.3141 0.0000
-297.3173 0.0000
-298.0966 0.0000
-298.0765 0.0000
-298.8446 0.0000
-297.9150 0.0000
-297.4191 0.0000
-298.4819 0.0000
-297.7557 0.0000
-298.7958 0.0000
-298.4248 0.0000
-298.9390 0.0000
-299.8115 0.0000
-299.4787 0.0000
-297.9233 0.0000
-297.4133 0.0000
-298.3132 0.0000
-297.1636 0.0000
-296.8076 0.0000
-297.3716 0.0000
-298.1085 0.0000
-298.1478 0.0000
-299.0376 0.0000
-299.0025 0.0000
-299.2192 0.0000
-299.2262 0.0000
-297.6346 0.0000
-298.2457 0.0000
-298.6470 0.0000
-297.7536 0.0000
-298.3056 0.0000
-298.2772 0.0000
-298.9137 0.0000
-298.4736 0.0000
-297.7253 0.0000
-299.5286 0.0000
-297.8764 0.0000
-298.4609 0.0000
-298.0687 0.0000
-300.0401 0.0000
-298.6986 0.0000
-298.6740 0.0000
-298.6658 0.0000
-299.4815 0.0000
-299.0409 0.0000
-297.4040 0.0000
-299.7453 0.0000
-297.2976 0.0000
-297.9024 0.0000
-297.8609 0.0000
-297.6446 0.0000
-298.2193 0.0000
-297.8617 0.0000
-298.4154 0.0000
-297.9602 0.0000
-298.3980 0.0000
-298.8221 0.0000
-298.8484 0.0000
-298.9988 0.0000
-297.8165 0.0000
-298.7799 0.0000
-297.7062 0.0000
-298.9893 0.0000
-299.4462 0.0000
-298.2619 0.0000
-298.7383 0.0000
-297.4453 0.0000
-297.5668 0.0000
-297.9316 0.0000
-298.7559 0.0000
-297.8853 0.0000
-296.9075 0.0000
-298.5445 0.0000
-297.0372 0.0000
-298.4454 0.0000
-298.2645 0.0000
-297.9320 0.0000
-298.8063 0.0000
-297.6678 0.0000
-297.0077 0.0000
-298.5408 0.0000
-298.1734 0.0000
-297.5122 0.0000
-298.4169 0.0000
-296.8997 0.0000
-297.4416 0.0000
-299.0888 0.0000
-297.8726 0.0000
-298.3852 0.0000
-297.9501 0.0000
-297.2553 0.0000
-297.1730 0.0000
-298.0208 0.0000
-298.3198 0.0000
-297.9600 0.0000
-298.2116 0.0000
-298.1253 0.0000
-297.8824 0.0000
-299.1135 0.0000
-297.7972 0.0000
-297.6864 0.0000
-297.9100 0.0000
-298.7555 0.0000
-296.7386 0.0000
-297.5207 0.0000
-298.7808 0.0000
-298.3066 0.0000
-297.5845 0.0000
-298.9138 0.0000
-297.2942 0.0000
-298.3295 0.0000
-297.6639 0.0000
-298.9219 0.0000
-297.9280 0.0000
-297.8631 0.0000
-298.8135 0.0000
-297.2543 0.0000
-298.6691 0.0000
-298.6979 0.0000
-299.2352 0.0000
-299.0221 0.0000
-298.7745 0.0000
-297.8675 0.0000
-298.1124 0.0000
-298.0255 0.0000
-298.1973 0.0000
-297.8209 0.0000
-297.5026 0.0000
-297.7412 0.0000
-297.3636 0.0000
-298.3457 0.0000
-298.4542 0.0000
-297.6718 0.0000
-297.9360 0.0000
-297.7365 0.0000
-298.0742 0.0000
-298.4023 0.0000
-298.7371 0.0000
-297.9270 0.0000
-299.3017 0.0000
-298.5944 0.0000
-297.5154 0.0000
-297.2894 0.0000
-297.7906 0.0000
-297.2863 0.0000
-297.7920 0.0000
-298.1591 0.0000
-298.1994 0.0000
-297.6067 0.0000
-297.3800 0.0000
-298.3951 0.0000
-297.3291 0.0000
-298.3701 0.0000
-298.0655 0.0000
-298.6044 0.0000
-299.3056 0.0000
-298.1139 0.0000
-298.4667 0.0000
-298.4040 0.0000
-297.0262 0.0000
-297.7565 0.0000
-298.6868 0.0000
-298.1780 0.0000
-298.4200 0.0000
-299.2945 0.0000
-297.8121 0.0000
-298.1054 0.0000
-297.6742 0.0000
