-100.0000 -100.0000
-345.6235 0.0000
-343.6192 0.0000
-342.9447 0.0000
-342.4974 0.0000
-342.1210 0.0000
-343.0051 0.0000
-342.8463 0.0000
-342.0267 0.0000
-341.3616 0.0000
-341.0592 0.0000
-342.0034 0.0000
-342.0049 0.0000
-342.0792 0.0000
-342.3260 0.0000
-341.8578 0.0000
-341.5692 0.0000
-341.0057 0.0000
-340.6824 0.0000
-340.2146 0.0000
-340.1077 0.0000
-340.3411 0.0000
-340.4868 0.0000
-340.2047 0.0000
-339.7784 0.0000
-340.6112 0.0000
-339.8150 0.0000
-339.6600 0.0000
-339.9343 0.0000
-339.1485 0.0000
-339.0860 0.0000
-337.9796 0.0000
-337.7954 0.0000
-337.4501 0.0000
-336.6785 0.0000
-337.0137 0.0000
-336.6747 0.0000
-336.1374 0.0000
-336.1785 0.0000
-335.7870 0.0000
-335.7946 0.0000
-336.3396 0.0000
-336.5508 0.0000
-336.2297 0.0000
-336.2319 0.0000
-336.2685 0.0000
-335.7083 0.0000
-335.7029 0.0000
-336.1000 0.0000
-336.4986 0.0000
-336.2418 0.0000
-336.8948 0.0000
-337.4731 0.0000
-336.6524 0.0000
-336.8530 0.0000
-337.0668 0.0000
-337.5233 0.0000
-337.4197 0.0000
-337.1451 0.0000
-336.6594 0.0000
-336.6420 0.0000
-337.0539 0.0000
-337.2009 0.0000
-337.2834 0.0000
-336.6336 0.0000
-337.1943 0.0000
-337.4376 0.0000
-337.5947 0.0000
-338.4002 0.0000
-338.1204 0.0000
-337.9745 0.0000
-337.3843 0.0000
-338.0122 0.0000
-337.6413 0.0000
-336.6882 0.0000
-336.7249 0.0000
-336.6515 0.0000
-337.4192 0.0000
-336.2594 0.0000
-335.6585 0.0000
-335.5404 0.0000
-336.2455 0.0000
-336.2768 0.0000
-336.8297 0.0000
-335.9200 0.0000
-335.5839 0.0000
-335.3077 0.0000
-335.6013 0.0000
-335.1689 0.0000
-335.2192 0.0000
-335.6024 0.0000
-335.5814 0.0000
-336.2125 0.0000
-335.0617 0.0000
-334.5920 0.0000
-334.6290 0.0000
-334.4134 0.0000
-334.7411 0.0000
-334.9767 0.0000
-334.8937 0.0000
-334.6313 0.0000
-327.0055 0.0000
-326.4698 0.0000
-326.3141 0.0000
-326.9130 0.0000
-327.2705 0.0000
-327.4219 0.0000
-327.1968 0.0000
-327.1114 0.0000
-327.5241 0.0000
-327.5985 0.0000
-327.7877 0.0000
-327.2665 0.0000
-326.5613 0.0000
-326.1200 0.0000
-325.8917 0.0000
-326.4556 0.0000
-325.8414 0.0000
-326.4689 0.0000
-326.6776 0.0000
-326.9506 0.0000
-327.2464 0.0000
-326.7061 0.0000
-325.8641 0.0000
-325.9715 0.0000
-326.5762 0.0000
-326.6959 0.0000
-325.6970 0.0000
-325.7170 0.0000
-325.4406 0.0000
-325.0511 0.0000
-326.1558 0.0000
-326.7474 0.0000
-327.1989 0.0000
-326.0948 0.0000
-325.8763 0.0000
-326.4514 0.0000
-325.4626 0.0000
-326.5267 0.0000
-327.1405 0.0000
-328.1134 0.0000
-328.5611 0.0000
-328.9518 0.0000
-329.4828 0.0000
-329.5592 0.0000
-329.7088 0.0000
-328.5065 0.0000
-328.5214 0.0000
-328.6962 0.0000
-328.2873 0.0000
-327.8626 0.0000
-328.1116 0.0000
-327.8290 0.0000
-328.0037 0.0000
-327.6273 0.0000
-327.0757 0.0000
-326.4225 0.0000
-326.4933 0.0000
-327.3351 0.0000
-327.0864 0.0000
-326.4008 0.0000
-326.6713 0.0000
-327.6524 0.0000
-327.0304 0.0000
-327.8394 0.0000
-327.4702 0.0000
-328.5143 0.0000
-327.1418 0.0000
-326.7250 0.0000
-326.8965 0.0000
-326.1162 0.0000
-326.2935 0.0000
-325.9606 0.0000
-325.6149 0.0000
-325.9064 0.0000
-326.0296 0.0000
-326.1101 0.0000
-325.3141 0.0000
-325.8126 0.0000
-326.1392 0.0000
-325.8599 0.0000
-325.5140 0.0000
-325.4430 0.0000
-325.8840 0.0000
-326.4948 0.0000
-326.4180 0.0000
-326.7342 0.0000
-326.4139 0.0000
-326.2894 0.0000
-325.9889 0.0000
-326.1662 0.0000
-325.9847 0.0000
-324.9465 0.0000
-324.8790 0.0000
-323.6848 0.0000
-323.4045 0.0000
-323.7189 0.0000
-323.2425 0.0000
-323.5166 0.0000
-323.4065 0.0000
-323.5437 0.0000
-311.5806 0.0000
-310.6499 0.0000
-310.7717 0.0000
-311.3050 0.0000
-310.2919 0.0000
-310.8340 0.0000
-309.5346 0.0000
-309.3006 0.0000
-306.9987 0.0000
-307.8951 0.0000
-307.2557 0.0000
-307.7830 0.0000
-308.0988 0.0000
-307.5620 0.0000
-308.4122 0.0000
-306.9347 0.0000
-307.7096 0.0000
-308.6537 0.0000
-308.5301 0.0000
-308.4304 0.0000
-308.0500 0.0000
-307.6579 0.0000
-307.5681 0.0000
-307.6327 0.0000
-308.0697 0.0000
-308.8703 0.0000
-306.9763 0.0000
-306.6806 0.0000
-305.8095 0.0000
-304.5795 0.0000
-304.2712 0.0000
-303.4385 0.0000
-302.9451 0.0000
-304.2719 0.0000
-302.7989 0.0000
-302.7115 0.0000
-301.4532 0.0000
-300.2615 0.0000
-299.6392 0.0000
-301.2408 0.0000
-300.4241 0.0000
-300.0035 0.0000
-301.0141 0.0000
-300.4765 0.0000
-298.6799 0.0000
-297.6104 0.0000
-296.3741 0.0000
-295.7456 0.0000
-294.7232 0.0000
-294.0110 0.0000
-295.0513 0.0000
-296.4317 0.0000
-296.2548 0.0000
-295.3750 0.0000
-295.0303 0.0000
-295.7052 0.0000
-296.4259 0.0000
-297.3118 0.0000
-296.1520 0.0000
-296.1133 0.0000
-297.2006 0.0000
-296.3650 0.0000
-296.8377 0.0000
-297.3833 0.0000
-296.7631 0.0000
-297.6385 0.0000
-297.2512 0.0000
-299.0076 0.0000
-298.9895 0.0000
-298.2294 0.0000
-297.3110 0.0000
-299.2368 0.0000
-298.6436 0.0000
-299.4887 0.0000
-299.5499 0.0000
-299.6009 0.0000
-299.8802 0.0000
-299.8789 0.0000
-299.1358 0.0000
-297.5397 0.0000
-297.9553 0.0000
-298.3227 0.0000
-297.3583 0.0000
-297.8042 0.0000
-299.8580 0.0000
-298.5665 0.0000
-297.2515 0.0000
-297.6270 0.0000
-297.6695 0.0000
-297.8179 0.0000
-297.5927 0.0000
-297.6361 0.0000
-296.5672 0.0000
-296.4989 0.0000
-296.6791 0.0000
-297.7392 0.0000
-296.5481 0.0000
-296.2021 0.0000
-297.3182 0.0000
-296.8753 0.0000
-325.3754 0.0000
-323.8285 0.0000
-324.9124 0.0000
-323.6487 0.0000
-325.1834 0.0000
-324.4814 0.0000
-323.5186 0.0000
-323.5732 0.0000
-324.6165 0.0000
-325.8034 0.0000
-324.6970 0.0000
-323.4719 0.0000
-326.2506 0.0000
-325.6063 0.0000
-325.6587 0.0000
-325.2993 0.0000
-324.6008 0.0000
-324.7411 0.0000
-324.4322 0.0000
-325.8992 0.0000
-323.3688 0.0000
-325.2313 0.0000
-325.7930 0.0000
-325.3292 0.0000
-325.9428 0.0000
-324.7171 0.0000
-324.7366 0.0000
-326.1311 0.0000
-324.7901 0.0000
-325.4606 0.0000
-325.0482 0.0000
-324.9101 0.0000
-324.7254 0.0000
-326.3537 0.0000
-325.0486 0.0000
-324.6597 0.0000
-325.2476 0.0000
-324.7815 0.0000
-323.7724 0.0000
-325.1001 0.0000
-323.7485 0.0000
-325.0356 0.0000
-325.3356 0.0000
-325.4433 0.0000
-324.3124 0.0000
-324.8276 0.0000
-325.8212 0.0000
-325.4938 0.0000
-325.1486 0.0000
-323.5098 0.0000
-325.8175 0.0000
-324.2993 0.0000
-325.2277 0.0000
-324.6750 0.0000
-324.1196 0.0000
-325.5801 0.0000
-324.9152 0.0000
-325.0639 0.0000
-325.2709 0.0000
-324.7813 0.0000
-324.6132 0.0000
-323.1869 0.0000
-325.0780 0.0000
-325.6975 0.0000
-324.1492 0.0000
-324.6264 0.0000
-325.3364 0.0000
-325.1795 0.0000
-324.2514 0.0000
-324.2326 0.0000
-325.2959 0.0000
-325.4358 0.0000
-323.7692 0.0000
-325.0736 0.0000
-325.3582 0.0000
-324.5374 0.0000
-324.7432 0.0000
-323.7421 0.0000
-324.4898 0.0000
-325.3380 0.0000
-323.7692 0.0000
-324.4485 0.0000
-324.7678 0.0000
-325.7599 0.0000
-323.9839 0.0000
-324.7440 0.0000
-325.6774 0.0000
-325.5015 0.0000
-325.0325 0.0000
-324.9418 0.0000
-324.8143 0.0000
-325.9909 0.0000
-325.9181 0.0000
-324.6898 0.0000
-324.8842 0.0000
-324.4887 0.0000
-323.9453 0.0000
-324.9972 0.0000
-324.8971 0.0000
-326.2164 0.0000
-345.4157 0.0000
-345.6048 0.0000
-345.9164 0.0000
-346.4161 0.0000
-345.7823 0.0000
-345.2007 0.0000
-346.1322 0.0000
-346.4378 0.0000
-346.2090 0.0000
-345.0560 0.0000
-346.5412 0.0000
-346.4928 0.0000
-346.0427 0.0000
-346.6423 0.0000
-345.8691 0.0000
-345.9393 0.0000
-345.6738 0.0000
-346.0300 0.0000
-346.0055 0.0000
-345.8519 0.0000
-346.2360 0.0000
-345.9860 0.0000
-345.6803 0.0000
-346.2301 0.0000
-346.2211 0.0000
-345.5400 0.0000
-346.8563 0.0000
-346.3681 0.0000
-347.0550 0.0000
-346.2234 0.0000
-345.3895 0.0000
-345.8192 0.0000
-346.3149 0.0000
-345.6759 0.0000
-346.6395 0.0000
-346.7124 0.0000
-346.3634 0.0000
-345.7371 0.0000
-346.6502 0.0000
-346.0412 0.0000
-345.1753 0.0000
-345.8751 0.0000
-345.8010 0.0000
-346.6109 0.0000
-346.3625 0.0000
-346.6996 0.0000
-346.7381 0.0000
-345.0639 0.0000
-345.8738 0.0000
-344.6627 0.0000
-345.7956 0.0000
-346.2436 0.0000
-345.6969 0.0000
-345.7959 0.0000
-347.0097 0.0000
-347.1148 0.0000
-346.9223 0.0000
-346.1816 0.0000
-346.8654 0.0000
-345.8851 0.0000
-346.0794 0.0000
-345.5805 0.0000
-346.1257 0.0000
-346.6465 0.0000
-345.3247 0.0000
-345.5979 0.0000
-346.2611 0.0000
-345.5041 0.0000
-345.7053 0.0000
-346.7965 0.0000
-346.0022 0.0000
-345.7464 0.0000
-346.0078 0.0000
-346.2987 0.0000
-345.9615 0.0000
-346.4303 0.0000
-345.8827 0.0000
-345.5055 0.0000
-345.0040 0.0000
-346.0125 0.0000
-345.7014 0.0000
-345.9416 0.0000
-345.5174 0.0000
-345.1062 0.0000
-346.2926 0.0000
-346.0124 0.0000
-346.1503 0.0000
-346.7296 0.0000
-345.8635 0.0000
-347.5726 0.0000
-345.4599 0.0000
-345.7899 0.0000
-345.4962 0.0000
-345.4565 0.0000
-346.8063 0.0000
-345.7193 0.0000
-346.4696 0.0000
-345.9606 0.0000
-346.0534 0.0000
-345.3783 0.0000
-320.3329 0.0000
-320.7292 0.0000
-320.5950 0.0000
-321.6322 0.0000
-321.3037 0.0000
-321.2897 0.0000
-321.3464 0.0000
-320.8168 0.0000
-321.1957 0.0000
-321.6892 0.0000
-320.2910 0.0000
-321.2633 0.0000
-322.4467 0.0000
-320.6196 0.0000
-320.5582 0.0000
-321.5106 0.0000
-321.5611 0.0000
-322.6673 0.0000
-320.0218 0.0000
-321.4173 0.0000
-321.2564 0.0000
-321.4098 0.0000
-321.4037 0.0000
-321.1809 0.0000
-320.1887 0.0000
-322.3694 0.0000
-321.2385 0.0000
-320.5051 0.0000
-320.4018 0.0000
-321.9896 0.0000
-321.0105 0.0000
-321.5616 0.0000
-322.0551 0.0000
-322.3933 0.0000
-321.1751 0.0000
-320.8333 0.0000
-321.8606 0.0000
-322.0837 0.0000
-321.7466 0.0000
-321.6164 0.0000
-322.6356 0.0000
-320.4858 0.0000
-320.1542 0.0000
-321.2629 0.0000
-319.9613 0.0000
-318.9178 0.0000
-321.4852 0.0000
-319.9913 0.0000
-322.3621 0.0000
-321.7071 0.0000
-321.3604 0.0000
-320.8347 0.0000
-321.1758 0.0000
-322.3363 0.0000
-321.5661 0.0000
-321.3582 0.0000
-321.4354 0.0000
-321.6114 0.0000
-320.7016 0.0000
-320.4028 0.0000
-321.0229 0.0000
-321.1011 0.0000
-320.8626 0.0000
-319.9622 0.0000
-320.9817 0.0000
-321.9723 0.0000
-321.8433 0.0000
-321.2311 0.0000
-320.9963 0.0000
-321.6143 0.0000
-321.2193 0.0000
-321.1090 0.0000
-320.2698 0.0000
-321.9010 0.0000
-320.9521 0.0000
-320.9112 0.0000
-320.9672 0.0000
-320.8733 0.0000
-319.6810 0.0000
-321.3466 0.0000
-320.9173 0.0000
-322.1756 0.0000
-320.4579 0.0000
-321.4362 0.0000
-321.3734 0.0000
-321.8269 0.0000
-321.4388 0.0000
-322.2545 0.0000
-320.5937 0.0000
-322.3287 0.0000
-320.8929 0.0000
-321.3251 0.0000
-321.7955 0.0000
-320.8572 0.0000
-321.1200 0.0000
-321.3315 0.0000
-321.8839 0.0000
-320.0808 0.0000
-321.9790 0.0000
-320.7451 0.0000
-308.8311 0.0000
-308.4024 0.0000
-308.0238 0.0000
-306.9896 0.0000
-308.4992 0.0000
-308.5932 0.0000
-308.9177 0.0000
-308.1899 0.0000
-307.3729 0.0000
-307.5080 0.0000
-307.6880 0.0000
-307.7180 0.0000
-308.7098 0.0000
-308.4005 0.0000
-308.6496 0.0000
-307.0977 0.0000
-309.0650 0.0000
-308.0544 0.0000
-307.4614 0.0000
-309.5526 0.0000
-308.8863 0.0000
-308.5357 0.0000
-307.8320 0.0000
-307.9941 0.0000
-308.5121 0.0000
-308.3647 0.0000
-308.3073 0.0000
-307.5256 0.0000
-308.3318 0.0000
-307.5886 0.0000
-308.2802 0.0000
-309.2914 0.0000
-308.5955 0.0000
-309.0508 0.0000
-308.4546 0.0000
-308.5105 0.0000
-307.8726 0.0000
-308.4584 0.0000
-308.0148 0.0000
-308.8850 0.0000
-307.1143 0.0000
-307.8314 0.0000
-307.4038 0.0000
-308.1292 0.0000
-309.1883 0.0000
-307.5912 0.0000
-308.3848 0.0000
-307.6531 0.0000
-307.3021 0.0000
-307.3586 0.0000
-308.0613 0.0000
-308.8295 0.0000
-307.8998 0.0000
-307.6707 0.0000
-307.8840 0.0000
-307.1429 0.0000
-307.7025 0.0000
-307.4732 0.0000
-306.1988 0.0000
-306.5437 0.0000
-306.2920 0.0000
-306.8797 0.0000
-307.7113 0.0000
-306.3867 0.0000
-308.2514 0.0000
-307.0028 0.0000
-306.0383 0.0000
-306.1525 0.0000
-306.3988 0.0000
-304.3977 0.0000
-303.3214 0.0000
-303.5040 0.0000
-302.6108 0.0000
-302.6185 0.0000
-302.8856 0.0000
-303.5586 0.0000
-302.3187 0.0000
-302.9640 0.0000
-302.0254 0.0000
-301.7492 0.0000
-301.3221 0.0000
-301.2436 0.0000
-300.9053 0.0000
-301.6471 0.0000
-302.4141 0.0000
-302.6013 0.0000
-303.0435 0.0000
-303.2952 0.0000
-302.9735 0.0000
-302.8207 0.0000
-301.8237 0.0000
-302.1196 0.0000
-303.3952 0.0000
-303.0008 0.0000
-303.1089 0.0000
-303.6839 0.0000
-303.3382 0.0000
-303.9398 0.0000
-302.7398 0.0000
-301.7628 0.0000
-276.9031 0.0000
-275.1980 0.0000
-274.6096 0.0000
-275.0218 0.0000
-275.5523 0.0000
-276.0018 0.0000
-275.6898 0.0000
-276.1963 0.0000
-275.8534 0.0000
-275.1156 0.0000
-274.9075 0.0000
-275.0335 0.0000
-275.6854 0.0000
-275.9492 0.0000
-273.9702 0.0000
-274.0633 0.0000
-274.2221 0.0000
-274.6548 0.0000
-273.1131 0.0000
-274.1856 0.0000
-273.1171 0.0000
-273.7339 0.0000
-274.0279 0.0000
-275.6199 0.0000
-274.8855 0.0000
-275.5085 0.0000
-275.9648 0.0000
-275.2724 0.0000
-274.8075 0.0000
-275.7415 0.0000
-274.8031 0.0000
-276.2931 0.0000
-275.3452 0.0000
-274.0001 0.0000
-274.3191 0.0000
-273.9135 0.0000
-274.2214 0.0000
-274.5527 0.0000
-273.9784 0.0000
-273.7430 0.0000
-273.4297 0.0000
-275.7908 0.0000
-273.5881 0.0000
-274.8027 0.0000
-273.0831 0.0000
-272.4022 0.0000
-273.1299 0.0000
-272.8172 0.0000
-273.4358 0.0000
-272.9564 0.0000
-272.6625 0.0000
-273.4357 0.0000
-273.3378 0.0000
-273.6850 0.0000
-274.8747 0.0000
-273.0777 0.0000
-272.6237 0.0000
-273.3108 0.0000
-273.8292 0.0000
-273.2081 0.0000
-273.6016 0.0000
-273.3527 0.0000
-275.7875 0.0000
-276.0744 0.0000
-275.7442 0.0000
-277.0503 0.0000
-276.4803 0.0000
-275.9713 0.0000
-274.8392 0.0000
-275.2172 0.0000
-275.2253 0.0000
-275.0512 0.0000
-275.1567 0.0000
-276.1049 0.0000
-275.7067 0.0000
-277.0113 0.0000
-276.7610 0.0000
-275.8746 0.0000
-276.5370 0.0000
-275.6417 0.0000
-275.9009 0.0000
-276.0186 0.0000
-274.5240 0.0000
-274.6714 0.0000
-276.4176 0.0000
-274.1290 0.0000
-275.0379 0.0000
-275.6950 0.0000
-276.9615 0.0000
-276.9807 0.0000
-276.3893 0.0000
-274.8477 0.0000
-275.1322 0.0000
-275.1387 0.0000
-275.1526 0.0000
-275.3986 0.0000
-276.1857 0.0000
-275.3676 0.0000
-275.3244 0.0000
-275.3978 0.0000
-339.1907 0.0000
-337.9003 0.0000
-338.1537 0.0000
-338.6511 0.0000
-337.0661 0.0000
-338.2566 0.0000
-339.1064 0.0000
-339.8430 0.0000
-339.3309 0.0000
-337.2449 0.0000
-338.2215 0.0000
-339.0910 0.0000
-338.2880 0.0000
-338.0239 0.0000
-339.5138 0.0000
-338.4120 0.0000
-339.5911 0.0000
-338.4920 0.0000
-338.7749 0.0000
-339.6221 0.0000
-339.1026 0.0000
-338.4446 0.0000
-338.2085 0.0000
-339.5821 0.0000
-336.6843 0.0000
-339.0723 0.0000
-339.0921 0.0000
-337.2890 0.0000
-338.5331 0.0000
-338.3196 0.0000
-338.4941 0.0000
-338.2120 0.0000
-338.2745 0.0000
-338.0059 0.0000
-339.0444 0.0000
-338.5143 0.0000
-338.8917 0.0000
-340.2882 0.0000
-339.0720 0.0000
-337.2594 0.0000
-338.7915 0.0000
-338.2186 0.0000
-339.1424 0.0000
-338.8090 0.0000
-338.3022 0.0000
-338.4474 0.0000
-338.2484 0.0000
-337.1711 0.0000
-337.6908 0.0000
-340.2837 0.0000
-337.4759 0.0000
-338.7843 0.0000
-339.4702 0.0000
-337.0146 0.0000
-337.9800 0.0000
-338.1272 0.0000
-339.6341 0.0000
-339.1606 0.0000
-338.4206 0.0000
-337.3638 0.0000
-339.9997 0.0000
-340.2701 0.0000
-338.7001 0.0000
-339.7859 0.0000
-338.2623 0.0000
-338.4695 0.0000
-339.7460 0.0000
-338.8029 0.0000
-337.6524 0.0000
-338.5094 0.0000
-339.6576 0.0000
-339.7151 0.0000
-339.4622 0.0000
-339.9562 0.0000
-339.0749 0.0000
-336.9734 0.0000
-339.0208 0.0000
-339.2184 0.0000
-339.1201 0.0000
-338.0044 0.0000
-338.7888 0.0000
-337.6788 0.0000
-339.8427 0.0000
-340.6180 0.0000
-340.2619 0.0000
-339.1699 0.0000
-338.4096 0.0000
-337.6314 0.0000
-338.6656 0.0000
-339.9026 0.0000
-338.8734 0.0000
-338.2361 0.0000
-339.2865 0.0000
-339.4229 0.0000
-337.6646 0.0000
-337.1451 0.0000
-339.4326 0.0000
-338.9139 0.0000
-338.7821 0.0000
-339.0418 0.0000
-287.8114 0.0000
-286.3006 0.0000
-285.9527 0.0000
-286.2509 0.0000
-288.1663 0.0000
-287.4927 0.0000
-285.8506 0.0000
-286.5292 0.0000
-285.9283 0.0000
-287.2495 0.0000
-286.9642 0.0000
-285.5684 0.0000
-288.3282 0.0000
-286.0951 0.0000
-286.1392 0.0000
-288.0373 0.0000
-286.7404 0.0000
-286.9518 0.0000
-288.3171 0.0000
-286.4469 0.0000
-287.0939 0.0000
-285.4422 0.0000
-287.2783 0.0000
-285.3049 0.0000
-288.4693 0.0000
-286.6997 0.0000
-288.6253 0.0000
-286.6881 0.0000
-286.0733 0.0000
-287.8509 0.0000
-287.3419 0.0000
-288.9224 0.0000
-287.8073 0.0000
-286.7857 0.0000
-287.2476 0.0000
-287.7590 0.0000
-288.0044 0.0000
-287.3903 0.0000
-287.2385 0.0000
-286.5498 0.0000
-287.8752 0.0000
-286.8992 0.0000
-285.9869 0.0000
-286.8137 0.0000
-286.5703 0.0000
-287.4103 0.0000
-287.0409 0.0000
-287.5248 0.0000
-289.3183 0.0000
-288.8441 0.0000
-288.1530 0.0000
-287.5885 0.0000
-287.2906 0.0000
-287.5783 0.0000
-286.7766 0.0000
-287.7134 0.0000
-287.4916 0.0000
-287.1621 0.0000
-286.3468 0.0000
-286.6750 0.0000
-287.8619 0.0000
-287.6324 0.0000
-287.7617 0.0000
-286.7321 0.0000
-288.1060 0.0000
-286.4743 0.0000
-287.8985 0.0000
-287.5710 0.0000
-286.1047 0.0000
-287.9973 0.0000
-286.6936 0.0000
-287.3683 0.0000
-287.2128 0.0000
-287.6935 0.0000
-287.3438 0.0000
-285.7899 0.0000
-286.7653 0.0000
-287.8642 0.0000
-288.0365 0.0000
-287.0610 0.0000
-288.0734 0.0000
-287.0553 0.0000
-287.1457 0.0000
-287.4989 0.0000
-286.1654 0.0000
-286.5784 0.0000
-285.5170 0.0000
-286.0069 0.0000
-287.3802 0.0000
-287.8710 0.0000
-287.0411 0.0000
-285.6597 0.0000
-287.3049 0.0000
-286.2783 0.0000
-286.2527 0.0000
-287.4533 0.0000
-287.2610 0.0000
-286.3226 0.0000
-287.6847 0.0000
-287.1231 0.0000
-334.4969 0.0000
-334.1035 0.0000
-334.5428 0.0000
-335.3056 0.0000
-333.8431 0.0000
-334.0323 0.0000
-334.4267 0.0000
-334.1553 0.0000
-334.4996 0.0000
-335.3655 0.0000
-334.3975 0.0000
-335.1307 0.0000
-334.7723 0.0000
-335.2997 0.0000
-333.9925 0.0000
-334.1038 0.0000
-335.2219 0.0000
-334.8125 0.0000
-334.1715 0.0000
-334.5958 0.0000
-334.6619 0.0000
-334.7560 0.0000
-334.2295 0.0000
-335.0856 0.0000
-334.5279 0.0000
-334.7322 0.0000
-334.5078 0.0000
-334.7286 0.0000
-335.3671 0.0000
-333.7068 0.0000
-334.7911 0.0000
-334.6776 0.0000
-334.6386 0.0000
-334.5943 0.0000
-333.9769 0.0000
-334.3874 0.0000
-335.3198 0.0000
-334.2634 0.0000
-333.9341 0.0000
-335.1584 0.0000
-334.7522 0.0000
-335.1753 0.0000
-334.0038 0.0000
-334.7579 0.0000
-334.7799 0.0000
-334.4778 0.0000
-333.5228 0.0000
-334.3968 0.0000
-334.9336 0.0000
-333.9832 0.0000
-334.1351 0.0000
-334.4888 0.0000
-334.3506 0.0000
-334.8581 0.0000
-334.4277 0.0000
-334.8515 0.0000
-334.9960 0.0000
-334.5524 0.0000
-333.8121 0.0000
-334.1037 0.0000
-334.2607 0.0000
-334.2966 0.0000
-335.3603 0.0000
-334.2928 0.0000
-335.3536 0.0000
-335.0413 0.0000
-334.8319 0.0000
-334.4860 0.0000
-334.7058 0.0000
-334.0299 0.0000
-334.3202 0.0000
-334.9648 0.0000
-334.8310 0.0000
-333.9265 0.0000
-334.9456 0.0000
-334.7215 0.0000
-335.0924 0.0000
-334.0625 0.0000
-334.3002 0.0000
-334.3592 0.0000
-334.3616 0.0000
-334.5217 0.0000
-334.8076 0.0000
-333.6702 0.0000
-334.3797 0.0000
-334.3997 0.0000
-334.4910 0.0000
-334.7532 0.0000
-334.5975 0.0000
-334.3595 0.0000
-334.8323 0.0000
-334.3824 0.0000
-334.4905 0.0000
-335.3771 0.0000
-335.6659 0.0000
-335.3605 0.0000
-335.4003 0.0000
-334.3122 0.0000
-334.8937 0.0000
-335.0357 0.0000
-324.6354 0.0000
-324.5111 0.0000
-324.0480 0.0000
-324.4501 0.0000
-323.4316 0.0000
-324.3818 0.0000
-323.8604 0.0000
-325.3260 0.0000
-325.0379 0.0000
-323.5838 0.0000
-324.4423 0.0000
-323.9608 0.0000
-324.8689 0.0000
-324.8261 0.0000
-324.6173 0.0000
-324.4165 0.0000
-324.4039 0.0000
-323.5127 0.0000
-323.9674 0.0000
-324.8575 0.0000
-324.2660 0.0000
-323.9608 0.0000
-324.5409 0.0000
-324.8046 0.0000
-324.6578 0.0000
-323.8685 0.0000
-324.0537 0.0000
-323.8311 0.0000
-324.8322 0.0000
-324.3270 0.0000
-323.8795 0.0000
-323.9113 0.0000
-323.9887 0.0000
-324.6654 0.0000
-324.3177 0.0000
-324.2167 0.0000
-324.4430 0.0000
-323.9299 0.0000
-323.9370 0.0000
-324.7929 0.0000
-324.2115 0.0000
-324.0685 0.0000
-323.1116 0.0000
-324.5217 0.0000
-323.9726 0.0000
-325.2827 0.0000
-323.0646 0.0000
-324.4108 0.0000
-323.6449 0.0000
-323.4517 0.0000
-324.9971 0.0000
-324.2098 0.0000
-324.5393 0.0000
-323.7658 0.0000
-323.8749 0.0000
-324.6105 0.0000
-324.2470 0.0000
-323.5700 0.0000
-324.0427 0.0000
-325.0662 0.0000
-323.6847 0.0000
-323.2901 0.0000
-323.5289 0.0000
-324.7806 0.0000
-322.8394 0.0000
-322.8240 0.0000
-323.8208 0.0000
-323.6458 0.0000
-323.4448 0.0000
-324.2289 0.0000
-324.1588 0.0000
-325.1227 0.0000
-323.8896 0.0000
-323.7394 0.0000
-324.2618 0.0000
-323.1357 0.0000
-323.2517 0.0000
-323.6503 0.0000
-323.8008 0.0000
-324.2229 0.0000
-323.1293 0.0000
-323.4398 0.0000
-324.4331 0.0000
-324.8838 0.0000
-325.0086 0.0000
-324.5309 0.0000
-324.3862 0.0000
-323.8080 0.0000
-323.4290 0.0000
-324.1386 0.0000
-323.2823 0.0000
-324.2738 0.0000
-323.4125 0.0000
-324.9329 0.0000
-324.4916 0.0000
-322.8896 0.0000
-323.7952 0.0000
-324.1505 0.0000
-323.4222 0.0000
-324.2473 0.0000
-269.7507 0.0000
-270.2202 0.0000
-268.9169 0.0000
-271.4962 0.0000
-271.1545 0.0000
-270.8264 0.0000
-270.0609 0.0000
-269.0785 0.0000
-269.3195 0.0000
-269.4778 0.0000
-270.1045 0.0000
-271.8805 0.0000
-270.1753 0.0000
-273.7138 0.0000
-272.0290 0.0000
-269.8468 0.0000
-271.0857 0.0000
-267.7657 0.0000
-266.9837 0.0000
-266.2669 0.0000
-266.8023 0.0000
-267.6353 0.0000
-268.2043 0.0000
-268.6402 0.0000
-268.5203 0.0000
-267.2293 0.0000
-266.6211 0.0000
-266.2973 0.0000
-266.6602 0.0000
-266.1543 0.0000
-266.5761 0.0000
-266.0500 0.0000
-266.4299 0.0000
-267.8384 0.0000
-265.8942 0.0000
-265.9357 0.0000
-266.2115 0.0000
-266.3136 0.0000
-266.2195 0.0000
-266.0370 0.0000
-265.8877 0.0000
-266.1505 0.0000
-266.9046 0.0000
-266.5015 0.0000
-266.2825 0.0000
-266.2838 0.0000
-267.1710 0.0000
-266.8129 0.0000
-267.3326 0.0000
-267.1754 0.0000
-268.1198 0.0000
-268.0122 0.0000
-268.2815 0.0000
-267.8903 0.0000
-267.6118 0.0000
-267.4959 0.0000
-266.6050 0.0000
-267.8113 0.0000
-268.2391 0.0000
-267.9301 0.0000
-268.2241 0.0000
-268.9180 0.0000
-269.1084 0.0000
-267.6213 0.0000
-266.4895 0.0000
-265.3056 0.0000
-265.1228 0.0000
-265.6159 0.0000
-266.7494 0.0000
-265.9776 0.0000
-265.3592 0.0000
-265.2856 0.0000
-264.5723 0.0000
-263.4686 0.0000
-263.4076 0.0000
-263.7549 0.0000
-264.1803 0.0000
-263.9254 0.0000
-263.4605 0.0000
-263.5675 0.0000
-263.1363 0.0000
-263.5210 0.0000
-263.6643 0.0000
-262.8147 0.0000
-262.1271 0.0000
-262.8330 0.0000
-263.5224 0.0000
-263.3431 0.0000
-264.0846 0.0000
-263.0048 0.0000
-263.2290 0.0000
-263.8221 0.0000
-263.4213 0.0000
-262.9886 0.0000
-262.9000 0.0000
-262.8835 0.0000
-262.7493 0.0000
-263.3458 0.0000
-262.9613 0.0000
-262.3366 0.0000
-325.0839 0.0000
-325.3486 0.0000
-324.1814 0.0000
-324.1395 0.0000
-325.0609 0.0000
-325.0845 0.0000
-323.7665 0.0000
-325.5539 0.0000
-325.2987 0.0000
-323.8782 0.0000
-324.6027 0.0000
-324.6117 0.0000
-325.6282 0.0000
-324.8854 0.0000
-325.1355 0.0000
-325.8329 0.0000
-324.6005 0.0000
-325.3403 0.0000
-326.0289 0.0000
-324.8168 0.0000
-325.0489 0.0000
-323.6794 0.0000
-325.3620 0.0000
-324.4560 0.0000
-324.6438 0.0000
-324.9669 0.0000
-324.8804 0.0000
-323.9350 0.0000
-324.8413 0.0000
-323.7498 0.0000
-325.7268 0.0000
-325.2229 0.0000
-324.6232 0.0000
-324.9969 0.0000
-325.3679 0.0000
-324.1977 0.0000
-325.3850 0.0000
-324.0886 0.0000
-323.7874 0.0000
-325.1174 0.0000
-326.4490 0.0000
-325.0110 0.0000
-323.7493 0.0000
-325.0155 0.0000
-326.0909 0.0000
-323.5663 0.0000
-324.5994 0.0000
-325.1971 0.0000
-324.5699 0.0000
-323.8700 0.0000
-325.0617 0.0000
-323.7144 0.0000
-325.9180 0.0000
-323.1671 0.0000
-325.1710 0.0000
-324.1512 0.0000
-325.5497 0.0000
-325.3301 0.0000
-325.2078 0.0000
-325.7330 0.0000
-325.3699 0.0000
-325.0115 0.0000
-324.8156 0.0000
-324.7075 0.0000
-325.3312 0.0000
-324.4315 0.0000
-325.0551 0.0000
-323.7520 0.0000
-324.5749 0.0000
-324.5858 0.0000
-325.3885 0.0000
-325.3679 0.0000
-325.0546 0.0000
-325.4572 0.0000
-324.5323 0.0000
-326.5586 0.0000
-324.8293 0.0000
-325.7750 0.0000
-324.7374 0.0000
-324.5896 0.0000
-325.3186 0.0000
-325.4993 0.0000
-325.9259 0.0000
-323.5925 0.0000
-325.5455 0.0000
-325.7482 0.0000
-325.6033 0.0000
-325.1093 0.0000
-325.6861 0.0000
-325.9756 0.0000
-325.3734 0.0000
-324.4689 0.0000
-324.1305 0.0000
-324.7774 0.0000
-325.4856 0.0000
-325.7136 0.0000
-324.7752 0.0000
-324.6901 0.0000
-324.8891 0.0000
-324.8972 0.0000
-345.1200 0.0000
-345.5778 0.0000
-346.2704 0.0000
-345.8902 0.0000
-346.3178 0.0000
-345.8201 0.0000
-346.1446 0.0000
-346.7053 0.0000
-346.3402 0.0000
-346.5765 0.0000
-345.8235 0.0000
-346.1040 0.0000
-346.5442 0.0000
-347.7356 0.0000
-345.7377 0.0000
-346.1999 0.0000
-345.1248 0.0000
-345.0505 0.0000
-346.8536 0.0000
-345.8086 0.0000
-346.0578 0.0000
-346.0068 0.0000
-347.3473 0.0000
-346.3476 0.0000
-345.5820 0.0000
-345.7795 0.0000
-345.9908 0.0000
-347.3377 0.0000
-345.3257 0.0000
-346.2621 0.0000
-345.0815 0.0000
-346.8086 0.0000
-346.0798 0.0000
-346.2618 0.0000
-344.8554 0.0000
-346.0086 0.0000
-345.9510 0.0000
-345.9061 0.0000
-345.5680 0.0000
-345.9118 0.0000
-346.5135 0.0000
-345.2771 0.0000
-345.5781 0.0000
-346.3708 0.0000
-346.2239 0.0000
-345.4164 0.0000
-345.8583 0.0000
-344.7902 0.0000
-346.2150 0.0000
-346.0001 0.0000
-347.0519 0.0000
-346.7139 0.0000
-346.0362 0.0000
-346.2381 0.0000
-346.0630 0.0000
-346.0869 0.0000
-344.5559 0.0000
-345.8810 0.0000
-345.9990 0.0000
-346.3892 0.0000
-346.0963 0.0000
-345.7664 0.0000
-346.0745 0.0000
-345.2925 0.0000
-345.1327 0.0000
-345.7329 0.0000
-345.1389 0.0000
-345.0626 0.0000
-346.3842 0.0000
-346.0849 0.0000
-345.7529 0.0000
-346.2303 0.0000
-347.0333 0.0000
-345.6395 0.0000
-346.3200 0.0000
-346.1679 0.0000
-345.3639 0.0000
-345.8815 0.0000
-346.5003 0.0000
-345.9554 0.0000
-345.9186 0.0000
-346.4357 0.0000
-346.7283 0.0000
-346.2592 0.0000
-346.6521 0.0000
-346.3441 0.0000
-346.2739 0.0000
-345.7553 0.0000
-345.0538 0.0000
-345.8398 0.0000
-346.0214 0.0000
-346.1746 0.0000
-345.9770 0.0000
-345.8383 0.0000
-345.9470 0.0000
-346.6556 0.0000
-345.6928 0.0000
-346.8359 0.0000
-345.5344 0.0000
-345.1921 0.0000
-310.0233 0.0000
-310.7204 0.0000
-311.2142 0.0000
-309.9093 0.0000
-309.9323 0.0000
-309.7262 0.0000
-311.6008 0.0000
-310.6353 0.0000
-310.3199 0.0000
-309.7950 0.0000
-310.2048 0.0000
-308.7854 0.0000
-310.1913 0.0000
-310.0621 0.0000
-310.1565 0.0000
-310.3223 0.0000
-310.1945 0.0000
-311.8393 0.0000
-310.8505 0.0000
-311.1495 0.0000
-310.8855 0.0000
-310.1749 0.0000
-309.2946 0.0000
-309.9306 0.0000
-310.3939 0.0000
-309.5962 0.0000
-308.7350 0.0000
-310.9019 0.0000
-310.0855 0.0000
-309.8367 0.0000
-310.7596 0.0000
-309.6195 0.0000
-309.9326 0.0000
-311.7866 0.0000
-309.5543 0.0000
-310.3050 0.0000
-310.8771 0.0000
-311.9667 0.0000
-310.0846 0.0000
-309.6763 0.0000
-310.9383 0.0000
-310.7572 0.0000
-310.0449 0.0000
-310.5599 0.0000
-310.6076 0.0000
-310.4171 0.0000
-311.6327 0.0000
-311.8753 0.0000
-310.9636 0.0000
-311.3268 0.0000
-309.8529 0.0000
-309.9055 0.0000
-310.4690 0.0000
-311.4041 0.0000
-310.7972 0.0000
-310.4634 0.0000
-310.6332 0.0000
-309.2609 0.0000
-310.0050 0.0000
-309.2933 0.0000
-310.1930 0.0000
-310.9975 0.0000
-309.7016 0.0000
-311.5295 0.0000
-310.7831 0.0000
-310.3018 0.0000
-310.6327 0.0000
-310.6740 0.0000
-310.8005 0.0000
-309.4958 0.0000
-310.3786 0.0000
-310.9571 0.0000
-310.8931 0.0000
-309.5395 0.0000
-311.2028 0.0000
-310.3130 0.0000
-309.3925 0.0000
-310.3498 0.0000
-311.0118 0.0000
-310.9821 0.0000
-310.1662 0.0000
-310.6854 0.0000
-311.2920 0.0000
-310.1991 0.0000
-309.7432 0.0000
-310.1262 0.0000
-310.5831 0.0000
-309.7487 0.0000
-309.9563 0.0000
-309.5392 0.0000
-309.8625 0.0000
-311.3770 0.0000
-310.5720 0.0000
-310.3542 0.0000
-310.9982 0.0000
-310.1700 0.0000
-310.0690 0.0000
-310.0544 0.0000
-309.6374 0.0000
-309.4654 0.0000
-291.1492 0.0000
-290.8947 0.0000
-291.3650 0.0000
-291.5555 0.0000
-290.6316 0.0000
-292.2425 0.0000
-288.6617 0.0000
-292.1305 0.0000
-290.9282 0.0000
-293.5672 0.0000
-292.4594 0.0000
-291.0698 0.0000
-289.9887 0.0000
-290.5157 0.0000
-290.5720 0.0000
-292.0108 0.0000
-290.0975 0.0000
-289.4449 0.0000
-291.6966 0.0000
-290.1183 0.0000
-291.6138 0.0000
-292.2664 0.0000
-290.3996 0.0000
-289.8620 0.0000
-290.0344 0.0000
-290.8973 0.0000
-290.0371 0.0000
-290.0328 0.0000
-291.8659 0.0000
-290.1776 0.0000
-292.2655 0.0000
-289.8673 0.0000
-291.0017 0.0000
-291.0604 0.0000
-290.7206 0.0000
-289.9996 0.0000
-290.7765 0.0000
-288.8357 0.0000
-290.8213 0.0000
-291.2993 0.0000
-290.6883 0.0000
-290.6787 0.0000
-290.9013 0.0000
-290.3051 0.0000
-290.2819 0.0000
-290.1888 0.0000
-291.4252 0.0000
-291.3413 0.0000
-291.1019 0.0000
-290.5391 0.0000
-290.6380 0.0000
-291.4801 0.0000
-289.9565 0.0000
-289.9592 0.0000
-289.9294 0.0000
-291.6272 0.0000
-290.7385 0.0000
-291.3135 0.0000
-289.8816 0.0000
-289.5261 0.0000
-290.2060 0.0000
-291.8390 0.0000
-292.8648 0.0000
-290.2995 0.0000
-290.0062 0.0000
-292.7554 0.0000
-290.9355 0.0000
-290.6114 0.0000
-291.9594 0.0000
-290.6411 0.0000
-291.0438 0.0000
-290.1012 0.0000
-290.6069 0.0000
-292.1614 0.0000
-291.1334 0.0000
-290.5998 0.0000
-290.1029 0.0000
-289.7441 0.0000
-291.2727 0.0000
-291.0561 0.0000
-290.8660 0.0000
-291.7972 0.0000
-289.6728 0.0000
-290.4894 0.0000
-291.3034 0.0000
-289.9180 0.0000
-290.0871 0.0000
-291.1400 0.0000
-290.8673 0.0000
-290.9308 0.0000
-292.3220 0.0000
-293.3488 0.0000
-291.3525 0.0000
-291.4409 0.0000
-291.9812 0.0000
-290.7007 0.0000
-290.9793 0.0000
-289.3997 0.0000
-291.3071 0.0000
-289.8103 0.0000
-272.4524 0.0000
-271.5538 0.0000
-272.3244 0.0000
-273.0949 0.0000
-272.6559 0.0000
-272.7878 0.0000
-271.6822 0.0000
-271.8662 0.0000
-272.3307 0.0000
-273.1424 0.0000
-273.4423 0.0000
-272.2293 0.0000
-272.2983 0.0000
-273.1710 0.0000
-272.0031 0.0000
-272.8793 0.0000
-271.8742 0.0000
-271.4581 0.0000
-272.2670 0.0000
-272.1651 0.0000
-271.8060 0.0000
-272.4379 0.0000
-273.0666 0.0000
-273.1076 0.0000
-272.8949 0.0000
-273.2663 0.0000
-272.9612 0.0000
-272.5934 0.0000
-272.3070 0.0000
-272.3210 0.0000
-273.1963 0.0000
-273.3837 0.0000
-272.8004 0.0000
-271.7223 0.0000
-272.8129 0.0000
-273.9383 0.0000
-273.1427 0.0000
-271.4868 0.0000
-272.8131 0.0000
-271.0567 0.0000
-272.3446 0.0000
-273.1668 0.0000
-272.0731 0.0000
-271.1700 0.0000
-271.8822 0.0000
-272.3926 0.0000
-271.4102 0.0000
-271.6605 0.0000
-272.3597 0.0000
-272.1724 0.0000
-272.3325 0.0000
-272.0333 0.0000
-272.8712 0.0000
-272.7731 0.0000
-272.7641 0.0000
-272.3211 0.0000
-272.0978 0.0000
-271.7225 0.0000
-273.3613 0.0000
-272.5827 0.0000
-271.8084 0.0000
-271.4097 0.0000
-272.4562 0.0000
-273.4784 0.0000
-273.3526 0.0000
-272.0702 0.0000
-270.6278 0.0000
-273.6766 0.0000
-272.6781 0.0000
-272.2217 0.0000
-271.9386 0.0000
-272.1210 0.0000
-272.6789 0.0000
-272.6847 0.0000
-273.5766 0.0000
-273.0964 0.0000
-273.7064 0.0000
-272.9459 0.0000
-272.0669 0.0000
-273.5337 0.0000
-271.4791 0.0000
-272.9990 0.0000
-272.7415 0.0000
-273.5774 0.0000
-273.9659 0.0000
-273.8878 0.0000
-271.4310 0.0000
-273.0570 0.0000
-271.8629 0.0000
-272.6558 0.0000
-274.0204 0.0000
-272.7948 0.0000
-272.5350 0.0000
-272.8104 0.0000
-272.2930 0.0000
-272.3218 0.0000
-272.8589 0.0000
-272.0845 0.0000
-272.0656 0.0000
-271.3981 0.0000
-339.3366 0.0000
-337.7338 0.0000
-337.9478 0.0000
-338.3037 0.0000
-339.3006 0.0000
-338.2381 0.0000
-337.8912 0.0000
-338.8648 0.0000
-337.4522 0.0000
-337.5793 0.0000
-337.2066 0.0000
-337.5067 0.0000
-338.2278 0.0000
-339.3067 0.0000
-339.0037 0.0000
-338.7869 0.0000
-338.9037 0.0000
-339.1621 0.0000
-337.9363 0.0000
-339.1520 0.0000
-337.6933 0.0000
-337.9237 0.0000
-339.6161 0.0000
-339.2609 0.0000
-339.7936 0.0000
-339.0078 0.0000
-339.5160 0.0000
-339.9613 0.0000
-338.2310 0.0000
-339.4671 0.0000
-337.4175 0.0000
-337.8261 0.0000
-339.6039 0.0000
-337.2385 0.0000
-338.2068 0.0000
-337.6385 0.0000
-338.2820 0.0000
-336.9851 0.0000
-338.4612 0.0000
-338.0993 0.0000
-339.1091 0.0000
-338.2485 0.0000
-340.1592 0.0000
-339.0222 0.0000
-337.0196 0.0000
-339.9996 0.0000
-338.6370 0.0000
-340.8494 0.0000
-339.5577 0.0000
-338.6696 0.0000
-338.6909 0.0000
-337.0428 0.0000
-336.9550 0.0000
-339.8832 0.0000
-340.0285 0.0000
-338.9353 0.0000
-337.8970 0.0000
-339.2014 0.0000
-338.4668 0.0000
-337.4770 0.0000
-337.9751 0.0000
-338.6753 0.0000
-339.5891 0.0000
-339.4536 0.0000
-338.5654 0.0000
-339.9530 0.0000
-339.0952 0.0000
-337.9503 0.0000
-338.1355 0.0000
-337.9125 0.0000
-338.7177 0.0000
-339.8423 0.0000
-337.8450 0.0000
-338.4641 0.0000
-338.5770 0.0000
-338.9301 0.0000
-340.7272 0.0000
-337.7055 0.0000
-337.6501 0.0000
-339.6364 0.0000
-337.6188 0.0000
-339.1745 0.0000
-339.2560 0.0000
-338.5617 0.0000
-337.3919 0.0000
-339.5154 0.0000
-340.1772 0.0000
-339.3422 0.0000
-338.6160 0.0000
-338.7160 0.0000
-340.3247 0.0000
-338.9221 0.0000
-338.9149 0.0000
-338.0991 0.0000
-339.2005 0.0000
-339.0178 0.0000
-339.4669 0.0000
-341.0099 0.0000
-338.4863 0.0000
-338.1437 0.0000
-269.0906 0.0000
-267.3527 0.0000
-268.2483 0.0000
-267.7438 0.0000
-268.8541 0.0000
-267.5583 0.0000
-268.6290 0.0000
-267.4618 0.0000
-266.2724 0.0000
-266.7026 0.0000
-266.7204 0.0000
-267.6507 0.0000
-267.5693 0.0000
-266.9079 0.0000
-266.7441 0.0000
-269.9696 0.0000
-266.8115 0.0000
-267.3118 0.0000
-269.3921 0.0000
-267.8619 0.0000
-267.1104 0.0000
-267.1352 0.0000
-267.1098 0.0000
-267.4173 0.0000
-270.4717 0.0000
-267.2411 0.0000
-269.3241 0.0000
-267.3505 0.0000
-267.6280 0.0000
-267.9685 0.0000
-269.1812 0.0000
-268.1768 0.0000
-268.2905 0.0000
-268.7653 0.0000
-269.0687 0.0000
-267.0891 0.0000
-267.4848 0.0000
-267.7723 0.0000
-268.6462 0.0000
-266.7340 0.0000
-266.3385 0.0000
-265.4775 0.0000
-265.0114 0.0000
-265.2744 0.0000
-264.2503 0.0000
-263.0035 0.0000
-263.6842 0.0000
-265.6056 0.0000
-262.6029 0.0000
-263.7714 0.0000
-264.0679 0.0000
-263.7048 0.0000
-263.2982 0.0000
-262.4435 0.0000
-261.9286 0.0000
-261.8836 0.0000
-261.0458 0.0000
-260.9218 0.0000
-260.4208 0.0000
-260.1441 0.0000
-260.4714 0.0000
-261.4005 0.0000
-261.5797 0.0000
-261.8611 0.0000
-261.4366 0.0000
-259.9378 0.0000
-259.6402 0.0000
-259.5598 0.0000
-260.0709 0.0000
-260.5800 0.0000
-259.3997 0.0000
-260.3759 0.0000
-259.5349 0.0000
-259.2615 0.0000
-260.6787 0.0000
-259.4141 0.0000
-259.4218 0.0000
-259.4371 0.0000
-260.1012 0.0000
-260.1554 0.0000
-260.6230 0.0000
-261.4039 0.0000
-260.9218 0.0000
-259.9640 0.0000
-259.9975 0.0000
-258.6152 0.0000
-258.0497 0.0000
-259.0562 0.0000
-259.5421 0.0000
-259.3014 0.0000
-257.9923 0.0000
-257.5346 0.0000
-257.7805 0.0000
-257.9446 0.0000
-258.5100 0.0000
-259.9991 0.0000
-259.2828 0.0000
-260.4354 0.0000
-261.4492 0.0000
-261.8380 0.0000
-329.4521 0.0000
-328.6812 0.0000
-330.0857 0.0000
-329.8012 0.0000
-330.0942 0.0000
-330.0084 0.0000
-329.4279 0.0000
-328.8380 0.0000
-330.1481 0.0000
-329.6299 0.0000
-329.5304 0.0000
-329.6825 0.0000
-329.7344 0.0000
-329.4385 0.0000
-329.4675 0.0000
-329.4857 0.0000
-330.4117 0.0000
-329.1844 0.0000
-329.3103 0.0000
-329.1008 0.0000
-329.6677 0.0000
-329.7555 0.0000
-330.5065 0.0000
-329.2727 0.0000
-329.4245 0.0000
-330.4309 0.0000
-329.6421 0.0000
-329.5768 0.0000
-329.4306 0.0000
-329.6480 0.0000
-330.2450 0.0000
-330.4536 0.0000
-329.3854 0.0000
-329.3081 0.0000
-329.4976 0.0000
-329.2983 0.0000
-330.1822 0.0000
-329.9491 0.0000
-328.6254 0.0000
-329.8222 0.0000
-329.2987 0.0000
-329.6398 0.0000
-330.3213 0.0000
-330.6090 0.0000
-330.0959 0.0000
-329.6492 0.0000
-329.8309 0.0000
-330.7997 0.0000
-330.2932 0.0000
-330.0921 0.0000
-330.3111 0.0000
-330.7562 0.0000
-329.4069 0.0000
-329.1249 0.0000
-329.2016 0.0000
-328.8078 0.0000
-329.7567 0.0000
-329.5804 0.0000
-330.4529 0.0000
-329.6447 0.0000
-329.0787 0.0000
-329.7172 0.0000
-329.2703 0.0000
-330.1465 0.0000
-329.8993 0.0000
-329.7994 0.0000
-329.8065 0.0000
-330.4050 0.0000
-329.4917 0.0000
-330.6498 0.0000
-329.4983 0.0000
-329.6168 0.0000
-330.2980 0.0000
-329.7444 0.0000
-329.6472 0.0000
-328.8217 0.0000
-329.4288 0.0000
-329.5443 0.0000
-329.5012 0.0000
-328.8930 0.0000
-329.7372 0.0000
-330.0259 0.0000
-329.1315 0.0000
-328.2518 0.0000
-330.0820 0.0000
-329.8655 0.0000
-328.9099 0.0000
-330.4810 0.0000
-329.3906 0.0000
-330.5369 0.0000
-329.2442 0.0000
-328.8514 0.0000
-329.2116 0.0000
-330.2988 0.0000
-329.4456 0.0000
-329.3679 0.0000
-330.4572 0.0000
-330.5764 0.0000
-330.1099 0.0000
-329.2972 0.0000
-313.8806 0.0000
-312.5367 0.0000
-312.9798 0.0000
-313.6481 0.0000
-313.2267 0.0000
-311.6504 0.0000
-313.2381 0.0000
-311.9250 0.0000
-312.9733 0.0000
-312.3376 0.0000
-312.4740 0.0000
-313.2689 0.0000
-312.4936 0.0000
-313.2950 0.0000
-312.7569 0.0000
-313.0353 0.0000
-311.4266 0.0000
-313.6717 0.0000
-312.3998 0.0000
-314.2166 0.0000
-314.7202 0.0000
-312.7418 0.0000
-314.3642 0.0000
-312.4167 0.0000
-312.3439 0.0000
-311.8177 0.0000
-313.1880 0.0000
-313.6721 0.0000
-312.8965 0.0000
-313.0883 0.0000
-314.6535 0.0000
-313.0215 0.0000
-312.4179 0.0000
-311.9978 0.0000
-311.7479 0.0000
-313.2031 0.0000
-312.1298 0.0000
-312.9131 0.0000
-313.9367 0.0000
-313.8685 0.0000
-314.1212 0.0000
-312.8851 0.0000
-313.0544 0.0000
-311.7871 0.0000
-313.3437 0.0000
-311.7955 0.0000
-313.5543 0.0000
-313.2733 0.0000
-312.6899 0.0000
-313.6420 0.0000
-314.6955 0.0000
-312.3273 0.0000
-312.3685 0.0000
-313.6043 0.0000
-313.8073 0.0000
-312.9365 0.0000
-312.9934 0.0000
-312.0680 0.0000
-312.6269 0.0000
-313.7305 0.0000
-312.9304 0.0000
-313.8978 0.0000
-313.6026 0.0000
-313.6646 0.0000
-313.4276 0.0000
-313.9700 0.0000
-314.5472 0.0000
-312.7309 0.0000
-312.2575 0.0000
-312.3513 0.0000
-312.7972 0.0000
-313.4059 0.0000
-312.8024 0.0000
-314.9411 0.0000
-312.8736 0.0000
-312.6739 0.0000
-313.2456 0.0000
-311.9745 0.0000
-312.6961 0.0000
-313.0615 0.0000
-313.1161 0.0000
-313.6621 0.0000
-313.6983 0.0000
-312.5400 0.0000
-314.5117 0.0000
-314.3499 0.0000
-314.0920 0.0000
-313.5448 0.0000
-312.1893 0.0000
-312.8879 0.0000
-312.7780 0.0000
-314.3250 0.0000
-312.8809 0.0000
-312.3341 0.0000
-312.0858 0.0000
-313.2449 0.0000
-312.5190 0.0000
-314.2859 0.0000
-312.2919 0.0000
-312.8936 0.0000
-248.5732 0.0000
-247.7843 0.0000
-248.9716 0.0000
-248.0300 0.0000
-247.4452 0.0000
-246.7814 0.0000
-247.8490 0.0000
-246.9354 0.0000
-246.6531 0.0000
-245.1238 0.0000
-245.3265 0.0000
-245.1134 0.0000
-244.6348 0.0000
-244.7029 0.0000
-245.6200 0.0000
-245.7634 0.0000
-245.0184 0.0000
-244.2463 0.0000
-245.0408 0.0000
-245.8158 0.0000
-246.9402 0.0000
-247.1137 0.0000
-245.3118 0.0000
-245.9402 0.0000
-246.8158 0.0000
-246.4865 0.0000
-247.0611 0.0000
-246.6468 0.0000
-246.7128 0.0000
-247.5088 0.0000
-248.2627 0.0000
-247.4001 0.0000
-247.8395 0.0000
-247.2221 0.0000
-246.8088 0.0000
-246.6385 0.0000
-247.1064 0.0000
-247.6149 0.0000
-248.9042 0.0000
-248.3879 0.0000
-247.0217 0.0000
-248.2117 0.0000
-249.9473 0.0000
-250.2599 0.0000
-250.8047 0.0000
-250.3452 0.0000
-250.0986 0.0000
-250.2082 0.0000
-250.8707 0.0000
-249.9084 0.0000
-250.9871 0.0000
-251.9065 0.0000
-253.0280 0.0000
-252.3563 0.0000
-253.0878 0.0000
-252.0448 0.0000
-252.4055 0.0000
-253.0313 0.0000
-252.8492 0.0000
-252.2041 0.0000
-253.9814 0.0000
-252.9882 0.0000
-252.4753 0.0000
-251.1427 0.0000
-251.5470 0.0000
-250.0570 0.0000
-249.0226 0.0000
-249.9974 0.0000
-249.2559 0.0000
-249.4294 0.0000
-248.3712 0.0000
-249.7089 0.0000
-251.8982 0.0000
-248.3866 0.0000
-249.1421 0.0000
-249.1376 0.0000
-250.6115 0.0000
-250.7746 0.0000
-251.0722 0.0000
-251.4398 0.0000
-253.2237 0.0000
-253.1408 0.0000
-249.1974 0.0000
-248.1130 0.0000
-246.9770 0.0000
-245.7100 0.0000
-244.3725 0.0000
-245.0455 0.0000
-244.7842 0.0000
-243.2673 0.0000
-240.8466 0.0000
-240.3242 0.0000
-240.5538 0.0000
-240.8135 0.0000
-241.5503 0.0000
-242.9144 0.0000
-241.8077 0.0000
-241.1499 0.0000
-240.6911 0.0000
-241.0383 0.0000
-324.4456 0.0000
-324.4188 0.0000
-323.9033 0.0000
-325.1827 0.0000
-324.8136 0.0000
-325.8003 0.0000
-323.8128 0.0000
-325.6496 0.0000
-325.4300 0.0000
-324.9065 0.0000
-323.8256 0.0000
-324.4903 0.0000
-324.7882 0.0000
-324.2567 0.0000
-324.9542 0.0000
-325.0548 0.0000
-324.2876 0.0000
-326.2254 0.0000
-323.3744 0.0000
-325.4425 0.0000
-323.7791 0.0000
-324.8335 0.0000
-324.8024 0.0000
-325.1968 0.0000
-325.8941 0.0000
-325.4093 0.0000
-325.9922 0.0000
-324.9032 0.0000
-324.5561 0.0000
-325.1502 0.0000
-324.9054 0.0000
-325.0267 0.0000
-324.0465 0.0000
-325.2908 0.0000
-325.0542 0.0000
-325.3717 0.0000
-323.8001 0.0000
-324.9759 0.0000
-325.0851 0.0000
-324.3169 0.0000
-324.0732 0.0000
-324.7951 0.0000
-325.0437 0.0000
-324.7226 0.0000
-324.9179 0.0000
-324.4918 0.0000
-324.6467 0.0000
-325.4955 0.0000
-325.0874 0.0000
-325.8446 0.0000
-324.4986 0.0000
-325.3003 0.0000
-324.2395 0.0000
-323.3213 0.0000
-325.0155 0.0000
-325.4822 0.0000
-324.8216 0.0000
-325.3296 0.0000
-325.1719 0.0000
-324.0479 0.0000
-324.2483 0.0000
-323.7644 0.0000
-323.7952 0.0000
-325.7217 0.0000
-324.3971 0.0000
-325.1678 0.0000
-324.9499 0.0000
-324.5355 0.0000
-325.3765 0.0000
-324.3386 0.0000
-324.3727 0.0000
-325.5783 0.0000
-325.5810 0.0000
-323.9546 0.0000
-324.0138 0.0000
-325.7370 0.0000
-325.6682 0.0000
-324.9070 0.0000
-324.5141 0.0000
-323.3469 0.0000
-323.1641 0.0000
-325.4431 0.0000
-325.4084 0.0000
-324.4272 0.0000
-325.3082 0.0000
-325.5373 0.0000
-323.7273 0.0000
-324.9091 0.0000
-324.7220 0.0000
-325.3771 0.0000
-325.6449 0.0000
-325.2584 0.0000
-324.5246 0.0000
-325.7410 0.0000
-325.0219 0.0000
-323.6311 0.0000
-325.7270 0.0000
-325.0268 0.0000
-324.5699 0.0000
-326.6278 0.0000
-346.2599 0.0000
-346.2222 0.0000
-346.3503 0.0000
-345.7030 0.0000
-346.0407 0.0000
-345.2256 0.0000
-346.9122 0.0000
-346.6858 0.0000
-346.3284 0.0000
-345.3571 0.0000
-346.1207 0.0000
-346.0885 0.0000
-345.8513 0.0000
-346.0484 0.0000
-345.7674 0.0000
-346.3850 0.0000
-346.1969 0.0000
-345.6123 0.0000
-346.3208 0.0000
-345.1377 0.0000
-346.2204 0.0000
-346.6610 0.0000
-345.3623 0.0000
-346.0704 0.0000
-345.5995 0.0000
-346.0587 0.0000
-346.3577 0.0000
-346.2909 0.0000
-346.6046 0.0000
-345.7498 0.0000
-345.7777 0.0000
-345.4970 0.0000
-345.4372 0.0000
-345.7821 0.0000
-346.9903 0.0000
-345.8413 0.0000
-345.4664 0.0000
-346.3652 0.0000
-346.1369 0.0000
-345.9935 0.0000
-346.2578 0.0000
-345.7655 0.0000
-345.7944 0.0000
-346.9760 0.0000
-345.8640 0.0000
-346.7008 0.0000
-346.5240 0.0000
-345.9127 0.0000
-346.2629 0.0000
-345.9046 0.0000
-346.2492 0.0000
-346.6677 0.0000
-346.4294 0.0000
-346.6562 0.0000
-345.5895 0.0000
-346.4815 0.0000
-345.7763 0.0000
-345.8730 0.0000
-345.7815 0.0000
-346.3116 0.0000
-346.4820 0.0000
-346.7616 0.0000
-346.6215 0.0000
-346.5194 0.0000
-345.5964 0.0000
-346.5924 0.0000
-346.3260 0.0000
-344.7534 0.0000
-346.5230 0.0000
-347.1747 0.0000
-345.3203 0.0000
-345.7373 0.0000
-346.6338 0.0000
-346.0495 0.0000
-345.4066 0.0000
-345.2679 0.0000
-346.3135 0.0000
-345.7260 0.0000
-345.6027 0.0000
-345.5847 0.0000
-345.1986 0.0000
-346.8708 0.0000
-344.6865 0.0000
-346.0120 0.0000
-346.9060 0.0000
-346.6389 0.0000
-345.5479 0.0000
-346.0744 0.0000
-346.2413 0.0000
-345.6869 0.0000
-345.8188 0.0000
-345.3261 0.0000
-346.5380 0.0000
-345.6854 0.0000
-346.7746 0.0000
-346.0010 0.0000
-345.5354 0.0000
-346.0820 0.0000
-347.0450 0.0000
-345.3879 0.0000
-288.7277 0.0000
-288.2801 0.0000
-287.4555 0.0000
-287.7753 0.0000
-287.7178 0.0000
-288.4506 0.0000
-287.1655 0.0000
-288.6852 0.0000
-287.6778 0.0000
-288.0519 0.0000
-288.5551 0.0000
-287.9008 0.0000
-288.2417 0.0000
-290.2062 0.0000
-289.3373 0.0000
-289.9273 0.0000
-289.5982 0.0000
-288.9402 0.0000
-289.4468 0.0000
-290.4457 0.0000
-289.8018 0.0000
-289.6983 0.0000
-290.1853 0.0000
-290.3415 0.0000
-290.1238 0.0000
-290.0814 0.0000
-290.4806 0.0000
-289.4732 0.0000
-291.1750 0.0000
-288.1379 0.0000
-287.5412 0.0000
-288.9149 0.0000
-285.2442 0.0000
-286.3235 0.0000
-285.3745 0.0000
-284.5162 0.0000
-285.9757 0.0000
-284.6113 0.0000
-285.3134 0.0000
-284.3472 0.0000
-284.9253 0.0000
-283.5390 0.0000
-283.0235 0.0000
-282.8143 0.0000
-283.7622 0.0000
-283.0660 0.0000
-282.0145 0.0000
-281.6232 0.0000
-281.0246 0.0000
-281.7975 0.0000
-280.9295 0.0000
-280.6206 0.0000
-281.0514 0.0000
-281.5557 0.0000
-282.0142 0.0000
-283.0202 0.0000
-280.9823 0.0000
-281.4534 0.0000
-281.3595 0.0000
-281.6862 0.0000
-281.6735 0.0000
-282.6697 0.0000
-281.7144 0.0000
-281.6926 0.0000
-280.7743 0.0000
-280.9140 0.0000
-282.7189 0.0000
-279.6622 0.0000
-279.3275 0.0000
-278.4116 0.0000
-278.8003 0.0000
-278.9333 0.0000
-278.0514 0.0000
-277.9747 0.0000
-278.4648 0.0000
-277.3021 0.0000
-278.1017 0.0000
-276.9380 0.0000
-277.0256 0.0000
-279.1837 0.0000
-277.4299 0.0000
-278.2438 0.0000
-277.5536 0.0000
-276.4765 0.0000
-275.4524 0.0000
-272.9565 0.0000
-273.1522 0.0000
-272.1327 0.0000
-272.6458 0.0000
-272.9421 0.0000
-272.6262 0.0000
-271.8882 0.0000
-271.6978 0.0000
-274.0767 0.0000
-272.1948 0.0000
-272.3232 0.0000
-272.7287 0.0000
-272.7908 0.0000
-273.6255 0.0000
-272.3810 0.0000
-244.7160 0.0000
-245.6395 0.0000
-245.3475 0.0000
-244.9790 0.0000
-245.6593 0.0000
-246.0746 0.0000
-247.2148 0.0000
-248.3648 0.0000
-246.9980 0.0000
-245.6801 0.0000
-246.0840 0.0000
-245.2995 0.0000
-243.8521 0.0000
-243.1832 0.0000
-243.8145 0.0000
-244.0651 0.0000
-244.2472 0.0000
-244.4261 0.0000
-245.3556 0.0000
-244.4498 0.0000
-244.8478 0.0000
-245.0323 0.0000
-245.8600 0.0000
-245.5229 0.0000
-245.9942 0.0000
-246.4074 0.0000
-246.2121 0.0000
-245.5813 0.0000
-246.3951 0.0000
-247.0669 0.0000
-245.5980 0.0000
-245.9461 0.0000
-245.7939 0.0000
-245.2244 0.0000
-244.7828 0.0000
-244.9990 0.0000
-244.9302 0.0000
-244.3816 0.0000
-244.4577 0.0000
-245.2530 0.0000
-245.2070 0.0000
-244.9188 0.0000
-245.3900 0.0000
-245.7018 0.0000
-245.1927 0.0000
-244.0682 0.0000
-244.5469 0.0000
-243.4364 0.0000
-244.4931 0.0000
-244.3927 0.0000
-243.5756 0.0000
-242.3884 0.0000
-242.8783 0.0000
-242.4313 0.0000
-242.6793 0.0000
-243.5555 0.0000
-242.5118 0.0000
-244.5239 0.0000
-243.4536 0.0000
-242.1062 0.0000
-242.1298 0.0000
-242.1596 0.0000
-243.3739 0.0000
-241.7964 0.0000
-243.1993 0.0000
-241.0787 0.0000
-242.0832 0.0000
-240.4166 0.0000
-240.1295 0.0000
-238.8931 0.0000
-238.5990 0.0000
-239.2196 0.0000
-237.8121 0.0000
-238.2218 0.0000
-237.9804 0.0000
-237.7387 0.0000
-238.5458 0.0000
-238.9015 0.0000
-238.7343 0.0000
-238.7676 0.0000
-238.1041 0.0000
-237.3860 0.0000
-237.4357 0.0000
-238.0354 0.0000
-239.0981 0.0000
-239.3103 0.0000
-239.9821 0.0000
-238.2206 0.0000
-239.7777 0.0000
-238.5389 0.0000
-238.4361 0.0000
-237.5749 0.0000
-238.2266 0.0000
-239.7369 0.0000
-237.9695 0.0000
-237.6607 0.0000
-236.8239 0.0000
-236.4153 0.0000
-236.2120 0.0000
-236.4448 0.0000
-275.2888 0.0000
-273.6778 0.0000
-275.6929 0.0000
-275.0344 0.0000
-273.8698 0.0000
-275.8353 0.0000
-275.1953 0.0000
-277.0096 0.0000
-275.9234 0.0000
-277.2707 0.0000
-274.4879 0.0000
-273.5778 0.0000
-276.3238 0.0000
-275.1666 0.0000
-275.4359 0.0000
-275.0536 0.0000
-273.1340 0.0000
-274.1499 0.0000
-275.7731 0.0000
-277.9877 0.0000
-275.5927 0.0000
-275.4691 0.0000
-274.3084 0.0000
-274.4479 0.0000
-273.8860 0.0000
-273.6833 0.0000
-275.3407 0.0000
-274.2523 0.0000
-275.1749 0.0000
-273.5763 0.0000
-273.0547 0.0000
-275.8342 0.0000
-276.1379 0.0000
-274.9089 0.0000
-275.8851 0.0000
-274.4176 0.0000
-275.7617 0.0000
-276.4304 0.0000
-274.2019 0.0000
-275.9531 0.0000
-274.9231 0.0000
-273.8716 0.0000
-273.8083 0.0000
-273.1783 0.0000
-275.0371 0.0000
-272.7881 0.0000
-273.6267 0.0000
-273.6080 0.0000
-273.7995 0.0000
-274.9638 0.0000
-276.8565 0.0000
-274.2882 0.0000
-274.4412 0.0000
-276.4301 0.0000
-275.9529 0.0000
-272.6938 0.0000
-274.5854 0.0000
-276.2943 0.0000
-274.0621 0.0000
-275.2986 0.0000
-273.8666 0.0000
-273.3288 0.0000
-272.1904 0.0000
-274.3815 0.0000
-273.6972 0.0000
-273.1342 0.0000
-275.1905 0.0000
-275.3300 0.0000
-275.5295 0.0000
-274.8809 0.0000
-274.5782 0.0000
-274.8877 0.0000
-275.5639 0.0000
-274.4632 0.0000
-275.5001 0.0000
-277.4023 0.0000
-274.9057 0.0000
-272.9039 0.0000
-274.2190 0.0000
-273.5611 0.0000
-275.9484 0.0000
-274.6526 0.0000
-274.8446 0.0000
-275.4984 0.0000
-273.9812 0.0000
-275.2057 0.0000
-274.7769 0.0000
-275.2559 0.0000
-273.0745 0.0000
-274.8205 0.0000
-275.7020 0.0000
-273.6742 0.0000
-276.2421 0.0000
-274.5295 0.0000
-273.8789 0.0000
-273.7430 0.0000
-275.1319 0.0000
-273.8753 0.0000
-274.3848 0.0000
-273.9998 0.0000
-323.2496 0.0000
-324.4424 0.0000
-324.6121 0.0000
-324.9392 0.0000
-325.1266 0.0000
-323.6426 0.0000
-324.1256 0.0000
-324.3464 0.0000
-323.4008 0.0000
-324.5792 0.0000
-324.1638 0.0000
-323.9493 0.0000
-323.3435 0.0000
-323.6824 0.0000
-324.5051 0.0000
-322.5246 0.0000
-322.2939 0.0000
-323.4010 0.0000
-326.0063 0.0000
-322.9110 0.0000
-323.7412 0.0000
-324.4290 0.0000
-323.6697 0.0000
-323.0557 0.0000
-324.8080 0.0000
-324.4744 0.0000
-324.1398 0.0000
-323.6455 0.0000
-326.1180 0.0000
-323.6930 0.0000
-323.6648 0.0000
-323.5650 0.0000
-323.5440 0.0000
-322.9597 0.0000
-324.7837 0.0000
-324.8820 0.0000
-324.0150 0.0000
-324.8163 0.0000
-323.8249 0.0000
-324.4555 0.0000
-323.3632 0.0000
-324.3701 0.0000
-325.1169 0.0000
-324.9130 0.0000
-323.5186 0.0000
-323.8827 0.0000
-322.5460 0.0000
-323.8352 0.0000
-323.2683 0.0000
-324.4117 0.0000
-324.1282 0.0000
-324.5448 0.0000
-325.6433 0.0000
-324.8683 0.0000
-324.0438 0.0000
-324.4282 0.0000
-325.7630 0.0000
-323.1969 0.0000
-324.2337 0.0000
-325.1949 0.0000
-325.4417 0.0000
-324.8042 0.0000
-323.6719 0.0000
-323.8478 0.0000
-323.0251 0.0000
-324.5983 0.0000
-325.2171 0.0000
-322.7548 0.0000
-325.3749 0.0000
-322.9043 0.0000
-322.9146 0.0000
-324.2924 0.0000
-324.2635 0.0000
-324.1227 0.0000
-323.5815 0.0000
-323.6131 0.0000
-323.9969 0.0000
-324.4790 0.0000
-322.4138 0.0000
-323.4773 0.0000
-322.5000 0.0000
-322.4855 0.0000
-324.8439 0.0000
-325.2073 0.0000
-323.5664 0.0000
-323.7926 0.0000
-324.1890 0.0000
-324.2975 0.0000
-324.9076 0.0000
-324.7919 0.0000
-325.4927 0.0000
-324.8568 0.0000
-322.4922 0.0000
-324.1797 0.0000
-325.3533 0.0000
-323.0900 0.0000
-325.3298 0.0000
-323.6014 0.0000
-324.1730 0.0000
-323.1720 0.0000
-216.7857 0.0000
-217.4318 0.0000
-217.0751 0.0000
-216.7776 0.0000
-217.2111 0.0000
-218.1295 0.0000
-216.9764 0.0000
-216.8838 0.0000
-216.6667 0.0000
-215.9646 0.0000
-215.6425 0.0000
-215.4585 0.0000
-214.9243 0.0000
-215.6374 0.0000
-215.6551 0.0000
-215.8117 0.0000
-216.6104 0.0000
-216.3248 0.0000
-216.3682 0.0000
-214.9053 0.0000
-214.4716 0.0000
-214.1014 0.0000
-214.5041 0.0000
-214.4337 0.0000
-214.4070 0.0000
-213.7264 0.0000
-214.0091 0.0000
-213.5298 0.0000
-213.4651 0.0000
-213.4100 0.0000
-212.8349 0.0000
-212.5879 0.0000
-212.2320 0.0000
-212.4264 0.0000
-212.5315 0.0000
-212.6551 0.0000
-211.8961 0.0000
-211.1029 0.0000
-211.1370 0.0000
-211.1097 0.0000
-211.0629 0.0000
-210.8307 0.0000
-210.4146 0.0000
-210.8981 0.0000
-210.6809 0.0000
-210.3129 0.0000
-210.2431 0.0000
-210.2225 0.0000
-210.3184 0.0000
-210.2424 0.0000
-210.1655 0.0000
-210.1478 0.0000
-210.0036 0.0000
-210.2311 0.0000
-209.6274 0.0000
-209.8502 0.0000
-210.0158 0.0000
-210.3217 0.0000
-210.0515 0.0000
-209.9767 0.0000
-210.6037 0.0000
-210.1823 0.0000
-209.9224 0.0000
-211.4466 0.0000
-210.4495 0.0000
-210.4572 0.0000
-209.8807 0.0000
-210.1034 0.0000
-209.5574 0.0000
-209.3677 0.0000
-209.9845 0.0000
-210.4118 0.0000
-210.1228 0.0000
-210.5213 0.0000
-210.2285 0.0000
-209.9446 0.0000
-209.8021 0.0000
-209.7875 0.0000
-208.8740 0.0000
-208.7656 0.0000
-209.2408 0.0000
-209.1463 0.0000
-209.3673 0.0000
-209.8132 0.0000
-210.0441 0.0000
-209.9038 0.0000
-210.3187 0.0000
-210.2144 0.0000
-211.5049 0.0000
-211.1082 0.0000
-211.1764 0.0000
-210.9611 0.0000
-210.8732 0.0000
-211.6075 0.0000
-210.6702 0.0000
-211.8509 0.0000
-210.3967 0.0000
-210.3770 0.0000
-210.5946 0.0000
-210.8285 0.0000
-325.6114 0.0000
-325.7397 0.0000
-326.0874 0.0000
-326.4681 0.0000
-325.8744 0.0000
-325.6504 0.0000
-325.9514 0.0000
-326.2917 0.0000
-326.2717 0.0000
-325.5691 0.0000
-325.7956 0.0000
-326.5194 0.0000
-326.0839 0.0000
-325.0771 0.0000
-325.2371 0.0000
-325.9887 0.0000
-326.1850 0.0000
-326.2516 0.0000
-325.9872 0.0000
-325.3280 0.0000
-326.9395 0.0000
-325.8467 0.0000
-325.2886 0.0000
-326.0632 0.0000
-326.2979 0.0000
-326.8972 0.0000
-326.2160 0.0000
-325.0959 0.0000
-326.0983 0.0000
-326.0025 0.0000
-324.8348 0.0000
-326.2801 0.0000
-325.2484 0.0000
-325.7179 0.0000
-326.5804 0.0000
-326.2671 0.0000
-325.6765 0.0000
-325.2405 0.0000
-326.2271 0.0000
-325.9020 0.0000
-325.3423 0.0000
-326.7726 0.0000
-326.0493 0.0000
-325.2248 0.0000
-325.7187 0.0000
-326.1633 0.0000
-325.8615 0.0000
-326.6641 0.0000
-326.5138 0.0000
-326.0745 0.0000
-326.3956 0.0000
-325.8638 0.0000
-326.3626 0.0000
-325.6974 0.0000
-325.2927 0.0000
-325.2802 0.0000
-326.3205 0.0000
-325.4949 0.0000
-325.9671 0.0000
-325.4104 0.0000
-326.4485 0.0000
-325.4504 0.0000
-325.6768 0.0000
-325.6678 0.0000
-325.3158 0.0000
-325.7005 0.0000
-324.7849 0.0000
-324.9809 0.0000
-325.4504 0.0000
-326.1692 0.0000
-326.1803 0.0000
-326.0892 0.0000
-325.6150 0.0000
-324.7069 0.0000
-325.0603 0.0000
-325.6506 0.0000
-325.3725 0.0000
-325.7665 0.0000
-326.9666 0.0000
-325.8992 0.0000
-326.0706 0.0000
-325.9581 0.0000
-325.7706 0.0000
-325.9600 0.0000
-325.8761 0.0000
-326.0162 0.0000
-326.7367 0.0000
-326.0702 0.0000
-325.5148 0.0000
-326.7958 0.0000
-326.9245 0.0000
-325.1974 0.0000
-326.0620 0.0000
-325.5344 0.0000
-326.5863 0.0000
-326.7371 0.0000
-326.2489 0.0000
-325.5586 0.0000
-327.0131 0.0000
-325.4548 0.0000
-326.4790 0.0000
-326.3667 0.0000
-325.8233 0.0000
-326.3249 0.0000
-325.8997 0.0000
-326.1076 0.0000
-325.9800 0.0000
-326.1190 0.0000
-325.5175 0.0000
-326.2585 0.0000
-325.1042 0.0000
-325.4870 0.0000
-327.0718 0.0000
-326.1297 0.0000
-326.3890 0.0000
-326.2467 0.0000
-325.4455 0.0000
-325.5042 0.0000
-326.6832 0.0000
-326.3558 0.0000
-326.8102 0.0000
-326.3299 0.0000
-326.2259 0.0000
-325.1116 0.0000
-325.5722 0.0000
-326.3148 0.0000
-325.6822 0.0000
-326.9519 0.0000
-326.4981 0.0000
-324.5961 0.0000
-326.6130 0.0000
-326.4633 0.0000
-325.6924 0.0000
-326.0500 0.0000
-325.7944 0.0000
-325.6372 0.0000
-326.7154 0.0000
-325.5049 0.0000
-325.5318 0.0000
-326.1169 0.0000
-326.0304 0.0000
-324.8294 0.0000
-324.6719 0.0000
-326.0850 0.0000
-325.3736 0.0000
-325.4208 0.0000
-325.6042 0.0000
-324.9685 0.0000
-325.5069 0.0000
-325.8091 0.0000
-325.4546 0.0000
-326.2001 0.0000
-325.7057 0.0000
-325.3930 0.0000
-326.6553 0.0000
-325.9081 0.0000
-326.4614 0.0000
-325.2020 0.0000
-325.4777 0.0000
-326.3639 0.0000
-326.3917 0.0000
-327.2968 0.0000
-326.0665 0.0000
-327.2610 0.0000
-326.6448 0.0000
-325.3536 0.0000
-325.5332 0.0000
-325.6483 0.0000
-326.6534 0.0000
-326.3519 0.0000
-324.8778 0.0000
-325.3465 0.0000
-326.2327 0.0000
-325.5204 0.0000
-325.8741 0.0000
-325.3628 0.0000
-325.4060 0.0000
-325.0075 0.0000
-325.9023 0.0000
-326.8303 0.0000
-325.2625 0.0000
-325.5168 0.0000
-326.8579 0.0000
-325.8524 0.0000
-325.4444 0.0000
-325.6387 0.0000
-326.4504 0.0000
-325.2626 0.0000
-326.2949 0.0000
-326.0196 0.0000
-326.8055 0.0000
-326.5405 0.0000
-326.0064 0.0000
-326.1531 0.0000
-326.0181 0.0000
-325.3545 0.0000
-325.8700 0.0000
-325.3774 0.0000
-325.9852 0.0000
-326.9958 0.0000
-324.8528 0.0000
-325.8091 0.0000
-325.8245 0.0000
-325.8074 0.0000
-326.4967 0.0000
-326.2370 0.0000
-326.6606 0.0000
-326.5967 0.0000
-325.4296 0.0000
-325.9500 0.0000
-325.6295 0.0000
-327.0805 0.0000
-325.0049 0.0000
-325.6838 0.0000
-326.7870 0.0000
-326.4683 0.0000
-325.4074 0.0000
-326.1163 0.0000
-326.2231 0.0000
-325.4498 0.0000
-325.0490 0.0000
-325.4317 0.0000
-325.8917 0.0000
-325.4936 0.0000
-324.9555 0.0000
-325.4454 0.0000
-325.5271 0.0000
-325.5420 0.0000
-325.4602 0.0000
-325.9453 0.0000
-326.0409 0.0000
-326.4294 0.0000
-326.4901 0.0000
-325.7379 0.0000
-324.6434 0.0000
-325.6773 0.0000
-326.1098 0.0000
-325.4159 0.0000
-326.8731 0.0000
-326.9746 0.0000
-326.2309 0.0000
-325.8897 0.0000
-325.6642 0.0000
-325.9859 0.0000
-325.8793 0.0000
-325.3132 0.0000
-326.2373 0.0000
-325.8448 0.0000
-326.1955 0.0000
-325.7809 0.0000
-325.8954 0.0000
-325.3397 0.0000
-326.2559 0.0000
-325.8206 0.0000
-325.2841 0.0000
-326.6511 0.0000
-326.7349 0.0000
-326.5676 0.0000
-327.1135 0.0000
-326.6454 0.0000
-325.5092 0.0000
-326.7352 0.0000
-325.7962 0.0000
-325.6256 0.0000
-325.3541 0.0000
-326.1037 0.0000
-326.3542 0.0000
-326.1737 0.0000
-325.1650 0.0000
-326.1186 0.0000
-325.1790 0.0000
-325.7745 0.0000
-325.9281 0.0000
-326.1046 0.0000
-324.9539 0.0000
-325.8465 0.0000
-326.2004 0.0000
-325.9266 0.0000
-326.8026 0.0000
-326.3822 0.0000
-326.2781 0.0000
-325.8257 0.0000
-325.2219 0.0000
-326.5782 0.0000
-326.4293 0.0000
-325.1259 0.0000
-326.5832 0.0000
-325.7746 0.0000
-325.6897 0.0000
-325.9243 0.0000
-326.5383 0.0000
-325.2336 0.0000
-326.6655 0.0000
-326.2119 0.0000
-326.6641 0.0000
-325.8342 0.0000
-325.6976 0.0000
-327.9049 0.0000
-325.6625 0.0000
-325.8599 0.0000
-325.5311 0.0000
-325.1526 0.0000
-326.6786 0.0000
-326.1630 0.0000
-326.2346 0.0000
-325.5096 0.0000
-325.7602 0.0000
-325.9415 0.0000
-325.0198 0.0000
-325.7998 0.0000
-325.5247 0.0000
-325.1769 0.0000
-325.9762 0.0000
-325.3017 0.0000
-325.9896 0.0000
-325.3555 0.0000
-326.5244 0.0000
-325.6366 0.0000
-325.9093 0.0000
-326.2820 0.0000
-325.8884 0.0000
-325.0612 0.0000
-326.2631 0.0000
-325.7922 0.0000
-325.5758 0.0000
-326.6342 0.0000
-324.8794 0.0000
-325.6358 0.0000
-325.4475 0.0000
-325.6389 0.0000
-325.7249 0.0000
-326.5517 0.0000
-325.6677 0.0000
-325.3842 0.0000
-326.2272 0.0000
-326.6147 0.0000
-326.5084 0.0000
-325.9405 0.0000
-326.9816 0.0000
-325.6879 0.0000
-325.2693 0.0000
-325.8770 0.0000
-325.8089 0.0000
-326.0180 0.0000
-326.3316 0.0000
-326.4727 0.0000
-326.8665 0.0000
-325.7725 0.0000
-326.0686 0.0000
-326.2400 0.0000
-325.6220 0.0000
-325.8002 0.0000
-325.7023 0.0000
-327.0393 0.0000
-326.2794 0.0000
-325.4198 0.0000
-326.1507 0.0000
-326.5707 0.0000
-326.0113 0.0000
-327.0137 0.0000
-325.7424 0.0000
-325.6547 0.0000
-325.9185 0.0000
-326.2629 0.0000
-325.7194 0.0000
-325.1942 0.0000
-326.9565 0.0000
-326.1357 0.0000
-325.9137 0.0000
-325.2949 0.0000
-325.7187 0.0000
-326.5840 0.0000
-325.9702 0.0000
-325.7859 0.0000
-325.8219 0.0000
-326.7317 0.0000
-326.3741 0.0000
-325.8390 0.0000
-324.6950 0.0000
-326.0861 0.0000
-326.1224 0.0000
-326.0429 0.0000
-325.1664 0.0000
-325.5004 0.0000
-325.5436 0.0000
-325.8548 0.0000
-326.1340 0.0000
-324.6193 0.0000
-325.7612 0.0000
-326.0868 0.0000
-326.3774 0.0000
-326.1451 0.0000
-325.3854 0.0000
-325.9870 0.0000
-326.4528 0.0000
-326.4827 0.0000
-324.6716 0.0000
-325.2100 0.0000
-325.7502 0.0000
-326.3645 0.0000
-326.0351 0.0000
-326.6990 0.0000
-325.9562 0.0000
-326.2048 0.0000
-326.1175 0.0000
-326.5975 0.0000
-327.2293 0.0000
-325.9337 0.0000
-326.1145 0.0000
-325.5542 0.0000
-326.4447 0.0000
-326.0767 0.0000
-325.1475 0.0000
-326.9454 0.0000
-326.6441 0.0000
-326.2535 0.0000
-325.2812 0.0000
-325.8325 0.0000
-325.7667 0.0000
-325.4187 0.0000
-325.8739 0.0000
-326.3959 0.0000
-325.5050 0.0000
-325.0901 0.0000
-326.1625 0.0000
-325.6012 0.0000
-325.8990 0.0000
-324.8593 0.0000
-325.4766 0.0000
-326.1013 0.0000
-325.8370 0.0000
-325.8677 0.0000
-326.6693 0.0000
-325.7219 0.0000
-324.9789 0.0000
-326.5845 0.0000
-326.7776 0.0000
-326.0230 0.0000
-326.0782 0.0000
-325.7008 0.0000
-325.7106 0.0000
-325.8487 0.0000
-325.3854 0.0000
-325.6006 0.0000
-326.7259 0.0000
-326.8505 0.0000
-324.7274 0.0000
-326.8481 0.0000
-326.3072 0.0000
-326.0909 0.0000
-325.3556 0.0000
-325.3765 0.0000
-325.3886 0.0000
-326.2485 0.0000
-325.3414 0.0000
-325.4466 0.0000
-326.2570 0.0000
-325.7945 0.0000
-326.3850 0.0000
-326.3535 0.0000
-326.4521 0.0000
-326.5567 0.0000
-326.8750 0.0000
-326.7214 0.0000
-326.3650 0.0000
-325.7689 0.0000
-325.2129 0.0000
-326.0707 0.0000
-326.6251 0.0000
-325.7136 0.0000
-326.5431 0.0000
-325.6744 0.0000
-325.4409 0.0000
-325.7438 0.0000
-326.1842 0.0000
-325.9325 0.0000
-325.8821 0.0000
-325.5159 0.0000
-325.1817 0.0000
-325.5728 0.0000
-325.4104 0.0000
-326.0797 0.0000
-326.1612 0.0000
-325.5898 0.0000
-325.8645 0.0000
-326.5434 0.0000
-325.8345 0.0000
-327.1549 0.0000
-326.6636 0.0000
-325.3253 0.0000
-325.7698 0.0000
-326.4585 0.0000
-325.3099 0.0000
-325.7042 0.0000
-325.9540 0.0000
-326.1874 0.0000
-325.5097 0.0000
-325.6819 0.0000
-326.5695 0.0000
-326.1494 0.0000
-325.1723 0.0000
-325.1393 0.0000
-326.1039 0.0000
-325.8334 0.0000
-326.4482 0.0000
-326.2327 0.0000
-325.7499 0.0000
-326.0546 0.0000
-326.7192 0.0000
-325.8703 0.0000
-325.1581 0.0000
-325.3551 0.0000
-324.3521 0.0000
-326.1298 0.0000
-325.3115 0.0000
-327.1729 0.0000
-326.2888 0.0000
-325.3096 0.0000
-326.0353 0.0000
-325.9916 0.0000
-326.1431 0.0000
-326.5515 0.0000
-326.8559 0.0000
-325.4874 0.0000
-325.6803 0.0000
-326.5212 0.0000
-325.2317 0.0000
-325.4646 0.0000
-325.6722 0.0000
-325.7431 0.0000
-326.0570 0.0000
-326.0064 0.0000
-326.2565 0.0000
-325.4911 0.0000
-325.7218 0.0000
-325.7452 0.0000
-325.7782 0.0000
-325.5260 0.0000
-325.2112 0.0000
-326.7437 0.0000
-326.6674 0.0000
-326.5046 0.0000
-326.1042 0.0000
-325.9588 0.0000
-325.3516 0.0000
-326.4913 0.0000
-325.7773 0.0000
-325.0764 0.0000
-326.3720 0.0000
-326.2235 0.0000
-326.6315 0.0000
-325.8811 0.0000
-325.8379 0.0000
-325.3831 0.0000
-326.7765 0.0000
-325.5729 0.0000
-326.3123 0.0000
-325.9328 0.0000
-325.2051 0.0000
-325.5262 0.0000
-325.4472 0.0000
-325.7937 0.0000
-325.1270 0.0000
-326.7539 0.0000
-325.7250 0.0000
-325.7731 0.0000
-326.2235 0.0000
-326.2480 0.0000
-326.2860 0.0000
-326.3958 0.0000
-326.3591 0.0000
-325.8873 0.0000
-325.1244 0.0000
-326.4267 0.0000
-326.0503 0.0000
-326.3199 0.0000
-326.4706 0.0000
-325.8724 0.0000
-325.1214 0.0000
-325.8444 0.0000
-324.4538 0.0000
-325.4046 0.0000
-325.2949 0.0000
-325.7869 0.0000
-325.4932 0.0000
-326.4386 0.0000
-326.6311 0.0000
-325.8493 0.0000
-326.2092 0.0000
-326.1386 0.0000
-325.5632 0.0000
-325.8154 0.0000
-325.8517 0.0000
-325.7433 0.0000
-325.2995 0.0000
-326.8914 0.0000
-327.2999 0.0000
-325.9300 0.0000
-326.1012 0.0000
-326.1598 0.0000
-326.0259 0.0000
-325.7722 0.0000
-326.2614 0.0000
-325.7956 0.0000
-325.6411 0.0000
-326.5568 0.0000
-325.1033 0.0000
-325.4031 0.0000
-326.3269 0.0000
-325.8851 0.0000
-326.1167 0.0000
-325.8350 0.0000
-326.1269 0.0000
-326.3622 0.0000
-325.9579 0.0000
-325.6120 0.0000
-326.5529 0.0000
-325.9680 0.0000
-326.1534 0.0000
-326.3003 0.0000
-326.4536 0.0000
-325.9930 0.0000
-326.3614 0.0000
-325.9129 0.0000
-325.3679 0.0000
-326.5842 0.0000
-325.4595 0.0000
-325.7462 0.0000
-325.5668 0.0000
-325.0528 0.0000
-325.3239 0.0000
-326.4583 0.0000
-325.6724 0.0000
-324.8362 0.0000
-326.5493 0.0000
-326.1750 0.0000
-325.7437 0.0000
-326.0024 0.0000
-326.8554 0.0000
-327.2230 0.0000
-325.5718 0.0000
-326.2438 0.0000
-326.2785 0.0000
-325.9166 0.0000
-326.9860 0.0000
-326.0090 0.0000
-325.0412 0.0000
-326.6305 0.0000
-326.2244 0.0000
-325.8101 0.0000
-325.8634 0.0000
-326.0450 0.0000
-325.9116 0.0000
-326.1312 0.0000
-325.0227 0.0000
-325.0115 0.0000
-324.7383 0.0000
-325.1689 0.0000
-326.4768 0.0000
-326.4243 0.0000
-325.7444 0.0000
-325.7595 0.0000
-325.5345 0.0000
-324.9306 0.0000
-325.6435 0.0000
-325.4692 0.0000
-326.2005 0.0000
-325.7304 0.0000
-326.4723 0.0000
-327.1149 0.0000
-325.5178 0.0000
-325.4621 0.0000
-325.4235 0.0000
-325.3244 0.0000
-326.2802 0.0000
-325.9265 0.0000
-326.6872 0.0000
-326.1025 0.0000
-325.4367 0.0000
-325.4757 0.0000
-326.6640 0.0000
-326.1978 0.0000
-325.3204 0.0000
-326.3164 0.0000
-325.2515 0.0000
-326.6846 0.0000
-326.1252 0.0000
-325.7507 0.0000
-326.4140 0.0000
-325.4374 0.0000
-326.9162 0.0000
-326.5621 0.0000
-327.1767 0.0000
-325.5608 0.0000
-324.9003 0.0000
-325.8678 0.0000
-326.7687 0.0000
-325.6723 0.0000
-325.1136 0.0000
-325.9723 0.0000
-326.2502 0.0000
-326.4070 0.0000
-326.1918 0.0000
-325.5474 0.0000
-326.3019 0.0000
-326.1780 0.0000
-325.6603 0.0000
-326.5217 0.0000
-326.0269 0.0000
-325.7277 0.0000
-326.1001 0.0000
-326.3846 0.0000
-326.4023 0.0000
-326.1042 0.0000
-325.9325 0.0000
-326.0567 0.0000
-325.6356 0.0000
-325.8509 0.0000
-326.3704 0.0000
-325.8046 0.0000
-326.1111 0.0000
-325.1901 0.0000
-325.6142 0.0000
-325.3793 0.0000
-327.0601 0.0000
-325.8534 0.0000
-325.8725 0.0000
-327.0866 0.0000
-326.4917 0.0000
-325.9786 0.0000
-325.8573 0.0000
-327.1587 0.0000
-326.3727 0.0000
-326.3391 0.0000
-325.8253 0.0000
-325.4065 0.0000
-325.5306 0.0000
-326.0066 0.0000
-325.9641 0.0000
-325.1800 0.0000
-325.4964 0.0000
-326.2219 0.0000
-325.5130 0.0000
-326.5558 0.0000
-324.8652 0.0000
-325.9293 0.0000
-326.7609 0.0000
-325.8007 0.0000
-326.3048 0.0000
-326.7360 0.0000
-326.3001 0.0000
-326.2184 0.0000
-326.4818 0.0000
-325.4073 0.0000
-326.9324 0.0000
-326.0757 0.0000
-325.9750 0.0000
-324.7387 0.0000
-325.5452 0.0000
-325.8960 0.0000
-326.3085 0.0000
-325.9134 0.0000
-325.5362 0.0000
-325.1984 0.0000
-325.3707 0.0000
-325.5995 0.0000
-326.2407 0.0000
-325.7145 0.0000
-325.5089 0.0000
-326.2376 0.0000
-326.2503 0.0000
-325.7573 0.0000
-324.2989 0.0000
-326.0554 0.0000
-325.3394 0.0000
-325.5210 0.0000
-325.4122 0.0000
-325.2502 0.0000
-326.3957 0.0000
-326.0450 0.0000
-324.3570 0.0000
-326.0624 0.0000
-326.0341 0.0000
-326.2414 0.0000
-326.1935 0.0000
-325.5959 0.0000
-326.4179 0.0000
-325.5686 0.0000
-326.2133 0.0000
-327.0232 0.0000
-325.7709 0.0000
-326.5204 0.0000
-326.2901 0.0000
-325.6322 0.0000
-325.7625 0.0000
-326.0404 0.0000
-325.8936 0.0000
-326.4811 0.0000
-325.9461 0.0000
-325.6384 0.0000
-326.2565 0.0000
-325.8014 0.0000
-325.3109 0.0000
-326.5012 0.0000
-325.4451 0.0000
-326.0576 0.0000
-324.6961 0.0000
-326.0902 0.0000
-326.0353 0.0000
-324.8472 0.0000
-325.6757 0.0000
-325.8849 0.0000
-326.6391 0.0000
-325.8016 0.0000
-326.7212 0.0000
-326.3161 0.0000
-326.0960 0.0000
-325.5635 0.0000
-325.6636 0.0000
-324.8427 0.0000
-326.2966 0.0000
-325.7274 0.0000
-325.9276 0.0000
-325.7237 0.0000
-325.7270 0.0000
-325.5404 0.0000
-325.3099 0.0000
-326.0687 0.0000
-326.5461 0.0000
-327.3877 0.0000
-326.3510 0.0000
-326.4842 0.0000
-326.0204 0.0000
-325.8923 0.0000
-325.9612 0.0000
-326.1727 0.0000
-326.1630 0.0000
-326.4761 0.0000
-326.0666 0.0000
-326.1958 0.0000
-326.0135 0.0000
-325.5027 0.0000
-325.4973 0.0000
-325.8158 0.0000
-326.2814 0.0000
-325.8641 0.0000
-325.7231 0.0000
-326.1465 0.0000
-326.3325 0.0000
-326.0932 0.0000
-325.6083 0.0000
-326.6969 0.0000
-326.1175 0.0000
-326.5599 0.0000
-326.5722 0.0000
-325.1994 0.0000
-325.5603 0.0000
-326.4770 0.0000
-326.4596 0.0000
-325.6532 0.0000
-325.5305 0.0000
-325.9877 0.0000
-325.6442 0.0000
-325.5201 0.0000
-325.8183 0.0000
-325.0222 0.0000
-325.5783 0.0000
-326.5297 0.0000
-326.2559 0.0000
-325.9520 0.0000
-326.9726 0.0000
-325.6084 0.0000
-325.5947 0.0000
-326.1105 0.0000
-326.0280 0.0000
-325.5322 0.0000
-325.5565 0.0000
-325.8646 0.0000
-326.0260 0.0000
-325.1695 0.0000
-324.9097 0.0000
-325.9113 0.0000
-325.8041 0.0000
-326.3888 0.0000
-326.1336 0.0000
-325.4995 0.0000
-325.2796 0.0000
-326.4099 0.0000
-325.5064 0.0000
-325.3785 0.0000
-326.5450 0.0000
-326.5822 0.0000
-325.3114 0.0000
-326.4143 0.0000
-325.1292 0.0000
-325.8950 0.0000
-326.1111 0.0000
-326.5225 0.0000
-326.1970 0.0000
-325.5237 0.0000
-324.5952 0.0000
-326.0492 0.0000
-325.3391 0.0000
-325.9133 0.0000
-324.9982 0.0000
-326.0291 0.0000
-325.3136 0.0000
-326.1974 0.0000
-325.4879 0.0000
-325.2259 0.0000
-325.3377 0.0000
-325.9333 0.0000
-326.1902 0.0000
-325.7877 0.0000
-325.5911 0.0000
-325.9083 0.0000
-326.4000 0.0000
-326.2442 0.0000
-326.2685 0.0000
-326.2012 0.0000
-325.8906 0.0000
-326.6392 0.0000
-325.8550 0.0000
-326.1270 0.0000
-326.4448 0.0000
-325.0219 0.0000
-324.6996 0.0000
-325.9839 0.0000
-325.9384 0.0000
-325.1105 0.0000
-325.7181 0.0000
-326.1178 0.0000
-326.2301 0.0000
-325.5825 0.0000
-325.3616 0.0000
-326.4174 0.0000
-326.3773 0.0000
-326.0478 0.0000
-326.4035 0.0000
-325.6196 0.0000
-326.0650 0.0000
-325.3860 0.0000
-325.3377 0.0000
-326.3008 0.0000
-325.4604 0.0000
-325.7383 0.0000
-325.2676 0.0000
-324.9581 0.0000
-326.7049 0.0000
-324.9218 0.0000
-325.7252 0.0000
-325.6961 0.0000
-324.9563 0.0000
-326.1501 0.0000
-326.2936 0.0000
-325.5903 0.0000
-325.7728 0.0000
-326.1823 0.0000
-325.6675 0.0000
-325.4204 0.0000
-325.9354 0.0000
-326.1917 0.0000
-326.5269 0.0000
-325.3904 0.0000
-325.5806 0.0000
-325.8521 0.0000
-325.8764 0.0000
-326.2414 0.0000
-326.0852 0.0000
-325.8867 0.0000
-325.3434 0.0000
-325.7175 0.0000
-326.3095 0.0000
-324.7762 0.0000
-325.5724 0.0000
-325.6533 0.0000
-325.8303 0.0000
-326.0983 0.0000
-325.9754 0.0000
-327.0005 0.0000
-326.6378 0.0000
-326.2154 0.0000
-325.8966 0.0000
-325.7556 0.0000
-325.1355 0.0000
-325.5350 0.0000
-325.7297 0.0000
-325.5876 0.0000
-325.4302 0.0000
-326.4542 0.0000
-327.1102 0.0000
-325.8059 0.0000
-326.3429 0.0000
-325.4773 0.0000
-325.9010 0.0000
-326.5363 0.0000
-325.9999 0.0000
-325.3710 0.0000
-326.6325 0.0000
-325.2557 0.0000
-326.1093 0.0000
-325.4963 0.0000
-326.2643 0.0000
-325.3435 0.0000
-326.0895 0.0000
-325.1816 0.0000
-326.2226 0.0000
-325.4821 0.0000
-326.5937 0.0000
-325.1540 0.0000
-325.9966 0.0000
-325.7617 0.0000
-326.3761 0.0000
-325.5782 0.0000
-325.5145 0.0000
-326.5242 0.0000
-325.0680 0.0000
-326.2855 0.0000
-325.9928 0.0000
-326.0050 0.0000
-325.5015 0.0000
-325.7955 0.0000
-325.8529 0.0000
-326.9625 0.0000
-325.7330 0.0000
-326.3782 0.0000
-326.2148 0.0000
-326.3284 0.0000
-325.8220 0.0000
-326.5129 0.0000
-326.4370 0.0000
-325.7915 0.0000
-326.5556 0.0000
-325.6372 0.0000
-326.7048 0.0000
-326.1385 0.0000
-325.8264 0.0000
-325.9534 0.0000
-326.4099 0.0000
-325.4778 0.0000
-325.9769 0.0000
-325.4028 0.0000
-325.7864 0.0000
-327.0592 0.0000
-326.6351 0.0000
-325.3899 0.0000
-326.2677 0.0000
-325.6382 0.0000
-326.6858 0.0000
-326.5840 0.0000
-327.4880 0.0000
-324.6468 0.0000
-325.5864 0.0000
-325.8119 0.0000
-326.3444 0.0000
-325.4700 0.0000
-325.2235 0.0000
-326.7311 0.0000
-325.6469 0.0000
-326.3236 0.0000
-324.9426 0.0000
-326.2269 0.0000
-326.4057 0.0000
-327.3699 0.0000
-325.6432 0.0000
-326.6718 0.0000
-325.7131 0.0000
-325.3766 0.0000
-325.9846 0.0000
-325.8845 0.0000
-325.7902 0.0000
-325.2900 0.0000
-325.5508 0.0000
-326.2132 0.0000
-325.7667 0.0000
-325.1805 0.0000
-325.2757 0.0000
-326.2285 0.0000
-324.8991 0.0000
-326.0745 0.0000
-326.4015 0.0000
-325.0433 0.0000
-325.3086 0.0000
-325.8956 0.0000
-326.8077 0.0000
-326.4566 0.0000
-325.6795 0.0000
-325.7980 0.0000
-326.1410 0.0000
-325.7916 0.0000
-325.4129 0.0000
-325.5550 0.0000
-325.6260 0.0000
-324.5737 0.0000
-325.9388 0.0000
-326.1812 0.0000
-326.2412 0.0000
-325.3387 0.0000
-325.2158 0.0000
-326.5042 0.0000
-325.6401 0.0000
-325.4404 0.0000
-326.3771 0.0000
-326.2293 0.0000
-325.4647 0.0000
-326.6138 0.0000
-325.6506 0.0000
-324.2635 0.0000
-325.8927 0.0000
-326.2881 0.0000
-325.6688 0.0000
-325.6171 0.0000
-326.1027 0.0000
-326.1073 0.0000
-325.2528 0.0000
-326.4618 0.0000
-325.4595 0.0000
-326.5608 0.0000
-325.7345 0.0000
-325.7248 0.0000
-325.7964 0.0000
-326.3297 0.0000
-325.9058 0.0000
-325.5357 0.0000
-325.3549 0.0000
-325.7659 0.0000
-325.5685 0.0000
-325.5260 0.0000
-326.2166 0.0000
-326.0130 0.0000
-326.2637 0.0000
-326.1802 0.0000
-326.1550 0.0000
-325.3244 0.0000
-326.1259 0.0000
-326.5618 0.0000
-325.7540 0.0000
-325.4052 0.0000
-325.7891 0.0000
-326.1005 0.0000
-325.9040 0.0000
-325.1071 0.0000
-325.5173 0.0000
-325.6636 0.0000
-326.4344 0.0000
-326.0700 0.0000
-325.6065 0.0000
-326.9679 0.0000
-325.4232 0.0000
-326.3463 0.0000
-326.0379 0.0000
-325.7451 0.0000
-325.5997 0.0000
-325.6248 0.0000
-325.6027 0.0000
-325.5026 0.0000
-326.4752 0.0000
-326.4986 0.0000
-325.9212 0.0000
-326.6959 0.0000
-325.5559 0.0000
-326.3426 0.0000
-326.2645 0.0000
-325.3932 0.0000
-326.6491 0.0000
-325.6067 0.0000
-326.2076 0.0000
-325.5338 0.0000
-326.6636 0.0000
-325.6584 0.0000
-326.1657 0.0000
-326.1917 0.0000
-325.2916 0.0000
-326.4707 0.0000
-325.1966 0.0000
-325.9468 0.0000
-326.4655 0.0000
-325.7693 0.0000
-325.5698 0.0000
-325.5559 0.0000
-327.6498 0.0000
-325.5132 0.0000
-325.9372 0.0000
-326.0599 0.0000
-326.4289 0.0000
-326.9194 0.0000
-325.5442 0.0000
-325.6659 0.0000
-326.1094 0.0000
-325.5140 0.0000
-325.8136 0.0000
-325.6534 0.0000
-325.7271 0.0000
-325.3791 0.0000
-325.9393 0.0000
-325.6470 0.0000
-325.3305 0.0000
-325.4019 0.0000
-326.3913 0.0000
-324.7412 0.0000
-326.4035 0.0000
-325.8005 0.0000
-325.7345 0.0000
-325.0857 0.0000
-324.6788 0.0000
-326.5338 0.0000
-325.9659 0.0000
-325.5189 0.0000
-326.0984 0.0000
-326.1870 0.0000
-326.7595 0.0000
-325.9274 0.0000
-325.8351 0.0000
-326.7615 0.0000
-325.2724 0.0000
-325.7833 0.0000
-325.7501 0.0000
-325.0959 0.0000
-324.9469 0.0000
-325.1973 0.0000
-325.1812 0.0000
-325.4766 0.0000
-326.2969 0.0000
-326.4085 0.0000
-326.1602 0.0000
-325.3047 0.0000
-325.4055 0.0000
-325.6790 0.0000
-325.3315 0.0000
-325.2761 0.0000
-325.6519 0.0000
-326.3828 0.0000
-326.2778 0.0000
-325.4647 0.0000
-326.9728 0.0000
-326.2646 0.0000
-325.2015 0.0000
-325.6181 0.0000
-326.3449 0.0000
-325.6211 0.0000
-326.3810 0.0000
-325.2679 0.0000
-325.3587 0.0000
-326.1342 0.0000
-326.0931 0.0000
-326.1290 0.0000
-325.5092 0.0000
-325.6856 0.0000
-326.5070 0.0000
-326.2797 0.0000
-327.3195 0.0000
-326.0095 0.0000
-325.3949 0.0000
-326.2329 0.0000
-326.1529 0.0000
-326.5786 0.0000
-326.1074 0.0000
-324.5329 0.0000
-325.8677 0.0000
-325.4901 0.0000
-325.3932 0.0000
-326.7197 0.0000
-326.4875 0.0000
-326.0858 0.0000
-325.4951 0.0000
-326.6880 0.0000
-326.1695 0.0000
-326.2656 0.0000
-325.8855 0.0000
-326.3768 0.0000
-324.7900 0.0000
-325.5815 0.0000
-325.6566 0.0000
-326.1663 0.0000
-325.0018 0.0000
-325.1772 0.0000
-325.7774 0.0000
-324.6638 0.0000
-325.9549 0.0000
-326.2453 0.0000
-326.2453 0.0000
-325.4900 0.0000
-326.5107 0.0000
-325.4125 0.0000
-326.2039 0.0000
-325.3707 0.0000
-325.2935 0.0000
-325.4265 0.0000
-326.3919 0.0000
-325.7067 0.0000
-325.3324 0.0000
-325.5847 0.0000
-325.8683 0.0000
-325.7540 0.0000
-325.9470 0.0000
-327.2035 0.0000
-326.4948 0.0000
-325.8380 0.0000
-326.0470 0.0000
-325.7131 0.0000
-325.0589 0.0000
-325.6824 0.0000
-326.3175 0.0000
-326.0192 0.0000
-325.8946 0.0000
-326.5345 0.0000
-325.7132 0.0000
-325.6416 0.0000
-325.7151 0.0000
-326.4354 0.0000
-325.5655 0.0000
-325.4746 0.0000
-326.7038 0.0000
-326.6695 0.0000
-325.2436 0.0000
-326.2801 0.0000
-325.2118 0.0000
-326.6882 0.0000
-325.7612 0.0000
-325.3800 0.0000
-325.9837 0.0000
-326.3336 0.0000
-325.5667 0.0000
-326.2956 0.0000
-326.1631 0.0000
-325.8398 0.0000
-326.4141 0.0000
-325.5557 0.0000
-327.1129 0.0000
-325.2895 0.0000
-324.3567 0.0000
-325.8440 0.0000
-326.1053 0.0000
-325.1831 0.0000
-326.2187 0.0000
-327.1580 0.0000
-326.3952 0.0000
-325.0803 0.0000
-325.4651 0.0000
-325.6434 0.0000
-325.4649 0.0000
-325.7255 0.0000
-325.4533 0.0000
-325.9264 0.0000
-325.8674 0.0000
-326.1483 0.0000
-325.6447 0.0000
-325.6638 0.0000
-326.2373 0.0000
-326.1770 0.0000
-325.1097 0.0000
-324.8535 0.0000
-325.9212 0.0000
-325.1719 0.0000
-326.5760 0.0000
-325.6254 0.0000
-327.0553 0.0000
-325.5380 0.0000
-325.8609 0.0000
-326.2668 0.0000
-325.9594 0.0000
-325.6685 0.0000
-326.0038 0.0000
-326.3406 0.0000
-326.0531 0.0000
-326.2206 0.0000
-326.3967 0.0000
-325.0893 0.0000
-325.1591 0.0000
-325.3279 0.0000
-325.5174 0.0000
-326.1084 0.0000
-326.3802 0.0000
-325.7928 0.0000
-326.1139 0.0000
-326.4193 0.0000
-325.3431 0.0000
-325.0739 0.0000
-325.9363 0.0000
-325.9547 0.0000
-325.5481 0.0000
-325.8823 0.0000
-325.9400 0.0000
-326.1614 0.0000
-325.3803 0.0000
-325.1758 0.0000
-326.4328 0.0000
-325.6586 0.0000
-325.2288 0.0000
-325.4479 0.0000
-326.2989 0.0000
-325.3565 0.0000
-325.7791 0.0000
-325.9596 0.0000
-326.5503 0.0000
-325.3334 0.0000
-326.7429 0.0000
-325.5159 0.0000
-325.8875 0.0000
-325.9910 0.0000
-326.4085 0.0000
-325.4740 0.0000
-325.6266 0.0000
-325.6739 0.0000
-326.3775 0.0000
-327.1106 0.0000
-325.9576 0.0000
-325.5586 0.0000
-326.1568 0.0000
-326.2597 0.0000
-325.7114 0.0000
-326.1435 0.0000
-325.3998 0.0000
-325.4904 0.0000
-325.9234 0.0000
-325.6173 0.0000
-325.4255 0.0000
-325.1823 0.0000
-325.9155 0.0000
-324.6938 0.0000
-325.8575 0.0000
-326.3303 0.0000
-326.1915 0.0000
-325.4439 0.0000
-325.0484 0.0000
-325.6072 0.0000
-326.7818 0.0000
-325.4144 0.0000
-324.7264 0.0000
-325.3627 0.0000
-325.5763 0.0000
-325.7122 0.0000
-326.1848 0.0000
-325.7059 0.0000
-325.8483 0.0000
-326.1620 0.0000
-326.1768 0.0000
-325.4871 0.0000
-326.2559 0.0000
-326.0839 0.0000
-325.5167 0.0000
-327.5654 0.0000
-326.8615 0.0000
-325.5241 0.0000
-325.4228 0.0000
-325.9317 0.0000
-325.3643 0.0000
-326.2288 0.0000
-325.3536 0.0000
-325.7152 0.0000
-325.8369 0.0000
-325.8098 0.0000
-325.9562 0.0000
-325.3334 0.0000
-325.3963 0.0000
-326.2283 0.0000
-326.2536 0.0000
-325.2699 0.0000
-324.7042 0.0000
-326.0487 0.0000
-324.8033 0.0000
-326.5160 0.0000
-326.8945 0.0000
-325.4618 0.0000
-325.9567 0.0000
-325.0855 0.0000
-326.3656 0.0000
-325.9046 0.0000
-326.4907 0.0000
-325.7338 0.0000
-325.9525 0.0000
-325.8160 0.0000
-326.2605 0.0000
-326.1739 0.0000
-325.8139 0.0000
-325.4314 0.0000
-325.7789 0.0000
-326.4652 0.0000
-326.0577 0.0000
-326.3548 0.0000
-325.0190 0.0000
-325.8627 0.0000
-325.9856 0.0000
-325.6505 0.0000
-325.9784 0.0000
-325.4928 0.0000
-326.0693 0.0000
-325.4628 0.0000
-326.9876 0.0000
-326.4773 0.0000
-325.2887 0.0000
-325.3592 0.0000
-326.8121 0.0000
-326.1300 0.0000
-325.6131 0.0000
-326.2829 0.0000
-326.4051 0.0000
-325.0881 0.0000
-325.7319 0.0000
-325.6706 0.0000
-325.7366 0.0000
-326.0574 0.0000
-324.6129 0.0000
-325.7263 0.0000
-326.0162 0.0000
-325.6536 0.0000
-324.6097 0.0000
-325.4851 0.0000
-325.8139 0.0000
-325.6385 0.0000
-326.4471 0.0000
-325.4638 0.0000
-325.9003 0.0000
-325.4057 0.0000
-326.2062 0.0000
-326.6153 0.0000
-326.5373 0.0000
-325.7651 0.0000
-325.8102 0.0000
-326.2011 0.0000
-326.0514 0.0000
-325.9271 0.0000
-325.7467 0.0000
-325.3859 0.0000
-324.5788 0.0000
-327.0531 0.0000
-326.2054 0.0000
-326.2495 0.0000
-326.1703 0.0000
-325.6492 0.0000
-325.6505 0.0000
-325.5745 0.0000
-325.9586 0.0000
-324.3025 0.0000
-326.4901 0.0000
-325.9778 0.0000
-325.7225 0.0000
-325.6026 0.0000
-325.2710 0.0000
-325.9795 0.0000
-326.5695 0.0000
-325.9592 0.0000
-326.0050 0.0000
-325.2816 0.0000
-325.7829 0.0000
-325.5968 0.0000
-325.2366 0.0000
-325.1352 0.0000
-326.5793 0.0000
-325.8986 0.0000
-325.6499 0.0000
-326.1144 0.0000
-326.0937 0.0000
-325.7543 0.0000
-325.9045 0.0000
-326.3386 0.0000
-324.8937 0.0000
-326.3168 0.0000
-325.6675 0.0000
-326.7558 0.0000
-326.3438 0.0000
-325.6698 0.0000
-325.9284 0.0000
-324.4495 0.0000
-325.6776 0.0000
-326.0374 0.0000
-326.2749 0.0000
-325.8269 0.0000
-325.8679 0.0000
-324.9526 0.0000
-325.4018 0.0000
-326.2365 0.0000
-324.9849 0.0000
-325.3067 0.0000
-325.5727 0.0000
-325.6839 0.0000
-326.4836 0.0000
-325.4897 0.0000
-325.6544 0.0000
-325.4487 0.0000
-326.2328 0.0000
-325.8829 0.0000
-325.5444 0.0000
-326.5811 0.0000
-325.7162 0.0000
-325.6963 0.0000
-325.9793 0.0000
-326.6763 0.0000
-326.3737 0.0000
-326.0304 0.0000
-325.8957 0.0000
-325.7294 0.0000
-326.2938 0.0000
-326.3461 0.0000
-326.3821 0.0000
-325.6945 0.0000
-325.8240 0.0000
-326.4996 0.0000
-325.9613 0.0000
-325.9293 0.0000
-325.4860 0.0000
-325.6875 0.0000
-325.6955 0.0000
-325.8401 0.0000
-325.5580 0.0000
-326.0305 0.0000
-325.4400 0.0000
-325.7025 0.0000
-326.1644 0.0000
-326.0034 0.0000
-326.0427 0.0000
-325.3125 0.0000
-325.6186 0.0000
-326.3129 0.0000
-325.4950 0.0000
-326.1172 0.0000
-326.6070 0.0000
-325.4530 0.0000
-326.5858 0.0000
-326.0963 0.0000
-326.0640 0.0000
-326.6374 0.0000
-325.7938 0.0000
-325.4887 0.0000
-325.1791 0.0000
-325.1583 0.0000
-326.1351 0.0000
-325.5236 0.0000
-325.4261 0.0000
-325.6046 0.0000
-325.3676 0.0000
-325.2270 0.0000
-325.3430 0.0000
-325.9360 0.0000
-326.2549 0.0000
-325.8880 0.0000
-325.5082 0.0000
-326.0082 0.0000
-326.2894 0.0000
-324.8534 0.0000
-325.6172 0.0000
-325.8505 0.0000
-326.1936 0.0000
-324.9984 0.0000
-325.8318 0.0000
-326.9195 0.0000
-326.8458 0.0000
-327.0604 0.0000
-325.4681 0.0000
-325.1137 0.0000
-325.9728 0.0000
-325.6749 0.0000
-326.0749 0.0000
-324.6939 0.0000
-326.0227 0.0000
-324.9123 0.0000
-324.5020 0.0000
-326.5526 0.0000
-326.2918 0.0000
-325.4365 0.0000
-325.4934 0.0000
-325.9925 0.0000
-326.3171 0.0000
-326.1768 0.0000
-325.4042 0.0000
-325.6531 0.0000
-326.1418 0.0000
-325.2256 0.0000
-327.0111 0.0000
-325.4896 0.0000
-325.1689 0.0000
-324.9386 0.0000
-325.3938 0.0000
-324.3329 0.0000
-325.4042 0.0000
-326.4849 0.0000
-325.7893 0.0000
-325.7506 0.0000
-325.0317 0.0000
-325.5435 0.0000
-324.7008 0.0000
-326.3924 0.0000
-325.7752 0.0000
-325.2032 0.0000
-325.4831 0.0000
-325.8727 0.0000
-325.6980 0.0000
-325.8170 0.0000
-326.4798 0.0000
-326.0398 0.0000
-325.9529 0.0000
-326.6731 0.0000
-325.8474 0.0000
-325.8345 0.0000
-326.5068 0.0000
-324.9927 0.0000
-326.5817 0.0000
-326.1937 0.0000
-325.2222 0.0000
-326.1228 0.0000
-326.4333 0.0000
-326.4765 0.0000
-325.5837 0.0000
-325.8309 0.0000
-325.8327 0.0000
-325.9679 0.0000
-325.8783 0.0000
-325.7752 0.0000
-325.5793 0.0000
-324.7225 0.0000
-326.2555 0.0000
-325.8955 0.0000
-325.4643 0.0000
-327.1130 0.0000
-325.7889 0.0000
-325.8610 0.0000
-326.0117 0.0000
-327.1245 0.0000
-325.7582 0.0000
-325.6762 0.0000
-326.2060 0.0000
-325.6153 0.0000
-325.6959 0.0000
-326.3811 0.0000
-325.3352 0.0000
-325.7643 0.0000
-326.7762 0.0000
-325.7994 0.0000
-325.5947 0.0000
-325.6008 0.0000
-324.8670 0.0000
-325.3390 0.0000
-325.9149 0.0000
-326.7632 0.0000
-325.8112 0.0000
-325.8770 0.0000
-326.2267 0.0000
-325.7752 0.0000
-325.8603 0.0000
-326.3666 0.0000
-325.6601 0.0000
-324.9637 0.0000
-325.7510 0.0000
-326.5999 0.0000
-326.5159 0.0000
-325.4869 0.0000
-325.4177 0.0000
-325.4052 0.0000
-325.4046 0.0000
-325.5007 0.0000
-325.2226 0.0000
-325.9335 0.0000
-326.5869 0.0000
-325.4425 0.0000
-324.8298 0.0000
-325.4992 0.0000
-326.4011 0.0000
-326.4749 0.0000
-326.4111 0.0000
-326.3038 0.0000
-326.0595 0.0000
-325.6844 0.0000
-324.9545 0.0000
-325.5663 0.0000
-325.1688 0.0000
-325.9778 0.0000
-326.9326 0.0000
-325.8502 0.0000
-325.8054 0.0000
-325.3960 0.0000
-327.0728 0.0000
-325.4183 0.0000
-325.7068 0.0000
-327.1112 0.0000
-325.6507 0.0000
-327.0410 0.0000
-326.1079 0.0000
-325.3292 0.0000
-325.5490 0.0000
-325.9301 0.0000
-326.7927 0.0000
-325.4848 0.0000
-325.9949 0.0000
-326.0580 0.0000
-326.2752 0.0000
-325.4221 0.0000
-325.6648 0.0000
-325.8326 0.0000
-325.2069 0.0000
-326.4608 0.0000
-325.4640 0.0000
-325.6633 0.0000
-325.5667 0.0000
-325.0363 0.0000
-325.2612 0.0000
-327.1568 0.0000
-325.6830 0.0000
-325.2709 0.0000
-325.7016 0.0000
-325.8950 0.0000
-326.1516 0.0000
-326.1369 0.0000
-326.1438 0.0000
-325.8334 0.0000
-326.4518 0.0000
-326.0027 0.0000
-325.0831 0.0000
-325.7340 0.0000
-325.6598 0.0000
-326.6029 0.0000
-325.9375 0.0000
-326.1113 0.0000
-324.8274 0.0000
-326.0499 0.0000
-326.1998 0.0000
-326.3338 0.0000
-325.6783 0.0000
-325.8069 0.0000
-325.6706 0.0000
-326.6632 0.0000
-326.0327 0.0000
-326.7784 0.0000
-326.5956 0.0000
-326.0671 0.0000
-325.4352 0.0000
-325.4065 0.0000
-324.5743 0.0000
-326.1506 0.0000
-326.0292 0.0000
-325.7451 0.0000
-325.4159 0.0000
-325.7890 0.0000
-326.7105 0.0000
-326.1842 0.0000
-325.9531 0.0000
-326.5523 0.0000
-325.5994 0.0000
-326.5883 0.0000
-325.0266 0.0000
-325.6714 0.0000
-324.6224 0.0000
-325.5083 0.0000
-325.7640 0.0000
-325.2065 0.0000
-325.5243 0.0000
-326.6094 0.0000
-325.4665 0.0000
-326.6876 0.0000
-325.9387 0.0000
-326.7236 0.0000
-326.4351 0.0000
-326.1349 0.0000
-325.9140 0.0000
-325.5067 0.0000
-325.7437 0.0000
-327.3658 0.0000
-325.6076 0.0000
-325.6893 0.0000
-325.3687 0.0000
-324.7144 0.0000
-326.0326 0.0000
-327.6711 0.0000
-325.9104 0.0000
-325.9631 0.0000
-325.8902 0.0000
-326.1005 0.0000
-325.7824 0.0000
-326.3922 0.0000
-325.8911 0.0000
-326.4304 0.0000
-325.3935 0.0000
-325.6431 0.0000
-326.8622 0.0000
-326.9944 0.0000
-324.9347 0.0000
-325.8094 0.0000
-325.9989 0.0000
-325.2599 0.0000
-325.9562 0.0000
-325.7854 0.0000
-326.1948 0.0000
-325.5277 0.0000
-325.9725 0.0000
-325.1179 0.0000
-325.4274 0.0000
-326.0308 0.0000
-325.0410 0.0000
-326.3432 0.0000
-326.3630 0.0000
-326.3548 0.0000
-325.4048 0.0000
-325.8909 0.0000
-326.1733 0.0000
-326.2505 0.0000
-326.0006 0.0000
-325.9351 0.0000
-324.6052 0.0000
-326.2462 0.0000
-325.3717 0.0000
-324.6033 0.0000
-326.3923 0.0000
-326.1577 0.0000
-326.8697 0.0000
-326.3198 0.0000
-326.0015 0.0000
-326.1550 0.0000
-325.6177 0.0000
-326.9026 0.0000
-326.0675 0.0000
-325.1901 0.0000
-326.5312 0.0000
-325.3791 0.0000
-325.1120 0.0000
-325.9505 0.0000
-326.0130 0.0000
-326.2137 0.0000
-325.9936 0.0000
-325.0655 0.0000
-325.7319 0.0000
-326.3048 0.0000
-326.1296 0.0000
-326.0041 0.0000
-325.9510 0.0000
-325.0421 0.0000
-325.6571 0.0000
-325.5309 0.0000
-325.3618 0.0000
-325.6284 0.0000
-325.3577 0.0000
-326.1977 0.0000
-325.5747 0.0000
-325.5168 0.0000
-325.8354 0.0000
-325.7878 0.0000
-327.0013 0.0000
-326.2989 0.0000
-326.3342 0.0000
-325.1818 0.0000
-325.8543 0.0000
-325.0557 0.0000
-325.4240 0.0000
-326.2130 0.0000
-325.2951 0.0000
-325.7895 0.0000
-324.3730 0.0000
-325.1266 0.0000
-326.2483 0.0000
-326.0499 0.0000
-326.6223 0.0000
-326.3330 0.0000
-326.0300 0.0000
-326.5871 0.0000
-325.6438 0.0000
-327.1485 0.0000
-326.2281 0.0000
-326.5294 0.0000
-325.8196 0.0000
-326.4939 0.0000
-325.5883 0.0000
-324.7690 0.0000
-325.5184 0.0000
-325.8943 0.0000
-326.3907 0.0000
-326.2657 0.0000
-326.1975 0.0000
-325.3965 0.0000
-325.3799 0.0000
-325.5432 0.0000
-325.9912 0.0000
-326.4106 0.0000
-326.1095 0.0000
-325.0066 0.0000
-324.9411 0.0000
-326.6549 0.0000
-325.6448 0.0000
-325.6254 0.0000
-325.9501 0.0000
-325.8696 0.0000
-325.9344 0.0000
-326.2419 0.0000
-326.9260 0.0000
-325.9013 0.0000
-325.6590 0.0000
-325.3156 0.0000
-326.3406 0.0000
-325.2989 0.0000
-325.0976 0.0000
-326.8849 0.0000
-325.4841 0.0000
-325.5139 0.0000
-325.7344 0.0000
-325.6479 0.0000
-325.3989 0.0000
-326.5213 0.0000
-326.7929 0.0000
-326.5682 0.0000
-325.2586 0.0000
-325.6600 0.0000
-326.3291 0.0000
