-100.0000 -100.0000
-343.7474 0.0000
-341.2890 0.0000
-340.5052 0.0000
-340.1072 0.0000
-341.2548 0.0000
-342.2294 0.0000
-342.3364 0.0000
-340.4702 0.0000
-338.8638 0.0000
-337.2861 0.0000
-338.8620 0.0000
-337.0423 0.0000
-337.1903 0.0000
-337.6907 0.0000
-337.5577 0.0000
-336.3762 0.0000
-336.1744 0.0000
-335.9215 0.0000
-335.0991 0.0000
-336.3861 0.0000
-334.9426 0.0000
-334.6132 0.0000
-333.8746 0.0000
-333.3740 0.0000
-334.4592 0.0000
-334.3183 0.0000
-333.8929 0.0000
-334.1496 0.0000
-333.1279 0.0000
-333.1898 0.0000
-331.7723 0.0000
-330.8890 0.0000
-331.8603 0.0000
-330.1807 0.0000
-330.7705 0.0000
-329.7556 0.0000
-327.6850 0.0000
-326.4905 0.0000
-325.8768 0.0000
-325.8443 0.0000
-327.0747 0.0000
-327.1915 0.0000
-327.4792 0.0000
-327.4160 0.0000
-327.0691 0.0000
-327.2063 0.0000
-328.9262 0.0000
-329.2398 0.0000
-329.2748 0.0000
-329.9774 0.0000
-329.2221 0.0000
-330.1114 0.0000
-329.0977 0.0000
-329.9043 0.0000
-327.8021 0.0000
-327.8013 0.0000
-328.7731 0.0000
-327.8064 0.0000
-326.2263 0.0000
-326.0946 0.0000
-326.0010 0.0000
-325.3203 0.0000
-326.6749 0.0000
-324.0732 0.0000
-325.1429 0.0000
-325.6151 0.0000
-326.2409 0.0000
-327.8647 0.0000
-327.0841 0.0000
-326.6778 0.0000
-326.0426 0.0000
-326.1607 0.0000
-327.4988 0.0000
-325.2714 0.0000
-325.5539 0.0000
-326.7837 0.0000
-327.0346 0.0000
-326.2513 0.0000
-325.9571 0.0000
-326.0613 0.0000
-326.6258 0.0000
-326.0426 0.0000
-327.3455 0.0000
-327.7310 0.0000
-326.9585 0.0000
-327.2352 0.0000
-328.2994 0.0000
-325.9960 0.0000
-325.4904 0.0000
-326.6502 0.0000
-327.4227 0.0000
-327.3297 0.0000
-328.1208 0.0000
-327.4100 0.0000
-328.2447 0.0000
-328.1642 0.0000
-329.7555 0.0000
-330.0270 0.0000
-329.7008 0.0000
-328.5001 0.0000
-330.4309 0.0000
-329.6510 0.0000
-328.8983 0.0000
-329.5109 0.0000
-329.1307 0.0000
-329.1432 0.0000
-329.1885 0.0000
-329.6476 0.0000
-330.3242 0.0000
-329.1071 0.0000
-328.8181 0.0000
-328.0613 0.0000
-326.9794 0.0000
-325.6913 0.0000
-324.5165 0.0000
-324.7663 0.0000
-323.3017 0.0000
-323.6114 0.0000
-323.9651 0.0000
-324.3407 0.0000
-324.7738 0.0000
-323.8808 0.0000
-324.0514 0.0000
-324.5164 0.0000
-325.0865 0.0000
-325.6621 0.0000
-323.6702 0.0000
-323.5827 0.0000
-323.3594 0.0000
-322.8641 0.0000
-323.3383 0.0000
-323.1641 0.0000
-322.6470 0.0000
-322.5882 0.0000
-321.7036 0.0000
-322.7400 0.0000
-321.1637 0.0000
-322.1128 0.0000
-323.3193 0.0000
-323.2254 0.0000
-323.6761 0.0000
-323.7205 0.0000
-324.9612 0.0000
-324.2559 0.0000
-324.9708 0.0000
-324.7125 0.0000
-324.5455 0.0000
-324.8018 0.0000
-324.8092 0.0000
-324.5169 0.0000
-323.9892 0.0000
-324.8298 0.0000
-325.4976 0.0000
-325.6494 0.0000
-325.5291 0.0000
-324.5135 0.0000
-324.8054 0.0000
-326.4267 0.0000
-327.5816 0.0000
-328.2656 0.0000
-329.8675 0.0000
-331.3484 0.0000
-332.7514 0.0000
-332.7645 0.0000
-331.8644 0.0000
-332.7286 0.0000
-332.7536 0.0000
-331.5354 0.0000
-331.4843 0.0000
-331.6839 0.0000
-332.0341 0.0000
-331.4426 0.0000
-330.6067 0.0000
-331.0747 0.0000
-330.1765 0.0000
-330.0092 0.0000
-328.8193 0.0000
-328.6599 0.0000
-328.3000 0.0000
-327.2503 0.0000
-326.7301 0.0000
-326.2809 0.0000
-325.4591 0.0000
-325.5632 0.0000
-324.1054 0.0000
-323.8962 0.0000
-322.0979 0.0000
-322.1147 0.0000
-322.2029 0.0000
-322.9479 0.0000
-321.8548 0.0000
-320.8177 0.0000
-321.4267 0.0000
-320.4721 0.0000
-320.7317 0.0000
-321.6985 0.0000
-319.0846 0.0000
-318.7819 0.0000
-319.7080 0.0000
-318.9183 0.0000
-345.4738 0.0000
-346.9223 0.0000
-345.8464 0.0000
-345.5629 0.0000
-345.4784 0.0000
-347.0727 0.0000
-346.4821 0.0000
-346.5770 0.0000
-345.8916 0.0000
-345.7901 0.0000
-345.9869 0.0000
-345.8616 0.0000
-345.9742 0.0000
-346.1800 0.0000
-345.9536 0.0000
-345.2623 0.0000
-346.4538 0.0000
-346.5958 0.0000
-345.6624 0.0000
-346.1730 0.0000
-345.6614 0.0000
-345.9665 0.0000
-345.9574 0.0000
-345.6472 0.0000
-345.7067 0.0000
-346.2713 0.0000
-346.0508 0.0000
-346.3306 0.0000
-344.9677 0.0000
-345.1624 0.0000
-346.7844 0.0000
-345.8340 0.0000
-345.7144 0.0000
-346.2411 0.0000
-345.4420 0.0000
-345.8483 0.0000
-346.2663 0.0000
-345.1793 0.0000
-346.6610 0.0000
-347.9253 0.0000
-345.5944 0.0000
-345.7448 0.0000
-346.4255 0.0000
-345.6520 0.0000
-346.0222 0.0000
-345.0634 0.0000
-346.9821 0.0000
-345.8472 0.0000
-346.6548 0.0000
-345.0455 0.0000
-346.4531 0.0000
-347.2090 0.0000
-346.5806 0.0000
-345.7871 0.0000
-345.7650 0.0000
-345.6970 0.0000
-347.1632 0.0000
-345.9551 0.0000
-345.9121 0.0000
-345.9474 0.0000
-346.5216 0.0000
-346.0868 0.0000
-345.4378 0.0000
-346.3042 0.0000
-345.7813 0.0000
-346.9026 0.0000
-345.5995 0.0000
-346.8553 0.0000
-345.7013 0.0000
-345.2243 0.0000
-346.7733 0.0000
-346.8588 0.0000
-346.1493 0.0000
-345.7104 0.0000
-345.9378 0.0000
-345.5931 0.0000
-345.3513 0.0000
-346.1545 0.0000
-346.7916 0.0000
-345.6134 0.0000
-346.5083 0.0000
-345.9484 0.0000
-346.2901 0.0000
-345.2439 0.0000
-346.3745 0.0000
-346.1270 0.0000
-345.1996 0.0000
-346.1086 0.0000
-346.4985 0.0000
-346.5665 0.0000
-345.7538 0.0000
-346.7557 0.0000
-346.2715 0.0000
-345.9221 0.0000
-346.5134 0.0000
-346.5271 0.0000
-345.8417 0.0000
-345.6208 0.0000
-345.7122 0.0000
-346.3798 0.0000
-327.1530 0.0000
-325.4287 0.0000
-324.8703 0.0000
-325.2229 0.0000
-326.2074 0.0000
-325.2429 0.0000
-324.3005 0.0000
-323.9945 0.0000
-326.0613 0.0000
-326.2240 0.0000
-324.6359 0.0000
-324.9855 0.0000
-325.3736 0.0000
-326.1486 0.0000
-325.5269 0.0000
-325.5444 0.0000
-326.3764 0.0000
-324.9121 0.0000
-324.2307 0.0000
-326.0209 0.0000
-324.4953 0.0000
-324.6573 0.0000
-325.9286 0.0000
-326.2515 0.0000
-326.6207 0.0000
-326.5032 0.0000
-326.2376 0.0000
-327.4564 0.0000
-327.0305 0.0000
-325.7885 0.0000
-326.0502 0.0000
-326.4213 0.0000
-324.9355 0.0000
-325.2533 0.0000
-326.7187 0.0000
-327.2640 0.0000
-326.9276 0.0000
-325.7421 0.0000
-325.3674 0.0000
-325.1885 0.0000
-324.6452 0.0000
-325.1783 0.0000
-326.2036 0.0000
-326.9513 0.0000
-326.5954 0.0000
-327.3299 0.0000
-327.7200 0.0000
-327.2912 0.0000
-327.5379 0.0000
-326.9086 0.0000
-327.7718 0.0000
-327.5304 0.0000
-327.7485 0.0000
-328.5459 0.0000
-328.4003 0.0000
-327.3905 0.0000
-326.3000 0.0000
-326.5994 0.0000
-326.6828 0.0000
-326.7723 0.0000
-327.1265 0.0000
-327.0664 0.0000
-327.8170 0.0000
-328.3749 0.0000
-328.9473 0.0000
-328.8596 0.0000
-329.6803 0.0000
-330.1321 0.0000
-330.1093 0.0000
-330.1549 0.0000
-329.4864 0.0000
-330.2956 0.0000
-330.5501 0.0000
-331.5976 0.0000
-331.6925 0.0000
-330.7449 0.0000
-330.6140 0.0000
-330.1248 0.0000
-330.5309 0.0000
-331.5231 0.0000
-329.4931 0.0000
-329.4959 0.0000
-329.2760 0.0000
-329.2975 0.0000
-329.2539 0.0000
-328.6453 0.0000
-328.4523 0.0000
-329.8663 0.0000
-330.3366 0.0000
-330.3244 0.0000
-330.0025 0.0000
-330.7637 0.0000
-331.8526 0.0000
-331.5218 0.0000
-331.6109 0.0000
-330.8142 0.0000
-330.4281 0.0000
-329.8834 0.0000
-329.4849 0.0000
-329.7282 0.0000
-342.2421 0.0000
-344.2532 0.0000
-342.2623 0.0000
-346.0585 0.0000
-343.1262 0.0000
-341.1217 0.0000
-342.5321 0.0000
-344.1147 0.0000
-342.5985 0.0000
-341.9491 0.0000
-341.9594 0.0000
-343.9291 0.0000
-343.3775 0.0000
-345.4423 0.0000
-346.4743 0.0000
-345.8712 0.0000
-343.2112 0.0000
-340.4688 0.0000
-340.8488 0.0000
-339.9284 0.0000
-340.6141 0.0000
-341.7839 0.0000
-341.1157 0.0000
-341.9343 0.0000
-343.7876 0.0000
-341.8509 0.0000
-344.0058 0.0000
-344.0691 0.0000
-343.8592 0.0000
-344.7556 0.0000
-344.3427 0.0000
-343.6542 0.0000
-344.8053 0.0000
-344.2276 0.0000
-345.5983 0.0000
-348.3744 0.0000
-346.5651 0.0000
-345.7441 0.0000
-346.3508 0.0000
-346.4651 0.0000
-346.2703 0.0000
-348.2168 0.0000
-348.6484 0.0000
-349.4759 0.0000
-349.3767 0.0000
-352.4271 0.0000
-355.0623 0.0000
-350.8164 0.0000
-348.5367 0.0000
-347.0729 0.0000
-344.5922 0.0000
-345.5502 0.0000
-345.7416 0.0000
-346.2139 0.0000
-347.3973 0.0000
-348.1337 0.0000
-350.5669 0.0000
-346.9423 0.0000
-345.3525 0.0000
-342.7564 0.0000
-343.0138 0.0000
-343.9096 0.0000
-341.9450 0.0000
-343.3859 0.0000
-340.8333 0.0000
-340.7676 0.0000
-338.1908 0.0000
-333.8139 0.0000
-332.7189 0.0000
-334.1995 0.0000
-331.9334 0.0000
-332.0929 0.0000
-330.7373 0.0000
-329.6597 0.0000
-327.7130 0.0000
-329.6030 0.0000
-328.5234 0.0000
-328.0407 0.0000
-327.2162 0.0000
-325.8947 0.0000
-326.0234 0.0000
-325.6435 0.0000
-324.3089 0.0000
-324.2212 0.0000
-325.5942 0.0000
-322.7297 0.0000
-321.9362 0.0000
-323.3526 0.0000
-323.7768 0.0000
-325.6577 0.0000
-327.0489 0.0000
-326.7984 0.0000
-326.4522 0.0000
-325.7459 0.0000
-325.6601 0.0000
-326.1679 0.0000
-326.9411 0.0000
-326.2039 0.0000
-326.6248 0.0000
-326.4589 0.0000
-281.2603 0.0000
-281.6989 0.0000
-282.3143 0.0000
-282.0352 0.0000
-282.5135 0.0000
-282.3197 0.0000
-283.0267 0.0000
-284.1401 0.0000
-285.3486 0.0000
-284.7693 0.0000
-285.5459 0.0000
-285.7009 0.0000
-285.5624 0.0000
-285.5786 0.0000
-284.7941 0.0000
-284.4620 0.0000
-284.2531 0.0000
-284.0706 0.0000
-285.6172 0.0000
-282.7419 0.0000
-283.0216 0.0000
-285.4434 0.0000
-283.6061 0.0000
-285.6113 0.0000
-286.7465 0.0000
-286.0367 0.0000
-285.4038 0.0000
-285.1871 0.0000
-284.1729 0.0000
-282.7856 0.0000
-282.4273 0.0000
-281.9443 0.0000
-281.6918 0.0000
-281.7057 0.0000
-282.1566 0.0000
-283.1421 0.0000
-282.1303 0.0000
-282.9445 0.0000
-281.9195 0.0000
-282.1825 0.0000
-281.5531 0.0000
-281.5207 0.0000
-281.7752 0.0000
-282.2934 0.0000
-282.7354 0.0000
-282.9817 0.0000
-283.0432 0.0000
-284.0360 0.0000
-283.5602 0.0000
-284.1866 0.0000
-283.3534 0.0000
-283.2286 0.0000
-283.6404 0.0000
-283.3084 0.0000
-283.5022 0.0000
-283.2915 0.0000
-283.7161 0.0000
-283.2794 0.0000
-284.4638 0.0000
-284.9844 0.0000
-283.8500 0.0000
-285.6663 0.0000
-285.2920 0.0000
-287.0419 0.0000
-286.9235 0.0000
-287.2524 0.0000
-287.4230 0.0000
-287.0764 0.0000
-286.7849 0.0000
-285.7412 0.0000
-285.5926 0.0000
-285.3877 0.0000
-285.8044 0.0000
-285.8438 0.0000
-285.9405 0.0000
-285.4958 0.0000
-286.2454 0.0000
-286.1452 0.0000
-287.3056 0.0000
-287.1619 0.0000
-287.7482 0.0000
-286.2732 0.0000
-287.1318 0.0000
-287.1710 0.0000
-287.6232 0.0000
-286.1495 0.0000
-286.9113 0.0000
-286.0286 0.0000
-286.8684 0.0000
-285.9426 0.0000
-287.1998 0.0000
-287.0578 0.0000
-285.8679 0.0000
-285.7706 0.0000
-286.2579 0.0000
-286.4311 0.0000
-285.5491 0.0000
-285.6513 0.0000
-285.6097 0.0000
-284.2114 0.0000
-339.3346 0.0000
-341.2298 0.0000
-338.3567 0.0000
-338.1447 0.0000
-338.9533 0.0000
-338.9579 0.0000
-338.6545 0.0000
-339.0385 0.0000
-338.2048 0.0000
-335.5054 0.0000
-338.3708 0.0000
-338.0644 0.0000
-339.0822 0.0000
-339.3813 0.0000
-340.0269 0.0000
-337.7495 0.0000
-337.9771 0.0000
-337.5194 0.0000
-338.6726 0.0000
-340.2427 0.0000
-338.9879 0.0000
-338.8589 0.0000
-337.9641 0.0000
-339.2774 0.0000
-339.4827 0.0000
-339.9917 0.0000
-338.9701 0.0000
-338.7483 0.0000
-339.7823 0.0000
-337.7953 0.0000
-338.6581 0.0000
-338.5939 0.0000
-339.0950 0.0000
-339.1634 0.0000
-338.9214 0.0000
-340.0292 0.0000
-337.5355 0.0000
-339.4490 0.0000
-337.9903 0.0000
-338.6810 0.0000
-338.4758 0.0000
-338.1955 0.0000
-338.1447 0.0000
-338.1657 0.0000
-338.8976 0.0000
-338.5935 0.0000
-338.0677 0.0000
-337.1629 0.0000
-338.8519 0.0000
-337.7615 0.0000
-337.6436 0.0000
-338.4461 0.0000
-338.9864 0.0000
-338.4169 0.0000
-338.8021 0.0000
-339.3495 0.0000
-339.5327 0.0000
-338.7901 0.0000
-338.2678 0.0000
-339.4665 0.0000
-338.9712 0.0000
-339.1164 0.0000
-339.4590 0.0000
-338.3880 0.0000
-340.5752 0.0000
-340.0088 0.0000
-338.3343 0.0000
-338.2528 0.0000
-339.5655 0.0000
-338.1472 0.0000
-339.2347 0.0000
-337.5946 0.0000
-337.3060 0.0000
-336.9447 0.0000
-340.0049 0.0000
-338.9884 0.0000
-339.1769 0.0000
-338.4734 0.0000
-337.6684 0.0000
-338.3355 0.0000
-340.2731 0.0000
-338.1884 0.0000
-338.2388 0.0000
-338.5945 0.0000
-338.8417 0.0000
-339.9758 0.0000
-339.7456 0.0000
-337.7254 0.0000
-337.7215 0.0000
-339.0796 0.0000
-338.4301 0.0000
-338.0783 0.0000
-340.6224 0.0000
-338.6818 0.0000
-338.9408 0.0000
-339.5788 0.0000
-338.4161 0.0000
-338.8164 0.0000
-338.5582 0.0000
-337.6087 0.0000
-268.0653 0.0000
-267.8104 0.0000
-268.3165 0.0000
-267.5942 0.0000
-268.6172 0.0000
-269.3717 0.0000
-269.5124 0.0000
-269.6476 0.0000
-269.8774 0.0000
-270.5533 0.0000
-271.2738 0.0000
-272.1128 0.0000
-272.8150 0.0000
-274.3842 0.0000
-273.6215 0.0000
-273.7583 0.0000
-273.5373 0.0000
-274.2023 0.0000
-273.1440 0.0000
-273.5658 0.0000
-273.6132 0.0000
-273.5641 0.0000
-274.6629 0.0000
-274.0616 0.0000
-274.2065 0.0000
-273.6328 0.0000
-272.8363 0.0000
-273.2711 0.0000
-274.5579 0.0000
-274.1965 0.0000
-273.8483 0.0000
-273.2351 0.0000
-273.6614 0.0000
-272.6051 0.0000
-272.6555 0.0000
-273.6891 0.0000
-273.5652 0.0000
-273.0003 0.0000
-271.9194 0.0000
-272.0113 0.0000
-272.5312 0.0000
-272.8642 0.0000
-273.8209 0.0000
-274.4929 0.0000
-274.7301 0.0000
-275.7097 0.0000
-275.4325 0.0000
-275.2456 0.0000
-275.5765 0.0000
-275.8339 0.0000
-276.2013 0.0000
-275.9189 0.0000
-276.2251 0.0000
-277.4802 0.0000
-277.6252 0.0000
-277.0575 0.0000
-276.9478 0.0000
-277.6298 0.0000
-277.6917 0.0000
-277.4819 0.0000
-276.0810 0.0000
-275.9496 0.0000
-276.9835 0.0000
-276.9079 0.0000
-276.9323 0.0000
-278.2662 0.0000
-278.8420 0.0000
-279.1552 0.0000
-278.5060 0.0000
-277.9973 0.0000
-276.7925 0.0000
-276.5796 0.0000
-276.8764 0.0000
-278.2294 0.0000
-277.9517 0.0000
-279.0630 0.0000
-279.4658 0.0000
-279.9947 0.0000
-281.2401 0.0000
-281.9753 0.0000
-282.7453 0.0000
-282.9799 0.0000
-281.3557 0.0000
-280.6927 0.0000
-282.0453 0.0000
-280.2797 0.0000
-281.2981 0.0000
-281.9179 0.0000
-282.2515 0.0000
-283.0591 0.0000
-282.8623 0.0000
-282.6546 0.0000
-283.2754 0.0000
-283.4570 0.0000
-283.9889 0.0000
-284.7049 0.0000
-285.5384 0.0000
-284.8118 0.0000
-284.2044 0.0000
-284.9711 0.0000
-334.6658 0.0000
-334.0923 0.0000
-334.9993 0.0000
-334.7228 0.0000
-334.6642 0.0000
-334.6525 0.0000
-334.5553 0.0000
-334.5843 0.0000
-334.8712 0.0000
-334.1283 0.0000
-334.1016 0.0000
-334.5433 0.0000
-334.4776 0.0000
-334.3725 0.0000
-334.8578 0.0000
-333.6556 0.0000
-335.2360 0.0000
-334.7429 0.0000
-334.8024 0.0000
-335.2987 0.0000
-334.8700 0.0000
-334.4919 0.0000
-334.4345 0.0000
-334.9939 0.0000
-334.2607 0.0000
-334.2109 0.0000
-335.4382 0.0000
-334.1629 0.0000
-334.5520 0.0000
-334.6096 0.0000
-334.6747 0.0000
-334.3956 0.0000
-334.0229 0.0000
-334.6341 0.0000
-334.2923 0.0000
-334.4455 0.0000
-334.7861 0.0000
-335.2455 0.0000
-334.3371 0.0000
-334.0892 0.0000
-334.2079 0.0000
-334.4983 0.0000
-334.0901 0.0000
-334.6378 0.0000
-334.3769 0.0000
-334.4886 0.0000
-334.3105 0.0000
-334.1309 0.0000
-334.4458 0.0000
-335.3473 0.0000
-334.2184 0.0000
-334.7574 0.0000
-334.9266 0.0000
-333.9845 0.0000
-334.2349 0.0000
-335.2604 0.0000
-334.7868 0.0000
-334.7151 0.0000
-334.3670 0.0000
-334.1555 0.0000
-334.9293 0.0000
-335.4916 0.0000
-335.3427 0.0000
-335.6379 0.0000
-334.5615 0.0000
-334.2522 0.0000
-335.3327 0.0000
-335.3667 0.0000
-333.6137 0.0000
-334.0300 0.0000
-334.5615 0.0000
-335.0158 0.0000
-334.8360 0.0000
-334.7557 0.0000
-334.4145 0.0000
-334.3189 0.0000
-334.4517 0.0000
-335.3385 0.0000
-334.9842 0.0000
-334.5645 0.0000
-334.3884 0.0000
-334.1141 0.0000
-335.3686 0.0000
-335.0055 0.0000
-336.4004 0.0000
-334.8950 0.0000
-334.9394 0.0000
-334.3468 0.0000
-335.0212 0.0000
-335.1252 0.0000
-333.9923 0.0000
-334.0934 0.0000
-334.5245 0.0000
-334.6870 0.0000
-333.7893 0.0000
-334.2090 0.0000
-335.7285 0.0000
-334.9000 0.0000
-334.5426 0.0000
-335.1738 0.0000
-324.3018 0.0000
-324.4397 0.0000
-324.2491 0.0000
-323.4556 0.0000
-324.4959 0.0000
-325.1104 0.0000
-323.5717 0.0000
-323.0307 0.0000
-323.9029 0.0000
-323.6765 0.0000
-324.0015 0.0000
-324.0636 0.0000
-324.9223 0.0000
-324.0769 0.0000
-323.9204 0.0000
-324.8631 0.0000
-324.1488 0.0000
-324.4775 0.0000
-323.6407 0.0000
-323.2861 0.0000
-324.1643 0.0000
-324.4804 0.0000
-324.1454 0.0000
-323.8355 0.0000
-325.0758 0.0000
-324.5284 0.0000
-323.7374 0.0000
-324.5136 0.0000
-323.7607 0.0000
-325.1296 0.0000
-324.4202 0.0000
-324.5733 0.0000
-324.6531 0.0000
-323.1381 0.0000
-323.8614 0.0000
-324.6574 0.0000
-324.4299 0.0000
-324.2675 0.0000
-324.2320 0.0000
-324.0830 0.0000
-323.8437 0.0000
-324.1485 0.0000
-324.1729 0.0000
-324.0991 0.0000
-323.7822 0.0000
-324.7575 0.0000
-324.2651 0.0000
-324.0334 0.0000
-324.5270 0.0000
-325.0728 0.0000
-324.5247 0.0000
-324.3893 0.0000
-323.6519 0.0000
-323.2804 0.0000
-323.8342 0.0000
-324.9104 0.0000
-324.5705 0.0000
-323.9033 0.0000
-323.8112 0.0000
-323.9988 0.0000
-324.4103 0.0000
-324.3041 0.0000
-324.2977 0.0000
-325.0794 0.0000
-324.8199 0.0000
-324.0081 0.0000
-325.0467 0.0000
-323.4810 0.0000
-323.8533 0.0000
-323.8041 0.0000
-324.3403 0.0000
-324.0191 0.0000
-324.9953 0.0000
-324.8720 0.0000
-323.7474 0.0000
-323.3995 0.0000
-324.7311 0.0000
-325.1203 0.0000
-324.6398 0.0000
-323.8255 0.0000
-325.4338 0.0000
-324.9394 0.0000
-324.2578 0.0000
-324.3680 0.0000
-323.8215 0.0000
-323.5770 0.0000
-323.1247 0.0000
-324.6124 0.0000
-324.3740 0.0000
-324.2156 0.0000
-323.9592 0.0000
-323.9780 0.0000
-323.8988 0.0000
-323.0808 0.0000
-324.7280 0.0000
-324.5230 0.0000
-323.8217 0.0000
-324.4009 0.0000
-324.1169 0.0000
-324.1558 0.0000
-280.2851 0.0000
-280.5590 0.0000
-280.9191 0.0000
-280.0046 0.0000
-279.9201 0.0000
-280.7217 0.0000
-279.1509 0.0000
-278.1592 0.0000
-278.8341 0.0000
-277.6950 0.0000
-277.5085 0.0000
-277.6880 0.0000
-277.9541 0.0000
-277.2548 0.0000
-277.1795 0.0000
-275.7699 0.0000
-275.3146 0.0000
-276.0283 0.0000
-276.7343 0.0000
-277.9558 0.0000
-277.9964 0.0000
-279.1456 0.0000
-277.7334 0.0000
-278.5871 0.0000
-278.4599 0.0000
-278.5965 0.0000
-278.4835 0.0000
-277.6746 0.0000
-278.3745 0.0000
-276.2922 0.0000
-275.2656 0.0000
-274.6825 0.0000
-275.7991 0.0000
-275.0528 0.0000
-274.4392 0.0000
-273.3826 0.0000
-273.3551 0.0000
-273.2446 0.0000
-273.8580 0.0000
-274.8075 0.0000
-272.1225 0.0000
-272.6004 0.0000
-272.4213 0.0000
-272.9663 0.0000
-272.2261 0.0000
-272.9064 0.0000
-273.5894 0.0000
-274.5155 0.0000
-273.2897 0.0000
-273.0584 0.0000
-273.1993 0.0000
-271.6514 0.0000
-270.5449 0.0000
-271.4684 0.0000
-270.4720 0.0000
-270.1152 0.0000
-269.8148 0.0000
-270.2129 0.0000
-271.3772 0.0000
-271.2616 0.0000
-272.2813 0.0000
-272.8615 0.0000
-272.6774 0.0000
-273.5610 0.0000
-273.9335 0.0000
-272.3310 0.0000
-271.5244 0.0000
-272.2942 0.0000
-271.0452 0.0000
-272.7743 0.0000
-271.8224 0.0000
-271.1196 0.0000
-271.9100 0.0000
-272.4958 0.0000
-272.5998 0.0000
-273.2524 0.0000
-272.6407 0.0000
-271.7155 0.0000
-270.9160 0.0000
-270.4835 0.0000
-270.6881 0.0000
-271.7029 0.0000
-270.9934 0.0000
-270.5835 0.0000
-270.6895 0.0000
-270.6022 0.0000
-270.6872 0.0000
-270.3354 0.0000
-268.7874 0.0000
-268.7564 0.0000
-268.5290 0.0000
-267.7604 0.0000
-266.1453 0.0000
-265.9547 0.0000
-264.7942 0.0000
-266.2028 0.0000
-266.9685 0.0000
-266.4932 0.0000
-267.2088 0.0000
-267.2046 0.0000
-326.1612 0.0000
-324.8040 0.0000
-324.2170 0.0000
-325.4477 0.0000
-324.3290 0.0000
-324.3953 0.0000
-325.0577 0.0000
-325.4151 0.0000
-325.4237 0.0000
-323.8021 0.0000
-324.6243 0.0000
-325.4102 0.0000
-324.9557 0.0000
-326.0062 0.0000
-326.1162 0.0000
-325.0906 0.0000
-325.4090 0.0000
-325.0169 0.0000
-324.8886 0.0000
-325.0860 0.0000
-324.3579 0.0000
-324.3687 0.0000
-324.6461 0.0000
-326.1793 0.0000
-325.1493 0.0000
-323.8338 0.0000
-323.8886 0.0000
-325.1071 0.0000
-324.6970 0.0000
-325.5025 0.0000
-324.5828 0.0000
-324.6082 0.0000
-325.8811 0.0000
-324.7050 0.0000
-324.4330 0.0000
-324.8322 0.0000
-325.6279 0.0000
-325.5626 0.0000
-325.0825 0.0000
-325.9115 0.0000
-324.1409 0.0000
-324.5669 0.0000
-323.0803 0.0000
-325.6915 0.0000
-324.8305 0.0000
-326.1257 0.0000
-324.5210 0.0000
-324.6926 0.0000
-324.4269 0.0000
-324.1733 0.0000
-325.9951 0.0000
-325.2678 0.0000
-325.9706 0.0000
-325.3954 0.0000
-324.5342 0.0000
-324.7970 0.0000
-325.8602 0.0000
-324.3865 0.0000
-324.6878 0.0000
-325.0237 0.0000
-324.2305 0.0000
-324.5293 0.0000
-324.0950 0.0000
-325.8437 0.0000
-323.8981 0.0000
-323.4760 0.0000
-325.2355 0.0000
-324.5618 0.0000
-324.4673 0.0000
-325.2912 0.0000
-324.7391 0.0000
-325.8960 0.0000
-324.8645 0.0000
-325.1635 0.0000
-324.4418 0.0000
-323.6581 0.0000
-323.2954 0.0000
-324.6367 0.0000
-325.9033 0.0000
-325.2328 0.0000
-323.3772 0.0000
-324.7714 0.0000
-324.8257 0.0000
-326.2793 0.0000
-326.4840 0.0000
-325.4408 0.0000
-325.7193 0.0000
-323.3641 0.0000
-325.7509 0.0000
-324.2715 0.0000
-324.7806 0.0000
-324.2998 0.0000
-323.8521 0.0000
-325.4808 0.0000
-325.8150 0.0000
-322.8102 0.0000
-325.0327 0.0000
-325.1914 0.0000
-324.2825 0.0000
-324.9023 0.0000
-346.1219 0.0000
-345.9093 0.0000
-346.6951 0.0000
-345.1597 0.0000
-345.4180 0.0000
-346.7725 0.0000
-346.4186 0.0000
-345.7121 0.0000
-345.2727 0.0000
-345.6639 0.0000
-345.6997 0.0000
-345.9863 0.0000
-345.9167 0.0000
-345.7416 0.0000
-345.9723 0.0000
-346.0663 0.0000
-345.9660 0.0000
-345.8580 0.0000
-345.1720 0.0000
-346.7391 0.0000
-345.7261 0.0000
-345.9177 0.0000
-345.6389 0.0000
-346.6008 0.0000
-346.9676 0.0000
-345.4703 0.0000
-346.8831 0.0000
-346.4043 0.0000
-346.7198 0.0000
-346.4812 0.0000
-346.4553 0.0000
-346.1754 0.0000
-346.6716 0.0000
-346.0606 0.0000
-346.1772 0.0000
-347.0382 0.0000
-347.3276 0.0000
-346.3134 0.0000
-346.5792 0.0000
-345.6903 0.0000
-345.3032 0.0000
-346.1132 0.0000
-345.6409 0.0000
-345.9253 0.0000
-345.8291 0.0000
-346.3348 0.0000
-346.3472 0.0000
-345.5030 0.0000
-345.7537 0.0000
-345.8591 0.0000
-346.2102 0.0000
-346.3071 0.0000
-345.7192 0.0000
-345.4973 0.0000
-346.4214 0.0000
-345.5517 0.0000
-345.6741 0.0000
-346.0776 0.0000
-346.0190 0.0000
-345.8389 0.0000
-346.8290 0.0000
-346.2172 0.0000
-346.5737 0.0000
-345.9856 0.0000
-346.4784 0.0000
-346.1455 0.0000
-346.5444 0.0000
-346.6417 0.0000
-346.9133 0.0000
-345.9015 0.0000
-346.2820 0.0000
-345.8415 0.0000
-345.4151 0.0000
-346.0395 0.0000
-344.9458 0.0000
-345.3387 0.0000
-346.6310 0.0000
-346.6981 0.0000
-346.5814 0.0000
-344.9805 0.0000
-346.1615 0.0000
-345.3208 0.0000
-346.7650 0.0000
-345.6015 0.0000
-345.5316 0.0000
-346.8812 0.0000
-346.3633 0.0000
-345.3110 0.0000
-345.4982 0.0000
-346.4768 0.0000
-347.1131 0.0000
-346.3108 0.0000
-346.8547 0.0000
-345.2853 0.0000
-345.8498 0.0000
-344.8407 0.0000
-346.4341 0.0000
-346.0023 0.0000
-345.6510 0.0000
-345.3416 0.0000
-310.3133 0.0000
-311.0076 0.0000
-309.7188 0.0000
-310.5145 0.0000
-310.1350 0.0000
-310.2548 0.0000
-310.4375 0.0000
-309.7064 0.0000
-309.2657 0.0000
-309.2640 0.0000
-309.5422 0.0000
-310.4344 0.0000
-310.1290 0.0000
-310.7109 0.0000
-311.0843 0.0000
-310.5419 0.0000
-309.3136 0.0000
-310.6654 0.0000
-310.1958 0.0000
-310.3460 0.0000
-310.9116 0.0000
-309.9990 0.0000
-310.9288 0.0000
-310.5893 0.0000
-309.6659 0.0000
-310.2154 0.0000
-311.2366 0.0000
-309.8092 0.0000
-309.8923 0.0000
-310.3045 0.0000
-310.7788 0.0000
-308.9848 0.0000
-309.5160 0.0000
-310.6341 0.0000
-310.7614 0.0000
-309.8686 0.0000
-310.5797 0.0000
-310.2226 0.0000
-309.7984 0.0000
-310.5998 0.0000
-310.6078 0.0000
-310.4214 0.0000
-309.1062 0.0000
-310.3866 0.0000
-309.2881 0.0000
-309.5259 0.0000
-310.9409 0.0000
-309.4986 0.0000
-311.4360 0.0000
-310.4576 0.0000
-310.0268 0.0000
-309.2768 0.0000
-311.4719 0.0000
-308.3458 0.0000
-311.1499 0.0000
-309.5738 0.0000
-309.2007 0.0000
-310.4242 0.0000
-309.7446 0.0000
-310.0046 0.0000
-310.1212 0.0000
-309.8812 0.0000
-309.3360 0.0000
-311.6223 0.0000
-310.2761 0.0000
-310.4830 0.0000
-310.1665 0.0000
-310.6256 0.0000
-311.2925 0.0000
-310.0248 0.0000
-310.9363 0.0000
-310.2470 0.0000
-309.7494 0.0000
-310.9400 0.0000
-309.3888 0.0000
-311.4597 0.0000
-310.7674 0.0000
-310.1896 0.0000
-311.6844 0.0000
-310.3088 0.0000
-309.8667 0.0000
-310.0553 0.0000
-310.0203 0.0000
-310.1885 0.0000
-311.0759 0.0000
-310.4759 0.0000
-310.5028 0.0000
-310.3739 0.0000
-310.3205 0.0000
-310.7970 0.0000
-309.1800 0.0000
-310.0013 0.0000
-310.7100 0.0000
-310.3593 0.0000
-309.6992 0.0000
-309.1940 0.0000
-310.8241 0.0000
-310.5322 0.0000
-310.9686 0.0000
-310.6581 0.0000
-285.9847 0.0000
-288.5859 0.0000
-288.2052 0.0000
-287.2603 0.0000
-285.1373 0.0000
-286.8534 0.0000
-286.0624 0.0000
-286.7284 0.0000
-287.1042 0.0000
-288.0300 0.0000
-286.8125 0.0000
-285.8092 0.0000
-287.0119 0.0000
-286.9097 0.0000
-287.7075 0.0000
-286.5412 0.0000
-285.1055 0.0000
-286.3251 0.0000
-287.2015 0.0000
-285.5207 0.0000
-286.0616 0.0000
-284.6780 0.0000
-287.3106 0.0000
-287.2754 0.0000
-286.4197 0.0000
-285.7531 0.0000
-286.0432 0.0000
-285.9388 0.0000
-285.8622 0.0000
-287.2564 0.0000
-287.7941 0.0000
-287.5905 0.0000
-287.3239 0.0000
-288.0222 0.0000
-287.7295 0.0000
-287.6784 0.0000
-285.8749 0.0000
-286.1533 0.0000
-286.8303 0.0000
-287.4126 0.0000
-286.4028 0.0000
-286.5394 0.0000
-286.9903 0.0000
-285.7199 0.0000
-286.6798 0.0000
-287.9481 0.0000
-288.4779 0.0000
-285.4173 0.0000
-286.4397 0.0000
-285.8024 0.0000
-287.9834 0.0000
-288.4172 0.0000
-286.2834 0.0000
-286.2324 0.0000
-286.1456 0.0000
-286.3109 0.0000
-285.0821 0.0000
-286.6332 0.0000
-285.5282 0.0000
-288.1958 0.0000
-287.0955 0.0000
-286.0872 0.0000
-286.7883 0.0000
-285.4903 0.0000
-285.1776 0.0000
-286.7780 0.0000
-287.0565 0.0000
-287.8026 0.0000
-287.7121 0.0000
-287.2845 0.0000
-287.2973 0.0000
-287.3137 0.0000
-287.8461 0.0000
-288.1640 0.0000
-288.9428 0.0000
-288.9568 0.0000
-287.5130 0.0000
-287.9477 0.0000
-288.9056 0.0000
-288.7216 0.0000
-289.0626 0.0000
-288.4823 0.0000
-289.1119 0.0000
-290.3726 0.0000
-290.2561 0.0000
-290.3862 0.0000
-290.3139 0.0000
-290.0700 0.0000
-289.3779 0.0000
-290.3297 0.0000
-289.5279 0.0000
-290.9802 0.0000
-292.7481 0.0000
-293.8117 0.0000
-292.4715 0.0000
-292.6485 0.0000
-291.9073 0.0000
-289.7634 0.0000
-289.9509 0.0000
-290.6863 0.0000
-280.3055 0.0000
-280.5247 0.0000
-280.2982 0.0000
-280.0938 0.0000
-279.8720 0.0000
-280.3633 0.0000
-280.1024 0.0000
-279.6366 0.0000
-279.9968 0.0000
-278.6159 0.0000
-279.8041 0.0000
-279.4182 0.0000
-279.0564 0.0000
-278.5959 0.0000
-278.7163 0.0000
-278.2018 0.0000
-277.6001 0.0000
-277.4562 0.0000
-275.6813 0.0000
-274.6320 0.0000
-275.0286 0.0000
-273.6260 0.0000
-275.1170 0.0000
-275.6126 0.0000
-276.0180 0.0000
-274.5899 0.0000
-274.5036 0.0000
-275.0903 0.0000
-276.1991 0.0000
-276.3027 0.0000
-276.8348 0.0000
-276.0846 0.0000
-275.4264 0.0000
-275.3053 0.0000
-274.0122 0.0000
-274.4801 0.0000
-275.8227 0.0000
-276.5011 0.0000
-277.3072 0.0000
-276.7595 0.0000
-276.6321 0.0000
-277.3271 0.0000
-277.7566 0.0000
-279.4163 0.0000
-279.4968 0.0000
-280.9858 0.0000
-282.1858 0.0000
-282.7582 0.0000
-281.3514 0.0000
-281.2178 0.0000
-279.7544 0.0000
-280.6182 0.0000
-279.3036 0.0000
-278.9812 0.0000
-279.1368 0.0000
-277.2912 0.0000
-277.9206 0.0000
-277.9886 0.0000
-278.0564 0.0000
-278.1570 0.0000
-277.2817 0.0000
-277.5842 0.0000
-277.1470 0.0000
-277.3376 0.0000
-278.1329 0.0000
-277.0795 0.0000
-276.8358 0.0000
-277.3722 0.0000
-277.1856 0.0000
-277.4415 0.0000
-277.0974 0.0000
-275.6787 0.0000
-275.7578 0.0000
-275.0199 0.0000
-274.1335 0.0000
-275.6371 0.0000
-274.3488 0.0000
-275.0508 0.0000
-273.1719 0.0000
-274.0378 0.0000
-273.9912 0.0000
-273.5492 0.0000
-274.6568 0.0000
-275.5459 0.0000
-274.3666 0.0000
-274.9320 0.0000
-273.9145 0.0000
-272.2281 0.0000
-274.0277 0.0000
-273.5780 0.0000
-273.0520 0.0000
-273.3903 0.0000
-275.0927 0.0000
-274.3703 0.0000
-274.2320 0.0000
-273.6028 0.0000
-273.1035 0.0000
-274.0027 0.0000
-273.6041 0.0000
-274.6293 0.0000
-339.0729 0.0000
-337.8984 0.0000
-338.7506 0.0000
-340.2906 0.0000
-338.9565 0.0000
-338.8427 0.0000
-337.8620 0.0000
-339.9689 0.0000
-338.8318 0.0000
-341.4030 0.0000
-340.2954 0.0000
-339.5263 0.0000
-338.3981 0.0000
-338.2517 0.0000
-338.3372 0.0000
-339.7129 0.0000
-338.9654 0.0000
-337.2794 0.0000
-340.4490 0.0000
-338.3659 0.0000
-338.3168 0.0000
-338.2770 0.0000
-338.4336 0.0000
-339.4777 0.0000
-338.4840 0.0000
-339.4802 0.0000
-338.1362 0.0000
-337.8797 0.0000
-338.8860 0.0000
-336.7730 0.0000
-338.7777 0.0000
-339.3442 0.0000
-338.8779 0.0000
-338.9733 0.0000
-339.0483 0.0000
-338.4137 0.0000
-338.4423 0.0000
-337.9848 0.0000
-336.5096 0.0000
-338.0570 0.0000
-337.6891 0.0000
-339.0582 0.0000
-337.5430 0.0000
-338.6926 0.0000
-337.8501 0.0000
-338.2995 0.0000
-340.2872 0.0000
-339.5325 0.0000
-338.2702 0.0000
-337.1890 0.0000
-339.0868 0.0000
-339.8002 0.0000
-338.9683 0.0000
-338.9650 0.0000
-337.8099 0.0000
-339.9540 0.0000
-339.9480 0.0000
-338.6025 0.0000
-337.6371 0.0000
-337.6646 0.0000
-338.1525 0.0000
-339.8125 0.0000
-339.2788 0.0000
-340.0040 0.0000
-338.4751 0.0000
-340.2117 0.0000
-338.6057 0.0000
-337.9551 0.0000
-340.1488 0.0000
-338.2507 0.0000
-338.3413 0.0000
-338.6430 0.0000
-338.6853 0.0000
-338.7019 0.0000
-339.9048 0.0000
-337.7900 0.0000
-337.4861 0.0000
-338.8380 0.0000
-338.3411 0.0000
-339.8500 0.0000
-337.3752 0.0000
-340.4519 0.0000
-337.8490 0.0000
-338.6846 0.0000
-339.0717 0.0000
-338.2382 0.0000
-339.1151 0.0000
-339.4977 0.0000
-337.4157 0.0000
-338.2285 0.0000
-340.3946 0.0000
-339.5775 0.0000
-340.0427 0.0000
-338.3507 0.0000
-337.8775 0.0000
-338.6315 0.0000
-337.9347 0.0000
-338.0186 0.0000
-339.6082 0.0000
-338.2928 0.0000
-276.4060 0.0000
-276.7178 0.0000
-276.2760 0.0000
-276.9182 0.0000
-277.7898 0.0000
-277.3978 0.0000
-277.0810 0.0000
-276.7879 0.0000
-276.7186 0.0000
-277.1963 0.0000
-278.1165 0.0000
-277.1888 0.0000
-277.5058 0.0000
-277.1954 0.0000
-277.6418 0.0000
-277.1885 0.0000
-276.2837 0.0000
-276.1132 0.0000
-275.8427 0.0000
-274.7227 0.0000
-274.5240 0.0000
-274.1011 0.0000
-274.5999 0.0000
-276.4737 0.0000
-275.0706 0.0000
-275.9706 0.0000
-275.5790 0.0000
-275.0533 0.0000
-275.4746 0.0000
-276.1471 0.0000
-275.8488 0.0000
-276.4281 0.0000
-275.5796 0.0000
-276.1581 0.0000
-276.6922 0.0000
-278.0515 0.0000
-277.7403 0.0000
-277.3791 0.0000
-276.3203 0.0000
-275.9962 0.0000
-277.0128 0.0000
-277.4753 0.0000
-277.2670 0.0000
-276.1059 0.0000
-275.9303 0.0000
-276.3983 0.0000
-275.4449 0.0000
-275.5078 0.0000
-275.3840 0.0000
-274.7619 0.0000
-274.1410 0.0000
-274.4848 0.0000
-274.7847 0.0000
-274.7247 0.0000
-275.0648 0.0000
-275.8243 0.0000
-276.9323 0.0000
-276.9002 0.0000
-277.6062 0.0000
-277.7309 0.0000
-276.3879 0.0000
-275.0755 0.0000
-274.2455 0.0000
-274.6576 0.0000
-274.7096 0.0000
-274.0867 0.0000
-272.8157 0.0000
-273.4346 0.0000
-274.0528 0.0000
-273.7132 0.0000
-273.6070 0.0000
-273.3070 0.0000
-273.0452 0.0000
-272.8437 0.0000
-273.4364 0.0000
-273.6414 0.0000
-275.4615 0.0000
-276.2438 0.0000
-276.2157 0.0000
-277.3643 0.0000
-276.9797 0.0000
-277.2671 0.0000
-277.8749 0.0000
-277.6015 0.0000
-277.5897 0.0000
-277.9758 0.0000
-277.3462 0.0000
-278.3352 0.0000
-277.3306 0.0000
-276.5560 0.0000
-277.1737 0.0000
-277.1782 0.0000
-277.5396 0.0000
-278.1340 0.0000
-276.8550 0.0000
-276.9240 0.0000
-277.6166 0.0000
-276.6749 0.0000
-276.1213 0.0000
-274.1718 0.0000
-330.0686 0.0000
-328.6527 0.0000
-328.6093 0.0000
-328.9523 0.0000
-329.9294 0.0000
-329.6349 0.0000
-329.3370 0.0000
-330.2183 0.0000
-328.9695 0.0000
-329.0569 0.0000
-328.5670 0.0000
-329.3561 0.0000
-329.1175 0.0000
-330.4800 0.0000
-329.6380 0.0000
-329.6088 0.0000
-330.3693 0.0000
-329.7014 0.0000
-329.0595 0.0000
-329.9985 0.0000
-329.6027 0.0000
-329.4386 0.0000
-330.1614 0.0000
-329.2643 0.0000
-329.8830 0.0000
-330.4358 0.0000
-329.5942 0.0000
-329.9884 0.0000
-329.0889 0.0000
-329.4362 0.0000
-329.1544 0.0000
-329.2961 0.0000
-330.1201 0.0000
-329.0325 0.0000
-330.1138 0.0000
-329.0878 0.0000
-329.3066 0.0000
-328.8347 0.0000
-329.1173 0.0000
-329.3546 0.0000
-329.9379 0.0000
-329.5180 0.0000
-330.0692 0.0000
-329.9739 0.0000
-328.9824 0.0000
-329.7480 0.0000
-329.6889 0.0000
-330.5929 0.0000
-330.2165 0.0000
-329.9536 0.0000
-330.0233 0.0000
-328.7083 0.0000
-329.4078 0.0000
-329.9789 0.0000
-330.0494 0.0000
-329.6847 0.0000
-329.1134 0.0000
-329.6165 0.0000
-330.0402 0.0000
-328.8938 0.0000
-329.6593 0.0000
-329.1375 0.0000
-330.0356 0.0000
-330.1433 0.0000
-329.8681 0.0000
-330.2263 0.0000
-330.8811 0.0000
-329.7569 0.0000
-328.4384 0.0000
-329.6839 0.0000
-329.6887 0.0000
-330.6454 0.0000
-329.3728 0.0000
-329.0980 0.0000
-329.2142 0.0000
-329.9236 0.0000
-330.7477 0.0000
-329.5352 0.0000
-329.1935 0.0000
-330.5824 0.0000
-329.6728 0.0000
-330.2123 0.0000
-330.5021 0.0000
-329.7827 0.0000
-329.3508 0.0000
-329.5575 0.0000
-330.3589 0.0000
-330.3800 0.0000
-329.6294 0.0000
-329.4021 0.0000
-330.1100 0.0000
-330.3461 0.0000
-330.0377 0.0000
-329.5266 0.0000
-329.9597 0.0000
-329.4683 0.0000
-329.6742 0.0000
-330.4405 0.0000
-328.9943 0.0000
-329.3421 0.0000
-312.7136 0.0000
-313.9218 0.0000
-313.3927 0.0000
-312.2743 0.0000
-314.0649 0.0000
-312.1968 0.0000
-312.3149 0.0000
-311.4426 0.0000
-313.8101 0.0000
-312.4808 0.0000
-312.8858 0.0000
-313.2796 0.0000
-314.1419 0.0000
-312.9961 0.0000
-313.9099 0.0000
-311.6682 0.0000
-312.4014 0.0000
-313.0357 0.0000
-311.6871 0.0000
-312.3434 0.0000
-313.3878 0.0000
-313.5241 0.0000
-313.8988 0.0000
-314.3779 0.0000
-313.0410 0.0000
-312.7491 0.0000
-312.2270 0.0000
-314.0541 0.0000
-313.0496 0.0000
-313.6055 0.0000
-313.2855 0.0000
-313.7971 0.0000
-312.8990 0.0000
-313.9168 0.0000
-313.5776 0.0000
-313.3324 0.0000
-314.3074 0.0000
-311.8924 0.0000
-314.2295 0.0000
-312.8664 0.0000
-313.0025 0.0000
-313.5080 0.0000
-312.6634 0.0000
-313.7464 0.0000
-311.8907 0.0000
-313.3682 0.0000
-312.0503 0.0000
-311.3986 0.0000
-313.2745 0.0000
-311.3594 0.0000
-314.3654 0.0000
-312.6018 0.0000
-313.9982 0.0000
-312.6435 0.0000
-313.2925 0.0000
-312.8788 0.0000
-313.0218 0.0000
-312.9067 0.0000
-313.9106 0.0000
-313.4946 0.0000
-311.7854 0.0000
-313.6795 0.0000
-313.8863 0.0000
-313.6813 0.0000
-313.1463 0.0000
-313.5470 0.0000
-314.4231 0.0000
-314.8146 0.0000
-313.8598 0.0000
-311.5092 0.0000
-314.1038 0.0000
-313.8346 0.0000
-312.8040 0.0000
-313.4011 0.0000
-312.8260 0.0000
-312.9058 0.0000
-315.0177 0.0000
-313.9043 0.0000
-313.7762 0.0000
-312.1944 0.0000
-311.2807 0.0000
-312.5256 0.0000
-312.4070 0.0000
-312.2216 0.0000
-312.8569 0.0000
-313.5648 0.0000
-313.3122 0.0000
-311.9172 0.0000
-312.5524 0.0000
-314.0305 0.0000
-313.2697 0.0000
-312.1553 0.0000
-313.6427 0.0000
-313.3908 0.0000
-314.6979 0.0000
-312.8447 0.0000
-312.4494 0.0000
-311.9599 0.0000
-313.3020 0.0000
-312.3885 0.0000
-259.2433 0.0000
-259.7471 0.0000
-259.0920 0.0000
-258.9999 0.0000
-259.1076 0.0000
-259.4415 0.0000
-260.1018 0.0000
-259.4412 0.0000
-261.7218 0.0000
-258.2897 0.0000
-258.4595 0.0000
-258.6356 0.0000
-257.2905 0.0000
-257.5486 0.0000
-257.7406 0.0000
-257.7912 0.0000
-257.6786 0.0000
-257.6264 0.0000
-257.0082 0.0000
-257.1674 0.0000
-257.1073 0.0000
-257.3603 0.0000
-256.7058 0.0000
-258.2065 0.0000
-258.8249 0.0000
-257.8992 0.0000
-257.6463 0.0000
-257.5828 0.0000
-256.9037 0.0000
-256.1331 0.0000
-256.2747 0.0000
-256.7785 0.0000
-256.6935 0.0000
-257.1876 0.0000
-258.2553 0.0000
-259.1738 0.0000
-259.4736 0.0000
-260.4185 0.0000
-260.2456 0.0000
-261.2948 0.0000
-261.3832 0.0000
-261.5771 0.0000
-260.7973 0.0000
-260.5318 0.0000
-260.4255 0.0000
-260.6514 0.0000
-259.8788 0.0000
-260.1092 0.0000
-260.2806 0.0000
-259.9186 0.0000
-260.4118 0.0000
-261.2678 0.0000
-260.1113 0.0000
-259.4843 0.0000
-258.0650 0.0000
-256.7236 0.0000
-256.4770 0.0000
-256.9406 0.0000
-256.6636 0.0000
-257.1870 0.0000
-257.6410 0.0000
-258.1197 0.0000
-258.0395 0.0000
-259.1514 0.0000
-258.7623 0.0000
-259.7413 0.0000
-258.8282 0.0000
-259.1396 0.0000
-259.0084 0.0000
-259.9813 0.0000
-260.6271 0.0000
-261.5970 0.0000
-261.5663 0.0000
-261.3221 0.0000
-262.0355 0.0000
-260.7659 0.0000
-261.1394 0.0000
-261.0011 0.0000
-260.9442 0.0000
-261.0656 0.0000
-261.0367 0.0000
-260.3255 0.0000
-259.9196 0.0000
-258.8199 0.0000
-259.1009 0.0000
-258.9271 0.0000
-257.9670 0.0000
-256.8868 0.0000
-256.5712 0.0000
-257.5848 0.0000
-256.3192 0.0000
-255.1435 0.0000
-255.1738 0.0000
-255.1248 0.0000
-255.9969 0.0000
-255.7103 0.0000
-255.6563 0.0000
-256.0419 0.0000
-256.2117 0.0000
-255.8747 0.0000
-325.2010 0.0000
-324.2532 0.0000
-325.7406 0.0000
-325.0892 0.0000
-324.9280 0.0000
-323.8065 0.0000
-325.4562 0.0000
-323.4049 0.0000
-325.2401 0.0000
-324.4750 0.0000
-324.9270 0.0000
-325.2713 0.0000
-322.9846 0.0000
-324.6645 0.0000
-325.9330 0.0000
-325.8258 0.0000
-324.1053 0.0000
-324.7838 0.0000
-324.6898 0.0000
-325.1597 0.0000
-326.4744 0.0000
-324.1479 0.0000
-325.3517 0.0000
-324.6230 0.0000
-324.5990 0.0000
-323.7016 0.0000
-325.1094 0.0000
-325.3526 0.0000
-325.4296 0.0000
-324.6241 0.0000
-325.6112 0.0000
-324.9193 0.0000
-324.5204 0.0000
-324.4852 0.0000
-324.4885 0.0000
-324.7394 0.0000
-325.5152 0.0000
-325.4805 0.0000
-325.6752 0.0000
-324.2697 0.0000
-324.9059 0.0000
-324.9097 0.0000
-323.9900 0.0000
-323.7816 0.0000
-324.5511 0.0000
-324.6557 0.0000
-323.8721 0.0000
-325.0763 0.0000
-325.3281 0.0000
-324.8386 0.0000
-325.6175 0.0000
-324.5725 0.0000
-325.3150 0.0000
-325.1618 0.0000
-325.1685 0.0000
-324.0823 0.0000
-325.7199 0.0000
-324.5224 0.0000
-325.2604 0.0000
-323.6362 0.0000
-324.8866 0.0000
-324.8415 0.0000
-324.0354 0.0000
-325.6275 0.0000
-325.8719 0.0000
-324.7597 0.0000
-326.0397 0.0000
-325.7599 0.0000
-324.3838 0.0000
-324.3638 0.0000
-324.4223 0.0000
-325.0816 0.0000
-325.4110 0.0000
-325.3699 0.0000
-324.9675 0.0000
-325.1026 0.0000
-325.6566 0.0000
-324.3474 0.0000
-324.6772 0.0000
-324.2873 0.0000
-324.5473 0.0000
-324.5747 0.0000
-324.3223 0.0000
-325.1062 0.0000
-326.4333 0.0000
-325.7123 0.0000
-325.1183 0.0000
-325.6393 0.0000
-324.6999 0.0000
-325.2345 0.0000
-325.0290 0.0000
-326.2770 0.0000
-324.1025 0.0000
-324.6422 0.0000
-324.3711 0.0000
-324.3743 0.0000
-324.6390 0.0000
-325.5028 0.0000
-324.6876 0.0000
-324.6434 0.0000
-346.3232 0.0000
-346.0238 0.0000
-345.9920 0.0000
-345.8432 0.0000
-346.3556 0.0000
-344.5690 0.0000
-345.9225 0.0000
-346.1319 0.0000
-345.1639 0.0000
-345.8344 0.0000
-345.7341 0.0000
-346.1309 0.0000
-346.5835 0.0000
-346.7173 0.0000
-347.0001 0.0000
-345.1664 0.0000
-345.5710 0.0000
-345.5495 0.0000
-346.6176 0.0000
-346.1890 0.0000
-345.9954 0.0000
-346.2247 0.0000
-345.3585 0.0000
-345.7869 0.0000
-345.6839 0.0000
-346.2376 0.0000
-346.2247 0.0000
-345.7354 0.0000
-346.5029 0.0000
-346.2755 0.0000
-345.8949 0.0000
-346.5032 0.0000
-345.8357 0.0000
-345.9633 0.0000
-345.8301 0.0000
-346.8033 0.0000
-345.4629 0.0000
-346.2373 0.0000
-346.8341 0.0000
-346.0302 0.0000
-345.3756 0.0000
-347.0561 0.0000
-346.3319 0.0000
-346.7379 0.0000
-346.6340 0.0000
-346.1418 0.0000
-346.0275 0.0000
-345.9677 0.0000
-347.1413 0.0000
-346.6138 0.0000
-346.3482 0.0000
-346.2860 0.0000
-347.2454 0.0000
-345.7928 0.0000
-346.0993 0.0000
-345.7873 0.0000
-345.9542 0.0000
-345.7498 0.0000
-345.5594 0.0000
-346.7669 0.0000
-346.6769 0.0000
-345.6428 0.0000
-346.0220 0.0000
-345.9837 0.0000
-346.3505 0.0000
-345.7049 0.0000
-346.5005 0.0000
-345.9653 0.0000
-345.8817 0.0000
-346.0602 0.0000
-345.9191 0.0000
-346.4448 0.0000
-346.0597 0.0000
-345.6398 0.0000
-346.6579 0.0000
-346.6031 0.0000
-346.2944 0.0000
-345.8556 0.0000
-346.2999 0.0000
-346.0299 0.0000
-346.7502 0.0000
-346.4583 0.0000
-345.6399 0.0000
-345.2204 0.0000
-345.6220 0.0000
-345.8805 0.0000
-345.4904 0.0000
-346.5851 0.0000
-345.6814 0.0000
-346.3143 0.0000
-345.0917 0.0000
-345.7002 0.0000
-346.0628 0.0000
-345.9339 0.0000
-346.7011 0.0000
-346.8610 0.0000
-346.2310 0.0000
-346.0619 0.0000
-346.0028 0.0000
-346.3361 0.0000
-288.8077 0.0000
-288.6436 0.0000
-289.1664 0.0000
-289.2253 0.0000
-287.8331 0.0000
-290.1191 0.0000
-288.9046 0.0000
-289.4215 0.0000
-289.5220 0.0000
-290.5786 0.0000
-289.0775 0.0000
-288.3779 0.0000
-289.8896 0.0000
-288.3110 0.0000
-288.2915 0.0000
-289.6299 0.0000
-289.4744 0.0000
-289.9898 0.0000
-288.3848 0.0000
-289.4907 0.0000
-288.4944 0.0000
-288.8038 0.0000
-290.5865 0.0000
-289.2194 0.0000
-288.5477 0.0000
-289.2805 0.0000
-289.3009 0.0000
-287.9348 0.0000
-288.9988 0.0000
-288.1693 0.0000
-290.0717 0.0000
-287.8344 0.0000
-289.2080 0.0000
-290.1410 0.0000
-288.1948 0.0000
-289.8777 0.0000
-289.8700 0.0000
-289.1711 0.0000
-290.3511 0.0000
-288.7338 0.0000
-289.4158 0.0000
-289.2555 0.0000
-288.8098 0.0000
-288.2419 0.0000
-289.5854 0.0000
-288.4963 0.0000
-288.2504 0.0000
-288.8634 0.0000
-289.4914 0.0000
-288.4347 0.0000
-289.7985 0.0000
-290.0020 0.0000
-289.3740 0.0000
-288.1570 0.0000
-290.1439 0.0000
-289.3298 0.0000
-288.6530 0.0000
-289.3174 0.0000
-289.9376 0.0000
-287.8826 0.0000
-287.1981 0.0000
-289.0922 0.0000
-288.7734 0.0000
-289.8919 0.0000
-288.6209 0.0000
-288.1767 0.0000
-290.1828 0.0000
-289.0671 0.0000
-289.8179 0.0000
-289.2196 0.0000
-288.2305 0.0000
-289.6121 0.0000
-289.1642 0.0000
-289.7176 0.0000
-288.2597 0.0000
-289.8165 0.0000
-289.8351 0.0000
-290.6690 0.0000
-288.6182 0.0000
-289.7207 0.0000
-289.9941 0.0000
-288.8713 0.0000
-289.4572 0.0000
-288.7283 0.0000
-289.5868 0.0000
-288.7225 0.0000
-290.6858 0.0000
-289.7673 0.0000
-289.9791 0.0000
-288.4385 0.0000
-289.4390 0.0000
-289.8791 0.0000
-288.5274 0.0000
-288.9851 0.0000
-289.7036 0.0000
-288.0476 0.0000
-289.8930 0.0000
-288.5059 0.0000
-288.0362 0.0000
-289.7679 0.0000
-261.0323 0.0000
-259.9084 0.0000
-260.3143 0.0000
-259.7737 0.0000
-259.0889 0.0000
-259.4340 0.0000
-258.1829 0.0000
-258.6375 0.0000
-258.6167 0.0000
-260.8389 0.0000
-260.5273 0.0000
-261.9463 0.0000
-262.4851 0.0000
-264.4499 0.0000
-261.4205 0.0000
-261.8316 0.0000
-261.5052 0.0000
-262.5750 0.0000
-260.9240 0.0000
-262.7033 0.0000
-263.4580 0.0000
-262.4455 0.0000
-263.3590 0.0000
-262.6759 0.0000
-262.9922 0.0000
-262.3882 0.0000
-262.0344 0.0000
-262.3213 0.0000
-261.3831 0.0000
-262.1343 0.0000
-262.3923 0.0000
-263.9385 0.0000
-265.7706 0.0000
-267.1991 0.0000
-265.5954 0.0000
-264.6522 0.0000
-265.9691 0.0000
-267.3954 0.0000
-266.8556 0.0000
-265.2029 0.0000
-265.7806 0.0000
-265.4483 0.0000
-263.7967 0.0000
-261.8117 0.0000
-262.3106 0.0000
-263.3834 0.0000
-262.3421 0.0000
-263.7130 0.0000
-264.6973 0.0000
-265.5383 0.0000
-263.1949 0.0000
-263.4281 0.0000
-264.4748 0.0000
-263.7534 0.0000
-263.9246 0.0000
-262.6518 0.0000
-262.1469 0.0000
-262.2078 0.0000
-261.4399 0.0000
-261.6971 0.0000
-261.3752 0.0000
-260.5173 0.0000
-260.9102 0.0000
-259.8403 0.0000
-259.7870 0.0000
-259.1597 0.0000
-258.6477 0.0000
-259.3972 0.0000
-258.2250 0.0000
-258.1065 0.0000
-258.4643 0.0000
-259.2766 0.0000
-260.0467 0.0000
-259.1582 0.0000
-259.8536 0.0000
-259.9422 0.0000
-261.2608 0.0000
-260.2086 0.0000
-260.1757 0.0000
-260.2846 0.0000
-260.6916 0.0000
-261.2727 0.0000
-261.0460 0.0000
-261.7027 0.0000
-260.9031 0.0000
-260.1636 0.0000
-260.0967 0.0000
-260.8422 0.0000
-261.4782 0.0000
-260.9087 0.0000
-260.9539 0.0000
-260.7139 0.0000
-261.5620 0.0000
-261.6005 0.0000
-261.4365 0.0000
-261.6650 0.0000
-261.5474 0.0000
-261.1633 0.0000
-260.4437 0.0000
-261.2715 0.0000
-275.1111 0.0000
-274.7710 0.0000
-274.5016 0.0000
-275.3895 0.0000
-276.5881 0.0000
-276.8440 0.0000
-277.1480 0.0000
-276.6585 0.0000
-278.2986 0.0000
-277.1196 0.0000
-278.0847 0.0000
-276.5244 0.0000
-276.9892 0.0000
-276.2376 0.0000
-276.7349 0.0000
-277.1383 0.0000
-278.2394 0.0000
-277.3057 0.0000
-276.3211 0.0000
-279.4353 0.0000
-274.7571 0.0000
-276.1376 0.0000
-277.0221 0.0000
-275.9392 0.0000
-275.6167 0.0000
-276.8025 0.0000
-274.6987 0.0000
-274.3539 0.0000
-274.8077 0.0000
-275.0755 0.0000
-274.1782 0.0000
-275.3459 0.0000
-272.8530 0.0000
-273.2272 0.0000
-273.3578 0.0000
-274.1067 0.0000
-273.9740 0.0000
-273.1144 0.0000
-273.5560 0.0000
-272.6139 0.0000
-272.2002 0.0000
-273.0404 0.0000
-273.4642 0.0000
-273.4245 0.0000
-273.1101 0.0000
-274.3577 0.0000
-273.1605 0.0000
-274.6766 0.0000
-272.6410 0.0000
-272.9789 0.0000
-272.3960 0.0000
-272.0694 0.0000
-271.5253 0.0000
-271.1503 0.0000
-271.9775 0.0000
-273.6728 0.0000
-272.1646 0.0000
-272.6642 0.0000
-272.0588 0.0000
-271.8804 0.0000
-273.1450 0.0000
-273.8365 0.0000
-274.2750 0.0000
-274.3084 0.0000
-274.7636 0.0000
-273.2635 0.0000
-274.2183 0.0000
-273.5824 0.0000
-273.0894 0.0000
-272.7512 0.0000
-274.0085 0.0000
-274.5157 0.0000
-275.1535 0.0000
-273.7857 0.0000
-273.9200 0.0000
-273.4904 0.0000
-274.8865 0.0000
-273.0286 0.0000
-273.4544 0.0000
-274.5587 0.0000
-274.4047 0.0000
-274.2377 0.0000
-276.3489 0.0000
-274.5019 0.0000
-274.5737 0.0000
-274.1643 0.0000
-274.1920 0.0000
-272.4002 0.0000
-272.5235 0.0000
-274.4659 0.0000
-273.3728 0.0000
-273.1256 0.0000
-273.5464 0.0000
-275.6980 0.0000
-273.2077 0.0000
-273.6889 0.0000
-275.0379 0.0000
-274.6359 0.0000
-275.6736 0.0000
-276.4079 0.0000
-324.5346 0.0000
-322.6007 0.0000
-324.6032 0.0000
-324.2393 0.0000
-323.3832 0.0000
-323.8948 0.0000
-324.4449 0.0000
-325.2370 0.0000
-324.8820 0.0000
-324.4670 0.0000
-324.6853 0.0000
-322.5094 0.0000
-324.2050 0.0000
-324.2957 0.0000
-323.7698 0.0000
-324.6323 0.0000
-324.2948 0.0000
-323.1976 0.0000
-324.8366 0.0000
-325.5366 0.0000
-324.1643 0.0000
-323.3800 0.0000
-325.1396 0.0000
-325.2604 0.0000
-323.2845 0.0000
-323.5577 0.0000
-324.4229 0.0000
-323.4305 0.0000
-323.9155 0.0000
-324.1225 0.0000
-323.2417 0.0000
-324.9784 0.0000
-324.4922 0.0000
-324.1154 0.0000
-324.8841 0.0000
-324.4337 0.0000
-325.3325 0.0000
-324.7193 0.0000
-324.0898 0.0000
-324.4726 0.0000
-324.3746 0.0000
-324.1896 0.0000
-323.3111 0.0000
-323.4074 0.0000
-324.2165 0.0000
-323.1956 0.0000
-325.0974 0.0000
-323.8270 0.0000
-323.5800 0.0000
-323.3575 0.0000
-326.3808 0.0000
-323.9083 0.0000
-323.2840 0.0000
-325.5589 0.0000
-324.5767 0.0000
-323.9595 0.0000
-325.1531 0.0000
-324.1807 0.0000
-325.5395 0.0000
-324.2264 0.0000
-323.0147 0.0000
-322.6029 0.0000
-322.1155 0.0000
-323.8423 0.0000
-322.1749 0.0000
-323.0462 0.0000
-324.2406 0.0000
-324.5595 0.0000
-323.3665 0.0000
-323.7472 0.0000
-324.4492 0.0000
-323.8155 0.0000
-324.0720 0.0000
-324.4957 0.0000
-325.1281 0.0000
-324.1863 0.0000
-323.2731 0.0000
-323.7757 0.0000
-324.9006 0.0000
-323.9500 0.0000
-324.2997 0.0000
-322.8291 0.0000
-324.4607 0.0000
-324.3026 0.0000
-323.9406 0.0000
-324.5520 0.0000
-324.3589 0.0000
-323.2887 0.0000
-322.9103 0.0000
-324.7467 0.0000
-325.4073 0.0000
-324.7649 0.0000
-323.2504 0.0000
-323.6447 0.0000
-322.8614 0.0000
-324.4936 0.0000
-323.5307 0.0000
-324.5101 0.0000
-323.4103 0.0000
-323.7089 0.0000
-224.3558 0.0000
-223.4286 0.0000
-223.0911 0.0000
-223.2691 0.0000
-223.1136 0.0000
-223.3216 0.0000
-223.8252 0.0000
-223.7979 0.0000
-223.7287 0.0000
-224.2097 0.0000
-224.0296 0.0000
-223.4953 0.0000
-223.9010 0.0000
-224.3784 0.0000
-224.9269 0.0000
-226.3165 0.0000
-224.4517 0.0000
-224.0449 0.0000
-223.9641 0.0000
-225.3656 0.0000
-224.6031 0.0000
-224.5428 0.0000
-224.5582 0.0000
-224.5382 0.0000
-223.9010 0.0000
-223.4475 0.0000
-223.7128 0.0000
-222.6103 0.0000
-222.9124 0.0000
-222.0646 0.0000
-221.7297 0.0000
-222.0444 0.0000
-222.7582 0.0000
-222.2459 0.0000
-223.1268 0.0000
-221.9851 0.0000
-222.2586 0.0000
-223.5488 0.0000
-222.4360 0.0000
-222.4552 0.0000
-222.3941 0.0000
-222.5304 0.0000
-223.6439 0.0000
-222.5832 0.0000
-222.3279 0.0000
-221.6393 0.0000
-221.4089 0.0000
-220.7598 0.0000
-221.1672 0.0000
-221.2336 0.0000
-222.0512 0.0000
-222.2282 0.0000
-223.0450 0.0000
-223.0387 0.0000
-223.2692 0.0000
-222.4480 0.0000
-222.9281 0.0000
-223.5323 0.0000
-223.5086 0.0000
-224.0136 0.0000
-223.4130 0.0000
-222.6541 0.0000
-222.4334 0.0000
-222.3737 0.0000
-222.0844 0.0000
-222.9752 0.0000
-223.3577 0.0000
-222.1412 0.0000
-221.6216 0.0000
-221.7469 0.0000
-221.8928 0.0000
-221.5088 0.0000
-221.4447 0.0000
-221.3377 0.0000
-220.6175 0.0000
-222.4367 0.0000
-221.0300 0.0000
-220.8238 0.0000
-220.7883 0.0000
-220.9072 0.0000
-220.8579 0.0000
-221.7460 0.0000
-221.2909 0.0000
-221.4033 0.0000
-221.7087 0.0000
-221.8100 0.0000
-222.0759 0.0000
-222.2380 0.0000
-221.9168 0.0000
-223.3131 0.0000
-223.4354 0.0000
-221.2145 0.0000
-222.5258 0.0000
-221.5464 0.0000
-220.7126 0.0000
-220.6786 0.0000
-221.4737 0.0000
-221.3770 0.0000
-221.2521 0.0000
-222.5743 0.0000
-325.7260 0.0000
-326.2063 0.0000
-326.3764 0.0000
-326.9563 0.0000
-326.0408 0.0000
-325.7144 0.0000
-326.4446 0.0000
-326.4499 0.0000
-326.7213 0.0000
-325.7414 0.0000
-326.4624 0.0000
-326.5182 0.0000
-325.7717 0.0000
-325.3559 0.0000
-326.8534 0.0000
-324.8908 0.0000
-325.0739 0.0000
-325.9244 0.0000
-326.6721 0.0000
-325.6208 0.0000
-325.9108 0.0000
-325.7640 0.0000
-325.2436 0.0000
-325.4078 0.0000
-325.9095 0.0000
-325.4007 0.0000
-325.1213 0.0000
-325.8619 0.0000
-326.6778 0.0000
-325.5408 0.0000
-325.3390 0.0000
-325.9143 0.0000
-325.6383 0.0000
-324.9357 0.0000
-326.4846 0.0000
-325.4688 0.0000
-326.0267 0.0000
-326.5129 0.0000
-325.4364 0.0000
-325.5268 0.0000
-325.7657 0.0000
-325.3106 0.0000
-326.1336 0.0000
-325.8495 0.0000
-325.1287 0.0000
-326.1043 0.0000
-325.1304 0.0000
-326.4005 0.0000
-325.5844 0.0000
-326.3164 0.0000
-325.8242 0.0000
-325.8653 0.0000
-326.7436 0.0000
-326.6526 0.0000
-325.3252 0.0000
-326.3416 0.0000
-326.6926 0.0000
-325.2093 0.0000
-326.5288 0.0000
-326.3159 0.0000
-325.4928 0.0000
-326.6469 0.0000
-325.5672 0.0000
-326.4443 0.0000
-324.9314 0.0000
-325.6077 0.0000
-325.3305 0.0000
-325.8205 0.0000
-326.0958 0.0000
-325.9336 0.0000
-325.2036 0.0000
-325.1980 0.0000
-325.8834 0.0000
-326.2310 0.0000
-326.1448 0.0000
-325.4734 0.0000
-325.9910 0.0000
-326.0295 0.0000
-325.0217 0.0000
-325.4084 0.0000
-324.9618 0.0000
-325.6004 0.0000
-326.1183 0.0000
-326.4428 0.0000
-326.0156 0.0000
-325.8314 0.0000
-325.7133 0.0000
-326.2135 0.0000
-326.1465 0.0000
-326.4021 0.0000
-326.9599 0.0000
-326.3434 0.0000
-324.6983 0.0000
-325.4303 0.0000
-326.6477 0.0000
-325.7507 0.0000
-327.0664 0.0000
-325.7348 0.0000
-325.4391 0.0000
-325.7825 0.0000
-287.2994 0.0000
-288.5166 0.0000
-287.3968 0.0000
-287.4019 0.0000
-288.0923 0.0000
-288.1997 0.0000
-286.9407 0.0000
-288.1114 0.0000
-286.7020 0.0000
-287.1315 0.0000
-288.6728 0.0000
-288.1023 0.0000
-287.7042 0.0000
-288.2787 0.0000
-288.1796 0.0000
-289.0248 0.0000
-288.1788 0.0000
-287.3812 0.0000
-288.0002 0.0000
-287.3432 0.0000
-288.3884 0.0000
-287.4329 0.0000
-287.7682 0.0000
-287.6408 0.0000
-287.0771 0.0000
-288.1536 0.0000
-286.7793 0.0000
-286.9337 0.0000
-286.5990 0.0000
-288.2136 0.0000
-288.7104 0.0000
-287.4674 0.0000
-287.7584 0.0000
-287.6584 0.0000
-287.9707 0.0000
-288.8583 0.0000
-287.9515 0.0000
-288.0152 0.0000
-286.7837 0.0000
-286.5926 0.0000
-286.2909 0.0000
-287.0872 0.0000
-288.7308 0.0000
-288.4349 0.0000
-286.5152 0.0000
-289.2531 0.0000
-288.8978 0.0000
-289.4884 0.0000
-286.4367 0.0000
-285.9902 0.0000
-287.6221 0.0000
-287.4170 0.0000
-287.2169 0.0000
-287.2438 0.0000
-287.8780 0.0000
-286.1212 0.0000
-287.2294 0.0000
-286.5860 0.0000
-287.3411 0.0000
-286.6567 0.0000
-287.2260 0.0000
-287.0540 0.0000
-288.4106 0.0000
-287.4963 0.0000
-287.2723 0.0000
-287.0493 0.0000
-289.0470 0.0000
-288.2531 0.0000
-288.0888 0.0000
-287.8264 0.0000
-286.5503 0.0000
-286.7385 0.0000
-287.9963 0.0000
-287.5413 0.0000
-287.8773 0.0000
-286.9010 0.0000
-287.2156 0.0000
-287.3770 0.0000
-288.0215 0.0000
-287.5299 0.0000
-287.0537 0.0000
-287.8828 0.0000
-287.0677 0.0000
-287.4621 0.0000
-285.8033 0.0000
-287.7067 0.0000
-287.1263 0.0000
-288.3248 0.0000
-287.4901 0.0000
-287.3752 0.0000
-287.4063 0.0000
-289.2906 0.0000
-287.9370 0.0000
-288.2742 0.0000
-287.5725 0.0000
-287.2255 0.0000
-287.1088 0.0000
-288.7570 0.0000
-286.8454 0.0000
-288.0002 0.0000
-253.5743 0.0000
-252.6728 0.0000
-252.2828 0.0000
-251.6416 0.0000
-253.4740 0.0000
-251.0389 0.0000
-251.4476 0.0000
-251.8863 0.0000
-251.2006 0.0000
-252.2931 0.0000
-252.9902 0.0000
-251.5073 0.0000
-252.4387 0.0000
-253.8693 0.0000
-252.5779 0.0000
-251.2184 0.0000
-252.2688 0.0000
-253.2211 0.0000
-252.6143 0.0000
-252.2405 0.0000
-251.5517 0.0000
-252.0731 0.0000
-252.6411 0.0000
-253.4329 0.0000
-250.6663 0.0000
-251.2937 0.0000
-252.4342 0.0000
-253.0543 0.0000
-251.4730 0.0000
-252.4366 0.0000
-252.8574 0.0000
-252.1951 0.0000
-252.3724 0.0000
-252.7938 0.0000
-250.3544 0.0000
-253.8646 0.0000
-252.6331 0.0000
-253.4203 0.0000
-252.1432 0.0000
-252.9477 0.0000
-253.4980 0.0000
-252.3003 0.0000
-251.8193 0.0000
-251.4838 0.0000
-252.6458 0.0000
-251.8433 0.0000
-251.8094 0.0000
-251.9283 0.0000
-251.8195 0.0000
-252.2761 0.0000
-251.7445 0.0000
-252.8580 0.0000
-251.6006 0.0000
-251.9187 0.0000
-252.8507 0.0000
-252.4566 0.0000
-251.0186 0.0000
-252.8688 0.0000
-252.0383 0.0000
-252.9181 0.0000
-251.0082 0.0000
-252.6753 0.0000
-253.2292 0.0000
-253.1184 0.0000
-251.0262 0.0000
-251.8381 0.0000
-253.8556 0.0000
-251.2923 0.0000
-251.9128 0.0000
-252.1739 0.0000
-252.4879 0.0000
-252.7668 0.0000
-251.8481 0.0000
-252.5322 0.0000
-252.5318 0.0000
-252.5569 0.0000
-251.4459 0.0000
-252.7544 0.0000
-251.9337 0.0000
-253.9011 0.0000
-253.6729 0.0000
-253.2157 0.0000
-251.9901 0.0000
-252.3572 0.0000
-252.2852 0.0000
-252.2914 0.0000
-252.7898 0.0000
-252.7389 0.0000
-252.5693 0.0000
-249.8772 0.0000
-252.1627 0.0000
-254.0066 0.0000
-252.0367 0.0000
-252.1340 0.0000
-252.3299 0.0000
-251.4802 0.0000
-251.2127 0.0000
-252.2668 0.0000
-251.4461 0.0000
-251.8429 0.0000
-251.4500 0.0000
-251.5095 0.0000
-251.7171 0.0000
-252.1105 0.0000
-252.2159 0.0000
-252.2787 0.0000
-253.7175 0.0000
-251.7997 0.0000
-252.4454 0.0000
-252.2995 0.0000
-252.5543 0.0000
-251.7427 0.0000
-250.5157 0.0000
-251.8145 0.0000
-251.6179 0.0000
-250.0766 0.0000
-252.7172 0.0000
-252.5976 0.0000
-251.7186 0.0000
-252.1656 0.0000
-253.0128 0.0000
-251.2529 0.0000
-252.1770 0.0000
-252.8422 0.0000
-252.3962 0.0000
-252.1973 0.0000
-252.0286 0.0000
-252.2888 0.0000
-252.4607 0.0000
-252.9564 0.0000
-252.5833 0.0000
-252.1201 0.0000
-253.7679 0.0000
-252.8079 0.0000
-250.8463 0.0000
-252.4000 0.0000
-251.8549 0.0000
-253.7763 0.0000
-252.1549 0.0000
-251.8427 0.0000
-251.4996 0.0000
-253.3128 0.0000
-252.2115 0.0000
-252.1506 0.0000
-252.2566 0.0000
-252.0149 0.0000
-251.4895 0.0000
-252.6776 0.0000
-252.8960 0.0000
-252.4685 0.0000
-251.7909 0.0000
-251.3127 0.0000
-251.4487 0.0000
-251.8527 0.0000
-252.7332 0.0000
-252.9487 0.0000
-253.7631 0.0000
-253.8494 0.0000
-253.5486 0.0000
-251.1658 0.0000
-250.8409 0.0000
-250.8827 0.0000
-252.5432 0.0000
-250.6342 0.0000
-251.6292 0.0000
-252.6894 0.0000
-253.0963 0.0000
-252.1751 0.0000
-251.9900 0.0000
-251.8876 0.0000
-251.9527 0.0000
-253.1030 0.0000
-253.6222 0.0000
-253.6274 0.0000
-250.9035 0.0000
-253.1868 0.0000
-252.6989 0.0000
-252.9538 0.0000
-250.8753 0.0000
-251.8110 0.0000
-252.9172 0.0000
-253.4276 0.0000
-251.4806 0.0000
-252.1761 0.0000
-253.9202 0.0000
-251.3457 0.0000
-251.4977 0.0000
-252.3992 0.0000
-252.9884 0.0000
-251.6403 0.0000
-251.2466 0.0000
-251.9713 0.0000
-252.3995 0.0000
-252.6825 0.0000
-252.2514 0.0000
-251.7367 0.0000
-252.3266 0.0000
-251.8545 0.0000
-252.6815 0.0000
-251.5080 0.0000
-251.7244 0.0000
-253.7316 0.0000
-252.8132 0.0000
-253.9135 0.0000
-251.1455 0.0000
-252.1461 0.0000
-251.9884 0.0000
-251.6768 0.0000
-252.9941 0.0000
-251.1396 0.0000
-251.8211 0.0000
-251.0527 0.0000
-254.0555 0.0000
-252.1781 0.0000
-251.8765 0.0000
-252.4837 0.0000
-253.2044 0.0000
-252.3228 0.0000
-252.3777 0.0000
-252.1775 0.0000
-252.2037 0.0000
-252.1371 0.0000
-251.2474 0.0000
-253.1532 0.0000
-252.5522 0.0000
-252.6582 0.0000
-252.8856 0.0000
-253.1765 0.0000
-253.4290 0.0000
-252.5258 0.0000
-252.6943 0.0000
-251.3751 0.0000
-251.6223 0.0000
-252.4331 0.0000
-253.4182 0.0000
-252.0935 0.0000
-252.2805 0.0000
-252.1449 0.0000
-252.1488 0.0000
-251.5436 0.0000
-251.9125 0.0000
-252.0179 0.0000
-252.4728 0.0000
-253.4631 0.0000
-252.6752 0.0000
-253.3492 0.0000
-251.2947 0.0000
-251.5233 0.0000
-252.1008 0.0000
-252.3007 0.0000
-252.3324 0.0000
-252.4945 0.0000
-251.8592 0.0000
-253.3659 0.0000
-251.9570 0.0000
-251.6854 0.0000
-252.9044 0.0000
-252.5656 0.0000
-251.6115 0.0000
-250.9734 0.0000
-253.4564 0.0000
-251.2943 0.0000
-252.5446 0.0000
-253.7310 0.0000
-252.2887 0.0000
-251.8554 0.0000
-251.8778 0.0000
-252.0182 0.0000
-252.7902 0.0000
-251.5600 0.0000
-252.5422 0.0000
-252.0598 0.0000
-252.3975 0.0000
-252.5892 0.0000
-252.1000 0.0000
-251.6357 0.0000
-253.6063 0.0000
-253.1101 0.0000
-252.7006 0.0000
-251.3470 0.0000
-252.4191 0.0000
-251.0012 0.0000
-252.9452 0.0000
-250.7339 0.0000
-251.4591 0.0000
-252.1403 0.0000
-251.3588 0.0000
-253.3422 0.0000
-251.5979 0.0000
-252.7776 0.0000
-252.1788 0.0000
-251.6283 0.0000
-252.9957 0.0000
-253.1747 0.0000
-252.5043 0.0000
-252.5742 0.0000
-251.3139 0.0000
-251.0468 0.0000
-253.2400 0.0000
-251.5391 0.0000
-252.6331 0.0000
-253.0114 0.0000
-251.0610 0.0000
-251.6555 0.0000
-252.1748 0.0000
-251.8050 0.0000
-252.4393 0.0000
-252.9115 0.0000
-253.1509 0.0000
-253.5201 0.0000
-250.5989 0.0000
-252.7682 0.0000
-251.7916 0.0000
-251.7285 0.0000
-252.5433 0.0000
-253.3503 0.0000
-251.2925 0.0000
-251.6548 0.0000
-252.5802 0.0000
-252.3945 0.0000
-252.2509 0.0000
-252.1556 0.0000
-251.2593 0.0000
-251.0751 0.0000
-252.8055 0.0000
-251.4067 0.0000
-252.7474 0.0000
-252.6923 0.0000
-251.5035 0.0000
-251.4250 0.0000
-252.7688 0.0000
-251.4763 0.0000
-252.8055 0.0000
-252.0188 0.0000
-253.0562 0.0000
-252.6842 0.0000
-252.1000 0.0000
-252.9073 0.0000
-251.1191 0.0000
-252.9500 0.0000
-251.8088 0.0000
-251.5488 0.0000
-250.8130 0.0000
-252.5375 0.0000
-250.8823 0.0000
-251.2848 0.0000
-252.8793 0.0000
-251.9263 0.0000
-252.5067 0.0000
-251.7162 0.0000
-253.4517 0.0000
-252.6279 0.0000
-252.7815 0.0000
-251.8067 0.0000
-252.1738 0.0000
-252.6023 0.0000
-250.3104 0.0000
-251.0575 0.0000
-252.3085 0.0000
-251.9260 0.0000
-252.7769 0.0000
-252.5703 0.0000
-252.7142 0.0000
-252.0101 0.0000
-252.7294 0.0000
-251.3468 0.0000
-252.5002 0.0000
-252.6154 0.0000
-252.9314 0.0000
-253.0300 0.0000
-253.5337 0.0000
-251.4665 0.0000
-253.8034 0.0000
-253.4734 0.0000
-251.2864 0.0000
-252.1180 0.0000
-250.7689 0.0000
-254.4915 0.0000
-252.7481 0.0000
-252.1096 0.0000
-251.7933 0.0000
-251.1808 0.0000
-253.3364 0.0000
-253.2344 0.0000
-252.8225 0.0000
-252.2060 0.0000
-252.0353 0.0000
-254.2053 0.0000
-252.0923 0.0000
-251.2232 0.0000
-252.1411 0.0000
-251.7974 0.0000
-252.7681 0.0000
-252.3337 0.0000
-252.2770 0.0000
-252.1088 0.0000
-254.4290 0.0000
-253.3893 0.0000
-254.0811 0.0000
-250.6204 0.0000
-273.9985 0.0000
-275.6032 0.0000
-274.5984 0.0000
-273.7563 0.0000
-276.8503 0.0000
-274.0240 0.0000
-275.7459 0.0000
-273.1240 0.0000
-275.8950 0.0000
-273.9224 0.0000
-275.8552 0.0000
-275.1648 0.0000
-274.6698 0.0000
-277.9305 0.0000
-276.1693 0.0000
-274.2762 0.0000
-274.1620 0.0000
-276.5081 0.0000
-274.5237 0.0000
-275.7433 0.0000
-276.6182 0.0000
-273.3007 0.0000
-274.6148 0.0000
-274.1341 0.0000
-273.8708 0.0000
-273.0890 0.0000
-276.7270 0.0000
-274.8040 0.0000
-273.8457 0.0000
-275.8086 0.0000
-274.6855 0.0000
-273.5020 0.0000
-275.4674 0.0000
-276.6550 0.0000
-276.2320 0.0000
-273.0753 0.0000
-276.4508 0.0000
-275.3971 0.0000
-273.7384 0.0000
-274.0342 0.0000
-274.3121 0.0000
-274.2755 0.0000
-274.8157 0.0000
-274.3058 0.0000
-277.0211 0.0000
-274.4422 0.0000
-273.0066 0.0000
-274.7777 0.0000
-275.0686 0.0000
-274.1106 0.0000
-272.5231 0.0000
-274.1535 0.0000
-274.3919 0.0000
-274.6075 0.0000
-275.0178 0.0000
-273.6495 0.0000
-276.5393 0.0000
-275.5200 0.0000
-274.1499 0.0000
-275.3535 0.0000
-273.2938 0.0000
-275.0491 0.0000
-277.3277 0.0000
-274.8534 0.0000
-273.8428 0.0000
-277.8070 0.0000
-275.9678 0.0000
-274.3370 0.0000
-273.0257 0.0000
-275.1643 0.0000
-275.6299 0.0000
-275.7878 0.0000
-275.1744 0.0000
-273.6442 0.0000
-276.1025 0.0000
-275.1955 0.0000
-273.6937 0.0000
-276.1302 0.0000
-275.0092 0.0000
-276.2333 0.0000
-275.3632 0.0000
-276.4760 0.0000
-275.2789 0.0000
-273.2861 0.0000
-274.5645 0.0000
-274.6846 0.0000
-273.2439 0.0000
-275.7930 0.0000
-274.2052 0.0000
-274.6369 0.0000
-274.0567 0.0000
-274.5639 0.0000
-271.8733 0.0000
-273.2788 0.0000
-274.8812 0.0000
-274.8366 0.0000
-276.0422 0.0000
-274.0705 0.0000
-275.8431 0.0000
-273.7352 0.0000
-274.5118 0.0000
-274.5251 0.0000
-275.3326 0.0000
-276.4568 0.0000
-275.0694 0.0000
-274.2772 0.0000
-272.6610 0.0000
-274.1946 0.0000
-275.0316 0.0000
-275.0475 0.0000
-274.3815 0.0000
-274.7759 0.0000
-272.9872 0.0000
-274.0786 0.0000
-274.4440 0.0000
-275.3555 0.0000
-274.5620 0.0000
-272.1799 0.0000
-275.1977 0.0000
-275.6312 0.0000
-276.3186 0.0000
-276.1519 0.0000
-274.2488 0.0000
-274.5949 0.0000
-273.2230 0.0000
-273.7420 0.0000
-274.0716 0.0000
-273.7740 0.0000
-274.1294 0.0000
-274.2897 0.0000
-274.8456 0.0000
-276.3142 0.0000
-275.6097 0.0000
-273.5865 0.0000
-275.3263 0.0000
-275.1903 0.0000
-276.0229 0.0000
-273.3764 0.0000
-274.5613 0.0000
-275.7182 0.0000
-275.0906 0.0000
-275.4572 0.0000
-276.6748 0.0000
-275.2919 0.0000
-274.3381 0.0000
-274.3063 0.0000
-274.0539 0.0000
-274.1087 0.0000
-275.0548 0.0000
-274.7253 0.0000
-274.5923 0.0000
-275.3775 0.0000
-275.4637 0.0000
-274.6026 0.0000
-274.1758 0.0000
-273.7133 0.0000
-275.2560 0.0000
-273.8577 0.0000
-273.5755 0.0000
-274.8840 0.0000
-272.8334 0.0000
-274.7763 0.0000
-273.9017 0.0000
-274.9417 0.0000
-274.3344 0.0000
-275.1420 0.0000
-274.3203 0.0000
-275.7361 0.0000
-276.8136 0.0000
-275.7026 0.0000
-275.0649 0.0000
-275.6493 0.0000
-275.8954 0.0000
-274.4856 0.0000
-274.9966 0.0000
-275.7325 0.0000
-274.3343 0.0000
-275.2859 0.0000
-274.1389 0.0000
-274.8267 0.0000
-273.5681 0.0000
-275.7353 0.0000
-273.3552 0.0000
-275.9864 0.0000
-274.2903 0.0000
-274.8573 0.0000
-276.5513 0.0000
-273.9023 0.0000
-273.5193 0.0000
-274.5863 0.0000
-275.0385 0.0000
-274.4801 0.0000
-274.4528 0.0000
-275.1415 0.0000
-274.0963 0.0000
-276.7753 0.0000
-276.1548 0.0000
-275.4112 0.0000
-274.9353 0.0000
-274.0851 0.0000
-252.9600 0.0000
-252.0376 0.0000
-252.4878 0.0000
-252.3581 0.0000
-252.4865 0.0000
-253.3071 0.0000
-252.9544 0.0000
-253.2016 0.0000
-250.8293 0.0000
-251.8169 0.0000
-251.6887 0.0000
-254.1128 0.0000
-251.6908 0.0000
-250.9106 0.0000
-252.3822 0.0000
-252.9011 0.0000
-252.6221 0.0000
-252.1427 0.0000
-250.5811 0.0000
-252.2262 0.0000
-251.5244 0.0000
-251.6437 0.0000
-252.4634 0.0000
-252.1020 0.0000
-252.3757 0.0000
-253.0968 0.0000
-253.5813 0.0000
-252.2916 0.0000
-252.2123 0.0000
-253.4132 0.0000
-253.4228 0.0000
-250.5913 0.0000
-252.6707 0.0000
-251.6905 0.0000
-252.4950 0.0000
-251.0684 0.0000
-252.5532 0.0000
-252.9161 0.0000
-252.1736 0.0000
-251.0164 0.0000
-251.4436 0.0000
-253.0955 0.0000
-252.0735 0.0000
-252.2599 0.0000
-252.0675 0.0000
-253.3177 0.0000
-251.9749 0.0000
-253.4271 0.0000
-252.3635 0.0000
-251.6751 0.0000
-252.0487 0.0000
-252.7676 0.0000
-252.4530 0.0000
-253.0548 0.0000
-253.7075 0.0000
-252.3554 0.0000
-252.3556 0.0000
-252.1495 0.0000
-250.9293 0.0000
-251.5726 0.0000
-251.9961 0.0000
-253.2185 0.0000
-252.4805 0.0000
-254.7139 0.0000
-252.6268 0.0000
-252.5952 0.0000
-252.9330 0.0000
-253.1907 0.0000
-251.0660 0.0000
-251.5950 0.0000
-252.4802 0.0000
-253.1139 0.0000
-253.3212 0.0000
-251.7836 0.0000
-252.8081 0.0000
-252.9196 0.0000
-252.0359 0.0000
-252.1384 0.0000
-252.9788 0.0000
-253.8181 0.0000
-251.3584 0.0000
-251.5332 0.0000
-251.5947 0.0000
-251.0622 0.0000
-253.4058 0.0000
-251.6155 0.0000
-252.3037 0.0000
-252.0719 0.0000
-251.0351 0.0000
-251.7443 0.0000
-252.5163 0.0000
-253.7788 0.0000
-252.0185 0.0000
-252.3529 0.0000
-252.9146 0.0000
-251.7918 0.0000
-250.8560 0.0000
-252.5056 0.0000
-254.0911 0.0000
-252.0933 0.0000
-251.8878 0.0000
-252.3561 0.0000
-253.5981 0.0000
-253.2752 0.0000
-251.0245 0.0000
-252.3257 0.0000
-253.3522 0.0000
-252.3362 0.0000
-252.4081 0.0000
-251.3139 0.0000
-252.3585 0.0000
-252.0293 0.0000
-252.7400 0.0000
-251.3024 0.0000
-252.0760 0.0000
-252.1501 0.0000
-252.8934 0.0000
-253.1821 0.0000
-252.0909 0.0000
-253.8451 0.0000
-254.3624 0.0000
-252.8834 0.0000
-251.8227 0.0000
-251.8303 0.0000
-250.1403 0.0000
-252.4325 0.0000
-251.4387 0.0000
-252.8176 0.0000
-251.8902 0.0000
-251.1486 0.0000
-252.2606 0.0000
-250.8576 0.0000
-253.5663 0.0000
-251.7142 0.0000
-252.8628 0.0000
-252.5946 0.0000
-252.1020 0.0000
-252.9146 0.0000
-252.5019 0.0000
-253.9333 0.0000
-252.2675 0.0000
-252.6337 0.0000
-252.7931 0.0000
-252.1651 0.0000
-252.5492 0.0000
-252.5950 0.0000
-252.2373 0.0000
-251.7458 0.0000
-251.8641 0.0000
-251.3318 0.0000
-252.5978 0.0000
-251.7832 0.0000
-251.4312 0.0000
-251.6926 0.0000
-251.7351 0.0000
-252.4249 0.0000
-252.9074 0.0000
-254.4083 0.0000
-251.4487 0.0000
-251.2514 0.0000
-253.0237 0.0000
-251.4571 0.0000
-252.6104 0.0000
-252.8169 0.0000
-252.8178 0.0000
-250.7940 0.0000
-252.1657 0.0000
-251.9442 0.0000
-252.4189 0.0000
-253.8330 0.0000
-252.0218 0.0000
-252.3319 0.0000
-253.1950 0.0000
-251.6243 0.0000
-252.9846 0.0000
-253.2886 0.0000
-252.0486 0.0000
-253.4652 0.0000
-250.8972 0.0000
-251.7745 0.0000
-253.0840 0.0000
-251.2710 0.0000
-251.1077 0.0000
-251.2432 0.0000
-253.7942 0.0000
-252.7780 0.0000
-252.0533 0.0000
-252.2059 0.0000
-252.3626 0.0000
-251.6347 0.0000
-252.4840 0.0000
-251.9505 0.0000
-252.0096 0.0000
-252.2797 0.0000
-252.1645 0.0000
-252.5281 0.0000
-253.4832 0.0000
-252.2927 0.0000
-251.3654 0.0000
-253.1944 0.0000
-251.7645 0.0000
-250.8836 0.0000
-251.5298 0.0000
-252.4041 0.0000
-253.6831 0.0000
-250.1882 0.0000
-252.5351 0.0000
-251.7497 0.0000
-252.3526 0.0000
-252.7718 0.0000
-251.5644 0.0000
-252.9332 0.0000
-252.1908 0.0000
-251.4239 0.0000
-251.9405 0.0000
-251.3223 0.0000
-251.9468 0.0000
-251.8430 0.0000
-252.8153 0.0000
-252.5928 0.0000
-252.7838 0.0000
-253.0304 0.0000
-251.5373 0.0000
-253.0035 0.0000
-252.5273 0.0000
-250.8364 0.0000
-252.6535 0.0000
-251.0833 0.0000
-252.6883 0.0000
-250.9545 0.0000
-254.4424 0.0000
-250.9616 0.0000
-251.5114 0.0000
-251.8004 0.0000
-252.6125 0.0000
-251.8165 0.0000
-251.3890 0.0000
-252.4449 0.0000
-251.4865 0.0000
-251.1121 0.0000
-252.8284 0.0000
-252.6531 0.0000
-252.5819 0.0000
-251.7748 0.0000
-252.9341 0.0000
-253.1275 0.0000
-252.6983 0.0000
-251.9363 0.0000
-253.8367 0.0000
-252.5253 0.0000
-251.8434 0.0000
-252.2009 0.0000
-252.1869 0.0000
-252.4271 0.0000
-252.4524 0.0000
-251.4078 0.0000
-252.2226 0.0000
-251.7283 0.0000
-252.3624 0.0000
-251.8052 0.0000
-251.6526 0.0000
-251.2200 0.0000
-251.9546 0.0000
-252.5118 0.0000
-252.2867 0.0000
-253.0410 0.0000
-252.2490 0.0000
-252.0826 0.0000
-251.3334 0.0000
-252.6825 0.0000
-252.4625 0.0000
-252.0832 0.0000
-252.4699 0.0000
-251.6677 0.0000
-252.6936 0.0000
-252.0625 0.0000
-252.5675 0.0000
-252.2561 0.0000
-252.3379 0.0000
-252.4651 0.0000
-253.5418 0.0000
-253.8122 0.0000
-252.5449 0.0000
-251.4740 0.0000
-251.0983 0.0000
-253.2733 0.0000
-252.2918 0.0000
-251.9136 0.0000
-252.7334 0.0000
-253.4934 0.0000
-252.1442 0.0000
-252.4045 0.0000
-253.4616 0.0000
-252.0592 0.0000
-252.7807 0.0000
-252.4121 0.0000
-252.3185 0.0000
-251.8902 0.0000
-251.7626 0.0000
-252.4173 0.0000
-251.9245 0.0000
-252.6877 0.0000
-252.2564 0.0000
-253.0691 0.0000
-251.8316 0.0000
-252.1307 0.0000
-253.1735 0.0000
-252.7723 0.0000
-251.9419 0.0000
-252.9801 0.0000
-252.0449 0.0000
-251.5049 0.0000
-251.1554 0.0000
-252.9919 0.0000
-252.2059 0.0000
-253.4042 0.0000
-251.6605 0.0000
-252.5353 0.0000
-251.9282 0.0000
-252.4022 0.0000
-253.5073 0.0000
-250.9218 0.0000
-252.7450 0.0000
-252.1073 0.0000
-251.9629 0.0000
-253.3708 0.0000
-252.5832 0.0000
-253.6315 0.0000
-253.2112 0.0000
-253.0701 0.0000
-253.2166 0.0000
-252.3383 0.0000
-251.6622 0.0000
-251.7973 0.0000
-252.0260 0.0000
-252.4088 0.0000
-252.0410 0.0000
-252.3031 0.0000
-252.2406 0.0000
-251.0152 0.0000
-252.7312 0.0000
-252.1375 0.0000
-253.2044 0.0000
-251.2154 0.0000
-253.1689 0.0000
-251.3891 0.0000
-253.4168 0.0000
-253.6169 0.0000
-251.4801 0.0000
-252.7280 0.0000
-252.6163 0.0000
-251.9933 0.0000
-252.8183 0.0000
-252.6038 0.0000
-251.6085 0.0000
-253.2035 0.0000
-253.0974 0.0000
-252.2525 0.0000
-253.4035 0.0000
-251.9882 0.0000
-252.2419 0.0000
-251.6584 0.0000
-250.5791 0.0000
-253.1347 0.0000
-251.4100 0.0000
-252.4194 0.0000
-251.5287 0.0000
-251.9442 0.0000
-251.9982 0.0000
-252.7220 0.0000
-251.8014 0.0000
-252.7648 0.0000
-252.5603 0.0000
-252.3361 0.0000
-252.6683 0.0000
-252.9281 0.0000
-251.9931 0.0000
-253.7982 0.0000
-250.8328 0.0000
-252.1818 0.0000
-251.7694 0.0000
-250.6283 0.0000
-252.6574 0.0000
-253.1575 0.0000
-251.6748 0.0000
-251.9221 0.0000
-252.6588 0.0000
-254.0214 0.0000
-252.8085 0.0000
-252.2837 0.0000
-251.0178 0.0000
-251.8553 0.0000
-251.8940 0.0000
-253.0839 0.0000
-252.5251 0.0000
-251.8482 0.0000
-252.3869 0.0000
-252.3488 0.0000
-252.0782 0.0000
-251.9432 0.0000
-251.6386 0.0000
-252.5455 0.0000
-251.7340 0.0000
-253.8275 0.0000
-251.7405 0.0000
-252.8241 0.0000
-252.4259 0.0000
-252.7237 0.0000
-252.4305 0.0000
-252.6329 0.0000
-252.6395 0.0000
-251.8993 0.0000
-252.4307 0.0000
-251.4194 0.0000
-251.8232 0.0000
-251.2006 0.0000
-252.2766 0.0000
-251.4128 0.0000
-251.8568 0.0000
-252.5436 0.0000
-253.0180 0.0000
-252.2496 0.0000
-252.0721 0.0000
-250.0344 0.0000
-252.7366 0.0000
-251.7874 0.0000
-250.6757 0.0000
-252.5806 0.0000
-253.0081 0.0000
-251.0081 0.0000
-252.0041 0.0000
-253.8201 0.0000
-252.1679 0.0000
-252.2999 0.0000
-251.5536 0.0000
-252.7381 0.0000
-251.8464 0.0000
-253.5763 0.0000
-251.3488 0.0000
-252.7455 0.0000
-253.6386 0.0000
-253.3571 0.0000
-252.7697 0.0000
-251.5052 0.0000
-251.4906 0.0000
-252.5769 0.0000
-251.6326 0.0000
-251.6524 0.0000
-251.5413 0.0000
-250.8474 0.0000
-251.2993 0.0000
-251.6263 0.0000
-252.5320 0.0000
-252.7251 0.0000
-253.8035 0.0000
-251.9767 0.0000
-252.7599 0.0000
-252.1345 0.0000
-252.4433 0.0000
-252.5281 0.0000
-252.6723 0.0000
-252.3215 0.0000
-250.4760 0.0000
-250.5999 0.0000
-253.0839 0.0000
-252.9568 0.0000
-252.1949 0.0000
-252.9311 0.0000
-253.3757 0.0000
-251.6250 0.0000
-252.4644 0.0000
-253.0294 0.0000
-252.6365 0.0000
-251.4478 0.0000
-252.0004 0.0000
-252.5678 0.0000
-253.4522 0.0000
-253.4414 0.0000
-253.2523 0.0000
-253.7354 0.0000
-251.3213 0.0000
-252.8507 0.0000
-252.6411 0.0000
-252.4921 0.0000
-252.9238 0.0000
-251.3319 0.0000
-252.4345 0.0000
-253.3790 0.0000
-251.2610 0.0000
-252.5459 0.0000
-252.5239 0.0000
-252.9425 0.0000
-252.8248 0.0000
-253.9736 0.0000
-252.2900 0.0000
-252.8284 0.0000
-252.5692 0.0000
-252.8087 0.0000
-253.3848 0.0000
-251.3030 0.0000
-252.1375 0.0000
-252.0600 0.0000
-251.1102 0.0000
-251.0159 0.0000
-253.4581 0.0000
-250.8531 0.0000
-252.6151 0.0000
-253.4838 0.0000
-252.6630 0.0000
-250.7660 0.0000
-254.1374 0.0000
-253.2284 0.0000
-251.4724 0.0000
-252.1096 0.0000
-251.8443 0.0000
-251.7282 0.0000
-253.1534 0.0000
-252.0210 0.0000
-251.3293 0.0000
-252.8502 0.0000
-252.0633 0.0000
-252.3699 0.0000
-250.8504 0.0000
-252.9182 0.0000
-253.7915 0.0000
-251.4872 0.0000
-252.0537 0.0000
-252.9824 0.0000
-250.9122 0.0000
-252.5395 0.0000
-252.4109 0.0000
-252.1765 0.0000
-252.3054 0.0000
-253.2695 0.0000
-251.9913 0.0000
-252.2626 0.0000
-252.6486 0.0000
-252.1449 0.0000
-253.1608 0.0000
-252.6253 0.0000
-251.9759 0.0000
-253.8274 0.0000
-252.0138 0.0000
-251.9327 0.0000
-251.5205 0.0000
-252.6045 0.0000
-251.3393 0.0000
-251.8778 0.0000
-252.1593 0.0000
-252.5079 0.0000
-251.6134 0.0000
-252.7896 0.0000
-252.7149 0.0000
-252.1957 0.0000
-253.8074 0.0000
-252.0460 0.0000
-250.6817 0.0000
-252.1540 0.0000
-251.9759 0.0000
-251.0860 0.0000
-253.4032 0.0000
-251.2925 0.0000
-250.9114 0.0000
-253.4402 0.0000
-251.2749 0.0000
-252.0770 0.0000
-251.6184 0.0000
-252.2241 0.0000
-252.1784 0.0000
-252.6796 0.0000
-252.7088 0.0000
-253.8181 0.0000
-252.4319 0.0000
-252.3297 0.0000
-253.1938 0.0000
-252.3955 0.0000
-251.6160 0.0000
-251.4150 0.0000
-252.5128 0.0000
-253.3569 0.0000
-251.3441 0.0000
-252.3451 0.0000
-252.7759 0.0000
-251.9991 0.0000
-253.2499 0.0000
-252.8658 0.0000
-252.5506 0.0000
-252.3003 0.0000
-252.4130 0.0000
-253.8890 0.0000
-253.3101 0.0000
-251.3398 0.0000
-253.0562 0.0000
-252.9989 0.0000
-250.5819 0.0000
-253.1822 0.0000
-252.1261 0.0000
-252.6182 0.0000
-251.0491 0.0000
-253.2619 0.0000
-276.0665 0.0000
-274.9147 0.0000
-272.6865 0.0000
-274.9535 0.0000
-272.4568 0.0000
-274.6887 0.0000
-275.7209 0.0000
-274.1782 0.0000
-273.7960 0.0000
-276.0773 0.0000
-274.7235 0.0000
-275.2579 0.0000
-275.1401 0.0000
-276.9066 0.0000
-274.8629 0.0000
-274.4927 0.0000
-275.6404 0.0000
-272.8277 0.0000
-273.2409 0.0000
-275.5266 0.0000
-273.5419 0.0000
-275.1155 0.0000
-273.8087 0.0000
-273.6751 0.0000
-274.0547 0.0000
-274.0222 0.0000
-274.2131 0.0000
-273.9654 0.0000
-275.1977 0.0000
-274.0957 0.0000
-274.9618 0.0000
-274.8054 0.0000
-272.8978 0.0000
-276.0087 0.0000
-273.4676 0.0000
-276.7202 0.0000
-272.2286 0.0000
-274.2085 0.0000
-275.6813 0.0000
-276.1240 0.0000
-275.5509 0.0000
-273.8328 0.0000
-275.4508 0.0000
-275.5277 0.0000
-274.5437 0.0000
-275.9807 0.0000
-275.3469 0.0000
-273.7951 0.0000
-276.4274 0.0000
-274.1111 0.0000
-276.5968 0.0000
-274.9656 0.0000
-274.0753 0.0000
-275.0552 0.0000
-272.6878 0.0000
-274.0372 0.0000
-274.3054 0.0000
-272.9046 0.0000
-274.0046 0.0000
-273.3870 0.0000
-274.1855 0.0000
-277.0316 0.0000
-274.9918 0.0000
-275.5966 0.0000
-274.5054 0.0000
-275.9708 0.0000
-274.4312 0.0000
-275.6995 0.0000
-275.1124 0.0000
-276.1215 0.0000
-273.9052 0.0000
-273.0935 0.0000
-274.2246 0.0000
-274.5962 0.0000
-274.7926 0.0000
-272.7136 0.0000
-274.8941 0.0000
-274.2519 0.0000
-274.9916 0.0000
-276.0368 0.0000
-273.6593 0.0000
-275.2864 0.0000
-275.1304 0.0000
-275.5289 0.0000
-276.2041 0.0000
-273.6737 0.0000
-275.1972 0.0000
-273.0862 0.0000
-274.2946 0.0000
-274.0802 0.0000
-273.8608 0.0000
-273.9097 0.0000
-273.0984 0.0000
-275.0932 0.0000
-275.0902 0.0000
-276.8637 0.0000
-275.6761 0.0000
-273.6660 0.0000
-274.3850 0.0000
-274.5773 0.0000
-271.4354 0.0000
-274.9558 0.0000
-275.2063 0.0000
-274.7312 0.0000
-275.0091 0.0000
-275.8646 0.0000
-275.5536 0.0000
-274.5902 0.0000
-272.6766 0.0000
-274.3442 0.0000
-272.4310 0.0000
-273.7464 0.0000
-275.4769 0.0000
-275.8762 0.0000
-273.6148 0.0000
-274.7413 0.0000
-274.6997 0.0000
-277.0024 0.0000
-273.4266 0.0000
-273.3046 0.0000
-275.6661 0.0000
-275.2655 0.0000
-273.7850 0.0000
-274.8411 0.0000
-275.0291 0.0000
-274.9284 0.0000
-275.8494 0.0000
-273.8911 0.0000
-277.3800 0.0000
-274.2604 0.0000
-275.7307 0.0000
-274.2003 0.0000
-273.2428 0.0000
-273.7695 0.0000
-274.9002 0.0000
-275.5417 0.0000
-276.5315 0.0000
-274.0869 0.0000
-272.7667 0.0000
-274.4247 0.0000
-275.1527 0.0000
-275.4782 0.0000
-273.8727 0.0000
-272.6626 0.0000
-274.6169 0.0000
-274.2016 0.0000
-275.0206 0.0000
-273.4298 0.0000
-274.0421 0.0000
-275.3180 0.0000
-274.4210 0.0000
-273.5589 0.0000
-273.9554 0.0000
-273.2059 0.0000
-274.0353 0.0000
-274.2091 0.0000
-276.1425 0.0000
-275.6497 0.0000
-274.3293 0.0000
-274.8192 0.0000
-275.3054 0.0000
-272.9013 0.0000
-274.6840 0.0000
-276.2973 0.0000
-275.4410 0.0000
-276.9879 0.0000
-277.0749 0.0000
-275.1012 0.0000
-273.6466 0.0000
-272.3689 0.0000
-273.9363 0.0000
-274.9535 0.0000
-273.8753 0.0000
-274.6231 0.0000
-273.3867 0.0000
-274.5942 0.0000
-274.5464 0.0000
-274.4763 0.0000
-273.4053 0.0000
-274.5763 0.0000
-274.1890 0.0000
-276.2049 0.0000
-275.3826 0.0000
-274.1042 0.0000
-274.2541 0.0000
-274.4604 0.0000
-274.6956 0.0000
-275.0124 0.0000
-274.9540 0.0000
-275.3136 0.0000
-275.5219 0.0000
-276.2298 0.0000
-273.0728 0.0000
-274.1890 0.0000
-275.1638 0.0000
-274.1503 0.0000
-275.4066 0.0000
-274.8725 0.0000
-274.5876 0.0000
-274.3131 0.0000
-274.3762 0.0000
-274.4013 0.0000
-272.9542 0.0000
-275.0262 0.0000
-276.5055 0.0000
-275.1799 0.0000
-276.7083 0.0000
-274.0169 0.0000
-275.0178 0.0000
-273.4993 0.0000
-273.4095 0.0000
-274.0955 0.0000
-276.2304 0.0000
-273.1911 0.0000
-274.0782 0.0000
-273.3408 0.0000
-273.4045 0.0000
-274.1731 0.0000
-275.1145 0.0000
-274.3544 0.0000
-275.5237 0.0000
-276.2686 0.0000
-273.6483 0.0000
-274.6816 0.0000
-272.3512 0.0000
-274.5756 0.0000
-273.8852 0.0000
-273.8975 0.0000
-273.6253 0.0000
-273.0097 0.0000
-275.9858 0.0000
-273.7077 0.0000
-273.6514 0.0000
-275.4874 0.0000
-276.4832 0.0000
-275.1900 0.0000
-273.8599 0.0000
-273.5678 0.0000
-275.8197 0.0000
-273.9479 0.0000
-274.7758 0.0000
-276.5010 0.0000
-275.9689 0.0000
-274.7262 0.0000
-275.9697 0.0000
-273.7728 0.0000
-274.4351 0.0000
-274.6822 0.0000
-273.3211 0.0000
-273.8315 0.0000
-274.7881 0.0000
-276.9345 0.0000
-275.4606 0.0000
-274.0743 0.0000
-273.0419 0.0000
-276.1488 0.0000
-275.0570 0.0000
-273.6486 0.0000
-273.4258 0.0000
-275.7356 0.0000
-273.4676 0.0000
-276.7349 0.0000
-274.8052 0.0000
-274.3307 0.0000
-273.2770 0.0000
-273.3595 0.0000
-275.6864 0.0000
-275.8735 0.0000
-274.7345 0.0000
-275.4306 0.0000
-274.9364 0.0000
-273.0712 0.0000
-275.1885 0.0000
-275.3759 0.0000
-275.5116 0.0000
-275.8302 0.0000
-274.7013 0.0000
-276.4377 0.0000
-275.6402 0.0000
-276.3941 0.0000
-273.5174 0.0000
-275.1561 0.0000
-274.3363 0.0000
-271.9975 0.0000
-275.7055 0.0000
-273.9916 0.0000
-274.8260 0.0000
-276.0343 0.0000
-274.8234 0.0000
-275.6867 0.0000
-272.5355 0.0000
-274.7544 0.0000
-277.7205 0.0000
-274.5939 0.0000
-274.9342 0.0000
-274.2061 0.0000
-275.2425 0.0000
-274.6773 0.0000
-275.0741 0.0000
-275.8726 0.0000
-274.2580 0.0000
-275.4924 0.0000
-274.3045 0.0000
-276.5362 0.0000
-275.2462 0.0000
-275.5065 0.0000
-273.0800 0.0000
-273.6586 0.0000
-273.8020 0.0000
-274.7986 0.0000
-274.9337 0.0000
-273.5474 0.0000
-273.6248 0.0000
-273.3910 0.0000
-274.2137 0.0000
-275.7735 0.0000
-274.1129 0.0000
-273.9120 0.0000
-274.0195 0.0000
-274.5117 0.0000
-275.4686 0.0000
-273.3362 0.0000
-274.7968 0.0000
-274.3593 0.0000
-275.0043 0.0000
-276.6609 0.0000
-274.4473 0.0000
-274.9053 0.0000
-277.0723 0.0000
-274.4181 0.0000
-275.9456 0.0000
-273.8907 0.0000
-275.3647 0.0000
-274.8904 0.0000
-274.4692 0.0000
-275.4103 0.0000
-272.6137 0.0000
-276.0421 0.0000
-274.3747 0.0000
-275.6258 0.0000
-273.8918 0.0000
-275.1946 0.0000
-275.9961 0.0000
-273.2933 0.0000
-274.8958 0.0000
-275.7081 0.0000
-274.7482 0.0000
-274.3965 0.0000
-274.6297 0.0000
-276.4012 0.0000
-274.0317 0.0000
-273.3498 0.0000
-274.2366 0.0000
-276.0441 0.0000
-273.3817 0.0000
-275.3173 0.0000
-272.8538 0.0000
-274.1171 0.0000
-273.7249 0.0000
-276.2867 0.0000
-275.8113 0.0000
-276.2110 0.0000
-273.3562 0.0000
-272.6766 0.0000
-274.1963 0.0000
-275.4014 0.0000
-275.4335 0.0000
-274.4493 0.0000
-274.3791 0.0000
-274.3648 0.0000
-272.6917 0.0000
-274.0418 0.0000
-273.8839 0.0000
-274.9985 0.0000
-275.3506 0.0000
-276.3959 0.0000
-274.2808 0.0000
-275.8250 0.0000
-273.6911 0.0000
-273.5081 0.0000
-275.7223 0.0000
-274.5709 0.0000
-274.3740 0.0000
-275.3755 0.0000
-276.2597 0.0000
-274.7319 0.0000
-276.6771 0.0000
-275.6770 0.0000
-276.0523 0.0000
-275.2548 0.0000
-274.4021 0.0000
-272.6591 0.0000
-273.0171 0.0000
-274.5556 0.0000
-274.8284 0.0000
-274.1871 0.0000
-275.3828 0.0000
-273.1732 0.0000
-273.7591 0.0000
-277.0500 0.0000
-271.7459 0.0000
-272.8340 0.0000
-275.4307 0.0000
-274.4677 0.0000
-273.9497 0.0000
-275.8508 0.0000
-274.9891 0.0000
-275.6561 0.0000
-275.3455 0.0000
-274.4600 0.0000
-275.1633 0.0000
-273.5758 0.0000
-274.9494 0.0000
-273.6538 0.0000
-273.1587 0.0000
-273.8542 0.0000
-276.4457 0.0000
-274.3557 0.0000
-274.5761 0.0000
-276.0350 0.0000
-274.9446 0.0000
-275.3971 0.0000
-274.8221 0.0000
-273.2969 0.0000
-273.7279 0.0000
-276.0974 0.0000
-274.3468 0.0000
-274.2958 0.0000
-273.7854 0.0000
-273.4564 0.0000
-272.7444 0.0000
-272.6237 0.0000
-273.9342 0.0000
-273.9106 0.0000
-275.5233 0.0000
-273.1483 0.0000
-276.1790 0.0000
-273.8516 0.0000
-275.7006 0.0000
-273.2316 0.0000
-273.5188 0.0000
-275.8793 0.0000
-275.9079 0.0000
-275.0691 0.0000
-272.7088 0.0000
-273.2054 0.0000
-275.7479 0.0000
-275.0875 0.0000
-274.4637 0.0000
-274.2707 0.0000
-275.8190 0.0000
-273.8199 0.0000
-275.3439 0.0000
-274.3940 0.0000
-275.1300 0.0000
-274.8003 0.0000
-273.5516 0.0000
-275.0331 0.0000
-275.7531 0.0000
-274.5303 0.0000
-274.5100 0.0000
-276.9748 0.0000
-277.6046 0.0000
-275.4728 0.0000
-273.1193 0.0000
-275.2349 0.0000
-274.2979 0.0000
-274.3499 0.0000
-273.5227 0.0000
-275.7802 0.0000
-273.7188 0.0000
-272.9565 0.0000
-274.2536 0.0000
-274.3771 0.0000
-272.9316 0.0000
-276.2083 0.0000
-275.7596 0.0000
-276.7783 0.0000
-274.1504 0.0000
-274.0471 0.0000
-273.6248 0.0000
-274.2823 0.0000
-274.5509 0.0000
-274.0243 0.0000
-273.4996 0.0000
-275.0625 0.0000
-274.7007 0.0000
-275.2576 0.0000
-275.4261 0.0000
-276.3879 0.0000
-276.6198 0.0000
-275.6921 0.0000
-274.6556 0.0000
-274.3163 0.0000
-273.8678 0.0000
-272.4894 0.0000
-275.5885 0.0000
-273.5284 0.0000
-275.2654 0.0000
-275.3722 0.0000
-277.6857 0.0000
-275.1303 0.0000
-273.7546 0.0000
-274.7142 0.0000
-273.1209 0.0000
-273.0360 0.0000
-272.9479 0.0000
-273.6756 0.0000
-274.8396 0.0000
-273.0971 0.0000
-274.6079 0.0000
-273.8968 0.0000
-273.6511 0.0000
-276.2854 0.0000
-272.9621 0.0000
-273.1237 0.0000
-272.6101 0.0000
-275.9095 0.0000
-274.9742 0.0000
-273.0006 0.0000
-275.0724 0.0000
-275.0072 0.0000
-275.1089 0.0000
-275.2314 0.0000
-273.6462 0.0000
-273.6580 0.0000
-276.8240 0.0000
-273.3473 0.0000
-275.1880 0.0000
-274.8175 0.0000
-273.8540 0.0000
-274.4935 0.0000
-274.3428 0.0000
-277.5898 0.0000
-275.0294 0.0000
-274.9514 0.0000
-274.0830 0.0000
-275.0807 0.0000
-275.5801 0.0000
-275.0558 0.0000
-275.0034 0.0000
-274.0421 0.0000
-271.5990 0.0000
-275.9752 0.0000
-273.1228 0.0000
-272.5127 0.0000
-276.2124 0.0000
-273.5145 0.0000
-274.6827 0.0000
-274.6831 0.0000
-274.3140 0.0000
-274.3464 0.0000
-275.0472 0.0000
-276.2844 0.0000
-274.9436 0.0000
-273.7574 0.0000
-274.2527 0.0000
-278.1149 0.0000
-274.8165 0.0000
-274.1716 0.0000
-273.7353 0.0000
-275.3675 0.0000
-273.3113 0.0000
-273.9486 0.0000
-274.7865 0.0000
-275.8398 0.0000
-275.0088 0.0000
-276.5925 0.0000
-272.3087 0.0000
-274.1435 0.0000
-274.6029 0.0000
-272.9464 0.0000
-273.7709 0.0000
-275.6633 0.0000
-275.3309 0.0000
-275.6321 0.0000
-274.1840 0.0000
-275.1457 0.0000
-271.6348 0.0000
-275.2137 0.0000
-274.2558 0.0000
-273.8643 0.0000
-272.4643 0.0000
-274.6387 0.0000
-275.8094 0.0000
-274.4470 0.0000
-272.9339 0.0000
-275.2215 0.0000
-274.3521 0.0000
-276.1118 0.0000
-274.0374 0.0000
-274.7940 0.0000
-273.3196 0.0000
-274.2942 0.0000
-276.6002 0.0000
-275.4797 0.0000
-275.9310 0.0000
-275.5048 0.0000
-274.6168 0.0000
-276.2381 0.0000
-275.3833 0.0000
-276.2239 0.0000
-272.0876 0.0000
-273.6890 0.0000
-275.2699 0.0000
-276.7980 0.0000
-273.8168 0.0000
-273.6501 0.0000
-273.7690 0.0000
-275.0789 0.0000
-271.3200 0.0000
-274.8454 0.0000
-274.7868 0.0000
-274.1318 0.0000
-274.9231 0.0000
-273.9513 0.0000
-275.3793 0.0000
-274.8048 0.0000
-275.0586 0.0000
-275.1936 0.0000
-273.5922 0.0000
-276.5176 0.0000
-275.8128 0.0000
-275.5121 0.0000
-273.5957 0.0000
-273.8393 0.0000
-274.9648 0.0000
-276.0841 0.0000
-275.2221 0.0000
-274.6058 0.0000
-273.8465 0.0000
-274.8027 0.0000
-276.0103 0.0000
-274.5429 0.0000
-275.4473 0.0000
-273.8388 0.0000
-272.9831 0.0000
-273.0630 0.0000
-274.3060 0.0000
-273.4553 0.0000
-273.2437 0.0000
-274.2899 0.0000
-276.3263 0.0000
-275.3738 0.0000
-274.7050 0.0000
-273.8855 0.0000
-273.5310 0.0000
-275.0648 0.0000
-272.9087 0.0000
-273.0203 0.0000
-273.4148 0.0000
-275.2347 0.0000
-274.3764 0.0000
-275.1408 0.0000
-277.3280 0.0000
-275.9960 0.0000
-272.7969 0.0000
-275.0798 0.0000
-274.3170 0.0000
-273.5397 0.0000
-273.9511 0.0000
-277.6469 0.0000
-276.4089 0.0000
-274.9264 0.0000
-273.7321 0.0000
-274.7003 0.0000
-274.6639 0.0000
-272.9045 0.0000
-276.0830 0.0000
-274.2286 0.0000
-276.2591 0.0000
-276.9386 0.0000
-275.7059 0.0000
-274.7963 0.0000
-274.4436 0.0000
-273.8536 0.0000
-274.7864 0.0000
-276.3576 0.0000
-275.1793 0.0000
-274.2919 0.0000
-274.5259 0.0000
-272.3766 0.0000
-273.4299 0.0000
-272.7667 0.0000
-274.7853 0.0000
-275.8229 0.0000
-275.0281 0.0000
-275.0080 0.0000
-273.8555 0.0000
-274.9898 0.0000
-274.9699 0.0000
-274.4836 0.0000
-274.8796 0.0000
-275.5379 0.0000
-276.0538 0.0000
-274.1183 0.0000
-274.5427 0.0000
-274.2946 0.0000
-273.6587 0.0000
-273.7732 0.0000
-276.2502 0.0000
-272.7719 0.0000
-274.9377 0.0000
-276.6672 0.0000
-274.7474 0.0000
-277.4205 0.0000
-274.0900 0.0000
-275.3645 0.0000
-275.0950 0.0000
-273.8000 0.0000
-273.2941 0.0000
-274.8781 0.0000
-274.2392 0.0000
-274.1145 0.0000
-275.4939 0.0000
-273.8122 0.0000
-273.5861 0.0000
-275.8986 0.0000
-275.4561 0.0000
-276.7605 0.0000
-273.9925 0.0000
-274.2612 0.0000
-272.9135 0.0000
-272.7221 0.0000
-274.9904 0.0000
-274.2877 0.0000
-274.8237 0.0000
-273.8468 0.0000
-275.4236 0.0000
-277.0141 0.0000
-273.4763 0.0000
-274.3847 0.0000
-274.5194 0.0000
-275.0723 0.0000
-276.2939 0.0000
-273.0028 0.0000
-274.3580 0.0000
-274.1600 0.0000
-272.3050 0.0000
-274.4547 0.0000
-272.7549 0.0000
-274.9306 0.0000
-274.4455 0.0000
-275.1846 0.0000
-272.6834 0.0000
-275.6317 0.0000
-274.7839 0.0000
-273.4322 0.0000
-274.2623 0.0000
-275.8240 0.0000
-275.0760 0.0000
-277.7567 0.0000
-275.4941 0.0000
-276.2571 0.0000
-275.3658 0.0000
-274.5951 0.0000
-273.7201 0.0000
-273.5046 0.0000
-272.6181 0.0000
-272.4954 0.0000
-274.6214 0.0000
-274.6887 0.0000
-276.2334 0.0000
-273.2845 0.0000
-276.3825 0.0000
-272.6336 0.0000
-274.6647 0.0000
-274.5539 0.0000
-276.5467 0.0000
-274.6814 0.0000
-275.3253 0.0000
-272.7278 0.0000
-274.3074 0.0000
-274.0820 0.0000
-275.1998 0.0000
-273.7242 0.0000
-277.6309 0.0000
-274.9504 0.0000
-274.6329 0.0000
-275.1876 0.0000
-275.4019 0.0000
-273.8103 0.0000
-274.2356 0.0000
-273.6481 0.0000
-275.5127 0.0000
-275.0670 0.0000
-275.9954 0.0000
-276.5885 0.0000
-272.7585 0.0000
-272.6482 0.0000
-275.9038 0.0000
-274.9796 0.0000
-273.4641 0.0000
-275.6692 0.0000
-273.9006 0.0000
-275.4732 0.0000
-273.8587 0.0000
-274.3109 0.0000
-273.6536 0.0000
