-100.0000 -100.0000
-374.4103 0.0000
-372.1093 0.0000
-371.3637 0.0000
-370.9132 0.0000
-370.6496 0.0000
-373.2956 0.0000
-374.1573 0.0000
-371.2322 0.0000
-369.5886 0.0000
-368.2456 0.0000
-368.0502 0.0000
-367.4526 0.0000
-366.0965 0.0000
-366.7518 0.0000
-366.6828 0.0000
-365.4310 0.0000
-365.0937 0.0000
-364.4936 0.0000
-364.8937 0.0000
-364.6953 0.0000
-366.2606 0.0000
-363.9775 0.0000
-364.3074 0.0000
-364.8176 0.0000
-364.2546 0.0000
-363.7057 0.0000
-364.2813 0.0000
-364.5569 0.0000
-361.8286 0.0000
-361.6473 0.0000
-357.9972 0.0000
-357.2159 0.0000
-357.1684 0.0000
-355.4454 0.0000
-358.0029 0.0000
-354.1102 0.0000
-353.3610 0.0000
-353.4096 0.0000
-352.2767 0.0000
-353.1944 0.0000
-353.3348 0.0000
-353.2216 0.0000
-351.9442 0.0000
-351.5881 0.0000
-350.1503 0.0000
-348.4227 0.0000
-348.0875 0.0000
-347.9047 0.0000
-347.7730 0.0000
-348.9566 0.0000
-350.5516 0.0000
-350.8533 0.0000
-346.4304 0.0000
-345.9369 0.0000
-346.3762 0.0000
-348.1184 0.0000
-345.9250 0.0000
-345.3603 0.0000
-343.7210 0.0000
-343.9333 0.0000
-344.4608 0.0000
-344.1486 0.0000
-345.0687 0.0000
-344.0944 0.0000
-345.4482 0.0000
-345.6326 0.0000
-346.7477 0.0000
-347.1100 0.0000
-344.4445 0.0000
-344.4953 0.0000
-343.7850 0.0000
-346.0990 0.0000
-344.4606 0.0000
-341.6820 0.0000
-341.7364 0.0000
-342.2309 0.0000
-343.6140 0.0000
-343.3420 0.0000
-341.9929 0.0000
-341.2795 0.0000
-342.5625 0.0000
-341.9346 0.0000
-343.8811 0.0000
-340.6815 0.0000
-339.5102 0.0000
-338.9559 0.0000
-339.2134 0.0000
-337.9046 0.0000
-337.3326 0.0000
-337.9540 0.0000
-337.5461 0.0000
-338.3006 0.0000
-336.7360 0.0000
-335.7903 0.0000
-335.6087 0.0000
-334.8657 0.0000
-334.9884 0.0000
-335.8900 0.0000
-335.2950 0.0000
-335.3927 0.0000
-304.4548 0.0000
-304.4570 0.0000
-303.5800 0.0000
-304.0889 0.0000
-304.5835 0.0000
-304.3520 0.0000
-304.4977 0.0000
-302.8313 0.0000
-302.5382 0.0000
-302.0449 0.0000
-302.9038 0.0000
-301.6417 0.0000
-301.3224 0.0000
-301.1649 0.0000
-300.9132 0.0000
-301.0418 0.0000
-301.3203 0.0000
-299.8574 0.0000
-300.9709 0.0000
-299.6172 0.0000
-298.8819 0.0000
-298.9189 0.0000
-299.0055 0.0000
-297.7084 0.0000
-297.7492 0.0000
-297.2858 0.0000
-297.5346 0.0000
-297.6159 0.0000
-297.5474 0.0000
-296.7749 0.0000
-297.0487 0.0000
-297.5626 0.0000
-297.2853 0.0000
-298.6622 0.0000
-296.9343 0.0000
-296.2800 0.0000
-297.0818 0.0000
-295.4948 0.0000
-294.9661 0.0000
-294.6681 0.0000
-294.0352 0.0000
-293.2171 0.0000
-293.7516 0.0000
-293.6642 0.0000
-293.9265 0.0000
-293.4553 0.0000
-293.8879 0.0000
-293.1908 0.0000
-292.7070 0.0000
-291.8748 0.0000
-291.7381 0.0000
-290.7862 0.0000
-289.5787 0.0000
-289.4456 0.0000
-289.2459 0.0000
-289.6133 0.0000
-289.4064 0.0000
-290.6963 0.0000
-290.1294 0.0000
-290.8528 0.0000
-290.8810 0.0000
-291.9436 0.0000
-292.2436 0.0000
-292.7222 0.0000
-292.0873 0.0000
-291.8159 0.0000
-293.0531 0.0000
-291.1719 0.0000
-290.7916 0.0000
-290.6752 0.0000
-291.1716 0.0000
-290.2208 0.0000
-290.6590 0.0000
-290.3493 0.0000
-290.2219 0.0000
-290.5424 0.0000
-290.2860 0.0000
-291.3396 0.0000
-291.4864 0.0000
-288.7342 0.0000
-288.8267 0.0000
-288.1869 0.0000
-288.8935 0.0000
-289.7799 0.0000
-289.7652 0.0000
-290.4937 0.0000
-289.8666 0.0000
-289.7527 0.0000
-290.9122 0.0000
-288.8326 0.0000
-288.7997 0.0000
-287.5553 0.0000
-287.1700 0.0000
-287.2491 0.0000
-287.0000 0.0000
-287.5122 0.0000
-286.2319 0.0000
-287.0700 0.0000
-286.8664 0.0000
-285.1655 0.0000
-335.3482 0.0000
-334.2710 0.0000
-334.4499 0.0000
-334.5518 0.0000
-334.1305 0.0000
-335.2825 0.0000
-334.3632 0.0000
-334.2985 0.0000
-333.4784 0.0000
-334.1217 0.0000
-334.2583 0.0000
-335.2713 0.0000
-334.5596 0.0000
-334.0540 0.0000
-334.0666 0.0000
-334.1151 0.0000
-335.1482 0.0000
-334.7776 0.0000
-334.8433 0.0000
-334.1661 0.0000
-333.7977 0.0000
-334.4524 0.0000
-334.4288 0.0000
-334.0885 0.0000
-334.9179 0.0000
-335.1733 0.0000
-334.7082 0.0000
-334.9007 0.0000
-334.0434 0.0000
-334.1328 0.0000
-335.4387 0.0000
-334.4780 0.0000
-334.5609 0.0000
-334.9047 0.0000
-334.6437 0.0000
-334.5783 0.0000
-334.4908 0.0000
-333.8939 0.0000
-334.7962 0.0000
-335.3864 0.0000
-334.9233 0.0000
-334.8700 0.0000
-335.1974 0.0000
-333.7639 0.0000
-334.5355 0.0000
-334.2272 0.0000
-334.6801 0.0000
-334.7580 0.0000
-335.0741 0.0000
-333.7874 0.0000
-334.3447 0.0000
-335.3212 0.0000
-335.1874 0.0000
-334.2484 0.0000
-334.3682 0.0000
-334.2124 0.0000
-334.9989 0.0000
-335.2081 0.0000
-334.5144 0.0000
-334.6157 0.0000
-335.4032 0.0000
-335.4328 0.0000
-334.1683 0.0000
-334.0307 0.0000
-334.9383 0.0000
-335.1224 0.0000
-334.3009 0.0000
-334.9870 0.0000
-334.5061 0.0000
-334.3041 0.0000
-334.3523 0.0000
-334.8058 0.0000
-334.8403 0.0000
-335.3903 0.0000
-334.5577 0.0000
-334.1849 0.0000
-334.3663 0.0000
-334.5081 0.0000
-334.9135 0.0000
-334.0416 0.0000
-334.8214 0.0000
-334.9534 0.0000
-334.3215 0.0000
-334.0663 0.0000
-335.0255 0.0000
-334.6134 0.0000
-334.5161 0.0000
-334.4553 0.0000
-335.9719 0.0000
-334.6538 0.0000
-334.6189 0.0000
-334.4526 0.0000
-334.7099 0.0000
-334.0432 0.0000
-334.4337 0.0000
-335.1102 0.0000
-334.0366 0.0000
-334.7743 0.0000
-335.0192 0.0000
-334.4342 0.0000
-323.6492 0.0000
-323.1017 0.0000
-323.9201 0.0000
-322.6978 0.0000
-324.2917 0.0000
-323.3602 0.0000
-322.7258 0.0000
-323.3772 0.0000
-323.4775 0.0000
-323.2797 0.0000
-322.8994 0.0000
-322.2667 0.0000
-324.0393 0.0000
-324.0692 0.0000
-324.2865 0.0000
-323.3081 0.0000
-322.7387 0.0000
-322.8200 0.0000
-324.2061 0.0000
-324.7024 0.0000
-322.9517 0.0000
-324.8249 0.0000
-324.1401 0.0000
-323.5289 0.0000
-323.5052 0.0000
-323.3926 0.0000
-324.2555 0.0000
-323.9212 0.0000
-324.0671 0.0000
-323.2712 0.0000
-322.9226 0.0000
-323.0990 0.0000
-323.9996 0.0000
-324.1459 0.0000
-322.7011 0.0000
-323.0349 0.0000
-323.2484 0.0000
-322.8830 0.0000
-323.2980 0.0000
-323.0855 0.0000
-322.6871 0.0000
-322.5463 0.0000
-323.6102 0.0000
-324.1704 0.0000
-322.9265 0.0000
-322.7070 0.0000
-323.6546 0.0000
-322.7644 0.0000
-322.8545 0.0000
-322.6858 0.0000
-323.4637 0.0000
-323.6053 0.0000
-323.2003 0.0000
-323.6051 0.0000
-322.9466 0.0000
-322.6412 0.0000
-323.2997 0.0000
-322.6793 0.0000
-323.6740 0.0000
-323.4720 0.0000
-323.4218 0.0000
-322.6579 0.0000
-323.1439 0.0000
-323.7897 0.0000
-323.5473 0.0000
-322.7540 0.0000
-323.9712 0.0000
-323.5989 0.0000
-323.0246 0.0000
-323.9817 0.0000
-323.0276 0.0000
-323.3238 0.0000
-322.4379 0.0000
-323.6135 0.0000
-324.5916 0.0000
-322.9926 0.0000
-322.7016 0.0000
-323.0787 0.0000
-323.1604 0.0000
-323.6028 0.0000
-322.4698 0.0000
-323.7871 0.0000
-323.2442 0.0000
-323.3303 0.0000
-323.7901 0.0000
-323.2009 0.0000
-323.2427 0.0000
-323.9707 0.0000
-324.0039 0.0000
-322.5570 0.0000
-323.6678 0.0000
-324.4914 0.0000
-323.5504 0.0000
-323.6667 0.0000
-322.5456 0.0000
-322.5619 0.0000
-322.5535 0.0000
-323.1753 0.0000
-323.5472 0.0000
-323.5758 0.0000
-277.1065 0.0000
-277.1944 0.0000
-276.8828 0.0000
-277.3739 0.0000
-277.3245 0.0000
-277.1674 0.0000
-276.5536 0.0000
-276.7752 0.0000
-277.3316 0.0000
-275.0955 0.0000
-273.3980 0.0000
-272.9507 0.0000
-273.1009 0.0000
-274.5807 0.0000
-273.1628 0.0000
-273.4985 0.0000
-272.5209 0.0000
-272.4600 0.0000
-271.4569 0.0000
-271.3263 0.0000
-271.5205 0.0000
-272.9066 0.0000
-272.1168 0.0000
-273.1975 0.0000
-272.9560 0.0000
-271.6819 0.0000
-272.9346 0.0000
-272.3055 0.0000
-271.8320 0.0000
-271.9313 0.0000
-272.4432 0.0000
-272.2789 0.0000
-271.8461 0.0000
-271.3312 0.0000
-272.4856 0.0000
-271.4439 0.0000
-271.6752 0.0000
-271.6048 0.0000
-272.0933 0.0000
-271.1710 0.0000
-271.5045 0.0000
-271.7295 0.0000
-271.4213 0.0000
-272.2697 0.0000
-271.0344 0.0000
-272.1869 0.0000
-272.0395 0.0000
-271.9974 0.0000
-270.8454 0.0000
-270.9600 0.0000
-271.2934 0.0000
-271.2464 0.0000
-270.8720 0.0000
-270.5963 0.0000
-271.7014 0.0000
-271.5294 0.0000
-269.7121 0.0000
-270.1160 0.0000
-268.9585 0.0000
-269.0642 0.0000
-268.7536 0.0000
-267.8456 0.0000
-267.7897 0.0000
-266.3295 0.0000
-267.1590 0.0000
-265.0849 0.0000
-264.9124 0.0000
-264.9946 0.0000
-265.9160 0.0000
-265.2895 0.0000
-264.4473 0.0000
-265.1319 0.0000
-265.0640 0.0000
-265.6350 0.0000
-264.8803 0.0000
-264.5243 0.0000
-265.1861 0.0000
-263.4324 0.0000
-263.0631 0.0000
-262.7706 0.0000
-263.1644 0.0000
-263.7555 0.0000
-262.8363 0.0000
-263.3525 0.0000
-262.5041 0.0000
-263.5277 0.0000
-263.5311 0.0000
-262.7894 0.0000
-263.3105 0.0000
-262.0798 0.0000
-262.8391 0.0000
-262.7027 0.0000
-262.6405 0.0000
-262.0311 0.0000
-262.1713 0.0000
-262.4134 0.0000
-263.0554 0.0000
-263.0542 0.0000
-264.9424 0.0000
-262.1189 0.0000
-324.7828 0.0000
-324.9266 0.0000
-325.1082 0.0000
-325.1956 0.0000
-324.3434 0.0000
-325.0161 0.0000
-325.7261 0.0000
-325.2299 0.0000
-323.3357 0.0000
-324.8798 0.0000
-324.6838 0.0000
-326.2713 0.0000
-324.6900 0.0000
-325.7789 0.0000
-324.8143 0.0000
-324.8208 0.0000
-325.9222 0.0000
-326.2037 0.0000
-324.3718 0.0000
-324.9205 0.0000
-325.6620 0.0000
-324.2538 0.0000
-323.6708 0.0000
-325.0993 0.0000
-324.3818 0.0000
-325.0374 0.0000
-324.9334 0.0000
-325.4278 0.0000
-324.1886 0.0000
-325.3974 0.0000
-326.0221 0.0000
-324.1910 0.0000
-325.1729 0.0000
-325.2960 0.0000
-324.7802 0.0000
-324.3769 0.0000
-326.0294 0.0000
-325.1736 0.0000
-325.4559 0.0000
-324.3386 0.0000
-325.7409 0.0000
-325.2182 0.0000
-323.8519 0.0000
-324.5556 0.0000
-324.1122 0.0000
-324.5847 0.0000
-325.4234 0.0000
-324.5228 0.0000
-325.3883 0.0000
-325.1033 0.0000
-324.7071 0.0000
-324.9941 0.0000
-324.7651 0.0000
-326.0175 0.0000
-325.2639 0.0000
-324.1403 0.0000
-325.7031 0.0000
-325.1742 0.0000
-324.7420 0.0000
-324.4527 0.0000
-324.9462 0.0000
-325.3741 0.0000
-325.0244 0.0000
-323.8680 0.0000
-324.4012 0.0000
-324.7068 0.0000
-325.9294 0.0000
-323.9282 0.0000
-324.0591 0.0000
-326.2269 0.0000
-325.0727 0.0000
-324.8529 0.0000
-322.5833 0.0000
-325.8682 0.0000
-324.4450 0.0000
-325.0351 0.0000
-324.6954 0.0000
-324.8917 0.0000
-324.4972 0.0000
-325.1674 0.0000
-325.4614 0.0000
-326.1599 0.0000
-324.1454 0.0000
-324.0906 0.0000
-324.6005 0.0000
-324.5624 0.0000
-324.2532 0.0000
-326.2590 0.0000
-325.3133 0.0000
-326.4698 0.0000
-324.8447 0.0000
-324.1910 0.0000
-324.8841 0.0000
-325.2433 0.0000
-325.4106 0.0000
-324.4776 0.0000
-325.5024 0.0000
-324.1721 0.0000
-325.1479 0.0000
-324.8094 0.0000
-345.9236 0.0000
-346.8545 0.0000
-346.5670 0.0000
-346.4203 0.0000
-345.7143 0.0000
-345.7883 0.0000
-346.7904 0.0000
-345.8740 0.0000
-345.5708 0.0000
-344.8120 0.0000
-346.0183 0.0000
-345.3521 0.0000
-346.3263 0.0000
-346.1886 0.0000
-346.8207 0.0000
-345.2273 0.0000
-345.9196 0.0000
-346.6995 0.0000
-345.9338 0.0000
-346.7680 0.0000
-345.7824 0.0000
-346.1389 0.0000
-345.3672 0.0000
-346.0997 0.0000
-345.7603 0.0000
-346.2784 0.0000
-345.9020 0.0000
-345.7031 0.0000
-346.9521 0.0000
-345.2093 0.0000
-346.5313 0.0000
-345.2759 0.0000
-345.6847 0.0000
-345.7664 0.0000
-346.4855 0.0000
-345.4166 0.0000
-345.4969 0.0000
-346.4193 0.0000
-345.8162 0.0000
-346.1989 0.0000
-345.8576 0.0000
-345.5613 0.0000
-346.6415 0.0000
-346.0500 0.0000
-345.4420 0.0000
-346.4208 0.0000
-345.0021 0.0000
-346.4930 0.0000
-346.5351 0.0000
-345.2589 0.0000
-345.6727 0.0000
-345.7421 0.0000
-346.0049 0.0000
-346.6659 0.0000
-345.2160 0.0000
-346.0190 0.0000
-345.5088 0.0000
-346.2976 0.0000
-345.4896 0.0000
-345.9801 0.0000
-346.0572 0.0000
-345.8679 0.0000
-347.0144 0.0000
-345.4113 0.0000
-345.5428 0.0000
-347.4182 0.0000
-347.0313 0.0000
-346.2383 0.0000
-346.5399 0.0000
-345.8515 0.0000
-345.9622 0.0000
-345.8868 0.0000
-345.3425 0.0000
-345.2520 0.0000
-346.5147 0.0000
-345.4951 0.0000
-345.3421 0.0000
-346.2243 0.0000
-345.6139 0.0000
-346.8611 0.0000
-345.9746 0.0000
-345.8755 0.0000
-345.1964 0.0000
-345.7400 0.0000
-346.2319 0.0000
-346.4845 0.0000
-346.2714 0.0000
-345.0920 0.0000
-345.8004 0.0000
-346.3399 0.0000
-346.5313 0.0000
-346.4366 0.0000
-346.5924 0.0000
-345.6065 0.0000
-345.5542 0.0000
-345.5347 0.0000
-345.7940 0.0000
-346.0912 0.0000
-346.3882 0.0000
-345.5670 0.0000
-321.6570 0.0000
-322.3283 0.0000
-321.3051 0.0000
-320.6934 0.0000
-320.3941 0.0000
-320.4982 0.0000
-320.8386 0.0000
-320.5466 0.0000
-320.9313 0.0000
-322.3099 0.0000
-321.4326 0.0000
-321.3191 0.0000
-322.0056 0.0000
-320.4568 0.0000
-320.7449 0.0000
-319.8980 0.0000
-321.8688 0.0000
-321.3451 0.0000
-321.0731 0.0000
-320.9118 0.0000
-321.7144 0.0000
-321.5983 0.0000
-321.2805 0.0000
-320.8431 0.0000
-321.5074 0.0000
-321.3607 0.0000
-320.6389 0.0000
-320.9121 0.0000
-321.1555 0.0000
-320.9804 0.0000
-321.9912 0.0000
-321.5931 0.0000
-321.3464 0.0000
-321.7195 0.0000
-321.0533 0.0000
-320.8238 0.0000
-320.6991 0.0000
-321.5285 0.0000
-321.6350 0.0000
-320.8221 0.0000
-321.6348 0.0000
-320.5666 0.0000
-321.5344 0.0000
-322.1171 0.0000
-320.8743 0.0000
-320.8021 0.0000
-322.5491 0.0000
-321.4480 0.0000
-320.6125 0.0000
-321.7798 0.0000
-320.9329 0.0000
-321.1055 0.0000
-321.6935 0.0000
-321.9321 0.0000
-320.6580 0.0000
-321.8594 0.0000
-322.8944 0.0000
-321.3482 0.0000
-321.5293 0.0000
-321.4211 0.0000
-320.5472 0.0000
-320.6481 0.0000
-321.4969 0.0000
-320.5215 0.0000
-321.5254 0.0000
-321.1599 0.0000
-322.1128 0.0000
-320.9872 0.0000
-320.2474 0.0000
-321.2872 0.0000
-320.5619 0.0000
-321.5580 0.0000
-320.6552 0.0000
-321.5983 0.0000
-321.0559 0.0000
-321.0769 0.0000
-320.6422 0.0000
-320.7892 0.0000
-321.0868 0.0000
-321.3712 0.0000
-321.6876 0.0000
-322.4880 0.0000
-321.2953 0.0000
-321.2126 0.0000
-320.6840 0.0000
-320.9850 0.0000
-321.3991 0.0000
-322.3036 0.0000
-320.7944 0.0000
-320.5666 0.0000
-321.0433 0.0000
-322.4843 0.0000
-320.5801 0.0000
-320.5684 0.0000
-321.0903 0.0000
-322.1159 0.0000
-321.1754 0.0000
-321.4659 0.0000
-320.5972 0.0000
-320.4160 0.0000
-301.7939 0.0000
-301.6574 0.0000
-303.0359 0.0000
-301.4965 0.0000
-301.0733 0.0000
-299.7647 0.0000
-301.4032 0.0000
-302.2123 0.0000
-302.1997 0.0000
-302.2315 0.0000
-300.8690 0.0000
-302.2487 0.0000
-301.7499 0.0000
-301.0746 0.0000
-301.7897 0.0000
-301.1654 0.0000
-301.4840 0.0000
-302.1222 0.0000
-301.9664 0.0000
-302.9784 0.0000
-301.5194 0.0000
-301.3448 0.0000
-301.9925 0.0000
-301.5515 0.0000
-301.4331 0.0000
-302.6543 0.0000
-302.3477 0.0000
-301.3087 0.0000
-301.8203 0.0000
-302.4380 0.0000
-301.3218 0.0000
-301.5465 0.0000
-302.2352 0.0000
-302.6611 0.0000
-301.3355 0.0000
-301.0008 0.0000
-302.0073 0.0000
-302.4208 0.0000
-301.3513 0.0000
-302.5431 0.0000
-302.0044 0.0000
-302.8809 0.0000
-301.6330 0.0000
-302.8419 0.0000
-301.2511 0.0000
-302.4215 0.0000
-301.6492 0.0000
-301.4454 0.0000
-302.1123 0.0000
-302.0716 0.0000
-301.4039 0.0000
-302.1998 0.0000
-301.8509 0.0000
-301.9457 0.0000
-301.1238 0.0000
-302.5431 0.0000
-301.5410 0.0000
-302.5826 0.0000
-301.8766 0.0000
-301.5841 0.0000
-302.2925 0.0000
-302.3295 0.0000
-302.4703 0.0000
-302.7219 0.0000
-301.5799 0.0000
-301.9716 0.0000
-301.2271 0.0000
-302.5105 0.0000
-300.7283 0.0000
-301.7208 0.0000
-302.5240 0.0000
-302.2738 0.0000
-302.1991 0.0000
-300.9403 0.0000
-301.9271 0.0000
-302.4215 0.0000
-301.5903 0.0000
-302.1184 0.0000
-301.4374 0.0000
-302.1248 0.0000
-301.6695 0.0000
-301.8749 0.0000
-301.7495 0.0000
-302.9855 0.0000
-302.0731 0.0000
-302.0968 0.0000
-301.3411 0.0000
-300.9569 0.0000
-302.4536 0.0000
-302.0647 0.0000
-301.8885 0.0000
-301.9041 0.0000
-301.9940 0.0000
-301.1836 0.0000
-302.2797 0.0000
-299.7292 0.0000
-302.9982 0.0000
-302.3746 0.0000
-302.0573 0.0000
-302.4870 0.0000
-275.5807 0.0000
-275.4776 0.0000
-275.5985 0.0000
-274.7936 0.0000
-276.0431 0.0000
-275.4589 0.0000
-275.1973 0.0000
-276.0004 0.0000
-274.8393 0.0000
-276.2918 0.0000
-276.3314 0.0000
-274.7485 0.0000
-276.4907 0.0000
-275.7701 0.0000
-275.9478 0.0000
-274.8564 0.0000
-275.0091 0.0000
-275.2544 0.0000
-277.2144 0.0000
-276.0673 0.0000
-275.0665 0.0000
-274.8077 0.0000
-276.5489 0.0000
-275.3820 0.0000
-276.7566 0.0000
-275.0898 0.0000
-276.2920 0.0000
-275.3807 0.0000
-275.8752 0.0000
-275.1603 0.0000
-276.4412 0.0000
-276.4246 0.0000
-277.2584 0.0000
-274.2480 0.0000
-276.5944 0.0000
-275.9449 0.0000
-276.0437 0.0000
-276.9461 0.0000
-274.8611 0.0000
-274.9873 0.0000
-276.2038 0.0000
-275.7416 0.0000
-275.1709 0.0000
-277.3766 0.0000
-276.6085 0.0000
-276.6571 0.0000
-276.0895 0.0000
-275.5077 0.0000
-277.3330 0.0000
-277.4210 0.0000
-277.0008 0.0000
-275.3841 0.0000
-276.6054 0.0000
-276.8019 0.0000
-276.1988 0.0000
-276.8731 0.0000
-275.4417 0.0000
-276.2712 0.0000
-276.0940 0.0000
-276.3144 0.0000
-277.1925 0.0000
-276.0553 0.0000
-276.3658 0.0000
-275.0170 0.0000
-275.6836 0.0000
-275.8361 0.0000
-276.2178 0.0000
-275.9010 0.0000
-276.0913 0.0000
-276.1700 0.0000
-277.0553 0.0000
-276.0539 0.0000
-275.9983 0.0000
-276.8631 0.0000
-276.1231 0.0000
-275.0024 0.0000
-275.4516 0.0000
-276.5402 0.0000
-277.9634 0.0000
-274.3025 0.0000
-276.8195 0.0000
-276.3345 0.0000
-275.6555 0.0000
-275.3713 0.0000
-276.3707 0.0000
-275.8565 0.0000
-277.1651 0.0000
-274.4869 0.0000
-276.4909 0.0000
-275.6694 0.0000
-275.9617 0.0000
-275.3868 0.0000
-276.9862 0.0000
-275.6008 0.0000
-275.2957 0.0000
-275.9625 0.0000
-276.2270 0.0000
-275.3679 0.0000
-276.2866 0.0000
-276.2612 0.0000
-338.4932 0.0000
-338.8803 0.0000
-338.4191 0.0000
-339.4430 0.0000
-338.1251 0.0000
-338.0027 0.0000
-338.9428 0.0000
-338.6351 0.0000
-338.3305 0.0000
-339.3917 0.0000
-339.0821 0.0000
-339.5927 0.0000
-338.7237 0.0000
-338.8457 0.0000
-337.9313 0.0000
-337.3495 0.0000
-339.7566 0.0000
-338.7728 0.0000
-337.9103 0.0000
-338.4731 0.0000
-338.8539 0.0000
-338.4042 0.0000
-337.5435 0.0000
-338.9113 0.0000
-337.3600 0.0000
-338.6291 0.0000
-338.6339 0.0000
-340.0103 0.0000
-339.7437 0.0000
-337.0103 0.0000
-338.9137 0.0000
-339.3195 0.0000
-338.3762 0.0000
-337.8708 0.0000
-337.8321 0.0000
-338.3550 0.0000
-340.8322 0.0000
-337.5775 0.0000
-337.9934 0.0000
-339.1012 0.0000
-339.6282 0.0000
-339.6583 0.0000
-338.4526 0.0000
-338.2597 0.0000
-338.7987 0.0000
-337.2139 0.0000
-336.5635 0.0000
-338.1549 0.0000
-339.3460 0.0000
-337.9168 0.0000
-337.7229 0.0000
-337.9945 0.0000
-338.2294 0.0000
-339.2428 0.0000
-339.2156 0.0000
-338.8156 0.0000
-338.4948 0.0000
-337.7490 0.0000
-336.7302 0.0000
-337.8983 0.0000
-338.4594 0.0000
-338.9623 0.0000
-338.4421 0.0000
-338.4641 0.0000
-339.7129 0.0000
-338.8214 0.0000
-337.7746 0.0000
-338.7412 0.0000
-338.1833 0.0000
-336.9926 0.0000
-339.0935 0.0000
-338.7015 0.0000
-337.5080 0.0000
-337.3336 0.0000
-338.9385 0.0000
-339.3537 0.0000
-339.8004 0.0000
-339.2044 0.0000
-337.5797 0.0000
-339.0102 0.0000
-337.7869 0.0000
-339.2454 0.0000
-339.2053 0.0000
-338.6712 0.0000
-338.1467 0.0000
-339.1564 0.0000
-338.7226 0.0000
-338.1696 0.0000
-339.3547 0.0000
-338.1438 0.0000
-339.4449 0.0000
-337.1962 0.0000
-337.3713 0.0000
-340.0408 0.0000
-339.9990 0.0000
-339.5124 0.0000
-339.8514 0.0000
-338.6658 0.0000
-338.7763 0.0000
-339.1685 0.0000
-287.6303 0.0000
-288.0176 0.0000
-287.4341 0.0000
-289.0621 0.0000
-286.6103 0.0000
-287.7154 0.0000
-288.2455 0.0000
-288.0219 0.0000
-287.9220 0.0000
-286.2790 0.0000
-287.2371 0.0000
-287.7679 0.0000
-287.7971 0.0000
-287.8783 0.0000
-288.2891 0.0000
-286.9097 0.0000
-286.6005 0.0000
-285.6856 0.0000
-287.0845 0.0000
-288.5403 0.0000
-285.4433 0.0000
-286.5457 0.0000
-286.5821 0.0000
-288.6311 0.0000
-288.4151 0.0000
-286.1172 0.0000
-286.2410 0.0000
-287.4017 0.0000
-286.0987 0.0000
-287.5355 0.0000
-285.7085 0.0000
-286.1216 0.0000
-287.5659 0.0000
-286.1536 0.0000
-286.8808 0.0000
-288.0632 0.0000
-286.9373 0.0000
-286.1201 0.0000
-287.1916 0.0000
-288.0043 0.0000
-286.8722 0.0000
-286.7973 0.0000
-285.1408 0.0000
-288.4243 0.0000
-287.4651 0.0000
-288.3451 0.0000
-286.1088 0.0000
-287.0505 0.0000
-284.9079 0.0000
-286.2977 0.0000
-288.0023 0.0000
-286.4609 0.0000
-287.5763 0.0000
-286.3401 0.0000
-287.2558 0.0000
-288.0920 0.0000
-287.9013 0.0000
-286.8768 0.0000
-286.0958 0.0000
-288.2164 0.0000
-286.2403 0.0000
-287.3971 0.0000
-288.4884 0.0000
-289.1516 0.0000
-286.4847 0.0000
-287.1365 0.0000
-286.8558 0.0000
-285.6874 0.0000
-287.6453 0.0000
-287.5451 0.0000
-286.6152 0.0000
-286.8821 0.0000
-287.5782 0.0000
-287.5477 0.0000
-286.5143 0.0000
-285.4017 0.0000
-286.4996 0.0000
-285.9198 0.0000
-285.9974 0.0000
-286.2907 0.0000
-285.9513 0.0000
-287.7487 0.0000
-287.2417 0.0000
-288.8817 0.0000
-289.0127 0.0000
-287.3417 0.0000
-287.8532 0.0000
-285.8537 0.0000
-286.4939 0.0000
-286.8681 0.0000
-286.1643 0.0000
-286.4996 0.0000
-286.5537 0.0000
-287.8018 0.0000
-287.2377 0.0000
-285.6858 0.0000
-287.0630 0.0000
-287.1620 0.0000
-286.3820 0.0000
-288.1472 0.0000
-334.7068 0.0000
-334.0826 0.0000
-334.6482 0.0000
-334.1957 0.0000
-334.3622 0.0000
-335.8011 0.0000
-334.7357 0.0000
-334.4165 0.0000
-332.8116 0.0000
-334.3315 0.0000
-334.3435 0.0000
-333.9967 0.0000
-334.4791 0.0000
-334.2199 0.0000
-334.4302 0.0000
-335.2227 0.0000
-334.2254 0.0000
-335.3222 0.0000
-334.0091 0.0000
-335.0856 0.0000
-334.6113 0.0000
-334.7787 0.0000
-334.0815 0.0000
-335.2457 0.0000
-334.5827 0.0000
-334.6207 0.0000
-334.8862 0.0000
-334.9215 0.0000
-334.5861 0.0000
-335.1703 0.0000
-334.3010 0.0000
-334.6761 0.0000
-334.8392 0.0000
-334.4346 0.0000
-334.7526 0.0000
-336.2171 0.0000
-335.7756 0.0000
-333.8036 0.0000
-334.9958 0.0000
-335.2636 0.0000
-333.9092 0.0000
-334.9304 0.0000
-334.8020 0.0000
-335.3285 0.0000
-334.5852 0.0000
-334.8711 0.0000
-335.0099 0.0000
-334.4470 0.0000
-334.6496 0.0000
-334.4557 0.0000
-334.7633 0.0000
-334.4836 0.0000
-334.5911 0.0000
-334.2140 0.0000
-335.2309 0.0000
-334.6084 0.0000
-334.2956 0.0000
-335.1641 0.0000
-334.9815 0.0000
-334.1821 0.0000
-335.2641 0.0000
-335.0919 0.0000
-334.7982 0.0000
-334.1413 0.0000
-334.2281 0.0000
-334.0068 0.0000
-335.0889 0.0000
-334.9949 0.0000
-334.8606 0.0000
-334.0629 0.0000
-335.3246 0.0000
-333.8188 0.0000
-334.2650 0.0000
-334.5999 0.0000
-333.8542 0.0000
-334.4523 0.0000
-334.5406 0.0000
-334.9184 0.0000
-335.1027 0.0000
-334.4834 0.0000
-334.7781 0.0000
-334.9021 0.0000
-334.9661 0.0000
-334.4446 0.0000
-333.8909 0.0000
-334.5408 0.0000
-335.2927 0.0000
-334.4877 0.0000
-335.1050 0.0000
-334.6682 0.0000
-334.6124 0.0000
-335.1773 0.0000
-335.0618 0.0000
-334.6592 0.0000
-334.6404 0.0000
-334.7263 0.0000
-334.1939 0.0000
-335.1886 0.0000
-334.1885 0.0000
-333.8514 0.0000
-324.4230 0.0000
-324.0293 0.0000
-323.8420 0.0000
-323.8537 0.0000
-324.1577 0.0000
-324.3833 0.0000
-324.7218 0.0000
-324.2870 0.0000
-324.2463 0.0000
-323.8485 0.0000
-323.9330 0.0000
-324.0268 0.0000
-323.9640 0.0000
-323.6567 0.0000
-324.5230 0.0000
-323.9828 0.0000
-323.6569 0.0000
-324.3466 0.0000
-324.9351 0.0000
-324.4005 0.0000
-324.7295 0.0000
-322.8264 0.0000
-324.2849 0.0000
-323.5257 0.0000
-323.8439 0.0000
-324.1896 0.0000
-324.2292 0.0000
-323.5546 0.0000
-324.7859 0.0000
-323.4894 0.0000
-324.2490 0.0000
-324.5359 0.0000
-324.4446 0.0000
-324.1582 0.0000
-324.0507 0.0000
-324.1822 0.0000
-325.0403 0.0000
-323.6702 0.0000
-324.3392 0.0000
-322.7530 0.0000
-323.5883 0.0000
-324.3529 0.0000
-323.7922 0.0000
-324.4480 0.0000
-324.9663 0.0000
-324.2099 0.0000
-324.3679 0.0000
-323.9156 0.0000
-324.3940 0.0000
-323.8101 0.0000
-324.0616 0.0000
-322.8841 0.0000
-325.2288 0.0000
-323.5952 0.0000
-324.2541 0.0000
-323.9465 0.0000
-324.4614 0.0000
-324.5599 0.0000
-324.6010 0.0000
-324.1127 0.0000
-323.9472 0.0000
-324.5898 0.0000
-323.9427 0.0000
-324.3546 0.0000
-324.6317 0.0000
-323.6401 0.0000
-323.6493 0.0000
-323.4958 0.0000
-323.8748 0.0000
-323.6463 0.0000
-324.3507 0.0000
-324.9023 0.0000
-323.2668 0.0000
-324.7376 0.0000
-324.3461 0.0000
-325.0597 0.0000
-324.1554 0.0000
-324.6175 0.0000
-323.9618 0.0000
-324.6482 0.0000
-323.7644 0.0000
-324.7545 0.0000
-324.2071 0.0000
-324.5545 0.0000
-324.7476 0.0000
-324.5506 0.0000
-324.3489 0.0000
-325.1601 0.0000
-324.7444 0.0000
-325.4702 0.0000
-325.3425 0.0000
-323.9474 0.0000
-323.4735 0.0000
-323.6057 0.0000
-324.2316 0.0000
-324.3694 0.0000
-324.0053 0.0000
-323.3615 0.0000
-324.1112 0.0000
-324.5541 0.0000
-254.7623 0.0000
-255.2386 0.0000
-255.2903 0.0000
-254.6518 0.0000
-254.3856 0.0000
-255.3208 0.0000
-254.7838 0.0000
-254.2390 0.0000
-254.3026 0.0000
-254.4129 0.0000
-255.4517 0.0000
-254.3380 0.0000
-255.1875 0.0000
-254.3772 0.0000
-254.4494 0.0000
-254.1725 0.0000
-253.5874 0.0000
-252.5761 0.0000
-253.1820 0.0000
-253.0088 0.0000
-252.7036 0.0000
-253.0980 0.0000
-252.9656 0.0000
-253.5535 0.0000
-254.2052 0.0000
-254.0034 0.0000
-253.4452 0.0000
-254.1981 0.0000
-253.2595 0.0000
-252.4607 0.0000
-253.6960 0.0000
-252.6252 0.0000
-252.4236 0.0000
-252.8933 0.0000
-253.2349 0.0000
-252.8608 0.0000
-252.6909 0.0000
-252.9689 0.0000
-252.9665 0.0000
-253.2091 0.0000
-253.1173 0.0000
-253.2948 0.0000
-252.3415 0.0000
-251.3335 0.0000
-251.2489 0.0000
-251.9680 0.0000
-252.2159 0.0000
-251.9446 0.0000
-252.4202 0.0000
-252.7692 0.0000
-252.7736 0.0000
-252.7349 0.0000
-252.6268 0.0000
-252.5661 0.0000
-252.3669 0.0000
-252.4459 0.0000
-252.1749 0.0000
-251.6016 0.0000
-251.2096 0.0000
-251.0607 0.0000
-251.0020 0.0000
-250.6261 0.0000
-249.8174 0.0000
-248.8185 0.0000
-248.8950 0.0000
-248.8826 0.0000
-248.7217 0.0000
-248.5073 0.0000
-248.4944 0.0000
-248.1738 0.0000
-248.4794 0.0000
-248.2619 0.0000
-249.3144 0.0000
-247.8726 0.0000
-248.1533 0.0000
-248.3693 0.0000
-247.9406 0.0000
-248.8142 0.0000
-248.0040 0.0000
-247.9868 0.0000
-248.2819 0.0000
-248.4315 0.0000
-249.2813 0.0000
-249.0123 0.0000
-249.7840 0.0000
-249.6485 0.0000
-248.9904 0.0000
-248.4222 0.0000
-248.2322 0.0000
-247.8333 0.0000
-246.7594 0.0000
-246.9110 0.0000
-248.1888 0.0000
-247.9803 0.0000
-247.6168 0.0000
-248.4898 0.0000
-248.9442 0.0000
-247.9617 0.0000
-247.2733 0.0000
-246.9936 0.0000
-324.3044 0.0000
-325.3072 0.0000
-325.8568 0.0000
-324.1865 0.0000
-325.7269 0.0000
-326.1428 0.0000
-324.2114 0.0000
-324.1977 0.0000
-323.9810 0.0000
-325.9988 0.0000
-325.0865 0.0000
-323.3131 0.0000
-325.8666 0.0000
-324.4433 0.0000
-324.1609 0.0000
-324.4572 0.0000
-325.1918 0.0000
-325.8624 0.0000
-324.5003 0.0000
-325.5678 0.0000
-326.2942 0.0000
-325.5526 0.0000
-324.8659 0.0000
-324.8071 0.0000
-324.6964 0.0000
-324.2822 0.0000
-323.8405 0.0000
-324.7428 0.0000
-324.6160 0.0000
-324.1301 0.0000
-323.6285 0.0000
-324.3473 0.0000
-325.9399 0.0000
-325.9767 0.0000
-325.2356 0.0000
-326.3638 0.0000
-324.7795 0.0000
-326.2998 0.0000
-324.3481 0.0000
-324.1281 0.0000
-324.7624 0.0000
-325.8607 0.0000
-324.8929 0.0000
-325.2906 0.0000
-324.6549 0.0000
-325.5809 0.0000
-325.5808 0.0000
-325.3553 0.0000
-325.7266 0.0000
-325.3547 0.0000
-325.1502 0.0000
-325.5259 0.0000
-324.3889 0.0000
-325.8352 0.0000
-324.5707 0.0000
-325.5342 0.0000
-325.1367 0.0000
-323.5830 0.0000
-324.5271 0.0000
-324.6482 0.0000
-324.1916 0.0000
-324.2704 0.0000
-323.1492 0.0000
-325.6593 0.0000
-325.0830 0.0000
-324.4709 0.0000
-326.2015 0.0000
-324.5455 0.0000
-325.1570 0.0000
-323.8354 0.0000
-325.5373 0.0000
-325.1335 0.0000
-326.5515 0.0000
-325.9247 0.0000
-325.4687 0.0000
-324.0346 0.0000
-323.6790 0.0000
-324.4585 0.0000
-323.8913 0.0000
-324.9162 0.0000
-324.4632 0.0000
-324.7993 0.0000
-324.4581 0.0000
-324.7931 0.0000
-324.1839 0.0000
-325.6156 0.0000
-325.4448 0.0000
-325.4701 0.0000
-325.1287 0.0000
-322.1945 0.0000
-324.4634 0.0000
-324.4807 0.0000
-323.7553 0.0000
-325.5961 0.0000
-325.7796 0.0000
-324.5989 0.0000
-325.0524 0.0000
-324.8956 0.0000
-325.5471 0.0000
-324.5353 0.0000
-345.8315 0.0000
-344.9234 0.0000
-345.7876 0.0000
-345.8725 0.0000
-346.3851 0.0000
-345.8346 0.0000
-345.8671 0.0000
-346.8553 0.0000
-347.1601 0.0000
-346.4382 0.0000
-346.5592 0.0000
-346.5047 0.0000
-346.2218 0.0000
-346.5149 0.0000
-346.2025 0.0000
-346.3654 0.0000
-345.9597 0.0000
-345.0124 0.0000
-346.5644 0.0000
-345.4563 0.0000
-346.3226 0.0000
-345.2003 0.0000
-345.5382 0.0000
-346.0924 0.0000
-346.9148 0.0000
-346.9234 0.0000
-345.9597 0.0000
-345.7213 0.0000
-345.9962 0.0000
-345.7719 0.0000
-346.0719 0.0000
-345.9669 0.0000
-346.2050 0.0000
-347.2142 0.0000
-345.8219 0.0000
-345.6191 0.0000
-346.3840 0.0000
-346.1216 0.0000
-345.0129 0.0000
-345.3965 0.0000
-345.7213 0.0000
-345.7600 0.0000
-346.2068 0.0000
-345.4046 0.0000
-346.2394 0.0000
-346.4874 0.0000
-346.2714 0.0000
-346.5592 0.0000
-346.1821 0.0000
-346.0747 0.0000
-345.7070 0.0000
-346.6527 0.0000
-345.9840 0.0000
-345.7367 0.0000
-345.8951 0.0000
-346.7329 0.0000
-346.5328 0.0000
-346.4324 0.0000
-346.1821 0.0000
-345.8357 0.0000
-345.7572 0.0000
-346.1230 0.0000
-346.3899 0.0000
-346.2672 0.0000
-346.1437 0.0000
-346.3533 0.0000
-346.2942 0.0000
-345.5553 0.0000
-346.7283 0.0000
-346.1452 0.0000
-346.6858 0.0000
-346.2030 0.0000
-345.5186 0.0000
-345.7082 0.0000
-346.3973 0.0000
-345.0304 0.0000
-346.0949 0.0000
-345.3883 0.0000
-345.4579 0.0000
-346.1482 0.0000
-345.3582 0.0000
-346.3766 0.0000
-345.3980 0.0000
-346.7569 0.0000
-345.7276 0.0000
-346.4202 0.0000
-346.4367 0.0000
-346.2512 0.0000
-345.4979 0.0000
-345.5995 0.0000
-347.5587 0.0000
-345.9555 0.0000
-346.2392 0.0000
-346.1804 0.0000
-346.5480 0.0000
-346.3659 0.0000
-344.6276 0.0000
-345.4360 0.0000
-346.2334 0.0000
-345.8331 0.0000
-310.0461 0.0000
-311.0145 0.0000
-309.4895 0.0000
-310.9441 0.0000
-309.4340 0.0000
-310.4040 0.0000
-310.3129 0.0000
-311.1242 0.0000
-311.5411 0.0000
-310.8334 0.0000
-310.3174 0.0000
-310.2918 0.0000
-310.2670 0.0000
-310.0652 0.0000
-310.4037 0.0000
-308.9025 0.0000
-309.7477 0.0000
-310.6301 0.0000
-310.0084 0.0000
-310.7765 0.0000
-310.2034 0.0000
-310.8401 0.0000
-310.7947 0.0000
-311.8710 0.0000
-310.3911 0.0000
-311.4651 0.0000
-309.9505 0.0000
-309.7994 0.0000
-311.0801 0.0000
-308.7423 0.0000
-310.7773 0.0000
-310.4600 0.0000
-309.5501 0.0000
-310.0972 0.0000
-310.5697 0.0000
-310.1331 0.0000
-310.2613 0.0000
-311.1039 0.0000
-310.5684 0.0000
-310.6351 0.0000
-310.7926 0.0000
-310.1555 0.0000
-310.5283 0.0000
-309.3837 0.0000
-309.3872 0.0000
-311.4085 0.0000
-310.7607 0.0000
-310.3620 0.0000
-310.6736 0.0000
-309.1798 0.0000
-310.1576 0.0000
-310.4535 0.0000
-308.9530 0.0000
-309.2129 0.0000
-310.0608 0.0000
-309.9392 0.0000
-311.4137 0.0000
-309.6078 0.0000
-309.6566 0.0000
-309.8030 0.0000
-308.8873 0.0000
-310.2537 0.0000
-310.2195 0.0000
-310.4233 0.0000
-310.5165 0.0000
-309.8463 0.0000
-310.3717 0.0000
-310.4870 0.0000
-310.1199 0.0000
-310.2412 0.0000
-310.1472 0.0000
-311.2052 0.0000
-309.8943 0.0000
-310.2804 0.0000
-310.2350 0.0000
-311.0906 0.0000
-309.5360 0.0000
-309.4701 0.0000
-310.5330 0.0000
-310.6914 0.0000
-309.2011 0.0000
-310.4298 0.0000
-310.0423 0.0000
-310.1501 0.0000
-310.8955 0.0000
-309.8934 0.0000
-309.3371 0.0000
-310.0958 0.0000
-311.4167 0.0000
-309.9232 0.0000
-310.1340 0.0000
-311.4467 0.0000
-310.9809 0.0000
-309.4510 0.0000
-309.9632 0.0000
-310.8829 0.0000
-310.0180 0.0000
-310.3822 0.0000
-310.6586 0.0000
-309.8749 0.0000
-291.7850 0.0000
-289.2179 0.0000
-289.1189 0.0000
-289.8339 0.0000
-290.8217 0.0000
-290.9166 0.0000
-289.8995 0.0000
-291.0235 0.0000
-289.0487 0.0000
-290.5457 0.0000
-290.2575 0.0000
-289.7396 0.0000
-289.6160 0.0000
-291.4480 0.0000
-290.9611 0.0000
-291.7836 0.0000
-291.5436 0.0000
-290.7727 0.0000
-289.2805 0.0000
-290.0932 0.0000
-290.4603 0.0000
-290.8000 0.0000
-291.5104 0.0000
-290.6882 0.0000
-291.0870 0.0000
-291.7706 0.0000
-290.4856 0.0000
-290.4880 0.0000
-289.8826 0.0000
-289.8031 0.0000
-290.2936 0.0000
-289.4710 0.0000
-291.1743 0.0000
-289.6956 0.0000
-290.8942 0.0000
-290.9018 0.0000
-291.9741 0.0000
-289.4669 0.0000
-290.4513 0.0000
-290.0023 0.0000
-291.0161 0.0000
-289.6888 0.0000
-290.5880 0.0000
-290.5087 0.0000
-289.9381 0.0000
-291.1220 0.0000
-290.3893 0.0000
-292.1014 0.0000
-291.0880 0.0000
-292.3884 0.0000
-291.1289 0.0000
-289.4139 0.0000
-288.9658 0.0000
-291.7797 0.0000
-289.7889 0.0000
-291.0771 0.0000
-289.8171 0.0000
-291.0566 0.0000
-291.6136 0.0000
-289.5295 0.0000
-290.1735 0.0000
-291.0539 0.0000
-292.3756 0.0000
-292.3367 0.0000
-291.8910 0.0000
-290.2029 0.0000
-291.1964 0.0000
-289.7891 0.0000
-289.5813 0.0000
-290.5715 0.0000
-290.7319 0.0000
-292.5471 0.0000
-289.4620 0.0000
-290.7534 0.0000
-289.7802 0.0000
-291.4915 0.0000
-292.2820 0.0000
-289.4508 0.0000
-289.3220 0.0000
-290.5916 0.0000
-288.9800 0.0000
-291.3747 0.0000
-291.1755 0.0000
-289.1906 0.0000
-289.4428 0.0000
-289.8486 0.0000
-290.3499 0.0000
-291.0606 0.0000
-291.4353 0.0000
-290.6849 0.0000
-291.4561 0.0000
-291.0170 0.0000
-291.8833 0.0000
-290.5443 0.0000
-290.6283 0.0000
-290.5465 0.0000
-290.8440 0.0000
-292.9459 0.0000
-290.2694 0.0000
-291.6906 0.0000
-273.5439 0.0000
-272.6368 0.0000
-272.0904 0.0000
-272.8671 0.0000
-271.5841 0.0000
-272.2957 0.0000
-273.4548 0.0000
-272.4192 0.0000
-271.3776 0.0000
-271.7418 0.0000
-272.0673 0.0000
-272.0620 0.0000
-270.9574 0.0000
-270.8958 0.0000
-272.0138 0.0000
-273.8629 0.0000
-272.6869 0.0000
-272.2773 0.0000
-272.8278 0.0000
-271.9205 0.0000
-271.9206 0.0000
-272.0499 0.0000
-271.7864 0.0000
-271.5550 0.0000
-273.5776 0.0000
-272.2445 0.0000
-273.1414 0.0000
-271.5683 0.0000
-272.3221 0.0000
-272.3775 0.0000
-273.5228 0.0000
-272.9422 0.0000
-273.0787 0.0000
-272.5580 0.0000
-273.7020 0.0000
-272.1322 0.0000
-271.9055 0.0000
-271.7033 0.0000
-273.4346 0.0000
-272.1972 0.0000
-271.6810 0.0000
-271.8299 0.0000
-271.8929 0.0000
-272.3673 0.0000
-271.2819 0.0000
-272.4893 0.0000
-273.5208 0.0000
-272.8625 0.0000
-272.8248 0.0000
-273.1393 0.0000
-272.4811 0.0000
-272.0834 0.0000
-273.2332 0.0000
-271.5153 0.0000
-272.7610 0.0000
-272.4082 0.0000
-272.5273 0.0000
-272.7433 0.0000
-271.8658 0.0000
-272.3829 0.0000
-272.9545 0.0000
-271.5366 0.0000
-271.1769 0.0000
-272.2527 0.0000
-271.6007 0.0000
-272.3381 0.0000
-271.4688 0.0000
-271.8621 0.0000
-271.9731 0.0000
-273.1921 0.0000
-272.4069 0.0000
-273.0397 0.0000
-271.9121 0.0000
-272.0997 0.0000
-273.8234 0.0000
-273.5422 0.0000
-271.6270 0.0000
-271.0800 0.0000
-273.0653 0.0000
-273.3817 0.0000
-274.1430 0.0000
-273.1118 0.0000
-271.8462 0.0000
-272.0554 0.0000
-272.6800 0.0000
-271.4672 0.0000
-272.3394 0.0000
-273.9300 0.0000
-273.5438 0.0000
-272.3418 0.0000
-271.6078 0.0000
-273.4416 0.0000
-272.3058 0.0000
-272.7954 0.0000
-273.0315 0.0000
-273.5227 0.0000
-272.3768 0.0000
-273.1865 0.0000
-272.6590 0.0000
-271.8024 0.0000
-339.5742 0.0000
-337.7435 0.0000
-339.5452 0.0000
-339.3239 0.0000
-338.9088 0.0000
-339.0514 0.0000
-337.5854 0.0000
-338.0087 0.0000
-340.6351 0.0000
-338.1514 0.0000
-338.4126 0.0000
-339.1955 0.0000
-338.6685 0.0000
-338.9497 0.0000
-337.8944 0.0000
-337.9283 0.0000
-339.3276 0.0000
-338.5726 0.0000
-338.2432 0.0000
-338.6116 0.0000
-337.8653 0.0000
-339.7541 0.0000
-339.4106 0.0000
-338.0579 0.0000
-338.8053 0.0000
-339.9360 0.0000
-338.7088 0.0000
-338.8141 0.0000
-337.7122 0.0000
-337.5601 0.0000
-339.2700 0.0000
-341.0648 0.0000
-338.5603 0.0000
-338.6743 0.0000
-339.9272 0.0000
-339.1891 0.0000
-339.8718 0.0000
-337.9549 0.0000
-337.0220 0.0000
-338.6175 0.0000
-339.2926 0.0000
-339.4187 0.0000
-340.1619 0.0000
-340.1302 0.0000
-339.7314 0.0000
-337.9344 0.0000
-338.6435 0.0000
-339.6879 0.0000
-339.5479 0.0000
-338.5925 0.0000
-339.5623 0.0000
-339.7778 0.0000
-337.7387 0.0000
-336.5883 0.0000
-337.1175 0.0000
-338.2358 0.0000
-338.4459 0.0000
-338.8248 0.0000
-339.1984 0.0000
-338.3104 0.0000
-337.8177 0.0000
-338.1748 0.0000
-338.1295 0.0000
-338.6196 0.0000
-338.9734 0.0000
-338.3153 0.0000
-338.9993 0.0000
-339.5328 0.0000
-338.7859 0.0000
-339.9682 0.0000
-338.7162 0.0000
-338.4448 0.0000
-338.5612 0.0000
-338.2342 0.0000
-338.3096 0.0000
-337.3121 0.0000
-338.0982 0.0000
-338.1510 0.0000
-338.3937 0.0000
-337.9998 0.0000
-339.0530 0.0000
-339.6305 0.0000
-337.1697 0.0000
-335.6524 0.0000
-337.9051 0.0000
-339.5888 0.0000
-337.8428 0.0000
-339.1482 0.0000
-340.0336 0.0000
-340.6030 0.0000
-337.4567 0.0000
-337.0366 0.0000
-338.8981 0.0000
-339.9961 0.0000
-338.8565 0.0000
-338.5399 0.0000
-340.6108 0.0000
-339.4806 0.0000
-338.7724 0.0000
-337.1356 0.0000
-251.6558 0.0000
-251.0992 0.0000
-253.3562 0.0000
-251.3081 0.0000
-252.0191 0.0000
-251.0757 0.0000
-252.2608 0.0000
-252.0482 0.0000
-251.8242 0.0000
-251.1315 0.0000
-252.0656 0.0000
-251.9016 0.0000
-250.6757 0.0000
-251.7025 0.0000
-252.4947 0.0000
-251.9598 0.0000
-252.2046 0.0000
-252.3703 0.0000
-251.1537 0.0000
-251.8514 0.0000
-252.6582 0.0000
-252.0866 0.0000
-251.2294 0.0000
-250.8778 0.0000
-252.9796 0.0000
-250.8034 0.0000
-250.3204 0.0000
-251.1084 0.0000
-251.3696 0.0000
-251.9351 0.0000
-251.2098 0.0000
-250.6651 0.0000
-250.7929 0.0000
-250.1869 0.0000
-250.0095 0.0000
-250.3961 0.0000
-249.3805 0.0000
-250.2844 0.0000
-250.6442 0.0000
-250.2781 0.0000
-250.2300 0.0000
-249.3495 0.0000
-248.1276 0.0000
-247.8801 0.0000
-247.5834 0.0000
-247.8014 0.0000
-246.6797 0.0000
-245.6362 0.0000
-246.8346 0.0000
-246.8027 0.0000
-246.5732 0.0000
-246.1342 0.0000
-245.5280 0.0000
-245.2319 0.0000
-245.8822 0.0000
-245.1930 0.0000
-245.4250 0.0000
-246.0682 0.0000
-246.3654 0.0000
-245.9143 0.0000
-246.2337 0.0000
-245.6678 0.0000
-245.4897 0.0000
-244.9473 0.0000
-246.1681 0.0000
-246.1072 0.0000
-247.1698 0.0000
-247.0959 0.0000
-246.8267 0.0000
-246.1255 0.0000
-245.8351 0.0000
-247.1018 0.0000
-246.5289 0.0000
-247.6225 0.0000
-247.8513 0.0000
-247.4950 0.0000
-247.3283 0.0000
-246.4446 0.0000
-245.7386 0.0000
-245.5768 0.0000
-244.7344 0.0000
-244.2787 0.0000
-243.8627 0.0000
-244.9990 0.0000
-245.0294 0.0000
-244.9099 0.0000
-245.3246 0.0000
-248.0453 0.0000
-245.0138 0.0000
-245.4294 0.0000
-244.6759 0.0000
-246.8477 0.0000
-244.4249 0.0000
-243.9812 0.0000
-242.0963 0.0000
-242.2177 0.0000
-242.6648 0.0000
-243.0331 0.0000
-242.9571 0.0000
-243.3591 0.0000
-330.2003 0.0000
-329.1230 0.0000
-330.2233 0.0000
-329.2461 0.0000
-329.7530 0.0000
-329.0848 0.0000
-330.3848 0.0000
-329.9981 0.0000
-329.2211 0.0000
-329.1214 0.0000
-329.6148 0.0000
-329.2444 0.0000
-329.6487 0.0000
-330.2379 0.0000
-330.7150 0.0000
-329.4320 0.0000
-329.6467 0.0000
-329.2639 0.0000
-330.3256 0.0000
-330.6376 0.0000
-330.1506 0.0000
-330.0847 0.0000
-329.2643 0.0000
-329.9900 0.0000
-329.8786 0.0000
-329.9821 0.0000
-329.2610 0.0000
-329.4955 0.0000
-329.4934 0.0000
-330.1805 0.0000
-329.6530 0.0000
-329.6718 0.0000
-329.5507 0.0000
-329.6567 0.0000
-329.3112 0.0000
-329.9108 0.0000
-330.0799 0.0000
-329.7557 0.0000
-330.3005 0.0000
-330.1557 0.0000
-329.4784 0.0000
-330.7935 0.0000
-330.1761 0.0000
-330.3032 0.0000
-330.2534 0.0000
-329.6820 0.0000
-329.9597 0.0000
-329.5946 0.0000
-330.7656 0.0000
-329.2510 0.0000
-330.0312 0.0000
-330.3200 0.0000
-330.2013 0.0000
-329.6408 0.0000
-329.3811 0.0000
-328.8231 0.0000
-329.6790 0.0000
-329.7095 0.0000
-329.7804 0.0000
-329.7140 0.0000
-329.7873 0.0000
-330.3290 0.0000
-329.2900 0.0000
-329.3286 0.0000
-329.8407 0.0000
-329.6638 0.0000
-329.9911 0.0000
-329.6801 0.0000
-329.6467 0.0000
-330.3297 0.0000
-329.5490 0.0000
-330.5748 0.0000
-330.9958 0.0000
-329.5461 0.0000
-330.3052 0.0000
-329.8344 0.0000
-329.8247 0.0000
-330.2564 0.0000
-329.8908 0.0000
-330.0089 0.0000
-330.0326 0.0000
-330.0025 0.0000
-329.1861 0.0000
-329.2646 0.0000
-329.4364 0.0000
-329.2474 0.0000
-329.1971 0.0000
-329.7266 0.0000
-329.5518 0.0000
-329.5126 0.0000
-328.9191 0.0000
-330.0030 0.0000
-329.6224 0.0000
-329.9101 0.0000
-330.1220 0.0000
-330.2342 0.0000
-329.4798 0.0000
-329.2461 0.0000
-329.4991 0.0000
-329.6387 0.0000
-313.1774 0.0000
-311.3630 0.0000
-311.0008 0.0000
-313.5106 0.0000
-312.7783 0.0000
-314.4950 0.0000
-313.0531 0.0000
-314.3859 0.0000
-311.7599 0.0000
-313.1391 0.0000
-312.4055 0.0000
-312.5828 0.0000
-313.3850 0.0000
-311.9384 0.0000
-311.7111 0.0000
-312.5762 0.0000
-312.1126 0.0000
-314.2430 0.0000
-312.6572 0.0000
-313.7908 0.0000
-314.0837 0.0000
-312.0948 0.0000
-312.6341 0.0000
-312.6440 0.0000
-314.1772 0.0000
-314.6419 0.0000
-314.5146 0.0000
-312.2324 0.0000
-312.9567 0.0000
-312.6534 0.0000
-312.6520 0.0000
-312.6046 0.0000
-313.2882 0.0000
-313.2477 0.0000
-312.9308 0.0000
-313.0124 0.0000
-312.3223 0.0000
-312.3288 0.0000
-312.3688 0.0000
-311.7464 0.0000
-311.1235 0.0000
-312.5599 0.0000
-313.2159 0.0000
-312.2836 0.0000
-313.2573 0.0000
-313.3906 0.0000
-313.6038 0.0000
-313.8275 0.0000
-312.2360 0.0000
-314.3933 0.0000
-312.3553 0.0000
-312.3648 0.0000
-312.4778 0.0000
-312.7645 0.0000
-313.0158 0.0000
-314.0259 0.0000
-313.4634 0.0000
-313.1093 0.0000
-313.8859 0.0000
-312.0151 0.0000
-312.8316 0.0000
-312.9279 0.0000
-312.2843 0.0000
-314.4453 0.0000
-311.8722 0.0000
-313.3344 0.0000
-313.3355 0.0000
-312.4142 0.0000
-313.4532 0.0000
-312.3612 0.0000
-312.9228 0.0000
-314.0864 0.0000
-313.6012 0.0000
-312.9526 0.0000
-312.9048 0.0000
-313.5256 0.0000
-312.7807 0.0000
-313.3652 0.0000
-313.0918 0.0000
-311.1283 0.0000
-311.7272 0.0000
-313.5370 0.0000
-314.2124 0.0000
-312.1547 0.0000
-311.2628 0.0000
-313.8025 0.0000
-311.0669 0.0000
-312.0058 0.0000
-312.4904 0.0000
-314.0166 0.0000
-313.7707 0.0000
-313.0884 0.0000
-312.1853 0.0000
-313.5396 0.0000
-312.9833 0.0000
-311.4546 0.0000
-314.0577 0.0000
-313.6865 0.0000
-314.1977 0.0000
-314.0324 0.0000
-222.7176 0.0000
-222.4261 0.0000
-222.3261 0.0000
-220.8718 0.0000
-220.7621 0.0000
-220.7967 0.0000
-220.8152 0.0000
-220.0478 0.0000
-219.6616 0.0000
-219.7148 0.0000
-220.0447 0.0000
-220.2026 0.0000
-220.6947 0.0000
-221.2488 0.0000
-219.2740 0.0000
-219.8173 0.0000
-219.4190 0.0000
-219.3883 0.0000
-219.0184 0.0000
-220.1770 0.0000
-220.5171 0.0000
-221.0484 0.0000
-220.3225 0.0000
-220.5361 0.0000
-220.6684 0.0000
-220.2405 0.0000
-220.4567 0.0000
-219.7248 0.0000
-220.1591 0.0000
-220.3479 0.0000
-219.7821 0.0000
-220.0831 0.0000
-219.9212 0.0000
-219.6992 0.0000
-218.5396 0.0000
-218.9264 0.0000
-219.2283 0.0000
-220.6035 0.0000
-219.7798 0.0000
-219.2736 0.0000
-219.1998 0.0000
-218.9498 0.0000
-218.5217 0.0000
-217.4650 0.0000
-217.7062 0.0000
-218.3184 0.0000
-218.1274 0.0000
-218.0966 0.0000
-218.9204 0.0000
-218.8355 0.0000
-219.0756 0.0000
-218.6309 0.0000
-219.7119 0.0000
-218.0360 0.0000
-217.8486 0.0000
-217.2878 0.0000
-216.1670 0.0000
-215.8460 0.0000
-215.7673 0.0000
-216.7073 0.0000
-216.3634 0.0000
-216.3773 0.0000
-216.2808 0.0000
-216.5348 0.0000
-216.3991 0.0000
-216.1601 0.0000
-216.1671 0.0000
-215.4760 0.0000
-215.3321 0.0000
-215.7586 0.0000
-215.9278 0.0000
-215.9934 0.0000
-216.2898 0.0000
-216.0512 0.0000
-216.4275 0.0000
-216.0007 0.0000
-216.0244 0.0000
-215.3466 0.0000
-215.2692 0.0000
-214.9169 0.0000
-215.6982 0.0000
-215.9537 0.0000
-214.4658 0.0000
-214.9350 0.0000
-214.2193 0.0000
-214.1822 0.0000
-214.4571 0.0000
-214.8740 0.0000
-215.0841 0.0000
-214.5926 0.0000
-214.3828 0.0000
-214.1755 0.0000
-214.4342 0.0000
-214.1316 0.0000
-214.8744 0.0000
-215.2448 0.0000
-215.3973 0.0000
-215.2447 0.0000
-215.1108 0.0000
-215.0653 0.0000
-324.5376 0.0000
-322.5357 0.0000
-323.2000 0.0000
-323.2030 0.0000
-323.4103 0.0000
-323.6149 0.0000
-323.1497 0.0000
-323.3605 0.0000
-323.5677 0.0000
-322.6019 0.0000
-321.9740 0.0000
-323.0154 0.0000
-321.5456 0.0000
-323.0523 0.0000
-321.9088 0.0000
-321.5400 0.0000
-322.4120 0.0000
-320.3650 0.0000
-320.8628 0.0000
-321.2643 0.0000
-321.3683 0.0000
-320.6480 0.0000
-321.0528 0.0000
-320.4393 0.0000
-319.9366 0.0000
-320.0861 0.0000
-319.7102 0.0000
-320.2268 0.0000
-321.7510 0.0000
-320.3457 0.0000
-321.4915 0.0000
-320.4693 0.0000
-318.9626 0.0000
-319.2858 0.0000
-318.8185 0.0000
-317.9487 0.0000
-319.8316 0.0000
-318.8152 0.0000
-318.9217 0.0000
-318.6294 0.0000
-318.1240 0.0000
-318.0887 0.0000
-319.5650 0.0000
-319.9192 0.0000
-319.8715 0.0000
-320.6894 0.0000
-320.1702 0.0000
-319.6711 0.0000
-319.5766 0.0000
-319.2538 0.0000
-318.5475 0.0000
-318.4151 0.0000
-318.3395 0.0000
-318.3418 0.0000
-318.0461 0.0000
-319.0228 0.0000
-317.6009 0.0000
-318.3995 0.0000
-318.4003 0.0000
-315.7262 0.0000
-316.1106 0.0000
-316.3517 0.0000
-315.2964 0.0000
-315.4995 0.0000
-315.4829 0.0000
-314.3148 0.0000
-314.7644 0.0000
-314.3543 0.0000
-313.3408 0.0000
-313.0733 0.0000
-313.4716 0.0000
-312.6817 0.0000
-313.5764 0.0000
-313.7917 0.0000
-314.5559 0.0000
-314.4810 0.0000
-315.8183 0.0000
-313.9683 0.0000
-315.3808 0.0000
-315.8162 0.0000
-313.5695 0.0000
-314.5481 0.0000
-312.6810 0.0000
-311.8649 0.0000
-311.2017 0.0000
-312.3311 0.0000
-312.2715 0.0000
-311.5000 0.0000
-310.6951 0.0000
-310.9021 0.0000
-310.9709 0.0000
-312.0466 0.0000
-311.0832 0.0000
-312.0203 0.0000
-312.0262 0.0000
-313.1074 0.0000
-312.5333 0.0000
-313.7034 0.0000
-312.2660 0.0000
-311.9940 0.0000
-311.7591 0.0000
-310.6126 0.0000
-311.6038 0.0000
-311.7964 0.0000
-309.8255 0.0000
-308.7509 0.0000
-308.1762 0.0000
-307.8668 0.0000
-307.7558 0.0000
-307.9569 0.0000
-308.4903 0.0000
-308.2944 0.0000
-308.8132 0.0000
-309.4361 0.0000
-307.1006 0.0000
-307.4049 0.0000
-307.8346 0.0000
-307.4056 0.0000
-307.6929 0.0000
-307.8852 0.0000
-308.6770 0.0000
-307.5113 0.0000
-308.8661 0.0000
-308.4064 0.0000
-306.5333 0.0000
-306.5730 0.0000
-306.2469 0.0000
-306.5159 0.0000
-307.0803 0.0000
-306.5461 0.0000
-306.3094 0.0000
-306.4035 0.0000
-306.8535 0.0000
-306.5854 0.0000
-306.8512 0.0000
-307.6250 0.0000
-308.2878 0.0000
-308.2500 0.0000
-308.4925 0.0000
-308.1866 0.0000
-308.4867 0.0000
-308.7082 0.0000
-307.6218 0.0000
-307.6108 0.0000
-308.8878 0.0000
-306.5975 0.0000
-306.7761 0.0000
-306.7339 0.0000
-305.5833 0.0000
-305.0635 0.0000
-304.6955 0.0000
-305.5485 0.0000
-303.5704 0.0000
-303.9164 0.0000
-304.2180 0.0000
-304.6455 0.0000
-305.3162 0.0000
-303.6609 0.0000
-304.5581 0.0000
-304.7508 0.0000
-304.9487 0.0000
-303.8238 0.0000
-302.5004 0.0000
-302.8992 0.0000
-301.6574 0.0000
-301.9486 0.0000
-302.8896 0.0000
-301.4733 0.0000
-300.0750 0.0000
-300.4657 0.0000
-300.6673 0.0000
-300.0206 0.0000
-300.5352 0.0000
-300.5227 0.0000
-301.0231 0.0000
-300.5680 0.0000
-300.9902 0.0000
-300.5015 0.0000
-300.7266 0.0000
-301.3018 0.0000
-300.8244 0.0000
-300.0182 0.0000
-300.6740 0.0000
-300.9579 0.0000
-300.9531 0.0000
-301.9312 0.0000
-299.9495 0.0000
-300.3821 0.0000
-299.4740 0.0000
-299.7714 0.0000
-299.6337 0.0000
-300.0379 0.0000
-299.5376 0.0000
-298.9845 0.0000
-297.9529 0.0000
-298.2275 0.0000
-297.6904 0.0000
-298.0149 0.0000
-297.8897 0.0000
-298.1839 0.0000
-258.5329 0.0000
-258.8940 0.0000
-258.6890 0.0000
-258.3215 0.0000
-258.5971 0.0000
-257.7812 0.0000
-258.7466 0.0000
-257.3535 0.0000
-256.9260 0.0000
-257.3244 0.0000
-257.2407 0.0000
-256.7624 0.0000
-256.8728 0.0000
-257.7610 0.0000
-258.0990 0.0000
-257.9256 0.0000
-258.9947 0.0000
-259.1624 0.0000
-258.4431 0.0000
-259.3047 0.0000
-257.9525 0.0000
-256.7622 0.0000
-256.2790 0.0000
-256.8528 0.0000
-255.9494 0.0000
-256.4086 0.0000
-257.7532 0.0000
-255.8489 0.0000
-256.2787 0.0000
-256.2791 0.0000
-254.7165 0.0000
-254.1880 0.0000
-254.2100 0.0000
-254.6948 0.0000
-255.1298 0.0000
-255.2133 0.0000
-255.6510 0.0000
-257.0173 0.0000
-255.8424 0.0000
-255.5567 0.0000
-254.4847 0.0000
-254.7878 0.0000
-254.4359 0.0000
-255.0587 0.0000
-254.1411 0.0000
-253.1961 0.0000
-252.7663 0.0000
-252.1863 0.0000
-252.5261 0.0000
-251.3365 0.0000
-252.2195 0.0000
-252.3800 0.0000
-251.7048 0.0000
-252.3489 0.0000
-251.2066 0.0000
-250.0537 0.0000
-250.5091 0.0000
-251.9537 0.0000
-249.9736 0.0000
-250.7604 0.0000
-249.9862 0.0000
-249.5529 0.0000
-249.4309 0.0000
-248.8422 0.0000
-248.5593 0.0000
-247.8279 0.0000
-248.3841 0.0000
-248.9257 0.0000
-249.6272 0.0000
-248.4000 0.0000
-249.3324 0.0000
-249.3038 0.0000
-248.9833 0.0000
-247.9670 0.0000
-247.9492 0.0000
-249.4656 0.0000
-248.1024 0.0000
-247.7421 0.0000
-247.1356 0.0000
-247.1160 0.0000
-248.6074 0.0000
-247.0380 0.0000
-246.8189 0.0000
-247.5046 0.0000
-247.5376 0.0000
-247.5141 0.0000
-248.7361 0.0000
-249.8171 0.0000
-250.1741 0.0000
-251.4489 0.0000
-249.5831 0.0000
-250.1729 0.0000
-250.3554 0.0000
-250.6340 0.0000
-250.3625 0.0000
-250.2946 0.0000
-250.0683 0.0000
-250.9118 0.0000
-251.5560 0.0000
-252.2815 0.0000
-225.2184 0.0000
-224.2761 0.0000
-223.9505 0.0000
-222.7902 0.0000
-222.9908 0.0000
-222.3288 0.0000
-222.3733 0.0000
-222.1333 0.0000
-221.9685 0.0000
-223.4293 0.0000
-222.4302 0.0000
-221.8960 0.0000
-222.3895 0.0000
-222.3439 0.0000
-221.8067 0.0000
-221.8984 0.0000
-223.5425 0.0000
-223.0611 0.0000
-220.4023 0.0000
-221.0130 0.0000
-221.5497 0.0000
-221.2858 0.0000
-221.2309 0.0000
-222.3350 0.0000
-221.9036 0.0000
-220.7405 0.0000
-221.4422 0.0000
-221.4323 0.0000
-221.2643 0.0000
-221.5121 0.0000
-221.2528 0.0000
-222.3730 0.0000
-222.2346 0.0000
-223.3730 0.0000
-221.5705 0.0000
-221.0508 0.0000
-220.6385 0.0000
-219.8455 0.0000
-220.4192 0.0000
-221.9779 0.0000
-221.2277 0.0000
-221.8380 0.0000
-220.8086 0.0000
-221.2838 0.0000
-222.5730 0.0000
-220.2727 0.0000
-221.6176 0.0000
-221.2613 0.0000
-221.9589 0.0000
-221.6000 0.0000
-221.8699 0.0000
-223.4497 0.0000
-221.7160 0.0000
-220.1995 0.0000
-219.5690 0.0000
-220.2690 0.0000
-219.5599 0.0000
-220.8989 0.0000
-219.6363 0.0000
-218.5030 0.0000
-218.2857 0.0000
-218.5615 0.0000
-219.2179 0.0000
-218.3741 0.0000
-218.0658 0.0000
-218.6674 0.0000
-219.0862 0.0000
-218.4555 0.0000
-218.5902 0.0000
-218.3602 0.0000
-218.2913 0.0000
-218.5639 0.0000
-219.0529 0.0000
-218.6290 0.0000
-219.0145 0.0000
-217.9949 0.0000
-218.4403 0.0000
-218.1228 0.0000
-219.5754 0.0000
-218.1710 0.0000
-219.8675 0.0000
-219.4523 0.0000
-217.7577 0.0000
-218.6998 0.0000
-218.8378 0.0000
-218.4184 0.0000
-218.9287 0.0000
-218.3917 0.0000
-218.0597 0.0000
-217.6428 0.0000
-217.6076 0.0000
-217.9311 0.0000
-219.1760 0.0000
-219.3138 0.0000
-218.4741 0.0000
-218.6506 0.0000
-219.0499 0.0000
-219.2137 0.0000
-218.8403 0.0000
-218.0473 0.0000
-218.2836 0.0000
-217.9242 0.0000
-218.6177 0.0000
-217.9956 0.0000
-217.8758 0.0000
-219.0791 0.0000
-217.7510 0.0000
-217.4431 0.0000
-217.8108 0.0000
-215.9335 0.0000
-215.0891 0.0000
-214.9768 0.0000
-215.5629 0.0000
-215.2302 0.0000
-215.0775 0.0000
-215.1586 0.0000
-215.3000 0.0000
-215.5897 0.0000
-216.1362 0.0000
-215.8616 0.0000
-216.1289 0.0000
-215.9294 0.0000
-216.5060 0.0000
-216.4794 0.0000
-216.1514 0.0000
-215.7298 0.0000
-214.2224 0.0000
-213.8973 0.0000
-214.5959 0.0000
-214.6489 0.0000
-214.0254 0.0000
-214.5088 0.0000
-214.8153 0.0000
-215.3234 0.0000
-215.3145 0.0000
-216.3632 0.0000
-216.7162 0.0000
-216.1856 0.0000
-216.1296 0.0000
-215.9689 0.0000
-214.9974 0.0000
-214.6015 0.0000
-215.0406 0.0000
-215.4597 0.0000
-215.3942 0.0000
-214.9068 0.0000
-215.3990 0.0000
-214.5677 0.0000
-215.3271 0.0000
-214.3084 0.0000
-214.2090 0.0000
-213.7546 0.0000
-213.1849 0.0000
-214.0112 0.0000
-214.4853 0.0000
-214.9660 0.0000
-214.9297 0.0000
-214.6212 0.0000
-213.8806 0.0000
-213.6765 0.0000
-213.6191 0.0000
-213.5019 0.0000
-212.2947 0.0000
-212.8780 0.0000
-213.3647 0.0000
-213.4206 0.0000
-213.0930 0.0000
-212.6488 0.0000
-212.7821 0.0000
-213.0447 0.0000
-213.1493 0.0000
-213.3008 0.0000
-213.1077 0.0000
-213.0196 0.0000
-212.8413 0.0000
-212.7007 0.0000
-212.5460 0.0000
-212.1003 0.0000
-211.5833 0.0000
-211.3019 0.0000
-211.0897 0.0000
-211.1363 0.0000
-211.2537 0.0000
-211.6582 0.0000
-211.1676 0.0000
-210.9032 0.0000
-211.3549 0.0000
-210.8007 0.0000
-210.9930 0.0000
-211.4023 0.0000
-212.1961 0.0000
-212.5397 0.0000
-212.4193 0.0000
-213.4153 0.0000
-213.3235 0.0000
-215.6165 0.0000
-213.1493 0.0000
-212.7002 0.0000
-213.1848 0.0000
-212.6889 0.0000
-213.5956 0.0000
-212.5425 0.0000
-212.2946 0.0000
-212.6834 0.0000
-212.9362 0.0000
-212.5036 0.0000
-212.7574 0.0000
-213.4381 0.0000
-212.8964 0.0000
-213.6309 0.0000
-214.3670 0.0000
-214.1983 0.0000
-217.0764 0.0000
-213.8782 0.0000
-213.2351 0.0000
-212.1449 0.0000
-213.1548 0.0000
-213.4128 0.0000
-213.2425 0.0000
-212.4145 0.0000
-212.9339 0.0000
-212.4269 0.0000
-212.2305 0.0000
-212.6691 0.0000
-213.4012 0.0000
-213.0373 0.0000
-212.9064 0.0000
-213.2850 0.0000
-214.2604 0.0000
-212.2330 0.0000
-211.6503 0.0000
-212.3880 0.0000
-211.8994 0.0000
-212.2465 0.0000
-212.4535 0.0000
-212.6234 0.0000
-212.0838 0.0000
-211.0949 0.0000
-210.8655 0.0000
-210.4185 0.0000
-210.8103 0.0000
-210.9816 0.0000
-209.6980 0.0000
-211.0931 0.0000
-209.9638 0.0000
-210.3043 0.0000
-210.5900 0.0000
-211.5307 0.0000
-210.9669 0.0000
-210.9430 0.0000
-211.1857 0.0000
-210.3368 0.0000
-210.2319 0.0000
-209.6261 0.0000
-208.6343 0.0000
-209.2953 0.0000
-208.6482 0.0000
-208.0578 0.0000
-208.4503 0.0000
-207.7426 0.0000
-207.3048 0.0000
-206.9958 0.0000
-207.2175 0.0000
-207.5676 0.0000
-207.6877 0.0000
-207.2140 0.0000
-207.0909 0.0000
-206.9725 0.0000
-207.3806 0.0000
-208.3231 0.0000
-207.8228 0.0000
-208.1350 0.0000
-208.2944 0.0000
-207.9993 0.0000
-208.2329 0.0000
-208.7177 0.0000
-208.0763 0.0000
-208.0018 0.0000
-207.9333 0.0000
-208.2919 0.0000
-207.9421 0.0000
-207.5169 0.0000
-207.9266 0.0000
-208.1602 0.0000
-207.8556 0.0000
-207.5602 0.0000
-207.6333 0.0000
-207.8815 0.0000
-207.1626 0.0000
-207.2173 0.0000
-207.7245 0.0000
-207.6409 0.0000
-208.1062 0.0000
-207.6814 0.0000
-208.1589 0.0000
-208.2394 0.0000
-207.3189 0.0000
-207.5709 0.0000
-207.3270 0.0000
-206.9725 0.0000
-206.8128 0.0000
-207.0672 0.0000
-206.7874 0.0000
-206.8635 0.0000
-206.6125 0.0000
-206.6318 0.0000
-206.2617 0.0000
-206.4175 0.0000
-206.3292 0.0000
-206.2017 0.0000
-206.7722 0.0000
-206.6861 0.0000
-207.6359 0.0000
-207.8445 0.0000
-207.9872 0.0000
-208.6950 0.0000
-207.5870 0.0000
-207.5285 0.0000
-207.7145 0.0000
-207.8516 0.0000
-207.5000 0.0000
-206.9648 0.0000
-207.4415 0.0000
-206.4474 0.0000
-206.3270 0.0000
-206.2125 0.0000
-206.2692 0.0000
-207.4106 0.0000
-207.0703 0.0000
-206.0934 0.0000
-205.8095 0.0000
-206.8894 0.0000
-205.7085 0.0000
-205.8679 0.0000
-206.0219 0.0000
-205.8829 0.0000
-206.5444 0.0000
-206.0072 0.0000
-205.8921 0.0000
-206.2091 0.0000
-206.5543 0.0000
-205.7506 0.0000
-205.8989 0.0000
-205.8401 0.0000
-205.4275 0.0000
-205.2751 0.0000
-205.7879 0.0000
-205.8983 0.0000
-206.0096 0.0000
-205.1980 0.0000
-205.6560 0.0000
-205.8032 0.0000
-205.8695 0.0000
-205.7035 0.0000
-205.3334 0.0000
-205.3973 0.0000
-204.7382 0.0000
-204.5028 0.0000
-204.4420 0.0000
-204.5037 0.0000
-204.2726 0.0000
-203.6349 0.0000
-203.5454 0.0000
-204.2003 0.0000
-204.1580 0.0000
-204.6844 0.0000
-204.8433 0.0000
-205.5653 0.0000
-205.0964 0.0000
-205.4650 0.0000
-205.0699 0.0000
-204.8550 0.0000
-204.9122 0.0000
-204.5918 0.0000
-205.3941 0.0000
-205.1912 0.0000
-205.5803 0.0000
-205.9676 0.0000
-206.3846 0.0000
-206.1600 0.0000
-205.6602 0.0000
-205.1064 0.0000
-205.1869 0.0000
-205.0999 0.0000
-204.6914 0.0000
-205.6989 0.0000
-205.3046 0.0000
-205.1789 0.0000
-205.5090 0.0000
-205.2821 0.0000
-205.1555 0.0000
-205.5713 0.0000
-205.9012 0.0000
-205.9958 0.0000
-206.1068 0.0000
-206.5929 0.0000
-206.8245 0.0000
-206.4734 0.0000
-206.7735 0.0000
-207.2991 0.0000
-200.4784 0.0000
-200.7098 0.0000
-200.8567 0.0000
-200.0724 0.0000
-199.8372 0.0000
-199.8482 0.0000
-200.1946 0.0000
-199.9546 0.0000
-199.9483 0.0000
-200.4957 0.0000
-200.9108 0.0000
-200.3147 0.0000
-200.2506 0.0000
-200.2359 0.0000
-199.8559 0.0000
-199.9644 0.0000
-200.1390 0.0000
-200.7977 0.0000
-199.8339 0.0000
-200.8081 0.0000
-199.9175 0.0000
-199.7376 0.0000
-199.3443 0.0000
-199.3398 0.0000
-199.7966 0.0000
-199.0587 0.0000
-198.5688 0.0000
-198.3058 0.0000
-198.8136 0.0000
-199.2027 0.0000
-199.2512 0.0000
-199.0835 0.0000
-199.6224 0.0000
-199.1808 0.0000
-199.4768 0.0000
-199.8626 0.0000
-199.3123 0.0000
-200.0066 0.0000
-199.5107 0.0000
-199.8130 0.0000
-199.3902 0.0000
-199.1516 0.0000
-199.1654 0.0000
-198.9509 0.0000
-198.7013 0.0000
-198.9199 0.0000
-198.9071 0.0000
-199.1663 0.0000
-198.9164 0.0000
-198.8691 0.0000
-199.2480 0.0000
-198.9242 0.0000
-199.0192 0.0000
-199.0051 0.0000
-199.2270 0.0000
-198.5745 0.0000
-199.0526 0.0000
-198.5244 0.0000
-198.4364 0.0000
-198.5000 0.0000
-198.6725 0.0000
-199.0666 0.0000
-198.5762 0.0000
-198.7168 0.0000
-198.3486 0.0000
-198.5836 0.0000
-199.2433 0.0000
-199.3111 0.0000
-199.1239 0.0000
-199.2073 0.0000
-199.5851 0.0000
-200.2729 0.0000
-200.2991 0.0000
-199.8619 0.0000
-199.7680 0.0000
-199.5482 0.0000
-199.3891 0.0000
-199.6157 0.0000
-200.0367 0.0000
-199.3334 0.0000
-199.2061 0.0000
-198.9735 0.0000
-199.0464 0.0000
-198.4594 0.0000
-198.5311 0.0000
-198.2936 0.0000
-199.0852 0.0000
-198.1859 0.0000
-198.5097 0.0000
-198.4100 0.0000
-198.8631 0.0000
-198.4100 0.0000
-198.8693 0.0000
-198.8413 0.0000
-198.4261 0.0000
-198.1797 0.0000
-198.0254 0.0000
-199.0363 0.0000
-198.3707 0.0000
-198.0303 0.0000
-197.9872 0.0000
-198.1418 0.0000
-198.0811 0.0000
-197.8335 0.0000
-197.5142 0.0000
-197.6320 0.0000
-197.2650 0.0000
-198.0267 0.0000
-197.9013 0.0000
-198.9579 0.0000
-199.0649 0.0000
-198.8177 0.0000
-199.0074 0.0000
-199.1199 0.0000
-199.4320 0.0000
-199.1273 0.0000
-199.6412 0.0000
-198.5163 0.0000
-198.1684 0.0000
-198.8006 0.0000
-197.7842 0.0000
-198.2494 0.0000
-198.0657 0.0000
-198.1483 0.0000
-198.0452 0.0000
-197.1213 0.0000
-197.2682 0.0000
-197.6329 0.0000
-197.5370 0.0000
-197.6366 0.0000
-197.8992 0.0000
-197.8626 0.0000
-197.8980 0.0000
-198.8091 0.0000
-197.7650 0.0000
-198.1743 0.0000
-199.3174 0.0000
-198.6220 0.0000
-199.6650 0.0000
-198.5759 0.0000
-199.3307 0.0000
-198.9587 0.0000
-198.3877 0.0000
-197.8101 0.0000
-197.1950 0.0000
-197.3016 0.0000
-197.4730 0.0000
-197.3513 0.0000
-197.8534 0.0000
-198.0203 0.0000
-197.7693 0.0000
-197.3433 0.0000
-197.6790 0.0000
-198.0144 0.0000
-198.7976 0.0000
-198.5475 0.0000
-198.2052 0.0000
-198.7631 0.0000
-198.4662 0.0000
-198.8954 0.0000
-198.0708 0.0000
-198.0597 0.0000
-198.4058 0.0000
-198.4788 0.0000
-198.3088 0.0000
-198.3833 0.0000
-198.2873 0.0000
-197.8672 0.0000
-197.3379 0.0000
-197.1666 0.0000
-197.4468 0.0000
-197.8537 0.0000
-196.9020 0.0000
-196.5372 0.0000
-196.1058 0.0000
-196.2843 0.0000
-196.2138 0.0000
-195.8490 0.0000
-195.6474 0.0000
-196.0678 0.0000
-195.9822 0.0000
-196.2842 0.0000
-196.6198 0.0000
-196.6290 0.0000
-196.7646 0.0000
-197.1075 0.0000
-196.5881 0.0000
-196.8459 0.0000
-196.5811 0.0000
-196.5193 0.0000
-196.5378 0.0000
-196.4918 0.0000
-196.7817 0.0000
-196.9564 0.0000
-197.1128 0.0000
-197.1547 0.0000
-197.7190 0.0000
-199.0061 0.0000
-199.7226 0.0000
-200.4348 0.0000
-199.9796 0.0000
-200.0403 0.0000
-199.8780 0.0000
-199.7788 0.0000
-200.5826 0.0000
-200.1044 0.0000
-198.8625 0.0000
-198.9143 0.0000
-198.7850 0.0000
-198.9751 0.0000
-198.2875 0.0000
-198.5989 0.0000
-198.5330 0.0000
-198.3028 0.0000
-198.9378 0.0000
-197.4220 0.0000
-198.1735 0.0000
-198.3157 0.0000
-198.5074 0.0000
-198.5385 0.0000
-199.1183 0.0000
-197.1643 0.0000
-197.2115 0.0000
-197.0381 0.0000
-197.1553 0.0000
-196.7890 0.0000
-196.7453 0.0000
-197.0704 0.0000
-196.9302 0.0000
-197.1424 0.0000
-197.0384 0.0000
-197.1062 0.0000
-197.3000 0.0000
-197.6813 0.0000
-198.5618 0.0000
-196.8403 0.0000
-196.2830 0.0000
-196.6777 0.0000
-195.6321 0.0000
-194.8643 0.0000
-194.8131 0.0000
-195.2558 0.0000
-195.1095 0.0000
-195.3266 0.0000
-195.4538 0.0000
-195.0848 0.0000
-195.5514 0.0000
-195.5153 0.0000
-195.6527 0.0000
-195.5039 0.0000
-194.7707 0.0000
-194.7249 0.0000
-194.8219 0.0000
-194.7490 0.0000
-194.7623 0.0000
-194.7255 0.0000
-194.8347 0.0000
-194.8036 0.0000
-194.4166 0.0000
-194.2099 0.0000
-193.9655 0.0000
-194.4089 0.0000
-194.3585 0.0000
-194.3189 0.0000
-194.5505 0.0000
-195.4342 0.0000
-195.0130 0.0000
-195.6873 0.0000
-195.5431 0.0000
-194.4973 0.0000
-194.5689 0.0000
-194.6778 0.0000
-194.8425 0.0000
-194.2636 0.0000
-194.5633 0.0000
-195.6405 0.0000
-195.6437 0.0000
-197.3284 0.0000
-196.1501 0.0000
-195.2195 0.0000
-195.7178 0.0000
-195.7834 0.0000
-195.5419 0.0000
-195.0908 0.0000
-195.5896 0.0000
-196.2745 0.0000
-196.0574 0.0000
-196.5099 0.0000
-196.5411 0.0000
-194.8128 0.0000
-194.6541 0.0000
-194.9464 0.0000
-194.9707 0.0000
-194.3218 0.0000
-194.2865 0.0000
-194.0012 0.0000
-194.4900 0.0000
-193.7295 0.0000
-194.2218 0.0000
-193.6558 0.0000
-193.2944 0.0000
-193.5887 0.0000
-193.8397 0.0000
-194.2687 0.0000
-194.9147 0.0000
-194.4339 0.0000
-194.6618 0.0000
-193.8643 0.0000
-193.8482 0.0000
-193.4557 0.0000
-194.0687 0.0000
-194.0914 0.0000
-194.3728 0.0000
-194.0905 0.0000
-193.7742 0.0000
-195.0464 0.0000
-194.4794 0.0000
-193.9554 0.0000
-193.3493 0.0000
-193.6832 0.0000
-193.8372 0.0000
-194.1713 0.0000
-195.5013 0.0000
-195.6884 0.0000
-194.4405 0.0000
-194.5976 0.0000
-194.4574 0.0000
-194.5680 0.0000
-193.0125 0.0000
-193.4573 0.0000
-193.1766 0.0000
-192.8786 0.0000
-192.4643 0.0000
-192.9356 0.0000
-192.6500 0.0000
-193.4957 0.0000
-193.2288 0.0000
-192.8332 0.0000
-192.3921 0.0000
-192.2746 0.0000
-192.8543 0.0000
-192.0886 0.0000
-192.8443 0.0000
-192.9977 0.0000
-192.2092 0.0000
-192.4713 0.0000
-192.0908 0.0000
-191.6939 0.0000
-191.9781 0.0000
-191.7039 0.0000
-192.1143 0.0000
-193.2266 0.0000
-192.2488 0.0000
-191.7986 0.0000
-192.7568 0.0000
-191.8249 0.0000
-192.0808 0.0000
-191.1975 0.0000
-191.6330 0.0000
-190.9581 0.0000
-190.8258 0.0000
-191.0598 0.0000
-191.2296 0.0000
-191.7446 0.0000
-191.2894 0.0000
-191.9915 0.0000
-192.4645 0.0000
-192.4354 0.0000
-193.4679 0.0000
-194.0731 0.0000
-194.1692 0.0000
-195.1293 0.0000
-194.0103 0.0000
-194.0761 0.0000
-194.1771 0.0000
-195.1035 0.0000
-195.2483 0.0000
-196.0058 0.0000
-195.7694 0.0000
-196.0251 0.0000
-194.6088 0.0000
-194.9737 0.0000
-193.5704 0.0000
-192.9334 0.0000
-193.3843 0.0000
-193.4149 0.0000
-193.8574 0.0000
-192.8370 0.0000
-192.3527 0.0000
-192.3373 0.0000
-193.1884 0.0000
-192.1063 0.0000
-191.5514 0.0000
-192.0133 0.0000
-191.4142 0.0000
-191.7589 0.0000
-192.2753 0.0000
-192.2471 0.0000
-192.4770 0.0000
-192.3820 0.0000
-192.0775 0.0000
-191.8735 0.0000
-191.7466 0.0000
-191.6266 0.0000
-191.7033 0.0000
-192.3377 0.0000
-191.6744 0.0000
-191.5741 0.0000
-192.4873 0.0000
-192.5216 0.0000
-192.2328 0.0000
-192.4446 0.0000
-192.5908 0.0000
-192.9592 0.0000
-192.8288 0.0000
-193.0048 0.0000
-193.6265 0.0000
-193.7179 0.0000
-194.3118 0.0000
-193.8062 0.0000
-195.5261 0.0000
-194.0036 0.0000
-193.4540 0.0000
-192.8451 0.0000
-192.2266 0.0000
-191.8781 0.0000
-192.0216 0.0000
-192.7292 0.0000
-193.1393 0.0000
-192.4365 0.0000
-193.0425 0.0000
-192.4809 0.0000
-191.8408 0.0000
-192.3230 0.0000
-191.0291 0.0000
-191.6133 0.0000
-191.6942 0.0000
-192.2270 0.0000
-193.0341 0.0000
-192.7677 0.0000
-192.0567 0.0000
-192.3380 0.0000
-192.8018 0.0000
-192.4508 0.0000
-193.5358 0.0000
-192.8381 0.0000
-192.4270 0.0000
-192.0516 0.0000
-192.0555 0.0000
-192.1103 0.0000
-192.2194 0.0000
-192.4719 0.0000
-191.9426 0.0000
-192.3724 0.0000
-192.2184 0.0000
-191.3689 0.0000
-190.5969 0.0000
-190.2256 0.0000
-190.3818 0.0000
-190.2029 0.0000
-189.9913 0.0000
-190.3936 0.0000
-190.1511 0.0000
-190.0812 0.0000
-189.8865 0.0000
-190.3715 0.0000
-190.0561 0.0000
-190.5455 0.0000
-190.6561 0.0000
-190.5590 0.0000
-190.7221 0.0000
-190.5843 0.0000
-190.7279 0.0000
-190.5419 0.0000
-190.7640 0.0000
-190.8482 0.0000
-190.7034 0.0000
-190.8564 0.0000
-190.5068 0.0000
-190.7499 0.0000
-190.9327 0.0000
-191.3276 0.0000
-191.3551 0.0000
-190.9251 0.0000
-191.1238 0.0000
-192.0868 0.0000
-192.8467 0.0000
-192.2654 0.0000
-192.1936 0.0000
-192.1468 0.0000
-193.2363 0.0000
-192.7813 0.0000
-194.2176 0.0000
-194.0585 0.0000
-192.9352 0.0000
-193.3261 0.0000
-194.1071 0.0000
-192.7815 0.0000
-192.0604 0.0000
-192.7156 0.0000
-192.9579 0.0000
-193.0042 0.0000
-193.7293 0.0000
-192.6898 0.0000
-192.9199 0.0000
-193.2294 0.0000
-192.5888 0.0000
-193.2204 0.0000
-192.8013 0.0000
-191.7989 0.0000
-192.1049 0.0000
-192.7086 0.0000
-193.0565 0.0000
-193.0937 0.0000
-192.4615 0.0000
-191.8449 0.0000
-191.7349 0.0000
-192.0788 0.0000
-192.1717 0.0000
-191.5986 0.0000
-191.4778 0.0000
-191.5209 0.0000
-191.5962 0.0000
-191.6069 0.0000
-192.3203 0.0000
-191.8091 0.0000
-191.8519 0.0000
-193.6381 0.0000
-191.8974 0.0000
-193.1848 0.0000
-191.9398 0.0000
-193.1401 0.0000
-192.1145 0.0000
-192.0323 0.0000
-192.0650 0.0000
-192.2690 0.0000
-192.5999 0.0000
-193.5003 0.0000
-193.0333 0.0000
-192.0940 0.0000
-191.5982 0.0000
-192.4300 0.0000
-191.0560 0.0000
-191.3370 0.0000
-190.8755 0.0000
-190.5988 0.0000
-190.9483 0.0000
-190.8139 0.0000
-190.7005 0.0000
-191.4494 0.0000
-191.7463 0.0000
-191.8618 0.0000
-192.5021 0.0000
-192.9954 0.0000
-193.3837 0.0000
-194.2236 0.0000
-192.7362 0.0000
-192.4763 0.0000
-192.1297 0.0000
-192.3899 0.0000
-192.9959 0.0000
-192.9974 0.0000
-192.7511 0.0000
-192.4956 0.0000
-190.8756 0.0000
-190.0464 0.0000
-190.0631 0.0000
-190.4865 0.0000
-190.6359 0.0000
-190.1736 0.0000
-190.4265 0.0000
-190.0276 0.0000
-189.8019 0.0000
-189.8934 0.0000
-189.3337 0.0000
-189.2808 0.0000
-189.2294 0.0000
-189.6492 0.0000
-189.8658 0.0000
-189.2119 0.0000
-188.9240 0.0000
-188.5908 0.0000
-188.7910 0.0000
-188.8384 0.0000
-188.7842 0.0000
-188.7788 0.0000
-188.9681 0.0000
-189.2063 0.0000
-189.3972 0.0000
-190.4359 0.0000
-190.1791 0.0000
-190.1967 0.0000
-191.0344 0.0000
-190.2687 0.0000
-189.7343 0.0000
-189.6100 0.0000
-190.5403 0.0000
-190.7987 0.0000
-190.5680 0.0000
-190.0874 0.0000
-190.4206 0.0000
-189.7986 0.0000
-189.3355 0.0000
-190.0610 0.0000
-189.1049 0.0000
-189.7135 0.0000
-188.8780 0.0000
-189.1056 0.0000
-188.8464 0.0000
-188.7546 0.0000
-188.8762 0.0000
-188.9975 0.0000
-189.8490 0.0000
-188.9209 0.0000
-189.1043 0.0000
-188.8032 0.0000
-189.0649 0.0000
-188.4855 0.0000
-188.4307 0.0000
-188.5263 0.0000
-188.1928 0.0000
-188.1858 0.0000
-188.0513 0.0000
-187.9469 0.0000
-187.9452 0.0000
-187.7509 0.0000
-187.8267 0.0000
-187.7710 0.0000
-188.0969 0.0000
-188.9154 0.0000
-188.0009 0.0000
-187.3432 0.0000
-187.7755 0.0000
-188.1092 0.0000
-188.8454 0.0000
-187.4900 0.0000
-187.8545 0.0000
-187.7085 0.0000
-187.4621 0.0000
-187.3097 0.0000
-187.6303 0.0000
-186.9683 0.0000
-186.7959 0.0000
-186.6713 0.0000
-186.7132 0.0000
-186.4732 0.0000
-186.8282 0.0000
-187.0274 0.0000
-186.7056 0.0000
-186.8426 0.0000
-186.5476 0.0000
-186.2659 0.0000
-186.4731 0.0000
-186.4343 0.0000
-186.5401 0.0000
-185.9935 0.0000
-185.8863 0.0000
-185.9493 0.0000
-186.0231 0.0000
-186.0014 0.0000
-185.8675 0.0000
-185.4137 0.0000
-185.3897 0.0000
-185.4466 0.0000
-185.7954 0.0000
-185.5827 0.0000
-185.7218 0.0000
-185.5316 0.0000
-185.3682 0.0000
-185.5049 0.0000
-185.4463 0.0000
-185.5167 0.0000
-185.5174 0.0000
-185.5494 0.0000
-185.3819 0.0000
-185.6262 0.0000
-185.8050 0.0000
-185.6668 0.0000
-185.4176 0.0000
-185.6816 0.0000
-185.7251 0.0000
-185.7989 0.0000
-186.1276 0.0000
-185.7986 0.0000
-185.8898 0.0000
-185.7967 0.0000
-186.0586 0.0000
-185.8051 0.0000
-185.8917 0.0000
-186.0698 0.0000
-185.4601 0.0000
-185.2911 0.0000
-185.1372 0.0000
-185.2849 0.0000
-185.4173 0.0000
-185.4621 0.0000
-185.5716 0.0000
-185.6530 0.0000
-185.5684 0.0000
-185.3531 0.0000
-185.6255 0.0000
-185.4372 0.0000
-185.2077 0.0000
-185.6027 0.0000
-184.8645 0.0000
-184.5410 0.0000
-184.2032 0.0000
-184.3912 0.0000
-184.3940 0.0000
-184.3004 0.0000
-184.3048 0.0000
-184.4329 0.0000
-184.5763 0.0000
-184.6896 0.0000
-184.8023 0.0000
-184.8983 0.0000
-185.2439 0.0000
-185.1078 0.0000
-185.0637 0.0000
-184.8283 0.0000
-184.8383 0.0000
-185.1319 0.0000
-184.9524 0.0000
-185.0327 0.0000
-185.1438 0.0000
-184.8715 0.0000
-185.0530 0.0000
-185.2461 0.0000
-185.1377 0.0000
-185.1897 0.0000
-185.2970 0.0000
-185.1928 0.0000
-185.4372 0.0000
-185.7159 0.0000
-185.5405 0.0000
-185.5118 0.0000
-185.4451 0.0000
-185.6356 0.0000
-185.8734 0.0000
-186.0089 0.0000
-185.9531 0.0000
-185.6558 0.0000
-185.7596 0.0000
-185.8316 0.0000
-185.8807 0.0000
-186.1237 0.0000
-185.7405 0.0000
-186.0727 0.0000
-185.4507 0.0000
-185.6338 0.0000
-185.6044 0.0000
-185.5413 0.0000
-186.0958 0.0000
-185.1991 0.0000
-184.8922 0.0000
-184.8307 0.0000
-184.8052 0.0000
-184.5367 0.0000
-184.5979 0.0000
-184.6031 0.0000
-184.7600 0.0000
-184.5928 0.0000
-184.5971 0.0000
-184.8087 0.0000
-184.9467 0.0000
-185.1390 0.0000
-184.9518 0.0000
-184.6232 0.0000
-184.6901 0.0000
-184.5615 0.0000
-184.2035 0.0000
-184.3593 0.0000
-184.1205 0.0000
-184.2457 0.0000
-184.5983 0.0000
-184.6183 0.0000
-184.5808 0.0000
-184.4486 0.0000
-184.3682 0.0000
-184.1626 0.0000
-183.9252 0.0000
-183.6019 0.0000
-183.6423 0.0000
-183.5500 0.0000
-183.5726 0.0000
-183.3755 0.0000
-183.3265 0.0000
-183.5232 0.0000
-183.5903 0.0000
-183.4111 0.0000
-183.0539 0.0000
-183.2134 0.0000
-183.1081 0.0000
-183.3686 0.0000
-183.5223 0.0000
-183.5162 0.0000
-183.4400 0.0000
-183.7535 0.0000
-183.8416 0.0000
-183.6329 0.0000
-185.2515 0.0000
-185.4001 0.0000
-185.8269 0.0000
-185.3663 0.0000
-184.9864 0.0000
-185.0164 0.0000
-185.3855 0.0000
-185.3822 0.0000
-184.9634 0.0000
-184.9264 0.0000
-184.4469 0.0000
-184.6554 0.0000
-184.5697 0.0000
-184.7143 0.0000
-184.9292 0.0000
-185.1780 0.0000
-185.3829 0.0000
-185.4257 0.0000
-185.5401 0.0000
-185.2088 0.0000
-184.9344 0.0000
-184.8312 0.0000
-185.1552 0.0000
-185.2374 0.0000
-185.6787 0.0000
-185.7096 0.0000
-185.3604 0.0000
-185.2500 0.0000
-185.0918 0.0000
-184.5837 0.0000
-184.9890 0.0000
-185.2395 0.0000
-185.3630 0.0000
-185.5601 0.0000
-185.5517 0.0000
-185.4735 0.0000
-185.3926 0.0000
-185.5116 0.0000
-185.5759 0.0000
-185.7095 0.0000
-185.6929 0.0000
-186.0275 0.0000
-185.9673 0.0000
-185.6888 0.0000
-185.1326 0.0000
-185.2756 0.0000
-185.4633 0.0000
-185.6223 0.0000
-185.4420 0.0000
-185.3705 0.0000
-185.5183 0.0000
-185.1357 0.0000
-184.9642 0.0000
-184.9553 0.0000
-185.1798 0.0000
-184.8328 0.0000
-184.6053 0.0000
-184.6146 0.0000
-184.8039 0.0000
-184.9001 0.0000
-185.2004 0.0000
-185.1445 0.0000
-185.0278 0.0000
-185.2428 0.0000
-184.9507 0.0000
-185.1184 0.0000
-185.0192 0.0000
-184.7810 0.0000
-184.8014 0.0000
-184.6591 0.0000
-184.8386 0.0000
-184.6804 0.0000
-184.6910 0.0000
-185.0450 0.0000
-185.0501 0.0000
-185.0642 0.0000
-185.0957 0.0000
-185.0693 0.0000
-184.8124 0.0000
-185.1468 0.0000
-185.3928 0.0000
-185.5017 0.0000
-185.4375 0.0000
-185.6585 0.0000
-185.7325 0.0000
-185.7915 0.0000
-185.8215 0.0000
-186.1722 0.0000
-185.9629 0.0000
-185.9459 0.0000
-185.8435 0.0000
-185.7913 0.0000
-185.8963 0.0000
-185.8912 0.0000
-185.8335 0.0000
-185.7120 0.0000
-185.4460 0.0000
-185.7666 0.0000
-186.2244 0.0000
-185.7834 0.0000
-185.6117 0.0000
-185.6949 0.0000
-185.7213 0.0000
-185.7061 0.0000
-185.8466 0.0000
-185.7110 0.0000
-185.7091 0.0000
-185.5987 0.0000
-185.9334 0.0000
-185.7426 0.0000
-185.9869 0.0000
-186.1308 0.0000
-186.0915 0.0000
-186.2317 0.0000
-186.2539 0.0000
-186.3101 0.0000
-186.3287 0.0000
-186.2476 0.0000
-186.2068 0.0000
-186.3070 0.0000
-185.8816 0.0000
-185.5003 0.0000
-185.4077 0.0000
-185.2991 0.0000
-185.7943 0.0000
-185.1453 0.0000
-185.0989 0.0000
-184.8881 0.0000
-185.0372 0.0000
-185.1737 0.0000
-185.2481 0.0000
-185.3087 0.0000
-185.3238 0.0000
-185.6142 0.0000
-185.1655 0.0000
-185.3336 0.0000
-185.4191 0.0000
-185.5979 0.0000
-185.6987 0.0000
-185.7670 0.0000
-186.0974 0.0000
-186.2943 0.0000
-186.8566 0.0000
-186.5023 0.0000
-186.6164 0.0000
-186.9207 0.0000
-186.6948 0.0000
-186.5948 0.0000
-187.3370 0.0000
-186.9326 0.0000
-186.5744 0.0000
-186.5180 0.0000
-186.4391 0.0000
-186.2363 0.0000
-186.5234 0.0000
-186.6334 0.0000
-186.1945 0.0000
-186.1167 0.0000
-185.8145 0.0000
-185.6618 0.0000
-185.5958 0.0000
-185.1124 0.0000
-185.4387 0.0000
-185.7043 0.0000
-185.0267 0.0000
-185.4098 0.0000
-185.3710 0.0000
-185.6694 0.0000
-184.8803 0.0000
-184.7180 0.0000
-185.0686 0.0000
-184.7749 0.0000
-185.1266 0.0000
-185.1458 0.0000
-185.7667 0.0000
-185.5772 0.0000
-185.6730 0.0000
-185.9309 0.0000
-186.0286 0.0000
-186.4136 0.0000
-186.2066 0.0000
-186.2662 0.0000
-186.0755 0.0000
-186.2113 0.0000
-186.2613 0.0000
-186.3572 0.0000
-186.2109 0.0000
-186.2786 0.0000
-186.4376 0.0000
-186.8138 0.0000
-186.5425 0.0000
-186.5133 0.0000
-186.6388 0.0000
-186.8275 0.0000
-186.4097 0.0000
-186.6498 0.0000
-186.8499 0.0000
-186.5848 0.0000
-185.8960 0.0000
-186.4309 0.0000
-183.0573 0.0000
-182.9091 0.0000
-183.0478 0.0000
-183.4354 0.0000
-183.7702 0.0000
-183.4655 0.0000
-183.6713 0.0000
-183.0910 0.0000
-183.7359 0.0000
-183.0065 0.0000
-182.9569 0.0000
-183.1469 0.0000
-183.4680 0.0000
-183.4514 0.0000
-183.6966 0.0000
-183.5774 0.0000
-183.6759 0.0000
-184.1902 0.0000
-184.5656 0.0000
-185.2231 0.0000
-184.8489 0.0000
-184.8796 0.0000
-184.6953 0.0000
-184.3879 0.0000
-184.3736 0.0000
-184.7334 0.0000
-184.5475 0.0000
-184.7964 0.0000
-185.2176 0.0000
-185.3511 0.0000
-184.8329 0.0000
-184.3962 0.0000
-184.2255 0.0000
-184.0503 0.0000
-183.9064 0.0000
-183.8680 0.0000
-184.5060 0.0000
-184.4128 0.0000
-184.7300 0.0000
-184.7430 0.0000
-184.3930 0.0000
-184.5743 0.0000
-184.9604 0.0000
-185.3005 0.0000
-184.7669 0.0000
-184.1203 0.0000
-184.5239 0.0000
-184.2710 0.0000
-184.2050 0.0000
-184.2377 0.0000
-183.8027 0.0000
-183.6404 0.0000
-183.4657 0.0000
-183.3429 0.0000
-183.3571 0.0000
-183.4358 0.0000
-183.4860 0.0000
-183.8869 0.0000
-183.4801 0.0000
-184.0541 0.0000
-183.6075 0.0000
-183.4042 0.0000
-183.1718 0.0000
-183.2227 0.0000
-183.3211 0.0000
-183.4072 0.0000
-183.2793 0.0000
-183.1727 0.0000
-183.0541 0.0000
-182.9605 0.0000
-182.6945 0.0000
-182.4875 0.0000
-182.6676 0.0000
-182.8766 0.0000
-182.7016 0.0000
-182.7731 0.0000
-182.6582 0.0000
-182.9603 0.0000
-182.6365 0.0000
-182.6285 0.0000
-182.6662 0.0000
-182.3716 0.0000
-182.5465 0.0000
-182.7105 0.0000
-182.6910 0.0000
-182.3301 0.0000
-182.3970 0.0000
-182.3702 0.0000
-182.1992 0.0000
-182.2143 0.0000
-182.1169 0.0000
-182.3694 0.0000
-182.5608 0.0000
-182.5516 0.0000
-182.4483 0.0000
-182.0400 0.0000
-181.9386 0.0000
-181.9433 0.0000
-181.8489 0.0000
-181.6819 0.0000
-184.6799 0.0000
-184.5878 0.0000
-184.6929 0.0000
-184.3766 0.0000
-184.6766 0.0000
-184.1134 0.0000
-184.3151 0.0000
-184.5363 0.0000
-184.4732 0.0000
-184.0691 0.0000
-184.0746 0.0000
-184.2366 0.0000
-183.9043 0.0000
-183.8344 0.0000
-183.6543 0.0000
-183.7954 0.0000
-183.5292 0.0000
-183.6626 0.0000
-183.7119 0.0000
-184.0011 0.0000
-183.5716 0.0000
-183.5158 0.0000
-183.7205 0.0000
-183.7746 0.0000
-183.7844 0.0000
-183.9242 0.0000
-183.8431 0.0000
-183.6446 0.0000
-183.5775 0.0000
-183.6892 0.0000
-184.1502 0.0000
-183.9311 0.0000
-183.6745 0.0000
-183.7682 0.0000
-183.3474 0.0000
-183.2069 0.0000
-183.5403 0.0000
-183.4209 0.0000
-183.4367 0.0000
-183.3672 0.0000
-183.5968 0.0000
-183.3125 0.0000
-183.1252 0.0000
-183.1014 0.0000
-183.2954 0.0000
-183.1981 0.0000
-183.0799 0.0000
-183.1360 0.0000
-183.1183 0.0000
-183.0435 0.0000
-183.1211 0.0000
-183.0394 0.0000
-182.8080 0.0000
-182.6831 0.0000
-182.5116 0.0000
-182.6213 0.0000
-182.5971 0.0000
-183.0397 0.0000
-182.9648 0.0000
-182.8330 0.0000
-183.0929 0.0000
-183.2644 0.0000
-182.8757 0.0000
-182.9708 0.0000
-183.2287 0.0000
-183.1583 0.0000
-183.4194 0.0000
-183.4891 0.0000
-183.5927 0.0000
-183.5884 0.0000
-183.5322 0.0000
-183.3609 0.0000
-183.0788 0.0000
-183.3136 0.0000
-183.3587 0.0000
-183.3540 0.0000
-183.6269 0.0000
-183.8213 0.0000
-183.7203 0.0000
-183.5270 0.0000
-183.7228 0.0000
-183.4210 0.0000
-183.4648 0.0000
-183.7898 0.0000
-183.9775 0.0000
-183.6146 0.0000
-183.6079 0.0000
-183.8982 0.0000
-184.2240 0.0000
-184.5409 0.0000
-184.2630 0.0000
-184.8465 0.0000
-184.3254 0.0000
-184.6463 0.0000
-184.1380 0.0000
-184.5506 0.0000
-183.8313 0.0000
-183.4424 0.0000
-183.5142 0.0000
-183.6089 0.0000
-181.0676 0.0000
-181.2739 0.0000
-181.1575 0.0000
-180.9984 0.0000
-181.2459 0.0000
-181.1577 0.0000
-181.3945 0.0000
-181.2466 0.0000
-181.1592 0.0000
-181.0325 0.0000
-181.1870 0.0000
-181.2083 0.0000
-181.3958 0.0000
-181.2523 0.0000
-180.9516 0.0000
-181.0281 0.0000
-181.0839 0.0000
-181.1593 0.0000
-180.7958 0.0000
-181.2168 0.0000
-181.1709 0.0000
-181.2052 0.0000
-181.0450 0.0000
-181.0990 0.0000
-181.1552 0.0000
-181.0166 0.0000
-181.2259 0.0000
-181.2126 0.0000
-181.7570 0.0000
-181.2634 0.0000
-181.1257 0.0000
-181.2170 0.0000
-180.9802 0.0000
-181.0998 0.0000
-181.0162 0.0000
-181.1124 0.0000
-181.0451 0.0000
-181.0580 0.0000
-180.8696 0.0000
-180.4883 0.0000
-180.5050 0.0000
-180.2993 0.0000
-180.3000 0.0000
-180.3926 0.0000
-180.5131 0.0000
-180.4675 0.0000
-180.5725 0.0000
-180.8060 0.0000
-180.8192 0.0000
-180.9468 0.0000
-181.0702 0.0000
-181.1598 0.0000
-180.8439 0.0000
-180.9465 0.0000
-181.1483 0.0000
-181.2944 0.0000
-181.1470 0.0000
-181.3065 0.0000
-181.1237 0.0000
-180.9031 0.0000
-181.1115 0.0000
-181.5300 0.0000
-181.3730 0.0000
-181.4347 0.0000
-181.4519 0.0000
-181.1451 0.0000
-180.8386 0.0000
-180.6236 0.0000
-180.5238 0.0000
-180.6287 0.0000
-180.6679 0.0000
-180.8634 0.0000
-180.6352 0.0000
-180.6494 0.0000
-180.6376 0.0000
-180.8069 0.0000
-180.9427 0.0000
-180.6095 0.0000
-180.7098 0.0000
-180.9692 0.0000
-180.7600 0.0000
-180.5364 0.0000
-180.6647 0.0000
-180.4472 0.0000
-180.1471 0.0000
-180.5315 0.0000
-180.6424 0.0000
-180.7642 0.0000
-180.6095 0.0000
-180.3647 0.0000
-180.4618 0.0000
-180.7207 0.0000
-180.4331 0.0000
-180.4277 0.0000
-180.4951 0.0000
-180.6299 0.0000
-180.5015 0.0000
-180.3714 0.0000
-180.0741 0.0000
-180.1649 0.0000
-183.4745 0.0000
-183.7383 0.0000
-184.5587 0.0000
-183.9809 0.0000
-184.0058 0.0000
-184.3336 0.0000
-183.9419 0.0000
-184.5312 0.0000
-183.9975 0.0000
-184.0702 0.0000
-184.0875 0.0000
-184.4303 0.0000
-184.4357 0.0000
-184.6911 0.0000
-184.4058 0.0000
-183.9119 0.0000
-183.6648 0.0000
-183.3942 0.0000
-183.1735 0.0000
-182.9643 0.0000
-182.9511 0.0000
-182.7567 0.0000
-182.8093 0.0000
-182.9477 0.0000
-183.5855 0.0000
-182.6556 0.0000
-182.6174 0.0000
-182.6664 0.0000
-182.9156 0.0000
-183.1078 0.0000
-183.1941 0.0000
-183.2138 0.0000
-183.0010 0.0000
-183.2919 0.0000
-182.8178 0.0000
-182.8277 0.0000
-182.7865 0.0000
-182.8161 0.0000
-182.9459 0.0000
-183.0601 0.0000
-182.6263 0.0000
-182.4839 0.0000
-182.7799 0.0000
-182.8257 0.0000
-183.1717 0.0000
-183.3250 0.0000
-183.6150 0.0000
-183.5119 0.0000
-183.4868 0.0000
-183.7076 0.0000
-183.5968 0.0000
-183.5021 0.0000
-183.6825 0.0000
-184.0374 0.0000
-183.9052 0.0000
-183.6906 0.0000
-183.6659 0.0000
-183.7505 0.0000
-184.0508 0.0000
-183.8014 0.0000
-183.8133 0.0000
-183.8708 0.0000
-183.4815 0.0000
-183.5481 0.0000
-183.5776 0.0000
-183.9935 0.0000
-184.0725 0.0000
-184.2097 0.0000
-184.3467 0.0000
-184.4416 0.0000
-184.4887 0.0000
-184.1447 0.0000
-184.3398 0.0000
-184.8088 0.0000
-184.6000 0.0000
-184.3107 0.0000
-184.2670 0.0000
-184.2700 0.0000
-183.8622 0.0000
-183.5642 0.0000
-183.8114 0.0000
-183.3361 0.0000
-183.5188 0.0000
-183.6153 0.0000
-183.6222 0.0000
-183.8565 0.0000
-184.0591 0.0000
-184.0508 0.0000
-184.4274 0.0000
-184.7770 0.0000
-184.6863 0.0000
-184.3684 0.0000
-183.9875 0.0000
-184.1614 0.0000
-184.0446 0.0000
-183.9273 0.0000
-184.0578 0.0000
-183.8423 0.0000
-183.9730 0.0000
-184.5067 0.0000
-183.7977 0.0000
-184.0068 0.0000
-184.1156 0.0000
-184.0766 0.0000
-183.9059 0.0000
-183.9408 0.0000
-183.9635 0.0000
-184.3265 0.0000
-184.5510 0.0000
-184.4153 0.0000
-184.2961 0.0000
-184.4498 0.0000
-184.5542 0.0000
-184.6203 0.0000
-184.6098 0.0000
-184.7170 0.0000
-184.8559 0.0000
-184.8898 0.0000
-184.7741 0.0000
-184.8257 0.0000
-185.0133 0.0000
-184.6834 0.0000
-184.5909 0.0000
-184.4870 0.0000
-184.2683 0.0000
-184.4914 0.0000
-184.4737 0.0000
-184.4598 0.0000
-184.6684 0.0000
-184.8025 0.0000
-184.5498 0.0000
-184.3591 0.0000
-184.2223 0.0000
-184.4408 0.0000
-184.7369 0.0000
-184.7314 0.0000
-185.0610 0.0000
-185.2313 0.0000
-184.9945 0.0000
-185.1650 0.0000
-184.9283 0.0000
-184.9619 0.0000
-184.9475 0.0000
-185.6728 0.0000
-185.1433 0.0000
-184.5204 0.0000
-184.3828 0.0000
-184.2805 0.0000
-184.3038 0.0000
-184.6822 0.0000
-184.8212 0.0000
-184.7292 0.0000
-184.9273 0.0000
-185.4016 0.0000
-184.8633 0.0000
-185.1519 0.0000
-185.2618 0.0000
-185.1980 0.0000
-185.2435 0.0000
-185.4121 0.0000
-185.4839 0.0000
-185.8583 0.0000
-186.0988 0.0000
-186.0339 0.0000
-185.8164 0.0000
-185.7708 0.0000
-185.9641 0.0000
-186.4001 0.0000
-186.1845 0.0000
-186.8619 0.0000
-186.3535 0.0000
-186.8091 0.0000
-186.9115 0.0000
-187.0249 0.0000
-186.5993 0.0000
-186.6753 0.0000
-186.6772 0.0000
-186.8643 0.0000
-187.1299 0.0000
-187.3171 0.0000
-187.6788 0.0000
-187.4294 0.0000
-187.1445 0.0000
-187.7837 0.0000
-187.0902 0.0000
-187.0960 0.0000
-186.8744 0.0000
-186.9872 0.0000
-186.8462 0.0000
-187.3111 0.0000
-187.3390 0.0000
-187.0974 0.0000
-187.1091 0.0000
-186.9906 0.0000
-186.6277 0.0000
-186.8328 0.0000
-186.6301 0.0000
-186.4866 0.0000
-186.7821 0.0000
-186.6563 0.0000
-186.8433 0.0000
-186.5637 0.0000
-186.6385 0.0000
-186.6444 0.0000
-186.4526 0.0000
-186.2253 0.0000
-185.9050 0.0000
-185.9852 0.0000
-186.0712 0.0000
-186.7032 0.0000
-185.8559 0.0000
-185.6429 0.0000
-185.4241 0.0000
-185.1114 0.0000
-185.1127 0.0000
-185.2633 0.0000
-185.0679 0.0000
-184.7303 0.0000
-184.4397 0.0000
-184.5013 0.0000
-184.6267 0.0000
-184.7119 0.0000
-184.8042 0.0000
-184.9046 0.0000
-184.9729 0.0000
-184.6250 0.0000
-184.7938 0.0000
-185.0098 0.0000
-184.9193 0.0000
-184.9128 0.0000
-185.3416 0.0000
-185.1234 0.0000
-184.6802 0.0000
-184.6262 0.0000
-184.8797 0.0000
-185.2839 0.0000
-185.1786 0.0000
-185.2373 0.0000
-185.2409 0.0000
-185.4156 0.0000
-185.2815 0.0000
-185.7738 0.0000
-184.9719 0.0000
-185.0131 0.0000
-185.0371 0.0000
-184.9802 0.0000
-185.2903 0.0000
-185.0965 0.0000
-185.0924 0.0000
-185.0421 0.0000
-185.4740 0.0000
-185.4920 0.0000
-185.3713 0.0000
-185.6821 0.0000
-186.5066 0.0000
-186.6585 0.0000
-186.4699 0.0000
-186.5558 0.0000
-186.1831 0.0000
-185.6173 0.0000
-185.6477 0.0000
-185.7533 0.0000
-185.9887 0.0000
-186.2756 0.0000
-186.9077 0.0000
-186.7552 0.0000
-186.0028 0.0000
-186.4223 0.0000
-186.0656 0.0000
-186.2824 0.0000
-185.8765 0.0000
-185.6512 0.0000
-185.8445 0.0000
-186.0735 0.0000
-186.2149 0.0000
-186.5280 0.0000
-186.4943 0.0000
-186.7114 0.0000
-186.6129 0.0000
-186.4762 0.0000
-186.1628 0.0000
-186.3489 0.0000
-186.4034 0.0000
-186.3106 0.0000
-186.3974 0.0000
-186.1897 0.0000
-185.9500 0.0000
-186.2008 0.0000
-185.9774 0.0000
-186.0410 0.0000
-186.2287 0.0000
-186.1157 0.0000
-185.9709 0.0000
-186.1428 0.0000
-186.2087 0.0000
-185.7877 0.0000
-185.8176 0.0000
-186.0839 0.0000
-185.8112 0.0000
-186.0468 0.0000
-186.0701 0.0000
-186.8130 0.0000
-186.7365 0.0000
-186.6050 0.0000
-186.7579 0.0000
-186.3492 0.0000
-186.6588 0.0000
-186.4616 0.0000
-186.7459 0.0000
-186.8022 0.0000
-186.0066 0.0000
-185.9521 0.0000
-186.4335 0.0000
-186.1997 0.0000
-186.3033 0.0000
-186.7574 0.0000
-186.8159 0.0000
-186.6189 0.0000
-186.5508 0.0000
-186.2203 0.0000
-185.9143 0.0000
-185.9632 0.0000
-185.9759 0.0000
-185.9903 0.0000
-185.7512 0.0000
-185.7942 0.0000
-185.7256 0.0000
-185.5053 0.0000
-185.7783 0.0000
-185.6956 0.0000
-185.9179 0.0000
-186.1284 0.0000
-185.8712 0.0000
-185.7903 0.0000
-185.8878 0.0000
-185.3299 0.0000
-184.8358 0.0000
-184.3504 0.0000
-184.4466 0.0000
-184.5688 0.0000
-184.7249 0.0000
-184.7788 0.0000
-184.7226 0.0000
-185.5542 0.0000
-185.4413 0.0000
-185.0544 0.0000
-184.9486 0.0000
-184.5611 0.0000
-184.3311 0.0000
-183.9905 0.0000
-183.9533 0.0000
-184.1754 0.0000
-184.1792 0.0000
-184.2900 0.0000
-184.4049 0.0000
-184.1637 0.0000
-183.9898 0.0000
-184.1726 0.0000
-184.1980 0.0000
-184.5112 0.0000
-184.3337 0.0000
-184.3161 0.0000
-184.4015 0.0000
-184.4845 0.0000
-184.8337 0.0000
-184.6059 0.0000
-184.6922 0.0000
-184.5831 0.0000
-185.1478 0.0000
-184.6283 0.0000
-185.2365 0.0000
-185.8975 0.0000
-185.5266 0.0000
-185.5513 0.0000
-185.8415 0.0000
-186.1247 0.0000
-186.2177 0.0000
-186.7294 0.0000
-186.0268 0.0000
-186.0895 0.0000
-186.0549 0.0000
-186.0205 0.0000
-185.7510 0.0000
-185.7752 0.0000
-185.5466 0.0000
-185.0101 0.0000
-185.2603 0.0000
-185.1201 0.0000
-185.1336 0.0000
-185.4945 0.0000
-185.6605 0.0000
-185.6443 0.0000
-185.1732 0.0000
-185.6823 0.0000
-185.9246 0.0000
-186.1288 0.0000
-186.0627 0.0000
-185.5188 0.0000
-185.2716 0.0000
-185.5273 0.0000
-185.6810 0.0000
-185.0343 0.0000
-184.7316 0.0000
-184.9537 0.0000
-184.9751 0.0000
-185.3746 0.0000
-184.9680 0.0000
-184.9282 0.0000
-185.0352 0.0000
-184.9766 0.0000
-184.7547 0.0000
-184.7304 0.0000
-184.7987 0.0000
-184.8312 0.0000
-184.8630 0.0000
-184.7074 0.0000
-184.6427 0.0000
-185.4733 0.0000
-186.0161 0.0000
-186.2507 0.0000
-186.0818 0.0000
-186.4714 0.0000
-186.2157 0.0000
-185.9707 0.0000
-186.0242 0.0000
-186.2523 0.0000
-186.4083 0.0000
-186.3588 0.0000
-186.6967 0.0000
-186.8100 0.0000
-186.8422 0.0000
-186.5205 0.0000
-186.8569 0.0000
-187.0528 0.0000
-186.5350 0.0000
-186.1743 0.0000
-186.0870 0.0000
-186.2862 0.0000
-185.9362 0.0000
-187.0218 0.0000
-186.1350 0.0000
-186.4297 0.0000
-185.9667 0.0000
-186.1522 0.0000
-186.4195 0.0000
-185.9973 0.0000
-185.9394 0.0000
-185.9245 0.0000
-185.4866 0.0000
-185.2751 0.0000
-185.3342 0.0000
-185.6952 0.0000
-185.7781 0.0000
-185.5967 0.0000
-185.4581 0.0000
-185.1577 0.0000
-185.4378 0.0000
-185.0978 0.0000
-184.9946 0.0000
-185.1909 0.0000
-185.5265 0.0000
-185.0254 0.0000
-185.2148 0.0000
-184.9638 0.0000
-184.9544 0.0000
-185.0755 0.0000
-185.4050 0.0000
-185.2205 0.0000
-185.5574 0.0000
-185.3910 0.0000
-185.4577 0.0000
-186.2591 0.0000
-185.6476 0.0000
-185.3646 0.0000
-185.4952 0.0000
-185.0801 0.0000
-185.3391 0.0000
-185.1475 0.0000
-185.1183 0.0000
-184.9199 0.0000
-185.2446 0.0000
-185.3894 0.0000
-185.2152 0.0000
-185.2001 0.0000
-185.2066 0.0000
-185.4245 0.0000
-185.8865 0.0000
-185.0941 0.0000
-185.2716 0.0000
-186.0198 0.0000
-185.8991 0.0000
-186.0409 0.0000
-186.2057 0.0000
-186.2087 0.0000
-186.2049 0.0000
-186.5084 0.0000
-186.9489 0.0000
-186.8468 0.0000
-186.6725 0.0000
