-100.0000 -100.0000
-366.5767 0.0000
-366.4557 0.0000
-366.0458 0.0000
-365.4054 0.0000
-365.6079 0.0000
-366.8468 0.0000
-367.4061 0.0000
-366.3942 0.0000
-365.4139 0.0000
-365.4028 0.0000
-366.4126 0.0000
-365.1617 0.0000
-365.9807 0.0000
-365.4985 0.0000
-365.5117 0.0000
-366.2254 0.0000
-366.8272 0.0000
-366.5509 0.0000
-366.7452 0.0000
-366.5245 0.0000
-366.1000 0.0000
-365.9583 0.0000
-366.4700 0.0000
-365.3739 0.0000
-365.6927 0.0000
-365.1301 0.0000
-365.4251 0.0000
-363.9934 0.0000
-362.0565 0.0000
-362.1109 0.0000
-361.2554 0.0000
-360.8670 0.0000
-360.5155 0.0000
-358.5081 0.0000
-360.5343 0.0000
-359.5626 0.0000
-358.6894 0.0000
-360.0599 0.0000
-359.7855 0.0000
-359.1121 0.0000
-358.8965 0.0000
-357.4710 0.0000
-356.0789 0.0000
-354.1418 0.0000
-354.7887 0.0000
-353.5319 0.0000
-354.0767 0.0000
-353.8278 0.0000
-354.1125 0.0000
-354.5914 0.0000
-355.9545 0.0000
-356.7011 0.0000
-355.0626 0.0000
-355.4620 0.0000
-355.7038 0.0000
-356.3541 0.0000
-355.9078 0.0000
-355.6687 0.0000
-353.9052 0.0000
-354.1492 0.0000
-355.8171 0.0000
-354.3286 0.0000
-354.7157 0.0000
-352.4556 0.0000
-351.9818 0.0000
-351.7756 0.0000
-352.1261 0.0000
-352.4142 0.0000
-351.2506 0.0000
-350.7339 0.0000
-350.0875 0.0000
-351.7751 0.0000
-351.9621 0.0000
-351.1020 0.0000
-352.0417 0.0000
-352.0999 0.0000
-352.3096 0.0000
-351.6226 0.0000
-351.5166 0.0000
-351.1836 0.0000
-351.7106 0.0000
-353.2543 0.0000
-353.6668 0.0000
-352.5633 0.0000
-353.6424 0.0000
-354.9973 0.0000
-354.2202 0.0000
-353.7223 0.0000
-353.3421 0.0000
-354.4882 0.0000
-353.9710 0.0000
-353.9603 0.0000
-353.0849 0.0000
-352.1275 0.0000
-351.5926 0.0000
-351.5904 0.0000
-351.6868 0.0000
-352.1545 0.0000
-352.3571 0.0000
-352.8912 0.0000
-345.6028 0.0000
-345.3171 0.0000
-344.2609 0.0000
-344.8512 0.0000
-345.4756 0.0000
-345.7975 0.0000
-344.8242 0.0000
-345.4013 0.0000
-346.2283 0.0000
-345.7645 0.0000
-345.2283 0.0000
-343.9752 0.0000
-341.9798 0.0000
-340.7625 0.0000
-339.0637 0.0000
-339.4254 0.0000
-337.1108 0.0000
-337.2565 0.0000
-338.3843 0.0000
-337.6505 0.0000
-338.5530 0.0000
-337.4260 0.0000
-337.4077 0.0000
-337.6233 0.0000
-338.1637 0.0000
-339.5880 0.0000
-336.7558 0.0000
-336.8313 0.0000
-336.1090 0.0000
-334.8052 0.0000
-334.8249 0.0000
-335.5284 0.0000
-335.5033 0.0000
-334.2838 0.0000
-333.5574 0.0000
-333.7432 0.0000
-334.0975 0.0000
-335.3901 0.0000
-336.3349 0.0000
-336.5562 0.0000
-337.6288 0.0000
-338.6259 0.0000
-339.2567 0.0000
-341.0435 0.0000
-340.9101 0.0000
-339.0835 0.0000
-339.9026 0.0000
-340.4375 0.0000
-340.6431 0.0000
-341.2141 0.0000
-341.5966 0.0000
-342.0660 0.0000
-342.4745 0.0000
-341.4914 0.0000
-341.2059 0.0000
-340.5147 0.0000
-340.8945 0.0000
-343.6390 0.0000
-341.8504 0.0000
-341.1574 0.0000
-342.3481 0.0000
-344.7930 0.0000
-345.7549 0.0000
-347.4852 0.0000
-345.4789 0.0000
-347.9362 0.0000
-345.6515 0.0000
-343.4650 0.0000
-343.8975 0.0000
-343.1366 0.0000
-343.0474 0.0000
-342.0983 0.0000
-342.0038 0.0000
-342.8553 0.0000
-340.6156 0.0000
-341.8635 0.0000
-339.0358 0.0000
-338.5297 0.0000
-339.2618 0.0000
-337.8033 0.0000
-337.7704 0.0000
-336.6229 0.0000
-335.1744 0.0000
-335.8004 0.0000
-334.5535 0.0000
-333.5695 0.0000
-332.3476 0.0000
-331.5693 0.0000
-330.6263 0.0000
-331.6942 0.0000
-331.1904 0.0000
-331.7401 0.0000
-332.4642 0.0000
-332.0005 0.0000
-332.6026 0.0000
-334.0885 0.0000
-332.8058 0.0000
-332.4235 0.0000
-334.8466 0.0000
-336.3651 0.0000
-365.0115 0.0000
-367.3999 0.0000
-365.1207 0.0000
-364.6996 0.0000
-365.1212 0.0000
-367.5729 0.0000
-365.1709 0.0000
-365.5347 0.0000
-365.2009 0.0000
-361.7784 0.0000
-366.0711 0.0000
-363.4359 0.0000
-361.9135 0.0000
-363.3080 0.0000
-363.2068 0.0000
-363.5875 0.0000
-363.8570 0.0000
-366.4620 0.0000
-365.0639 0.0000
-366.0578 0.0000
-367.4602 0.0000
-367.4448 0.0000
-362.8832 0.0000
-362.9251 0.0000
-364.8957 0.0000
-365.2793 0.0000
-364.4967 0.0000
-364.7541 0.0000
-361.5726 0.0000
-361.6364 0.0000
-368.6382 0.0000
-365.3459 0.0000
-363.6994 0.0000
-362.3359 0.0000
-364.0323 0.0000
-366.4566 0.0000
-366.8588 0.0000
-362.5314 0.0000
-361.6016 0.0000
-365.9805 0.0000
-361.4525 0.0000
-359.4350 0.0000
-358.9769 0.0000
-357.7061 0.0000
-357.8683 0.0000
-355.7348 0.0000
-358.9797 0.0000
-359.6411 0.0000
-359.1172 0.0000
-358.7511 0.0000
-358.1388 0.0000
-358.7510 0.0000
-357.1033 0.0000
-356.1515 0.0000
-354.0086 0.0000
-350.0372 0.0000
-353.8976 0.0000
-353.5517 0.0000
-352.9629 0.0000
-353.2927 0.0000
-353.5464 0.0000
-352.0853 0.0000
-350.9720 0.0000
-349.8334 0.0000
-350.8295 0.0000
-353.1413 0.0000
-351.9036 0.0000
-353.2437 0.0000
-351.0028 0.0000
-346.7161 0.0000
-346.8052 0.0000
-348.9390 0.0000
-347.8306 0.0000
-348.4497 0.0000
-347.9998 0.0000
-344.2670 0.0000
-342.2594 0.0000
-339.4447 0.0000
-342.4813 0.0000
-342.1722 0.0000
-341.8258 0.0000
-342.4317 0.0000
-344.6618 0.0000
-344.8949 0.0000
-348.3090 0.0000
-350.0670 0.0000
-349.7632 0.0000
-350.2759 0.0000
-349.5561 0.0000
-351.9795 0.0000
-349.1104 0.0000
-349.5356 0.0000
-352.5802 0.0000
-348.1424 0.0000
-347.1081 0.0000
-348.5755 0.0000
-347.0503 0.0000
-345.1478 0.0000
-344.2142 0.0000
-345.7485 0.0000
-297.9283 0.0000
-297.8336 0.0000
-297.6975 0.0000
-296.3809 0.0000
-296.7810 0.0000
-297.9006 0.0000
-295.9096 0.0000
-295.7050 0.0000
-295.5924 0.0000
-298.1542 0.0000
-297.6012 0.0000
-297.4936 0.0000
-298.7957 0.0000
-299.3323 0.0000
-300.5003 0.0000
-299.2976 0.0000
-298.6417 0.0000
-298.7232 0.0000
-299.3752 0.0000
-300.2247 0.0000
-300.1480 0.0000
-301.1288 0.0000
-299.1917 0.0000
-298.8867 0.0000
-298.9297 0.0000
-298.3739 0.0000
-299.6489 0.0000
-299.1676 0.0000
-298.8467 0.0000
-299.5947 0.0000
-298.5244 0.0000
-298.5067 0.0000
-298.7240 0.0000
-299.0436 0.0000
-296.5238 0.0000
-296.2118 0.0000
-295.6383 0.0000
-295.2840 0.0000
-295.5127 0.0000
-295.8598 0.0000
-295.4678 0.0000
-296.3362 0.0000
-295.7335 0.0000
-295.5326 0.0000
-294.1060 0.0000
-292.9164 0.0000
-293.4589 0.0000
-293.0469 0.0000
-292.8025 0.0000
-292.5413 0.0000
-292.1882 0.0000
-291.0796 0.0000
-292.3833 0.0000
-291.0305 0.0000
-290.5665 0.0000
-289.4567 0.0000
-291.6806 0.0000
-292.2636 0.0000
-291.6067 0.0000
-290.4452 0.0000
-289.6861 0.0000
-289.5071 0.0000
-287.9923 0.0000
-288.1645 0.0000
-288.7265 0.0000
-289.1371 0.0000
-289.3044 0.0000
-289.3747 0.0000
-290.8580 0.0000
-291.2326 0.0000
-290.5478 0.0000
-289.3814 0.0000
-289.6431 0.0000
-289.5439 0.0000
-289.5537 0.0000
-290.2801 0.0000
-289.2167 0.0000
-289.8439 0.0000
-290.0541 0.0000
-289.3280 0.0000
-289.3143 0.0000
-290.6078 0.0000
-290.1624 0.0000
-291.5525 0.0000
-292.0862 0.0000
-293.1678 0.0000
-292.1817 0.0000
-292.5903 0.0000
-292.4060 0.0000
-292.7476 0.0000
-292.6705 0.0000
-293.7369 0.0000
-294.0244 0.0000
-293.2654 0.0000
-292.8721 0.0000
-294.5407 0.0000
-295.2860 0.0000
-294.8294 0.0000
-294.9307 0.0000
-294.3004 0.0000
-337.9375 0.0000
-339.0038 0.0000
-337.8750 0.0000
-338.4466 0.0000
-338.1331 0.0000
-337.7088 0.0000
-337.9636 0.0000
-338.8393 0.0000
-338.7386 0.0000
-337.7931 0.0000
-338.8149 0.0000
-339.3794 0.0000
-339.4505 0.0000
-340.8279 0.0000
-338.1346 0.0000
-338.3130 0.0000
-338.7210 0.0000
-338.4853 0.0000
-338.8041 0.0000
-338.5808 0.0000
-340.3155 0.0000
-339.2333 0.0000
-339.2718 0.0000
-339.4702 0.0000
-339.7070 0.0000
-338.6532 0.0000
-338.9842 0.0000
-338.4357 0.0000
-338.1732 0.0000
-339.0917 0.0000
-338.4423 0.0000
-337.3029 0.0000
-340.3257 0.0000
-338.8684 0.0000
-339.5600 0.0000
-339.5196 0.0000
-340.2236 0.0000
-338.3685 0.0000
-339.5554 0.0000
-338.5865 0.0000
-338.9764 0.0000
-339.3646 0.0000
-338.8541 0.0000
-339.6434 0.0000
-338.9072 0.0000
-340.8286 0.0000
-339.7316 0.0000
-338.3853 0.0000
-339.5252 0.0000
-336.7895 0.0000
-338.1287 0.0000
-339.5168 0.0000
-338.5086 0.0000
-339.5578 0.0000
-339.8693 0.0000
-338.9200 0.0000
-338.3715 0.0000
-337.7145 0.0000
-338.6842 0.0000
-338.2698 0.0000
-336.8213 0.0000
-339.8717 0.0000
-338.6432 0.0000
-339.0442 0.0000
-337.1298 0.0000
-337.6038 0.0000
-339.0692 0.0000
-336.2755 0.0000
-338.2233 0.0000
-338.3200 0.0000
-338.2490 0.0000
-337.9984 0.0000
-338.3282 0.0000
-338.3647 0.0000
-337.2104 0.0000
-338.7032 0.0000
-337.5894 0.0000
-338.8812 0.0000
-338.5513 0.0000
-338.8264 0.0000
-338.3878 0.0000
-338.7892 0.0000
-337.9932 0.0000
-338.5396 0.0000
-338.8464 0.0000
-338.4001 0.0000
-338.9277 0.0000
-338.2569 0.0000
-338.5151 0.0000
-340.1418 0.0000
-340.0161 0.0000
-338.5926 0.0000
-338.6859 0.0000
-337.9529 0.0000
-339.8687 0.0000
-338.3178 0.0000
-339.5296 0.0000
-338.7324 0.0000
-339.6786 0.0000
-338.5217 0.0000
-269.0587 0.0000
-269.5469 0.0000
-270.3340 0.0000
-268.9444 0.0000
-270.0528 0.0000
-268.6120 0.0000
-269.6097 0.0000
-270.4092 0.0000
-270.6309 0.0000
-270.5158 0.0000
-270.4407 0.0000
-270.7385 0.0000
-270.0895 0.0000
-269.7491 0.0000
-269.0398 0.0000
-268.5653 0.0000
-268.9522 0.0000
-269.9061 0.0000
-269.3551 0.0000
-267.9937 0.0000
-268.1756 0.0000
-269.1310 0.0000
-267.6322 0.0000
-269.1195 0.0000
-269.0969 0.0000
-268.5890 0.0000
-267.3100 0.0000
-267.3080 0.0000
-266.7580 0.0000
-266.2658 0.0000
-264.8283 0.0000
-265.1001 0.0000
-265.8298 0.0000
-266.1297 0.0000
-266.5108 0.0000
-265.6366 0.0000
-265.2267 0.0000
-265.3563 0.0000
-265.3153 0.0000
-265.4069 0.0000
-265.1606 0.0000
-264.9657 0.0000
-264.7376 0.0000
-263.9072 0.0000
-264.2672 0.0000
-264.1718 0.0000
-264.7199 0.0000
-265.1659 0.0000
-265.0957 0.0000
-264.8457 0.0000
-263.4811 0.0000
-263.2138 0.0000
-263.3256 0.0000
-263.7656 0.0000
-264.0535 0.0000
-263.8206 0.0000
-263.9847 0.0000
-264.1380 0.0000
-265.0706 0.0000
-264.7433 0.0000
-264.3571 0.0000
-264.2571 0.0000
-263.7736 0.0000
-264.3576 0.0000
-263.3957 0.0000
-263.2988 0.0000
-263.5010 0.0000
-263.6377 0.0000
-263.6908 0.0000
-262.8243 0.0000
-262.6474 0.0000
-262.6384 0.0000
-263.4482 0.0000
-263.0698 0.0000
-263.1962 0.0000
-263.1233 0.0000
-263.7353 0.0000
-264.3119 0.0000
-264.0892 0.0000
-264.1511 0.0000
-264.4286 0.0000
-264.0568 0.0000
-264.1195 0.0000
-264.1058 0.0000
-264.6713 0.0000
-263.8157 0.0000
-263.3497 0.0000
-262.9964 0.0000
-263.2736 0.0000
-263.2127 0.0000
-263.8792 0.0000
-265.0859 0.0000
-262.8197 0.0000
-262.7971 0.0000
-263.1397 0.0000
-262.9734 0.0000
-262.2253 0.0000
-261.4574 0.0000
-261.3208 0.0000
-260.2453 0.0000
-334.2705 0.0000
-335.4210 0.0000
-334.9433 0.0000
-334.3520 0.0000
-335.0805 0.0000
-334.9439 0.0000
-334.4070 0.0000
-334.6758 0.0000
-334.5374 0.0000
-333.3919 0.0000
-334.6188 0.0000
-334.3978 0.0000
-335.0501 0.0000
-334.5762 0.0000
-335.3595 0.0000
-334.3967 0.0000
-333.9350 0.0000
-334.2208 0.0000
-334.3962 0.0000
-335.6825 0.0000
-334.3618 0.0000
-334.6608 0.0000
-334.4898 0.0000
-335.0212 0.0000
-334.6046 0.0000
-335.4584 0.0000
-335.0585 0.0000
-334.8012 0.0000
-335.4851 0.0000
-333.1886 0.0000
-334.6784 0.0000
-334.1318 0.0000
-334.7470 0.0000
-335.6501 0.0000
-334.9748 0.0000
-335.2797 0.0000
-334.6356 0.0000
-335.1786 0.0000
-334.8452 0.0000
-334.3238 0.0000
-334.1220 0.0000
-334.8266 0.0000
-334.4756 0.0000
-335.1308 0.0000
-334.6544 0.0000
-334.4918 0.0000
-334.6599 0.0000
-333.9202 0.0000
-334.4304 0.0000
-333.9283 0.0000
-334.0080 0.0000
-334.5499 0.0000
-334.2846 0.0000
-335.3325 0.0000
-334.4504 0.0000
-334.8700 0.0000
-335.5182 0.0000
-334.6924 0.0000
-334.1620 0.0000
-334.6667 0.0000
-334.2587 0.0000
-334.7065 0.0000
-334.9137 0.0000
-334.5576 0.0000
-335.2743 0.0000
-334.6164 0.0000
-334.3027 0.0000
-334.9890 0.0000
-335.4967 0.0000
-334.2095 0.0000
-334.5870 0.0000
-334.2429 0.0000
-333.6545 0.0000
-333.3398 0.0000
-334.7738 0.0000
-334.5215 0.0000
-334.8859 0.0000
-334.6872 0.0000
-334.0658 0.0000
-334.5032 0.0000
-335.0420 0.0000
-334.7212 0.0000
-334.8570 0.0000
-334.4306 0.0000
-334.5694 0.0000
-335.2496 0.0000
-334.7929 0.0000
-334.4701 0.0000
-334.6813 0.0000
-334.6986 0.0000
-334.5349 0.0000
-334.8973 0.0000
-335.4867 0.0000
-334.4460 0.0000
-334.9189 0.0000
-334.4851 0.0000
-334.1387 0.0000
-334.9095 0.0000
-334.5038 0.0000
-334.1393 0.0000
-323.4076 0.0000
-324.1892 0.0000
-324.1262 0.0000
-324.9477 0.0000
-323.4727 0.0000
-323.9310 0.0000
-324.6308 0.0000
-324.3138 0.0000
-323.8603 0.0000
-324.1691 0.0000
-324.9834 0.0000
-324.3318 0.0000
-324.8566 0.0000
-323.9816 0.0000
-323.5606 0.0000
-323.6594 0.0000
-324.6559 0.0000
-324.5544 0.0000
-322.7978 0.0000
-324.1164 0.0000
-324.5759 0.0000
-324.7324 0.0000
-324.3296 0.0000
-324.1179 0.0000
-325.0266 0.0000
-324.9189 0.0000
-324.0564 0.0000
-323.3800 0.0000
-323.9862 0.0000
-324.7493 0.0000
-323.5978 0.0000
-324.8555 0.0000
-323.8891 0.0000
-323.9821 0.0000
-324.1548 0.0000
-324.6786 0.0000
-324.6696 0.0000
-324.6217 0.0000
-324.1017 0.0000
-323.9889 0.0000
-324.7730 0.0000
-324.1126 0.0000
-324.8302 0.0000
-324.7036 0.0000
-323.1593 0.0000
-324.1074 0.0000
-324.5554 0.0000
-323.5425 0.0000
-323.8070 0.0000
-323.7573 0.0000
-323.6228 0.0000
-324.1933 0.0000
-324.3293 0.0000
-323.5839 0.0000
-324.7251 0.0000
-324.1800 0.0000
-324.2140 0.0000
-324.5356 0.0000
-324.8396 0.0000
-323.9286 0.0000
-323.9534 0.0000
-324.3063 0.0000
-324.6280 0.0000
-323.9797 0.0000
-324.2013 0.0000
-324.4185 0.0000
-324.0040 0.0000
-324.8136 0.0000
-324.0948 0.0000
-325.2389 0.0000
-324.5658 0.0000
-323.9358 0.0000
-324.2897 0.0000
-325.5792 0.0000
-324.6300 0.0000
-324.8553 0.0000
-324.1337 0.0000
-322.8531 0.0000
-323.7837 0.0000
-324.6307 0.0000
-323.7535 0.0000
-324.6345 0.0000
-323.4051 0.0000
-324.3153 0.0000
-323.5314 0.0000
-324.2090 0.0000
-324.2260 0.0000
-325.0154 0.0000
-324.3876 0.0000
-324.8659 0.0000
-323.9867 0.0000
-323.6464 0.0000
-324.2796 0.0000
-324.7840 0.0000
-322.9008 0.0000
-324.2305 0.0000
-324.1535 0.0000
-323.6983 0.0000
-323.6992 0.0000
-323.5268 0.0000
-277.7026 0.0000
-276.3523 0.0000
-277.5985 0.0000
-278.4008 0.0000
-277.1409 0.0000
-275.5664 0.0000
-278.8408 0.0000
-278.4438 0.0000
-277.6110 0.0000
-277.4330 0.0000
-274.6688 0.0000
-277.4865 0.0000
-277.5989 0.0000
-277.0988 0.0000
-276.8962 0.0000
-277.6451 0.0000
-276.6476 0.0000
-277.1282 0.0000
-277.8311 0.0000
-277.8037 0.0000
-277.9368 0.0000
-278.8112 0.0000
-275.7112 0.0000
-274.5845 0.0000
-275.4984 0.0000
-277.3065 0.0000
-276.3190 0.0000
-276.5685 0.0000
-276.6560 0.0000
-278.6259 0.0000
-277.4650 0.0000
-277.2312 0.0000
-275.8147 0.0000
-276.7936 0.0000
-277.4104 0.0000
-279.1568 0.0000
-277.3644 0.0000
-277.2540 0.0000
-277.2555 0.0000
-276.4502 0.0000
-276.4312 0.0000
-278.9182 0.0000
-276.4421 0.0000
-277.4116 0.0000
-276.8655 0.0000
-279.2789 0.0000
-277.4448 0.0000
-277.2217 0.0000
-277.1722 0.0000
-276.7095 0.0000
-276.5041 0.0000
-276.8793 0.0000
-276.4238 0.0000
-276.5672 0.0000
-276.3037 0.0000
-276.7415 0.0000
-278.9326 0.0000
-276.5160 0.0000
-278.2192 0.0000
-278.8865 0.0000
-280.4168 0.0000
-279.0894 0.0000
-280.6311 0.0000
-280.9822 0.0000
-280.3725 0.0000
-281.2761 0.0000
-281.2389 0.0000
-282.9608 0.0000
-281.3897 0.0000
-281.7455 0.0000
-280.8276 0.0000
-279.1653 0.0000
-278.4085 0.0000
-276.6958 0.0000
-276.0515 0.0000
-275.3186 0.0000
-273.9319 0.0000
-273.9618 0.0000
-274.2743 0.0000
-274.3885 0.0000
-274.2683 0.0000
-274.7001 0.0000
-274.3263 0.0000
-276.6451 0.0000
-277.0672 0.0000
-276.3146 0.0000
-275.8733 0.0000
-274.5248 0.0000
-275.7627 0.0000
-277.4806 0.0000
-278.2255 0.0000
-277.2901 0.0000
-277.1385 0.0000
-276.9425 0.0000
-276.3587 0.0000
-274.2109 0.0000
-276.7625 0.0000
-277.2684 0.0000
-276.6611 0.0000
-277.1003 0.0000
-326.1142 0.0000
-324.3615 0.0000
-324.2128 0.0000
-323.9480 0.0000
-325.2053 0.0000
-325.8711 0.0000
-323.9191 0.0000
-324.1159 0.0000
-323.4629 0.0000
-324.6809 0.0000
-324.5220 0.0000
-323.7800 0.0000
-326.1532 0.0000
-324.3813 0.0000
-323.7207 0.0000
-325.6627 0.0000
-324.2448 0.0000
-325.0366 0.0000
-325.3687 0.0000
-324.1675 0.0000
-324.6818 0.0000
-323.6053 0.0000
-324.5796 0.0000
-323.8624 0.0000
-325.1718 0.0000
-325.4481 0.0000
-326.1398 0.0000
-325.0874 0.0000
-325.3437 0.0000
-326.0524 0.0000
-325.6744 0.0000
-325.0462 0.0000
-325.1327 0.0000
-324.3484 0.0000
-326.0994 0.0000
-325.5217 0.0000
-325.9231 0.0000
-324.3973 0.0000
-325.9372 0.0000
-324.9364 0.0000
-324.9282 0.0000
-325.5611 0.0000
-324.8254 0.0000
-324.8118 0.0000
-325.0071 0.0000
-325.7406 0.0000
-325.3445 0.0000
-325.7657 0.0000
-325.7670 0.0000
-325.1764 0.0000
-325.4164 0.0000
-324.2306 0.0000
-323.3214 0.0000
-324.0282 0.0000
-324.1436 0.0000
-325.8386 0.0000
-325.0153 0.0000
-325.1921 0.0000
-324.1270 0.0000
-324.3247 0.0000
-324.8568 0.0000
-325.4193 0.0000
-324.2329 0.0000
-324.7736 0.0000
-325.2754 0.0000
-324.0281 0.0000
-325.5120 0.0000
-325.0719 0.0000
-324.6632 0.0000
-325.2021 0.0000
-324.9284 0.0000
-324.9882 0.0000
-325.2175 0.0000
-325.8196 0.0000
-325.4570 0.0000
-323.8378 0.0000
-324.9335 0.0000
-325.3712 0.0000
-325.3918 0.0000
-325.1547 0.0000
-325.3158 0.0000
-324.9464 0.0000
-324.6108 0.0000
-325.1431 0.0000
-325.1325 0.0000
-324.3400 0.0000
-323.8871 0.0000
-325.0693 0.0000
-325.3574 0.0000
-325.9639 0.0000
-324.8289 0.0000
-323.8660 0.0000
-325.3364 0.0000
-324.4856 0.0000
-325.1046 0.0000
-325.9208 0.0000
-325.9471 0.0000
-324.2308 0.0000
-325.6498 0.0000
-325.6172 0.0000
-346.4811 0.0000
-345.1978 0.0000
-345.3634 0.0000
-345.8836 0.0000
-345.7278 0.0000
-345.9014 0.0000
-346.1490 0.0000
-345.9218 0.0000
-345.9892 0.0000
-346.2182 0.0000
-345.7119 0.0000
-346.1872 0.0000
-346.1208 0.0000
-346.5089 0.0000
-345.6646 0.0000
-345.3935 0.0000
-346.7181 0.0000
-346.1890 0.0000
-345.6382 0.0000
-346.7389 0.0000
-346.3501 0.0000
-346.5461 0.0000
-346.3733 0.0000
-346.0688 0.0000
-346.2647 0.0000
-346.1476 0.0000
-345.2618 0.0000
-346.6034 0.0000
-346.7211 0.0000
-345.4157 0.0000
-346.3433 0.0000
-346.6945 0.0000
-346.7785 0.0000
-345.6956 0.0000
-345.3023 0.0000
-345.7315 0.0000
-346.7589 0.0000
-346.5587 0.0000
-345.6449 0.0000
-345.8950 0.0000
-345.9841 0.0000
-345.9844 0.0000
-345.7565 0.0000
-345.9814 0.0000
-345.8664 0.0000
-345.6415 0.0000
-344.3058 0.0000
-346.0727 0.0000
-346.9676 0.0000
-345.7578 0.0000
-345.2223 0.0000
-346.1050 0.0000
-345.4505 0.0000
-346.0496 0.0000
-345.9431 0.0000
-346.2600 0.0000
-346.0014 0.0000
-345.8653 0.0000
-344.9964 0.0000
-345.4358 0.0000
-345.6332 0.0000
-346.0648 0.0000
-345.5431 0.0000
-344.6015 0.0000
-346.3184 0.0000
-346.3836 0.0000
-345.8429 0.0000
-345.6793 0.0000
-345.7091 0.0000
-344.3919 0.0000
-346.1988 0.0000
-346.5398 0.0000
-346.0307 0.0000
-345.4607 0.0000
-345.7501 0.0000
-346.0733 0.0000
-346.2937 0.0000
-346.2767 0.0000
-345.9391 0.0000
-347.0412 0.0000
-345.6073 0.0000
-347.1194 0.0000
-346.1582 0.0000
-345.8681 0.0000
-345.2311 0.0000
-345.1591 0.0000
-346.7559 0.0000
-345.8300 0.0000
-345.6040 0.0000
-345.7029 0.0000
-345.9538 0.0000
-346.5236 0.0000
-345.9522 0.0000
-346.0843 0.0000
-346.8842 0.0000
-346.1243 0.0000
-347.6080 0.0000
-345.5812 0.0000
-345.6660 0.0000
-346.3111 0.0000
-312.8349 0.0000
-311.2547 0.0000
-310.8296 0.0000
-311.5581 0.0000
-312.5976 0.0000
-311.2634 0.0000
-312.1934 0.0000
-311.3258 0.0000
-310.5333 0.0000
-312.8685 0.0000
-311.8889 0.0000
-312.0535 0.0000
-311.7602 0.0000
-311.2855 0.0000
-311.8305 0.0000
-312.5456 0.0000
-311.8123 0.0000
-310.7099 0.0000
-311.6842 0.0000
-312.9592 0.0000
-310.9280 0.0000
-311.2521 0.0000
-312.5253 0.0000
-312.0326 0.0000
-312.3337 0.0000
-311.2210 0.0000
-312.5049 0.0000
-311.3260 0.0000
-312.1795 0.0000
-312.0499 0.0000
-311.2560 0.0000
-310.4469 0.0000
-312.2712 0.0000
-312.4896 0.0000
-311.3212 0.0000
-311.9729 0.0000
-313.3635 0.0000
-312.8879 0.0000
-311.6928 0.0000
-311.9036 0.0000
-311.5531 0.0000
-311.8764 0.0000
-310.7711 0.0000
-311.3859 0.0000
-311.5973 0.0000
-311.6556 0.0000
-311.6109 0.0000
-311.6307 0.0000
-312.2994 0.0000
-311.6831 0.0000
-311.7800 0.0000
-310.9386 0.0000
-311.5276 0.0000
-311.6740 0.0000
-312.2174 0.0000
-312.7805 0.0000
-311.8023 0.0000
-311.4240 0.0000
-311.8356 0.0000
-312.3619 0.0000
-311.6675 0.0000
-311.7472 0.0000
-311.5950 0.0000
-313.0429 0.0000
-311.0458 0.0000
-310.6711 0.0000
-311.3513 0.0000
-312.2534 0.0000
-311.0161 0.0000
-312.8051 0.0000
-310.9454 0.0000
-312.4641 0.0000
-312.7658 0.0000
-311.7792 0.0000
-311.5577 0.0000
-310.6413 0.0000
-311.3114 0.0000
-311.5799 0.0000
-311.7449 0.0000
-311.2363 0.0000
-311.0996 0.0000
-311.9302 0.0000
-311.1929 0.0000
-312.3539 0.0000
-312.1145 0.0000
-311.8567 0.0000
-312.2033 0.0000
-310.8363 0.0000
-311.4104 0.0000
-311.0113 0.0000
-311.1329 0.0000
-311.7786 0.0000
-311.1519 0.0000
-312.4024 0.0000
-312.1859 0.0000
-310.7518 0.0000
-310.5734 0.0000
-310.2309 0.0000
-310.4879 0.0000
-310.2689 0.0000
-301.6721 0.0000
-301.8402 0.0000
-300.1932 0.0000
-301.3769 0.0000
-302.6271 0.0000
-302.1272 0.0000
-301.6551 0.0000
-301.2702 0.0000
-299.9547 0.0000
-300.5110 0.0000
-300.4982 0.0000
-301.6591 0.0000
-300.8415 0.0000
-302.2622 0.0000
-303.0667 0.0000
-301.8677 0.0000
-302.3659 0.0000
-301.1375 0.0000
-301.6154 0.0000
-301.0735 0.0000
-301.8291 0.0000
-301.7134 0.0000
-302.9650 0.0000
-303.1734 0.0000
-302.6008 0.0000
-302.3612 0.0000
-301.6974 0.0000
-302.1808 0.0000
-302.5218 0.0000
-301.9813 0.0000
-301.8538 0.0000
-301.2420 0.0000
-301.4299 0.0000
-302.6478 0.0000
-302.1478 0.0000
-303.0677 0.0000
-304.1897 0.0000
-304.0861 0.0000
-304.7121 0.0000
-305.0970 0.0000
-303.7971 0.0000
-304.2117 0.0000
-305.0615 0.0000
-304.4242 0.0000
-304.4821 0.0000
-304.8289 0.0000
-306.3092 0.0000
-305.2254 0.0000
-305.7970 0.0000
-306.9975 0.0000
-306.7635 0.0000
-306.6925 0.0000
-306.9328 0.0000
-307.0705 0.0000
-306.3455 0.0000
-305.8367 0.0000
-304.4717 0.0000
-305.1000 0.0000
-305.2141 0.0000
-305.0262 0.0000
-305.9731 0.0000
-306.0314 0.0000
-306.5163 0.0000
-306.2143 0.0000
-306.0620 0.0000
-304.9893 0.0000
-304.9592 0.0000
-304.4763 0.0000
-304.8494 0.0000
-303.5763 0.0000
-304.8051 0.0000
-304.2443 0.0000
-303.4112 0.0000
-301.6529 0.0000
-301.6509 0.0000
-301.2639 0.0000
-300.4386 0.0000
-299.4202 0.0000
-298.4182 0.0000
-299.2760 0.0000
-298.8463 0.0000
-300.2297 0.0000
-300.4455 0.0000
-300.2114 0.0000
-299.9721 0.0000
-300.3426 0.0000
-300.1976 0.0000
-299.8906 0.0000
-301.2901 0.0000
-300.4113 0.0000
-299.9718 0.0000
-301.4711 0.0000
-301.8781 0.0000
-300.9977 0.0000
-301.3211 0.0000
-301.9416 0.0000
-300.6154 0.0000
-301.7578 0.0000
-300.6145 0.0000
-300.0607 0.0000
-280.9528 0.0000
-281.7522 0.0000
-281.4487 0.0000
-281.5963 0.0000
-282.2808 0.0000
-283.2315 0.0000
-282.9984 0.0000
-282.9111 0.0000
-283.5148 0.0000
-283.3567 0.0000
-284.5136 0.0000
-284.7258 0.0000
-284.7042 0.0000
-284.0596 0.0000
-283.5536 0.0000
-283.9207 0.0000
-284.1289 0.0000
-284.0670 0.0000
-283.3713 0.0000
-283.8309 0.0000
-283.9419 0.0000
-284.0380 0.0000
-284.3367 0.0000
-283.0885 0.0000
-283.6357 0.0000
-284.0720 0.0000
-283.5038 0.0000
-283.9693 0.0000
-283.6063 0.0000
-284.1088 0.0000
-284.2303 0.0000
-284.2711 0.0000
-283.8479 0.0000
-283.9330 0.0000
-283.3996 0.0000
-283.0361 0.0000
-283.2761 0.0000
-284.2181 0.0000
-285.5381 0.0000
-285.1587 0.0000
-285.4690 0.0000
-285.4572 0.0000
-285.5786 0.0000
-286.4693 0.0000
-287.7302 0.0000
-287.4961 0.0000
-288.2190 0.0000
-288.1977 0.0000
-287.2827 0.0000
-287.2844 0.0000
-287.2993 0.0000
-287.4452 0.0000
-288.0008 0.0000
-287.0791 0.0000
-287.4371 0.0000
-287.8476 0.0000
-288.1489 0.0000
-289.1776 0.0000
-288.7434 0.0000
-288.5704 0.0000
-288.2657 0.0000
-287.4893 0.0000
-287.5340 0.0000
-287.5824 0.0000
-286.6954 0.0000
-287.0745 0.0000
-286.9019 0.0000
-286.7152 0.0000
-287.6433 0.0000
-287.5405 0.0000
-287.0387 0.0000
-286.6516 0.0000
-287.2047 0.0000
-286.9648 0.0000
-286.7747 0.0000
-286.5277 0.0000
-286.1553 0.0000
-286.3591 0.0000
-286.3469 0.0000
-286.4862 0.0000
-287.9597 0.0000
-287.6939 0.0000
-287.8801 0.0000
-286.8645 0.0000
-286.8978 0.0000
-286.4940 0.0000
-287.4588 0.0000
-288.6919 0.0000
-288.0253 0.0000
-287.5554 0.0000
-288.0213 0.0000
-287.7058 0.0000
-288.3375 0.0000
-287.9159 0.0000
-288.2044 0.0000
-288.3318 0.0000
-288.5993 0.0000
-288.6713 0.0000
-288.9016 0.0000
-288.8765 0.0000
-338.4461 0.0000
-339.0715 0.0000
-339.7444 0.0000
-338.5251 0.0000
-337.7938 0.0000
-339.7479 0.0000
-338.2024 0.0000
-338.8041 0.0000
-338.6793 0.0000
-339.6034 0.0000
-337.8503 0.0000
-337.7284 0.0000
-338.7743 0.0000
-340.0819 0.0000
-339.3468 0.0000
-339.0043 0.0000
-337.1628 0.0000
-338.7850 0.0000
-340.1522 0.0000
-339.0341 0.0000
-337.7617 0.0000
-337.5057 0.0000
-339.4318 0.0000
-339.7431 0.0000
-338.2320 0.0000
-337.1407 0.0000
-338.9205 0.0000
-339.2894 0.0000
-337.3590 0.0000
-338.9268 0.0000
-338.7695 0.0000
-339.1731 0.0000
-339.8312 0.0000
-340.0219 0.0000
-337.3427 0.0000
-339.6444 0.0000
-338.3302 0.0000
-339.3979 0.0000
-337.2900 0.0000
-338.4582 0.0000
-337.9317 0.0000
-339.0069 0.0000
-337.6804 0.0000
-337.6517 0.0000
-339.2232 0.0000
-338.1264 0.0000
-338.8974 0.0000
-335.1345 0.0000
-337.2027 0.0000
-339.4290 0.0000
-339.3071 0.0000
-339.2941 0.0000
-338.7225 0.0000
-339.2739 0.0000
-338.4149 0.0000
-338.8894 0.0000
-336.3846 0.0000
-338.0193 0.0000
-337.5950 0.0000
-340.0452 0.0000
-338.6873 0.0000
-338.0431 0.0000
-338.2414 0.0000
-338.3723 0.0000
-337.2837 0.0000
-337.1543 0.0000
-337.7400 0.0000
-338.4705 0.0000
-338.1662 0.0000
-338.4535 0.0000
-337.7482 0.0000
-340.0273 0.0000
-338.0817 0.0000
-338.9481 0.0000
-339.2805 0.0000
-338.7236 0.0000
-338.2885 0.0000
-338.3111 0.0000
-339.1518 0.0000
-338.6456 0.0000
-338.5718 0.0000
-339.6464 0.0000
-339.8369 0.0000
-338.9508 0.0000
-340.0981 0.0000
-338.8700 0.0000
-339.4720 0.0000
-337.8742 0.0000
-337.5135 0.0000
-339.4272 0.0000
-338.1434 0.0000
-340.0556 0.0000
-338.6256 0.0000
-338.6180 0.0000
-338.6330 0.0000
-339.2564 0.0000
-338.3333 0.0000
-339.0364 0.0000
-338.1248 0.0000
-338.7239 0.0000
-285.9800 0.0000
-286.4707 0.0000
-285.2965 0.0000
-285.4984 0.0000
-285.7105 0.0000
-285.9748 0.0000
-286.6664 0.0000
-285.5024 0.0000
-285.6392 0.0000
-285.0840 0.0000
-285.1472 0.0000
-283.6088 0.0000
-283.3708 0.0000
-282.0596 0.0000
-281.7962 0.0000
-281.3979 0.0000
-281.3138 0.0000
-283.3385 0.0000
-282.0202 0.0000
-282.3065 0.0000
-282.0202 0.0000
-282.1210 0.0000
-282.6920 0.0000
-282.7350 0.0000
-282.9799 0.0000
-282.1146 0.0000
-280.6858 0.0000
-280.2019 0.0000
-281.2587 0.0000
-281.2439 0.0000
-282.0890 0.0000
-281.2682 0.0000
-280.3582 0.0000
-280.0614 0.0000
-279.0158 0.0000
-279.8558 0.0000
-279.6459 0.0000
-281.3215 0.0000
-282.6025 0.0000
-280.7161 0.0000
-281.6399 0.0000
-282.7135 0.0000
-282.5989 0.0000
-283.6926 0.0000
-283.5695 0.0000
-284.1370 0.0000
-285.4793 0.0000
-284.9971 0.0000
-285.1800 0.0000
-284.1221 0.0000
-283.8698 0.0000
-284.6910 0.0000
-285.2443 0.0000
-285.3636 0.0000
-284.7826 0.0000
-284.3812 0.0000
-285.5053 0.0000
-284.0752 0.0000
-284.6492 0.0000
-284.3632 0.0000
-284.0393 0.0000
-283.8755 0.0000
-282.4860 0.0000
-282.6669 0.0000
-281.7662 0.0000
-281.2025 0.0000
-282.2825 0.0000
-282.3095 0.0000
-282.3890 0.0000
-281.5061 0.0000
-281.1983 0.0000
-280.7994 0.0000
-280.9200 0.0000
-281.5857 0.0000
-281.2384 0.0000
-281.8799 0.0000
-281.1123 0.0000
-281.5661 0.0000
-280.5612 0.0000
-280.4168 0.0000
-279.8045 0.0000
-280.6019 0.0000
-280.0670 0.0000
-280.6603 0.0000
-277.0804 0.0000
-277.1079 0.0000
-277.7874 0.0000
-276.0441 0.0000
-277.6278 0.0000
-276.7247 0.0000
-275.5286 0.0000
-276.4775 0.0000
-277.3252 0.0000
-276.5635 0.0000
-276.6678 0.0000
-276.7331 0.0000
-277.1096 0.0000
-277.0805 0.0000
-276.5543 0.0000
-276.3053 0.0000
-329.9639 0.0000
-329.4755 0.0000
-328.8929 0.0000
-329.6742 0.0000
-330.0044 0.0000
-329.4979 0.0000
-329.2326 0.0000
-329.8109 0.0000
-329.0226 0.0000
-331.2956 0.0000
-330.7315 0.0000
-330.0613 0.0000
-328.9024 0.0000
-329.3933 0.0000
-329.3667 0.0000
-330.1424 0.0000
-329.9205 0.0000
-328.7016 0.0000
-330.4232 0.0000
-330.2662 0.0000
-329.5771 0.0000
-329.3646 0.0000
-329.8786 0.0000
-329.8167 0.0000
-330.1400 0.0000
-329.9519 0.0000
-329.2792 0.0000
-329.2425 0.0000
-329.7858 0.0000
-330.1015 0.0000
-329.9500 0.0000
-329.6821 0.0000
-329.7358 0.0000
-329.4320 0.0000
-329.4380 0.0000
-329.0893 0.0000
-330.0558 0.0000
-329.0163 0.0000
-328.3158 0.0000
-329.3785 0.0000
-329.7312 0.0000
-329.4799 0.0000
-329.4707 0.0000
-329.9299 0.0000
-329.6201 0.0000
-329.8116 0.0000
-330.1140 0.0000
-330.8642 0.0000
-329.6499 0.0000
-329.3205 0.0000
-329.8266 0.0000
-330.0352 0.0000
-329.5785 0.0000
-330.2673 0.0000
-329.2654 0.0000
-330.4072 0.0000
-329.7065 0.0000
-329.3143 0.0000
-329.6393 0.0000
-329.1717 0.0000
-329.3181 0.0000
-330.0287 0.0000
-330.5536 0.0000
-329.3291 0.0000
-329.8153 0.0000
-330.4939 0.0000
-329.7491 0.0000
-329.3644 0.0000
-329.8663 0.0000
-329.7844 0.0000
-329.4773 0.0000
-329.5296 0.0000
-328.8161 0.0000
-329.5685 0.0000
-330.1727 0.0000
-329.1495 0.0000
-328.7921 0.0000
-329.2778 0.0000
-329.4647 0.0000
-329.8221 0.0000
-329.2530 0.0000
-330.4283 0.0000
-329.1715 0.0000
-329.7453 0.0000
-329.9985 0.0000
-329.1512 0.0000
-329.5715 0.0000
-329.4569 0.0000
-329.7935 0.0000
-329.9373 0.0000
-330.2320 0.0000
-329.8257 0.0000
-329.9167 0.0000
-328.8416 0.0000
-329.9443 0.0000
-329.0683 0.0000
-329.3531 0.0000
-329.2941 0.0000
-329.8861 0.0000
-329.5793 0.0000
-312.4970 0.0000
-314.1382 0.0000
-312.3119 0.0000
-314.0668 0.0000
-313.5878 0.0000
-312.3819 0.0000
-312.3313 0.0000
-313.0683 0.0000
-313.0877 0.0000
-314.0309 0.0000
-313.3416 0.0000
-313.7236 0.0000
-312.9174 0.0000
-312.8867 0.0000
-313.1287 0.0000
-313.3930 0.0000
-314.4423 0.0000
-312.7277 0.0000
-313.1954 0.0000
-313.5685 0.0000
-312.9119 0.0000
-312.7749 0.0000
-314.4764 0.0000
-313.9604 0.0000
-313.5734 0.0000
-312.3521 0.0000
-313.2987 0.0000
-312.7952 0.0000
-312.0404 0.0000
-312.4035 0.0000
-312.7038 0.0000
-311.9810 0.0000
-312.9972 0.0000
-313.0121 0.0000
-313.2896 0.0000
-312.8406 0.0000
-312.7426 0.0000
-313.6118 0.0000
-314.1936 0.0000
-314.1376 0.0000
-313.6347 0.0000
-310.5806 0.0000
-313.4602 0.0000
-313.1843 0.0000
-313.1659 0.0000
-313.6538 0.0000
-312.7800 0.0000
-313.2616 0.0000
-313.4043 0.0000
-312.2627 0.0000
-312.3670 0.0000
-313.0527 0.0000
-313.1300 0.0000
-312.6347 0.0000
-313.3097 0.0000
-313.3931 0.0000
-312.1714 0.0000
-312.3877 0.0000
-312.5414 0.0000
-313.4886 0.0000
-314.8992 0.0000
-313.3296 0.0000
-312.9892 0.0000
-313.8238 0.0000
-312.6069 0.0000
-313.0162 0.0000
-313.2483 0.0000
-312.8306 0.0000
-313.2741 0.0000
-312.8657 0.0000
-313.3494 0.0000
-313.4505 0.0000
-312.9995 0.0000
-313.3131 0.0000
-311.8305 0.0000
-312.6618 0.0000
-313.0652 0.0000
-312.4297 0.0000
-313.9763 0.0000
-311.4803 0.0000
-311.9253 0.0000
-314.6052 0.0000
-313.3463 0.0000
-311.9646 0.0000
-312.3108 0.0000
-311.9421 0.0000
-313.0161 0.0000
-313.2181 0.0000
-313.2674 0.0000
-313.7654 0.0000
-312.7492 0.0000
-313.5994 0.0000
-312.6658 0.0000
-313.6544 0.0000
-313.2962 0.0000
-312.3431 0.0000
-313.7953 0.0000
-313.4437 0.0000
-312.8670 0.0000
-313.4585 0.0000
-254.8179 0.0000
-255.3423 0.0000
-255.7813 0.0000
-256.2059 0.0000
-256.8821 0.0000
-257.3281 0.0000
-256.7230 0.0000
-257.1987 0.0000
-257.0757 0.0000
-257.1803 0.0000
-258.2431 0.0000
-258.1867 0.0000
-258.1518 0.0000
-257.1683 0.0000
-256.6490 0.0000
-258.0475 0.0000
-256.5380 0.0000
-256.1500 0.0000
-256.0066 0.0000
-256.2016 0.0000
-256.0812 0.0000
-256.8351 0.0000
-257.5052 0.0000
-257.1007 0.0000
-257.1008 0.0000
-256.0998 0.0000
-256.5481 0.0000
-255.5694 0.0000
-255.3823 0.0000
-255.3068 0.0000
-255.7642 0.0000
-256.5686 0.0000
-256.3996 0.0000
-258.1981 0.0000
-255.7610 0.0000
-257.5053 0.0000
-258.7114 0.0000
-259.2471 0.0000
-260.4832 0.0000
-261.1757 0.0000
-262.0496 0.0000
-262.4765 0.0000
-262.2702 0.0000
-261.9891 0.0000
-265.1178 0.0000
-263.3353 0.0000
-264.5362 0.0000
-264.3620 0.0000
-263.1803 0.0000
-263.7310 0.0000
-262.9347 0.0000
-262.6635 0.0000
-262.2784 0.0000
-261.9229 0.0000
-262.2509 0.0000
-262.9377 0.0000
-262.9602 0.0000
-263.3562 0.0000
-263.5073 0.0000
-265.1395 0.0000
-262.5224 0.0000
-263.3091 0.0000
-263.0582 0.0000
-262.2838 0.0000
-262.7416 0.0000
-260.3412 0.0000
-258.5010 0.0000
-259.0877 0.0000
-259.5503 0.0000
-259.5869 0.0000
-259.9208 0.0000
-259.5234 0.0000
-259.4290 0.0000
-259.1799 0.0000
-259.2949 0.0000
-259.4840 0.0000
-257.3925 0.0000
-256.8249 0.0000
-257.0122 0.0000
-255.4987 0.0000
-253.8344 0.0000
-253.9047 0.0000
-252.4475 0.0000
-251.6559 0.0000
-251.3098 0.0000
-250.4143 0.0000
-248.4099 0.0000
-247.3299 0.0000
-247.4163 0.0000
-248.5553 0.0000
-249.7608 0.0000
-249.3534 0.0000
-249.7316 0.0000
-250.1997 0.0000
-249.1568 0.0000
-249.6614 0.0000
-249.5000 0.0000
-250.3866 0.0000
-251.0210 0.0000
-253.0450 0.0000
-326.4122 0.0000
-326.4648 0.0000
-326.0231 0.0000
-324.1335 0.0000
-325.0344 0.0000
-323.8774 0.0000
-324.5587 0.0000
-323.8501 0.0000
-325.2288 0.0000
-324.1218 0.0000
-324.9173 0.0000
-326.4694 0.0000
-325.6260 0.0000
-324.8094 0.0000
-325.4922 0.0000
-324.2701 0.0000
-325.0322 0.0000
-325.5796 0.0000
-324.3177 0.0000
-324.1495 0.0000
-325.0201 0.0000
-325.7257 0.0000
-325.4999 0.0000
-325.4266 0.0000
-324.8450 0.0000
-325.0103 0.0000
-325.3583 0.0000
-325.0824 0.0000
-325.1349 0.0000
-324.3923 0.0000
-324.7167 0.0000
-325.6261 0.0000
-325.5424 0.0000
-325.2614 0.0000
-324.9531 0.0000
-325.3669 0.0000
-325.6202 0.0000
-324.9335 0.0000
-325.1059 0.0000
-324.1081 0.0000
-325.1865 0.0000
-325.8357 0.0000
-324.4960 0.0000
-324.6961 0.0000
-323.5379 0.0000
-324.2501 0.0000
-323.6728 0.0000
-323.9674 0.0000
-325.1493 0.0000
-324.0558 0.0000
-326.4744 0.0000
-323.4163 0.0000
-325.8181 0.0000
-324.6741 0.0000
-325.1344 0.0000
-325.3351 0.0000
-324.6998 0.0000
-324.2533 0.0000
-323.9741 0.0000
-324.7856 0.0000
-324.5116 0.0000
-325.8068 0.0000
-325.1460 0.0000
-325.5568 0.0000
-325.0873 0.0000
-324.1590 0.0000
-325.8035 0.0000
-325.9202 0.0000
-325.6045 0.0000
-324.2746 0.0000
-325.0723 0.0000
-325.4001 0.0000
-324.1272 0.0000
-325.5492 0.0000
-325.7343 0.0000
-324.3665 0.0000
-325.1273 0.0000
-324.2127 0.0000
-325.0386 0.0000
-324.8032 0.0000
-324.0662 0.0000
-325.7506 0.0000
-323.6855 0.0000
-323.9744 0.0000
-325.2062 0.0000
-325.1956 0.0000
-324.7275 0.0000
-324.8701 0.0000
-325.1028 0.0000
-325.4950 0.0000
-324.9459 0.0000
-324.9887 0.0000
-324.6636 0.0000
-324.2552 0.0000
-325.9652 0.0000
-325.2829 0.0000
-323.9550 0.0000
-325.7834 0.0000
-325.8090 0.0000
-324.5776 0.0000
-345.3916 0.0000
-345.0796 0.0000
-346.0156 0.0000
-347.1282 0.0000
-345.8271 0.0000
-345.9254 0.0000
-345.3549 0.0000
-345.1883 0.0000
-346.2387 0.0000
-345.9803 0.0000
-345.8778 0.0000
-346.2562 0.0000
-346.2336 0.0000
-345.7901 0.0000
-345.7372 0.0000
-345.6057 0.0000
-346.5648 0.0000
-345.2848 0.0000
-345.2358 0.0000
-345.4808 0.0000
-345.9747 0.0000
-346.1266 0.0000
-346.0287 0.0000
-344.7449 0.0000
-345.9565 0.0000
-346.2761 0.0000
-346.4198 0.0000
-346.0140 0.0000
-345.9253 0.0000
-345.9389 0.0000
-346.4274 0.0000
-346.2547 0.0000
-345.6558 0.0000
-346.4102 0.0000
-346.3429 0.0000
-345.8059 0.0000
-346.5532 0.0000
-346.0270 0.0000
-345.3469 0.0000
-345.6647 0.0000
-346.0884 0.0000
-345.8569 0.0000
-346.1445 0.0000
-346.9989 0.0000
-346.1353 0.0000
-345.6926 0.0000
-345.2394 0.0000
-347.5712 0.0000
-346.9336 0.0000
-346.3412 0.0000
-346.4847 0.0000
-346.2644 0.0000
-345.5057 0.0000
-345.0292 0.0000
-345.1522 0.0000
-345.2493 0.0000
-346.1923 0.0000
-345.8455 0.0000
-346.2382 0.0000
-345.9930 0.0000
-346.2752 0.0000
-345.5472 0.0000
-345.5213 0.0000
-345.6054 0.0000
-346.4916 0.0000
-345.3721 0.0000
-346.3691 0.0000
-346.3014 0.0000
-345.8450 0.0000
-345.9439 0.0000
-346.0228 0.0000
-346.0105 0.0000
-346.2796 0.0000
-345.4506 0.0000
-345.3308 0.0000
-346.1862 0.0000
-345.8282 0.0000
-346.4772 0.0000
-346.3920 0.0000
-345.7308 0.0000
-346.4748 0.0000
-345.5591 0.0000
-346.0257 0.0000
-345.2946 0.0000
-345.8521 0.0000
-346.7659 0.0000
-345.1768 0.0000
-345.9851 0.0000
-345.9407 0.0000
-346.8385 0.0000
-345.0548 0.0000
-345.0664 0.0000
-346.1110 0.0000
-345.6931 0.0000
-345.9481 0.0000
-345.8724 0.0000
-346.6922 0.0000
-346.2280 0.0000
-346.2220 0.0000
-346.1427 0.0000
-297.1973 0.0000
-298.0582 0.0000
-299.8955 0.0000
-297.8570 0.0000
-297.7744 0.0000
-297.5343 0.0000
-297.6913 0.0000
-296.1304 0.0000
-296.6628 0.0000
-295.6464 0.0000
-295.6932 0.0000
-296.0160 0.0000
-295.1622 0.0000
-294.5406 0.0000
-294.6963 0.0000
-295.4207 0.0000
-295.2428 0.0000
-295.0729 0.0000
-295.0016 0.0000
-295.1467 0.0000
-296.0156 0.0000
-296.2064 0.0000
-296.0434 0.0000
-294.8810 0.0000
-295.4131 0.0000
-294.9804 0.0000
-294.9814 0.0000
-295.4926 0.0000
-295.5637 0.0000
-295.5291 0.0000
-294.3047 0.0000
-294.6417 0.0000
-294.0328 0.0000
-295.5817 0.0000
-296.9435 0.0000
-296.1916 0.0000
-296.3008 0.0000
-295.8527 0.0000
-295.5902 0.0000
-296.2072 0.0000
-295.8840 0.0000
-296.0194 0.0000
-294.5307 0.0000
-293.8570 0.0000
-292.6599 0.0000
-292.4228 0.0000
-292.5252 0.0000
-292.2891 0.0000
-292.2153 0.0000
-292.9355 0.0000
-293.2043 0.0000
-293.9254 0.0000
-294.0724 0.0000
-293.1689 0.0000
-292.9729 0.0000
-291.7558 0.0000
-291.7143 0.0000
-291.8942 0.0000
-293.5447 0.0000
-291.7800 0.0000
-291.3075 0.0000
-292.0454 0.0000
-291.6536 0.0000
-290.4961 0.0000
-291.6433 0.0000
-291.2844 0.0000
-292.0439 0.0000
-291.1371 0.0000
-290.0331 0.0000
-289.6520 0.0000
-290.1420 0.0000
-290.6451 0.0000
-291.0051 0.0000
-290.0609 0.0000
-289.8629 0.0000
-289.7364 0.0000
-288.5934 0.0000
-289.1873 0.0000
-287.4508 0.0000
-285.9545 0.0000
-285.9131 0.0000
-285.9045 0.0000
-286.0581 0.0000
-286.1992 0.0000
-286.9956 0.0000
-287.0748 0.0000
-287.1166 0.0000
-287.9307 0.0000
-287.8854 0.0000
-288.4313 0.0000
-287.5498 0.0000
-288.7236 0.0000
-288.5880 0.0000
-287.8877 0.0000
-288.1115 0.0000
-287.4985 0.0000
-287.6112 0.0000
-288.8093 0.0000
-288.5012 0.0000
-289.1650 0.0000
-283.1518 0.0000
-282.8498 0.0000
-284.0341 0.0000
-283.9775 0.0000
-283.3588 0.0000
-283.4952 0.0000
-283.1562 0.0000
-282.7487 0.0000
-281.8822 0.0000
-281.0038 0.0000
-280.5558 0.0000
-279.6393 0.0000
-279.6584 0.0000
-279.3837 0.0000
-280.3633 0.0000
-281.0577 0.0000
-280.1911 0.0000
-278.9595 0.0000
-280.4001 0.0000
-281.3188 0.0000
-281.6994 0.0000
-281.7291 0.0000
-282.8607 0.0000
-283.7572 0.0000
-285.7917 0.0000
-285.5005 0.0000
-283.7186 0.0000
-283.6911 0.0000
-283.9412 0.0000
-283.8695 0.0000
-284.1994 0.0000
-283.2163 0.0000
-283.0880 0.0000
-282.6573 0.0000
-281.5035 0.0000
-280.8079 0.0000
-282.1536 0.0000
-281.7124 0.0000
-282.6058 0.0000
-284.6235 0.0000
-284.5455 0.0000
-286.4623 0.0000
-284.8214 0.0000
-284.5650 0.0000
-284.7718 0.0000
-284.0896 0.0000
-284.1619 0.0000
-283.1645 0.0000
-284.2033 0.0000
-282.4768 0.0000
-282.3147 0.0000
-282.8625 0.0000
-283.5949 0.0000
-283.9320 0.0000
-284.3643 0.0000
-281.7514 0.0000
-283.1712 0.0000
-284.2681 0.0000
-284.7871 0.0000
-285.3147 0.0000
-286.4066 0.0000
-287.7791 0.0000
-287.2726 0.0000
-286.0525 0.0000
-289.2234 0.0000
-284.8627 0.0000
-283.9985 0.0000
-285.9258 0.0000
-285.2139 0.0000
-285.6984 0.0000
-285.1359 0.0000
-288.0244 0.0000
-292.0804 0.0000
-288.2083 0.0000
-288.4270 0.0000
-287.2418 0.0000
-287.3305 0.0000
-286.7146 0.0000
-287.1849 0.0000
-288.1925 0.0000
-288.7803 0.0000
-291.6382 0.0000
-287.9528 0.0000
-287.5964 0.0000
-286.7269 0.0000
-286.4840 0.0000
-283.9557 0.0000
-284.9035 0.0000
-283.2934 0.0000
-281.9107 0.0000
-279.0622 0.0000
-278.5008 0.0000
-280.3110 0.0000
-280.6515 0.0000
-282.3499 0.0000
-281.5879 0.0000
-282.6266 0.0000
-281.1457 0.0000
-280.4271 0.0000
-280.5039 0.0000
-290.4741 0.0000
-293.4802 0.0000
-291.0149 0.0000
-293.3313 0.0000
-292.5037 0.0000
-297.1906 0.0000
-291.1784 0.0000
-294.4388 0.0000
-293.7274 0.0000
-291.7331 0.0000
-290.3671 0.0000
-291.6358 0.0000
-292.9480 0.0000
-293.3268 0.0000
-292.3282 0.0000
-294.8829 0.0000
-291.3424 0.0000
-294.1530 0.0000
-290.5720 0.0000
-292.8210 0.0000
-292.1022 0.0000
-293.8930 0.0000
-293.3639 0.0000
-291.5574 0.0000
-290.7565 0.0000
-290.6775 0.0000
-292.0878 0.0000
-288.4988 0.0000
-286.1929 0.0000
-286.6795 0.0000
-286.9756 0.0000
-284.5325 0.0000
-285.1001 0.0000
-283.7057 0.0000
-280.5950 0.0000
-280.9752 0.0000
-280.1666 0.0000
-278.9546 0.0000
-279.4111 0.0000
-279.1215 0.0000
-277.6849 0.0000
-276.4725 0.0000
-276.5713 0.0000
-276.3753 0.0000
-276.1783 0.0000
-276.1322 0.0000
-276.4981 0.0000
-277.3881 0.0000
-277.3010 0.0000
-278.2820 0.0000
-278.8890 0.0000
-279.1826 0.0000
-278.3675 0.0000
-277.3580 0.0000
-276.9197 0.0000
-277.2789 0.0000
-277.5161 0.0000
-278.0037 0.0000
-276.8370 0.0000
-277.5013 0.0000
-277.8337 0.0000
-277.7374 0.0000
-277.8975 0.0000
-277.4372 0.0000
-277.5387 0.0000
-276.4391 0.0000
-276.4685 0.0000
-276.3095 0.0000
-276.7557 0.0000
-276.6147 0.0000
-276.3386 0.0000
-276.5128 0.0000
-277.1482 0.0000
-276.6006 0.0000
-274.5538 0.0000
-275.1162 0.0000
-275.6582 0.0000
-275.9205 0.0000
-275.9907 0.0000
-275.7002 0.0000
-275.5370 0.0000
-275.7255 0.0000
-275.1664 0.0000
-274.5527 0.0000
-275.2097 0.0000
-274.9684 0.0000
-275.9633 0.0000
-275.5372 0.0000
-275.5962 0.0000
-273.7228 0.0000
-274.0930 0.0000
-274.3758 0.0000
-274.7280 0.0000
-273.9957 0.0000
-274.9098 0.0000
-275.8301 0.0000
-275.6566 0.0000
-275.3548 0.0000
-274.0430 0.0000
-274.6970 0.0000
-328.4915 0.0000
-327.7813 0.0000
-328.7414 0.0000
-325.9193 0.0000
-326.8506 0.0000
-327.0756 0.0000
-326.7068 0.0000
-326.9700 0.0000
-327.6082 0.0000
-326.9969 0.0000
-327.2686 0.0000
-327.6296 0.0000
-327.6320 0.0000
-327.6765 0.0000
-327.6344 0.0000
-328.0166 0.0000
-327.3522 0.0000
-327.7585 0.0000
-327.8903 0.0000
-328.2221 0.0000
-326.8116 0.0000
-328.4474 0.0000
-328.3062 0.0000
-326.5576 0.0000
-327.0230 0.0000
-327.4488 0.0000
-328.2227 0.0000
-326.8198 0.0000
-327.9361 0.0000
-327.8091 0.0000
-326.7630 0.0000
-328.6626 0.0000
-327.5261 0.0000
-328.5868 0.0000
-327.9452 0.0000
-328.7096 0.0000
-327.3151 0.0000
-328.0094 0.0000
-326.9806 0.0000
-327.4348 0.0000
-327.9918 0.0000
-327.4016 0.0000
-327.4854 0.0000
-329.1671 0.0000
-328.6263 0.0000
-328.2609 0.0000
-328.2602 0.0000
-326.0771 0.0000
-327.0458 0.0000
-328.1807 0.0000
-328.2808 0.0000
-327.5407 0.0000
-328.8902 0.0000
-328.7626 0.0000
-327.4885 0.0000
-327.4757 0.0000
-327.7882 0.0000
-326.9157 0.0000
-328.1537 0.0000
-328.6396 0.0000
-327.2948 0.0000
-328.8316 0.0000
-328.6564 0.0000
-329.4905 0.0000
-326.6807 0.0000
-327.9533 0.0000
-327.8878 0.0000
-327.2534 0.0000
-327.9658 0.0000
-328.0409 0.0000
-327.8322 0.0000
-329.0520 0.0000
-329.0271 0.0000
-328.8569 0.0000
-327.8430 0.0000
-327.1130 0.0000
-327.6167 0.0000
-327.6862 0.0000
-328.2907 0.0000
-328.3522 0.0000
-327.9449 0.0000
-328.2565 0.0000
-326.6222 0.0000
-327.7940 0.0000
-327.6443 0.0000
-329.8161 0.0000
-327.3158 0.0000
-327.5431 0.0000
-328.5334 0.0000
-326.4498 0.0000
-327.3503 0.0000
-328.4234 0.0000
-328.8280 0.0000
-327.2613 0.0000
-328.4002 0.0000
-328.0828 0.0000
-326.8325 0.0000
-327.7097 0.0000
-328.0283 0.0000
-328.6659 0.0000
-238.4669 0.0000
-236.4973 0.0000
-236.2866 0.0000
-237.5389 0.0000
-237.3369 0.0000
-235.4947 0.0000
-235.8480 0.0000
-234.2482 0.0000
-235.2004 0.0000
-234.3223 0.0000
-234.0271 0.0000
-233.1835 0.0000
-232.8365 0.0000
-232.7199 0.0000
-231.9716 0.0000
-233.1471 0.0000
-233.1365 0.0000
-233.9422 0.0000
-233.5852 0.0000
-235.6099 0.0000
-233.0239 0.0000
-233.7792 0.0000
-234.1107 0.0000
-233.3020 0.0000
-233.4823 0.0000
-233.9927 0.0000
-232.6449 0.0000
-232.5414 0.0000
-232.1609 0.0000
-232.0861 0.0000
-232.2452 0.0000
-232.9036 0.0000
-231.8999 0.0000
-231.8853 0.0000
-230.7605 0.0000
-230.1461 0.0000
-230.0433 0.0000
-229.4359 0.0000
-229.2809 0.0000
-229.0298 0.0000
-229.1365 0.0000
-228.8418 0.0000
-229.4110 0.0000
-228.0773 0.0000
-228.0291 0.0000
-229.0801 0.0000
-227.2568 0.0000
-227.9098 0.0000
-228.1473 0.0000
-228.4829 0.0000
-227.9584 0.0000
-227.7681 0.0000
-228.0030 0.0000
-228.3438 0.0000
-228.7830 0.0000
-229.6360 0.0000
-228.3714 0.0000
-228.5181 0.0000
-228.1708 0.0000
-228.3275 0.0000
-229.0715 0.0000
-228.8082 0.0000
-229.3028 0.0000
-229.3428 0.0000
-229.9254 0.0000
-228.6594 0.0000
-230.4254 0.0000
-228.2553 0.0000
-227.6418 0.0000
-227.1959 0.0000
-227.7731 0.0000
-227.7875 0.0000
-226.6919 0.0000
-226.0360 0.0000
-226.9004 0.0000
-226.0441 0.0000
-226.4788 0.0000
-226.5697 0.0000
-227.5056 0.0000
-228.1737 0.0000
-228.0249 0.0000
-228.8103 0.0000
-229.4032 0.0000
-229.8267 0.0000
-229.8123 0.0000
-229.4706 0.0000
-229.4877 0.0000
-228.1557 0.0000
-228.3021 0.0000
-229.3403 0.0000
-228.1351 0.0000
-228.5698 0.0000
-228.7977 0.0000
-229.7835 0.0000
-228.6931 0.0000
-228.2809 0.0000
-229.0771 0.0000
-228.9530 0.0000
-228.9875 0.0000
-229.9181 0.0000
-326.7463 0.0000
-325.7911 0.0000
-326.6217 0.0000
-325.7325 0.0000
-325.4891 0.0000
-325.7921 0.0000
-326.5389 0.0000
-326.5862 0.0000
-326.1541 0.0000
-326.0773 0.0000
-325.4118 0.0000
-325.2164 0.0000
-326.3890 0.0000
-326.4672 0.0000
-326.1678 0.0000
-326.2802 0.0000
-325.4745 0.0000
-325.0261 0.0000
-326.3645 0.0000
-327.0227 0.0000
-325.7765 0.0000
-325.2563 0.0000
-326.1916 0.0000
-325.8650 0.0000
-325.6189 0.0000
-325.2601 0.0000
-326.6612 0.0000
-324.8988 0.0000
-325.8639 0.0000
-325.9468 0.0000
-325.5845 0.0000
-325.8314 0.0000
-326.0802 0.0000
-326.3361 0.0000
-326.6811 0.0000
-326.3013 0.0000
-326.3878 0.0000
-326.2083 0.0000
-325.6115 0.0000
-325.9135 0.0000
-325.8008 0.0000
-325.4640 0.0000
-325.1156 0.0000
-325.5666 0.0000
-325.1436 0.0000
-325.6124 0.0000
-326.3191 0.0000
-325.8136 0.0000
-325.8506 0.0000
-325.4537 0.0000
-326.9371 0.0000
-325.4762 0.0000
-325.2705 0.0000
-326.1534 0.0000
-326.0596 0.0000
-325.3996 0.0000
-326.8916 0.0000
-325.6857 0.0000
-326.7405 0.0000
-325.9011 0.0000
-325.2125 0.0000
-325.5874 0.0000
-324.6140 0.0000
-325.5265 0.0000
-325.0836 0.0000
-325.5013 0.0000
-325.7946 0.0000
-326.3229 0.0000
-326.0520 0.0000
-325.5102 0.0000
-326.3478 0.0000
-325.4089 0.0000
-325.3514 0.0000
-326.5598 0.0000
-326.8595 0.0000
-325.8174 0.0000
-325.0211 0.0000
-325.2056 0.0000
-326.3842 0.0000
-325.5522 0.0000
-326.3704 0.0000
-325.8570 0.0000
-325.8475 0.0000
-326.2534 0.0000
-325.1829 0.0000
-325.5283 0.0000
-326.2101 0.0000
-325.1956 0.0000
-325.4794 0.0000
-326.4535 0.0000
-326.3426 0.0000
-325.9539 0.0000
-326.2614 0.0000
-325.6290 0.0000
-325.2317 0.0000
-325.7600 0.0000
-326.1114 0.0000
-325.8771 0.0000
-325.3154 0.0000
-325.4236 0.0000
-288.0666 0.0000
-288.4356 0.0000
-288.8680 0.0000
-286.9775 0.0000
-287.1111 0.0000
-287.4195 0.0000
-288.4234 0.0000
-287.3347 0.0000
-287.1425 0.0000
-286.6464 0.0000
-288.1988 0.0000
-288.4574 0.0000
-286.7629 0.0000
-288.4852 0.0000
-287.4631 0.0000
-289.5077 0.0000
-288.3102 0.0000
-287.4155 0.0000
-286.8618 0.0000
-286.9142 0.0000
-288.7318 0.0000
-285.4736 0.0000
-287.0395 0.0000
-287.9803 0.0000
-286.3415 0.0000
-288.0872 0.0000
-288.2988 0.0000
-287.0901 0.0000
-287.2424 0.0000
-287.6603 0.0000
-288.5540 0.0000
-287.3083 0.0000
-287.6149 0.0000
-287.7926 0.0000
-288.2418 0.0000
-287.0387 0.0000
-287.5126 0.0000
-287.2294 0.0000
-287.0597 0.0000
-287.2757 0.0000
-287.3565 0.0000
-286.8225 0.0000
-287.3985 0.0000
-288.7068 0.0000
-287.4932 0.0000
-288.4751 0.0000
-286.0485 0.0000
-287.9358 0.0000
-287.6221 0.0000
-287.7243 0.0000
-288.3311 0.0000
-286.3651 0.0000
-287.1339 0.0000
-287.1155 0.0000
-288.0799 0.0000
-288.4503 0.0000
-286.4420 0.0000
-288.6505 0.0000
-287.3098 0.0000
-286.9399 0.0000
-288.7102 0.0000
-287.0150 0.0000
-286.8792 0.0000
-287.4053 0.0000
-287.8390 0.0000
-288.1405 0.0000
-287.2858 0.0000
-286.7813 0.0000
-287.3179 0.0000
-286.5765 0.0000
-288.4942 0.0000
-287.8637 0.0000
-286.9054 0.0000
-287.0709 0.0000
-287.5630 0.0000
-286.8896 0.0000
-287.3116 0.0000
-287.4790 0.0000
-287.7846 0.0000
-287.5555 0.0000
-287.7043 0.0000
-286.9854 0.0000
-288.1736 0.0000
-287.9225 0.0000
-286.9862 0.0000
-287.8575 0.0000
-288.5619 0.0000
-289.0701 0.0000
-288.0274 0.0000
-287.6714 0.0000
-286.6167 0.0000
-288.0233 0.0000
-286.0954 0.0000
-288.0910 0.0000
-287.5802 0.0000
-287.4371 0.0000
-288.1480 0.0000
-288.4132 0.0000
-287.4532 0.0000
-288.6689 0.0000
-253.2115 0.0000
-251.3768 0.0000
-253.5716 0.0000
-251.0101 0.0000
-250.7825 0.0000
-250.8695 0.0000
-252.0645 0.0000
-253.0478 0.0000
-251.8780 0.0000
-253.1424 0.0000
-252.2558 0.0000
-251.6870 0.0000
-252.8116 0.0000
-252.6751 0.0000
-251.2873 0.0000
-253.1707 0.0000
-252.7320 0.0000
-252.3670 0.0000
-252.0057 0.0000
-252.2041 0.0000
-253.3657 0.0000
-251.7765 0.0000
-252.2067 0.0000
-252.4044 0.0000
-251.5684 0.0000
-252.0470 0.0000
-252.0593 0.0000
-252.3316 0.0000
-252.9702 0.0000
-253.2625 0.0000
-252.4326 0.0000
-252.3174 0.0000
-251.9911 0.0000
-253.6560 0.0000
-252.5913 0.0000
-251.0834 0.0000
-251.4479 0.0000
-251.8038 0.0000
-251.8750 0.0000
-252.1518 0.0000
-252.3062 0.0000
-252.5068 0.0000
-252.4981 0.0000
-252.2712 0.0000
-253.5372 0.0000
-250.9285 0.0000
-252.7131 0.0000
-252.7283 0.0000
-252.5263 0.0000
-251.8440 0.0000
-251.1804 0.0000
-252.4439 0.0000
-252.7159 0.0000
-251.9637 0.0000
-253.5250 0.0000
-253.3614 0.0000
-252.0515 0.0000
-253.8554 0.0000
-252.1330 0.0000
-251.7622 0.0000
-251.8920 0.0000
-251.1332 0.0000
-251.0895 0.0000
-252.1503 0.0000
-251.6720 0.0000
-253.2936 0.0000
-251.9103 0.0000
-253.0734 0.0000
-252.2199 0.0000
-251.3066 0.0000
-252.4942 0.0000
-253.0211 0.0000
-251.8649 0.0000
-251.6732 0.0000
-252.3845 0.0000
-253.2544 0.0000
-254.2723 0.0000
-251.2302 0.0000
-253.1734 0.0000
-252.6381 0.0000
-252.9789 0.0000
-251.7119 0.0000
-251.9816 0.0000
-250.9676 0.0000
-252.0162 0.0000
-251.5254 0.0000
-251.5263 0.0000
-252.6698 0.0000
-251.7036 0.0000
-252.2569 0.0000
-251.3448 0.0000
-252.3598 0.0000
-252.8208 0.0000
-252.2993 0.0000
-251.0787 0.0000
-252.1906 0.0000
-251.1776 0.0000
-252.6626 0.0000
-253.8169 0.0000
-253.0525 0.0000
-322.8650 0.0000
-323.7491 0.0000
-324.7579 0.0000
-325.1618 0.0000
-324.5875 0.0000
-324.4737 0.0000
-324.3083 0.0000
-323.6140 0.0000
-324.4506 0.0000
-324.4680 0.0000
-325.1231 0.0000
-324.3570 0.0000
-324.9862 0.0000
-323.5917 0.0000
-323.8357 0.0000
-324.9807 0.0000
-324.5750 0.0000
-324.6220 0.0000
-325.0467 0.0000
-323.0083 0.0000
-324.6076 0.0000
-323.8053 0.0000
-324.5380 0.0000
-323.1620 0.0000
-324.2829 0.0000
-325.2108 0.0000
-323.9200 0.0000
-324.4740 0.0000
-324.2471 0.0000
-324.3497 0.0000
-323.8415 0.0000
-324.5255 0.0000
-323.0358 0.0000
-324.0191 0.0000
-324.0281 0.0000
-323.4776 0.0000
-322.9326 0.0000
-323.6923 0.0000
-324.0058 0.0000
-324.7170 0.0000
-324.8918 0.0000
-324.3397 0.0000
-322.5511 0.0000
-323.7155 0.0000
-323.4272 0.0000
-325.1711 0.0000
-324.3934 0.0000
-325.5649 0.0000
-323.8137 0.0000
-324.4315 0.0000
-325.0023 0.0000
-325.9338 0.0000
-323.4330 0.0000
-323.5182 0.0000
-323.2561 0.0000
-323.7987 0.0000
-324.6016 0.0000
-324.6895 0.0000
-323.8036 0.0000
-323.6445 0.0000
-324.4038 0.0000
-324.2224 0.0000
-324.4224 0.0000
-325.1536 0.0000
-324.8730 0.0000
-323.9546 0.0000
-323.3311 0.0000
-325.6057 0.0000
-322.6424 0.0000
-324.3143 0.0000
-325.0189 0.0000
-324.1586 0.0000
-323.9462 0.0000
-323.1765 0.0000
-323.7931 0.0000
-323.2256 0.0000
-324.6246 0.0000
-325.1740 0.0000
-323.9376 0.0000
-323.9680 0.0000
-325.3186 0.0000
-324.3852 0.0000
-323.1739 0.0000
-323.1256 0.0000
-323.4414 0.0000
-324.4978 0.0000
-324.1382 0.0000
-325.3485 0.0000
-325.5702 0.0000
-326.9514 0.0000
-325.3553 0.0000
-324.7189 0.0000
-323.6697 0.0000
-324.5667 0.0000
-323.6025 0.0000
-326.2950 0.0000
-322.6122 0.0000
-325.2589 0.0000
-324.9988 0.0000
-324.0758 0.0000
-324.0761 0.0000
-323.7031 0.0000
-323.8905 0.0000
-324.2974 0.0000
-324.2155 0.0000
-325.7166 0.0000
-325.1178 0.0000
-325.1489 0.0000
-324.1104 0.0000
-323.9153 0.0000
-323.1627 0.0000
-324.8033 0.0000
-324.4871 0.0000
-323.5625 0.0000
-323.5692 0.0000
-323.4595 0.0000
-324.6868 0.0000
-324.1114 0.0000
-323.6289 0.0000
-323.2977 0.0000
-324.3515 0.0000
-323.4239 0.0000
-323.7216 0.0000
-323.2228 0.0000
-324.2149 0.0000
-325.8753 0.0000
-323.7513 0.0000
-323.2781 0.0000
-325.5166 0.0000
-323.1700 0.0000
-323.2947 0.0000
-325.4093 0.0000
-324.3361 0.0000
-323.5706 0.0000
-323.9877 0.0000
-325.2268 0.0000
-323.4641 0.0000
-322.6625 0.0000
-324.5167 0.0000
-323.2264 0.0000
-323.6277 0.0000
-325.2444 0.0000
-325.1939 0.0000
-323.8196 0.0000
-325.2177 0.0000
-323.6878 0.0000
-324.4310 0.0000
-324.2353 0.0000
-324.9457 0.0000
-324.3765 0.0000
-325.3917 0.0000
-323.5977 0.0000
-324.9533 0.0000
-324.0450 0.0000
-323.7682 0.0000
-323.7977 0.0000
-325.5724 0.0000
-323.5886 0.0000
-324.3304 0.0000
-323.9033 0.0000
-324.4288 0.0000
-324.1004 0.0000
-323.5817 0.0000
-324.1845 0.0000
-324.9052 0.0000
-323.0929 0.0000
-323.6239 0.0000
-324.6728 0.0000
-325.3216 0.0000
-325.2118 0.0000
-324.0665 0.0000
-323.8698 0.0000
-324.8283 0.0000
-323.7012 0.0000
-324.7844 0.0000
-323.7284 0.0000
-323.3987 0.0000
-323.5713 0.0000
-324.0158 0.0000
-324.0443 0.0000
-324.2208 0.0000
-323.8315 0.0000
-324.3251 0.0000
-323.4704 0.0000
-323.2050 0.0000
-324.1514 0.0000
-325.7658 0.0000
-323.7438 0.0000
-324.6034 0.0000
-325.0749 0.0000
-325.0478 0.0000
-322.1649 0.0000
-324.6500 0.0000
-322.8805 0.0000
-325.4029 0.0000
-324.3501 0.0000
-324.6795 0.0000
-323.9694 0.0000
-326.2267 0.0000
-323.6788 0.0000
-324.8515 0.0000
-324.6763 0.0000
-323.6052 0.0000
-325.0988 0.0000
-324.8401 0.0000
-324.3989 0.0000
-322.1512 0.0000
-324.7482 0.0000
-323.1765 0.0000
-323.8971 0.0000
-323.9071 0.0000
-323.7084 0.0000
-326.3194 0.0000
-323.7554 0.0000
-323.4517 0.0000
-326.2849 0.0000
-323.7086 0.0000
-323.7459 0.0000
-325.2133 0.0000
-323.8660 0.0000
-324.3513 0.0000
-325.0069 0.0000
-325.0581 0.0000
-323.2054 0.0000
-323.9354 0.0000
-324.7735 0.0000
-324.2128 0.0000
-325.0130 0.0000
-325.6703 0.0000
-322.9970 0.0000
-323.7508 0.0000
-325.7778 0.0000
-323.6577 0.0000
-324.1550 0.0000
-323.8322 0.0000
-323.8125 0.0000
-325.0785 0.0000
-323.0047 0.0000
-324.5424 0.0000
-323.7733 0.0000
-325.2677 0.0000
-322.2191 0.0000
-324.3764 0.0000
-324.0085 0.0000
-323.0455 0.0000
-323.1567 0.0000
-325.4422 0.0000
-323.5992 0.0000
-323.2928 0.0000
-323.4917 0.0000
-324.3398 0.0000
-325.5455 0.0000
-324.2291 0.0000
-324.0546 0.0000
-324.5212 0.0000
-323.4446 0.0000
-324.3140 0.0000
-323.8923 0.0000
-323.2249 0.0000
-325.0085 0.0000
-324.9604 0.0000
-324.4215 0.0000
-324.0600 0.0000
-326.1523 0.0000
-324.8266 0.0000
-323.9591 0.0000
-323.7308 0.0000
-323.8722 0.0000
-324.7048 0.0000
-324.7861 0.0000
-323.7430 0.0000
-323.5619 0.0000
-323.9052 0.0000
-322.8785 0.0000
-323.7956 0.0000
-323.4968 0.0000
-324.2387 0.0000
-323.6144 0.0000
-324.9240 0.0000
-325.0355 0.0000
-323.1591 0.0000
-324.0175 0.0000
-324.4752 0.0000
-325.6594 0.0000
-323.4736 0.0000
-324.1554 0.0000
-325.3249 0.0000
-323.5900 0.0000
-324.1872 0.0000
-324.6382 0.0000
-324.5814 0.0000
-324.6301 0.0000
-324.3494 0.0000
-324.9673 0.0000
-324.1746 0.0000
-323.5253 0.0000
-324.3166 0.0000
-323.7848 0.0000
-324.5022 0.0000
-326.2481 0.0000
-323.5861 0.0000
-321.6911 0.0000
-322.9157 0.0000
-323.9125 0.0000
-326.0586 0.0000
-324.6256 0.0000
-325.8562 0.0000
-324.9858 0.0000
-323.4452 0.0000
-324.6932 0.0000
-324.0349 0.0000
-325.3335 0.0000
-322.4404 0.0000
-323.0219 0.0000
-324.6714 0.0000
-324.9649 0.0000
-323.8970 0.0000
-324.0805 0.0000
-323.9817 0.0000
-323.1375 0.0000
-323.7144 0.0000
-324.4211 0.0000
-324.5622 0.0000
-323.4940 0.0000
-323.7002 0.0000
-324.7163 0.0000
-322.6452 0.0000
-324.2131 0.0000
-324.6062 0.0000
-325.8427 0.0000
-324.6017 0.0000
-324.7510 0.0000
-323.7208 0.0000
-323.8082 0.0000
-323.5896 0.0000
-324.6725 0.0000
-324.2001 0.0000
-322.3359 0.0000
-325.1228 0.0000
-325.2492 0.0000
-325.5430 0.0000
-323.1238 0.0000
-324.2721 0.0000
-324.2939 0.0000
-323.6460 0.0000
-324.0416 0.0000
-323.8755 0.0000
-323.9321 0.0000
-324.9461 0.0000
-323.8571 0.0000
-324.3306 0.0000
-324.0716 0.0000
-325.2769 0.0000
-323.9735 0.0000
-323.9722 0.0000
-324.7100 0.0000
-325.0730 0.0000
-324.4091 0.0000
-325.3712 0.0000
-325.0570 0.0000
-323.9640 0.0000
-325.1389 0.0000
-324.2698 0.0000
-323.6153 0.0000
-323.5421 0.0000
-324.1826 0.0000
-324.8244 0.0000
-325.2421 0.0000
-324.4426 0.0000
-324.8206 0.0000
-324.4515 0.0000
-324.1770 0.0000
-323.7428 0.0000
-324.8135 0.0000
-322.9293 0.0000
-324.4636 0.0000
-323.6594 0.0000
-323.1479 0.0000
-325.4393 0.0000
-323.8626 0.0000
-325.5079 0.0000
-323.1947 0.0000
-323.3356 0.0000
-325.0292 0.0000
-324.3026 0.0000
-323.8466 0.0000
-325.7227 0.0000
-324.0396 0.0000
-324.5247 0.0000
-324.0030 0.0000
-325.0340 0.0000
-323.4214 0.0000
-325.7391 0.0000
-324.7835 0.0000
-324.5054 0.0000
-323.1406 0.0000
-323.7072 0.0000
-326.4110 0.0000
-323.7271 0.0000
-324.1320 0.0000
-322.7339 0.0000
-323.8101 0.0000
-324.4981 0.0000
-323.3896 0.0000
-324.4167 0.0000
-323.7959 0.0000
-324.1146 0.0000
-324.4163 0.0000
-324.3249 0.0000
-324.3305 0.0000
-324.3528 0.0000
-324.9923 0.0000
-324.3509 0.0000
-322.8921 0.0000
-324.3133 0.0000
-323.8736 0.0000
-324.0398 0.0000
-324.3176 0.0000
-324.3442 0.0000
-323.6122 0.0000
-324.1500 0.0000
-323.6020 0.0000
-325.2118 0.0000
-325.2740 0.0000
-323.5234 0.0000
-324.7935 0.0000
-323.3834 0.0000
-324.0483 0.0000
-323.1932 0.0000
-323.4403 0.0000
-323.8270 0.0000
-325.2491 0.0000
-323.2572 0.0000
-324.1958 0.0000
-324.7709 0.0000
-324.3775 0.0000
-324.5664 0.0000
-323.1910 0.0000
-325.0835 0.0000
-323.2544 0.0000
-323.3585 0.0000
-324.2035 0.0000
-323.8314 0.0000
-324.7161 0.0000
-324.9166 0.0000
-325.8193 0.0000
-324.0930 0.0000
-323.6225 0.0000
-325.0003 0.0000
-324.2876 0.0000
-323.8258 0.0000
-324.0904 0.0000
-325.6951 0.0000
-323.5607 0.0000
-325.6434 0.0000
-324.5943 0.0000
-325.4487 0.0000
-325.2403 0.0000
-323.7264 0.0000
-324.4925 0.0000
-324.4304 0.0000
-324.1713 0.0000
-323.6581 0.0000
-324.2920 0.0000
-324.2578 0.0000
-323.6615 0.0000
-324.3626 0.0000
-324.4073 0.0000
-322.6251 0.0000
-323.7514 0.0000
-323.9909 0.0000
-324.5722 0.0000
-324.1782 0.0000
-322.1172 0.0000
-324.4331 0.0000
-324.6318 0.0000
-324.8721 0.0000
-323.7521 0.0000
-322.7302 0.0000
-324.8616 0.0000
-324.7892 0.0000
-324.5638 0.0000
-323.2120 0.0000
-323.4520 0.0000
-323.8774 0.0000
-323.8487 0.0000
-325.5337 0.0000
-322.7888 0.0000
-323.4012 0.0000
-324.6154 0.0000
-324.4753 0.0000
-324.9536 0.0000
-322.8614 0.0000
-324.0324 0.0000
-324.7836 0.0000
-323.8482 0.0000
-322.7503 0.0000
-322.8071 0.0000
-324.0972 0.0000
-323.6732 0.0000
-324.7940 0.0000
-325.7591 0.0000
-323.8907 0.0000
-324.4452 0.0000
-324.1740 0.0000
-324.4250 0.0000
-325.4283 0.0000
-323.7113 0.0000
-325.2415 0.0000
-324.6848 0.0000
-324.1328 0.0000
-325.0482 0.0000
-323.3579 0.0000
-324.7300 0.0000
-324.8481 0.0000
-324.1462 0.0000
-322.9959 0.0000
-325.0447 0.0000
-323.3883 0.0000
-323.6118 0.0000
-325.8262 0.0000
-324.9310 0.0000
-324.2272 0.0000
-323.6113 0.0000
-324.5731 0.0000
-324.1308 0.0000
-324.5369 0.0000
-323.5623 0.0000
-323.9007 0.0000
-323.9809 0.0000
-324.2129 0.0000
-324.0828 0.0000
-323.7637 0.0000
-324.8132 0.0000
-323.9570 0.0000
-324.6698 0.0000
-325.2616 0.0000
-324.7052 0.0000
-323.7211 0.0000
-324.0111 0.0000
-324.7059 0.0000
-323.5179 0.0000
-323.6076 0.0000
-321.6910 0.0000
-325.2215 0.0000
-324.5890 0.0000
-323.2152 0.0000
-325.5293 0.0000
-323.3121 0.0000
-325.0475 0.0000
-324.1832 0.0000
-322.4331 0.0000
-323.1652 0.0000
-323.5781 0.0000
-325.2256 0.0000
-325.5718 0.0000
-324.2346 0.0000
-324.1357 0.0000
-324.7507 0.0000
-324.2196 0.0000
-323.9848 0.0000
-324.4670 0.0000
-325.5667 0.0000
-325.2069 0.0000
-324.4447 0.0000
-324.3125 0.0000
-324.2700 0.0000
-324.6636 0.0000
-324.8380 0.0000
-324.3535 0.0000
-325.0058 0.0000
-324.3797 0.0000
-323.8859 0.0000
-323.4385 0.0000
-324.5898 0.0000
-324.3577 0.0000
-324.5718 0.0000
-324.7628 0.0000
-323.3227 0.0000
-324.5224 0.0000
-323.3683 0.0000
-324.4222 0.0000
-325.1234 0.0000
-325.3943 0.0000
-323.4194 0.0000
-324.3972 0.0000
-322.6312 0.0000
-325.1359 0.0000
-324.0095 0.0000
-324.4036 0.0000
-323.1685 0.0000
-325.3152 0.0000
-322.5895 0.0000
-323.3623 0.0000
-324.1862 0.0000
-324.9871 0.0000
-322.9580 0.0000
-322.8451 0.0000
-325.3281 0.0000
-323.8823 0.0000
-323.8190 0.0000
-324.5005 0.0000
-323.6918 0.0000
-324.6636 0.0000
-325.3641 0.0000
-324.6875 0.0000
-323.8424 0.0000
-324.0380 0.0000
-323.7759 0.0000
-324.4444 0.0000
-323.9937 0.0000
-324.7715 0.0000
-322.7660 0.0000
-324.0634 0.0000
-323.3419 0.0000
-325.7344 0.0000
-324.5926 0.0000
-323.8769 0.0000
-323.7955 0.0000
-324.6326 0.0000
-325.8988 0.0000
-324.6298 0.0000
-324.7578 0.0000
-323.6430 0.0000
-323.0128 0.0000
-324.3971 0.0000
-324.2568 0.0000
-325.8971 0.0000
-323.3974 0.0000
-325.1283 0.0000
-322.8649 0.0000
-324.4475 0.0000
-323.7714 0.0000
-322.5348 0.0000
-324.6286 0.0000
-324.9462 0.0000
-324.9425 0.0000
-324.0124 0.0000
-323.2581 0.0000
-324.1283 0.0000
-325.4750 0.0000
-324.7016 0.0000
-323.9553 0.0000
-322.9545 0.0000
-323.6909 0.0000
-324.6769 0.0000
-323.4970 0.0000
-324.2969 0.0000
-323.3419 0.0000
-324.9117 0.0000
-324.9598 0.0000
-325.0331 0.0000
-324.0641 0.0000
-323.1352 0.0000
-325.3907 0.0000
-324.8147 0.0000
-325.8623 0.0000
-323.5146 0.0000
-323.2492 0.0000
-322.1232 0.0000
-323.2638 0.0000
-323.0790 0.0000
-323.5038 0.0000
-325.1975 0.0000
-323.5669 0.0000
-324.6330 0.0000
-324.8444 0.0000
-324.4554 0.0000
-325.3744 0.0000
-325.0011 0.0000
-324.4080 0.0000
-324.0668 0.0000
-323.7784 0.0000
-325.3519 0.0000
-324.1014 0.0000
-324.7652 0.0000
-323.9244 0.0000
-323.9144 0.0000
-323.3909 0.0000
-324.5392 0.0000
-322.7117 0.0000
-323.1575 0.0000
-324.2569 0.0000
-323.8004 0.0000
-324.5047 0.0000
-325.1766 0.0000
-325.3680 0.0000
-324.0767 0.0000
-323.5431 0.0000
-324.0723 0.0000
-324.0243 0.0000
-322.9276 0.0000
-324.4052 0.0000
-324.1802 0.0000
-322.9743 0.0000
-324.0840 0.0000
-325.3560 0.0000
-324.3810 0.0000
-324.1998 0.0000
-324.6512 0.0000
-324.5364 0.0000
-323.8580 0.0000
-323.8423 0.0000
-323.9840 0.0000
-324.4608 0.0000
-324.6880 0.0000
-323.5915 0.0000
-323.0262 0.0000
-324.7767 0.0000
-324.8205 0.0000
-324.2716 0.0000
-324.6394 0.0000
-324.5538 0.0000
-325.9650 0.0000
-325.4139 0.0000
-323.3563 0.0000
-324.5450 0.0000
-323.7579 0.0000
-324.9416 0.0000
-323.9443 0.0000
-325.0383 0.0000
-324.1367 0.0000
-324.4280 0.0000
-324.0181 0.0000
-323.7290 0.0000
-324.3242 0.0000
-322.7398 0.0000
-323.8698 0.0000
-324.2312 0.0000
-323.4498 0.0000
-325.0732 0.0000
-324.9780 0.0000
-323.7991 0.0000
-323.1248 0.0000
-324.1269 0.0000
-324.0979 0.0000
-323.7209 0.0000
-324.2905 0.0000
-325.2548 0.0000
-324.4714 0.0000
-323.5803 0.0000
-324.6212 0.0000
-324.9302 0.0000
-323.9246 0.0000
-325.8585 0.0000
-324.7428 0.0000
-322.8748 0.0000
-324.3135 0.0000
-323.7235 0.0000
-325.7438 0.0000
-325.2017 0.0000
-324.8238 0.0000
-324.5311 0.0000
-324.4533 0.0000
-323.5248 0.0000
-323.0689 0.0000
-323.2222 0.0000
-324.1709 0.0000
-324.9799 0.0000
-323.1787 0.0000
-325.1020 0.0000
-323.9898 0.0000
-324.4578 0.0000
-323.8083 0.0000
-324.1891 0.0000
-324.2953 0.0000
-323.8838 0.0000
-324.9881 0.0000
-325.3739 0.0000
-326.2945 0.0000
-323.7074 0.0000
-324.3022 0.0000
-323.2919 0.0000
-323.7992 0.0000
-324.8664 0.0000
-323.0844 0.0000
-325.3117 0.0000
-323.8982 0.0000
-322.7904 0.0000
-322.9732 0.0000
-324.8588 0.0000
-326.0852 0.0000
-322.9720 0.0000
-324.7446 0.0000
-323.2321 0.0000
-325.8829 0.0000
-324.7853 0.0000
-324.2521 0.0000
-324.5231 0.0000
-324.9104 0.0000
-325.9018 0.0000
-324.0352 0.0000
-326.4517 0.0000
-323.3090 0.0000
-323.2748 0.0000
-325.5456 0.0000
-326.0213 0.0000
-323.4465 0.0000
-323.1603 0.0000
-325.4686 0.0000
-323.7239 0.0000
-324.3244 0.0000
-325.2340 0.0000
-324.0291 0.0000
-324.7793 0.0000
-323.9264 0.0000
-322.9989 0.0000
-324.3635 0.0000
-323.7144 0.0000
-323.5375 0.0000
-324.6843 0.0000
-325.1666 0.0000
-324.3272 0.0000
-324.5174 0.0000
-323.9047 0.0000
-324.1845 0.0000
-323.6096 0.0000
-323.9078 0.0000
-324.2928 0.0000
-322.7038 0.0000
-324.5821 0.0000
-324.2302 0.0000
-324.4535 0.0000
-324.0575 0.0000
-325.1181 0.0000
-323.8581 0.0000
-323.6915 0.0000
-325.5434 0.0000
-324.7237 0.0000
-325.5013 0.0000
-324.0604 0.0000
-326.2582 0.0000
-324.5653 0.0000
-324.8206 0.0000
-324.8692 0.0000
-323.3006 0.0000
-323.4900 0.0000
-323.9857 0.0000
-323.9612 0.0000
-323.3468 0.0000
-323.3170 0.0000
-323.7730 0.0000
-323.4822 0.0000
-325.7159 0.0000
-323.8978 0.0000
-323.8643 0.0000
-323.4777 0.0000
-324.5105 0.0000
-322.7507 0.0000
-324.7635 0.0000
-323.0601 0.0000
-324.0081 0.0000
-324.8362 0.0000
-324.3009 0.0000
-325.6216 0.0000
-324.5388 0.0000
-323.3681 0.0000
-323.0216 0.0000
-323.3740 0.0000
-324.4633 0.0000
-325.5533 0.0000
-324.0541 0.0000
-322.9676 0.0000
-323.3547 0.0000
-322.6322 0.0000
-324.2109 0.0000
-324.5270 0.0000
-324.5204 0.0000
-323.7083 0.0000
-323.2614 0.0000
-325.1341 0.0000
-323.3731 0.0000
-322.8625 0.0000
-323.9920 0.0000
-323.1562 0.0000
-323.5382 0.0000
-323.3625 0.0000
-324.6856 0.0000
-325.0073 0.0000
-324.2785 0.0000
-322.9862 0.0000
-324.1638 0.0000
-323.7061 0.0000
-325.2790 0.0000
-324.7061 0.0000
-324.6620 0.0000
-324.3202 0.0000
-324.1865 0.0000
-325.0648 0.0000
-324.9031 0.0000
-323.6330 0.0000
-325.1209 0.0000
-325.1535 0.0000
-323.4153 0.0000
-323.2908 0.0000
-324.4782 0.0000
-324.4668 0.0000
-325.9238 0.0000
-323.1461 0.0000
-325.1332 0.0000
-325.6060 0.0000
-325.2354 0.0000
-323.7236 0.0000
-325.3846 0.0000
-322.5655 0.0000
-324.4698 0.0000
-324.5166 0.0000
-324.1485 0.0000
-323.2452 0.0000
-323.0313 0.0000
-323.8684 0.0000
-324.3900 0.0000
-325.3930 0.0000
-324.2632 0.0000
-324.5747 0.0000
-324.1878 0.0000
-325.1879 0.0000
-323.7569 0.0000
-324.9256 0.0000
-324.1122 0.0000
-324.4304 0.0000
-324.8993 0.0000
-324.6410 0.0000
-323.9636 0.0000
-323.3845 0.0000
-322.4673 0.0000
-323.7335 0.0000
-323.6758 0.0000
-324.4732 0.0000
-325.8302 0.0000
-323.8654 0.0000
-324.1176 0.0000
-324.3124 0.0000
-324.9012 0.0000
-324.6127 0.0000
-323.8701 0.0000
-325.1345 0.0000
-324.9670 0.0000
-323.5997 0.0000
-324.5430 0.0000
-324.5982 0.0000
-322.9176 0.0000
-322.9508 0.0000
-323.8484 0.0000
-324.3130 0.0000
-323.7309 0.0000
-324.6381 0.0000
-323.5629 0.0000
-323.4751 0.0000
-324.4780 0.0000
-323.5479 0.0000
-324.2706 0.0000
-324.8818 0.0000
-323.4246 0.0000
-324.7018 0.0000
-324.1404 0.0000
-324.1297 0.0000
-324.0150 0.0000
-325.0091 0.0000
-323.9851 0.0000
-323.9824 0.0000
-323.8584 0.0000
-324.1316 0.0000
-323.6544 0.0000
-323.0439 0.0000
-323.0099 0.0000
-323.5393 0.0000
-323.2430 0.0000
-323.4827 0.0000
-324.1563 0.0000
-323.8607 0.0000
-324.5112 0.0000
-323.8748 0.0000
-324.7707 0.0000
-323.3118 0.0000
-323.8298 0.0000
-324.1481 0.0000
-323.8021 0.0000
-324.8542 0.0000
-324.4670 0.0000
-320.8999 0.0000
-324.0999 0.0000
-323.8793 0.0000
-324.5549 0.0000
-324.4739 0.0000
-323.2214 0.0000
-323.2116 0.0000
-324.0159 0.0000
-324.6040 0.0000
-323.3597 0.0000
-324.6520 0.0000
-324.7181 0.0000
-324.5773 0.0000
-324.3290 0.0000
-322.8205 0.0000
-323.4049 0.0000
-323.7442 0.0000
-323.9269 0.0000
-324.3181 0.0000
-322.9082 0.0000
-323.6087 0.0000
-325.2473 0.0000
-323.5828 0.0000
-323.8262 0.0000
-324.8140 0.0000
-323.6172 0.0000
-321.8004 0.0000
-324.5182 0.0000
-324.1100 0.0000
-322.6869 0.0000
-324.4643 0.0000
-324.3364 0.0000
-324.9485 0.0000
-324.3095 0.0000
-323.7931 0.0000
-323.0573 0.0000
-324.3167 0.0000
-323.8730 0.0000
-324.8193 0.0000
-323.1788 0.0000
-323.6563 0.0000
-324.3179 0.0000
-324.2671 0.0000
-325.1419 0.0000
-324.2240 0.0000
-322.3712 0.0000
-322.5774 0.0000
-324.5318 0.0000
-323.3152 0.0000
-322.7753 0.0000
-323.9647 0.0000
-324.8548 0.0000
-324.4437 0.0000
-323.1419 0.0000
-324.2220 0.0000
-323.4521 0.0000
-325.7247 0.0000
-324.7425 0.0000
-325.6622 0.0000
-324.0141 0.0000
-323.2333 0.0000
-323.6706 0.0000
-324.3248 0.0000
-323.4748 0.0000
-323.3845 0.0000
-323.4537 0.0000
-323.6501 0.0000
-323.8191 0.0000
-324.9134 0.0000
-323.4158 0.0000
-324.1656 0.0000
-323.0758 0.0000
-322.3178 0.0000
-324.1422 0.0000
-323.6065 0.0000
-323.8714 0.0000
-324.5904 0.0000
-324.7464 0.0000
-324.8209 0.0000
-323.1265 0.0000
-324.6618 0.0000
-324.2310 0.0000
-324.3004 0.0000
-323.3899 0.0000
-324.3431 0.0000
-323.9975 0.0000
-324.5136 0.0000
-323.5598 0.0000
-324.5362 0.0000
-323.3072 0.0000
-324.3343 0.0000
-323.8396 0.0000
-323.5700 0.0000
-323.5888 0.0000
-325.2053 0.0000
-323.0735 0.0000
-324.2182 0.0000
-323.3558 0.0000
-325.7074 0.0000
-324.7756 0.0000
-324.7146 0.0000
-325.4096 0.0000
-324.7855 0.0000
-323.5376 0.0000
-323.1822 0.0000
-324.4320 0.0000
-322.9250 0.0000
-323.3580 0.0000
-323.6813 0.0000
-323.8142 0.0000
-325.2858 0.0000
-322.8791 0.0000
-323.9909 0.0000
-323.1754 0.0000
-325.3080 0.0000
-326.3066 0.0000
-324.9053 0.0000
-324.0747 0.0000
-324.2777 0.0000
-323.1608 0.0000
-324.5340 0.0000
-325.4252 0.0000
-325.0772 0.0000
-322.6156 0.0000
-325.6715 0.0000
-323.8366 0.0000
-324.9729 0.0000
-323.9738 0.0000
-324.7810 0.0000
-322.2481 0.0000
-321.8369 0.0000
-325.2771 0.0000
-324.0097 0.0000
-322.7695 0.0000
-324.0359 0.0000
-324.7214 0.0000
-324.0936 0.0000
-325.0025 0.0000
-324.1034 0.0000
-324.4875 0.0000
-322.5999 0.0000
-325.1052 0.0000
-323.9458 0.0000
-324.0983 0.0000
-323.8000 0.0000
-324.1145 0.0000
-323.7308 0.0000
-325.4302 0.0000
-324.0888 0.0000
-326.1696 0.0000
-324.8131 0.0000
-325.1143 0.0000
-323.6156 0.0000
-323.0542 0.0000
-323.8837 0.0000
-325.0245 0.0000
-324.7879 0.0000
-323.9118 0.0000
-323.2462 0.0000
-323.5655 0.0000
-324.3588 0.0000
-323.1701 0.0000
-323.5639 0.0000
-325.2686 0.0000
-325.5636 0.0000
-323.8827 0.0000
-324.4345 0.0000
-324.4014 0.0000
-324.0609 0.0000
-324.4357 0.0000
-325.6724 0.0000
-322.8941 0.0000
-323.2249 0.0000
-323.0586 0.0000
-324.0763 0.0000
-323.9654 0.0000
-322.9164 0.0000
-324.5499 0.0000
-324.1635 0.0000
-323.6946 0.0000
-323.5127 0.0000
-325.4407 0.0000
-324.9859 0.0000
-325.9807 0.0000
-323.0154 0.0000
-323.9719 0.0000
-324.5616 0.0000
-323.1372 0.0000
-324.7019 0.0000
-323.3995 0.0000
-324.2444 0.0000
-324.3447 0.0000
-324.1913 0.0000
-324.3516 0.0000
-324.9386 0.0000
-324.0974 0.0000
-324.2889 0.0000
-322.8931 0.0000
-321.7400 0.0000
-324.7039 0.0000
-324.8967 0.0000
-323.4912 0.0000
-323.9270 0.0000
-324.7501 0.0000
-324.6125 0.0000
-324.5087 0.0000
-324.6012 0.0000
-324.5137 0.0000
-324.2499 0.0000
-325.0354 0.0000
-323.0671 0.0000
-324.0527 0.0000
-323.2525 0.0000
-322.6580 0.0000
-324.3731 0.0000
-323.4735 0.0000
-324.6585 0.0000
-323.3137 0.0000
-323.6433 0.0000
-323.9207 0.0000
-323.1097 0.0000
-324.8899 0.0000
-325.6265 0.0000
-324.2452 0.0000
-324.0086 0.0000
-325.0090 0.0000
-324.9266 0.0000
-322.6619 0.0000
-324.1478 0.0000
-323.8055 0.0000
-323.5026 0.0000
-324.9448 0.0000
-325.0771 0.0000
-324.6397 0.0000
-323.4456 0.0000
-325.4049 0.0000
-322.9570 0.0000
-324.9222 0.0000
-323.6003 0.0000
-323.8567 0.0000
-323.0921 0.0000
-324.8434 0.0000
-325.8157 0.0000
-323.6750 0.0000
-323.9196 0.0000
-322.4345 0.0000
-324.0506 0.0000
-324.0996 0.0000
-325.1348 0.0000
-324.4685 0.0000
-325.3058 0.0000
-322.8278 0.0000
-324.8850 0.0000
-324.0647 0.0000
-322.7883 0.0000
-326.0101 0.0000
-324.5728 0.0000
-323.4909 0.0000
-323.7647 0.0000
-323.4797 0.0000
-324.9178 0.0000
-321.8601 0.0000
-323.3595 0.0000
-325.5067 0.0000
-324.6053 0.0000
-324.0364 0.0000
-322.9041 0.0000
-325.2256 0.0000
-322.9283 0.0000
-324.8777 0.0000
-323.7092 0.0000
-324.6352 0.0000
-323.1187 0.0000
-324.8276 0.0000
-324.4567 0.0000
-323.7387 0.0000
-324.9296 0.0000
-324.6904 0.0000
-323.8775 0.0000
-324.0997 0.0000
-324.6897 0.0000
-324.0316 0.0000
-325.1196 0.0000
-323.7446 0.0000
-325.2843 0.0000
-325.0447 0.0000
-323.9339 0.0000
-324.3594 0.0000
-325.4284 0.0000
-325.0030 0.0000
-324.3261 0.0000
-323.0759 0.0000
-323.3660 0.0000
-325.9010 0.0000
-323.2206 0.0000
-324.6124 0.0000
-325.5358 0.0000
-324.6261 0.0000
-323.9461 0.0000
-323.8168 0.0000
-325.3765 0.0000
-324.8769 0.0000
-324.3402 0.0000
-325.0091 0.0000
-324.2250 0.0000
-324.7117 0.0000
-324.9606 0.0000
-323.7492 0.0000
-323.6173 0.0000
-324.3601 0.0000
-324.0646 0.0000
-324.4145 0.0000
-323.9780 0.0000
-324.6471 0.0000
-323.8525 0.0000
-323.8830 0.0000
-322.8567 0.0000
-323.9220 0.0000
-325.0154 0.0000
-323.4206 0.0000
-325.1569 0.0000
-323.8371 0.0000
-323.0852 0.0000
-323.8886 0.0000
-322.8438 0.0000
-324.9119 0.0000
-324.9353 0.0000
-325.0254 0.0000
-324.2588 0.0000
-324.5689 0.0000
-324.0174 0.0000
-324.3372 0.0000
-324.3446 0.0000
-325.1744 0.0000
-323.8940 0.0000
-325.0909 0.0000
-324.5636 0.0000
-322.4800 0.0000
-324.1873 0.0000
-324.0523 0.0000
-324.1672 0.0000
-324.1102 0.0000
-324.1778 0.0000
-326.0937 0.0000
-324.1705 0.0000
-323.7800 0.0000
-323.9246 0.0000
-324.3227 0.0000
-322.2278 0.0000
-323.1758 0.0000
-324.8007 0.0000
-324.4767 0.0000
-324.0150 0.0000
-324.2723 0.0000
-325.7323 0.0000
-324.4934 0.0000
-323.6338 0.0000
-324.3723 0.0000
-324.1138 0.0000
-324.1210 0.0000
-323.5446 0.0000
-324.1354 0.0000
-324.0226 0.0000
-324.5053 0.0000
-323.2607 0.0000
-324.1991 0.0000
-323.4237 0.0000
-322.1101 0.0000
-325.0165 0.0000
-323.4460 0.0000
-325.2036 0.0000
-323.6069 0.0000
-323.1075 0.0000
-323.3356 0.0000
-324.3891 0.0000
-324.1414 0.0000
-325.4109 0.0000
-322.3771 0.0000
-324.0431 0.0000
-322.6182 0.0000
-324.2055 0.0000
-325.2753 0.0000
-325.5120 0.0000
-324.5999 0.0000
-324.8207 0.0000
-326.4528 0.0000
-323.4395 0.0000
-324.4001 0.0000
-324.8876 0.0000
-324.5195 0.0000
-323.1045 0.0000
-323.4226 0.0000
-325.2229 0.0000
-325.2756 0.0000
-323.7434 0.0000
-323.2064 0.0000
-323.8435 0.0000
-323.2046 0.0000
-324.2597 0.0000
-325.4758 0.0000
-324.0743 0.0000
-323.6427 0.0000
-324.6709 0.0000
-324.9808 0.0000
-324.4799 0.0000
-322.9394 0.0000
-324.1170 0.0000
-323.5183 0.0000
-323.6267 0.0000
-323.3329 0.0000
-323.8723 0.0000
-323.6081 0.0000
-324.0059 0.0000
-324.4392 0.0000
-324.0781 0.0000
-324.4342 0.0000
-324.3013 0.0000
-323.6327 0.0000
-324.8583 0.0000
-325.0107 0.0000
-322.1353 0.0000
-324.7254 0.0000
-324.4022 0.0000
-323.9260 0.0000
-324.2022 0.0000
-324.6412 0.0000
-325.3501 0.0000
-324.3041 0.0000
-324.4543 0.0000
-325.1682 0.0000
-323.5369 0.0000
-324.6619 0.0000
-324.8399 0.0000
-324.6400 0.0000
-323.2341 0.0000
-324.5736 0.0000
-322.5734 0.0000
-325.3861 0.0000
-324.5332 0.0000
-324.1819 0.0000
-324.0171 0.0000
-324.8234 0.0000
-324.1734 0.0000
-324.4708 0.0000
-324.8084 0.0000
-324.2190 0.0000
-324.7823 0.0000
-322.2911 0.0000
-325.9450 0.0000
-323.8069 0.0000
-323.4518 0.0000
-324.2230 0.0000
-323.8236 0.0000
-324.3948 0.0000
-324.0564 0.0000
-324.5912 0.0000
-324.4036 0.0000
-323.3692 0.0000
-323.0400 0.0000
-324.3238 0.0000
-323.4887 0.0000
-323.8289 0.0000
-324.7806 0.0000
-324.1902 0.0000
-324.3408 0.0000
-324.7526 0.0000
-323.0367 0.0000
-323.9020 0.0000
-324.5784 0.0000
-324.2605 0.0000
-322.8500 0.0000
-322.9939 0.0000
-323.4773 0.0000
-324.2021 0.0000
-324.4402 0.0000
-324.6782 0.0000
-326.0623 0.0000
-324.3707 0.0000
-323.6763 0.0000
-324.7481 0.0000
-324.6725 0.0000
-324.9153 0.0000
-323.6517 0.0000
-324.3813 0.0000
-324.6402 0.0000
-322.8142 0.0000
-325.7840 0.0000
-322.6462 0.0000
-323.3591 0.0000
-323.4661 0.0000
-323.2359 0.0000
-324.1569 0.0000
-324.3134 0.0000
-325.8521 0.0000
-324.2020 0.0000
-323.5917 0.0000
-325.1545 0.0000
-324.1316 0.0000
-324.4636 0.0000
-323.0736 0.0000
-324.9088 0.0000
-324.3248 0.0000
-324.4555 0.0000
-324.3340 0.0000
-323.5978 0.0000
-324.9043 0.0000
-323.6547 0.0000
-323.9272 0.0000
-324.0505 0.0000
-322.9885 0.0000
-324.9522 0.0000
-324.0410 0.0000
-324.3018 0.0000
-324.0446 0.0000
-323.8578 0.0000
-324.0651 0.0000
-324.7554 0.0000
-323.4066 0.0000
-325.2203 0.0000
-325.2830 0.0000
-324.2012 0.0000
-324.4556 0.0000
-322.5393 0.0000
-323.1154 0.0000
-323.9098 0.0000
-324.9466 0.0000
-322.1912 0.0000
-323.6964 0.0000
-323.7747 0.0000
-324.0183 0.0000
-323.3652 0.0000
-324.0519 0.0000
-323.9291 0.0000
-322.8905 0.0000
-324.5793 0.0000
-323.1361 0.0000
-323.5001 0.0000
-324.0785 0.0000
-323.5869 0.0000
-322.2888 0.0000
-323.5787 0.0000
-324.9909 0.0000
-324.1475 0.0000
-323.7151 0.0000
-322.7249 0.0000
-323.9370 0.0000
-324.5985 0.0000
-324.6212 0.0000
-323.3531 0.0000
-322.8691 0.0000
-324.7623 0.0000
-324.0931 0.0000
-323.9113 0.0000
-324.7876 0.0000
-324.4837 0.0000
-324.2033 0.0000
-323.5413 0.0000
-323.4830 0.0000
-325.3682 0.0000
-325.4342 0.0000
-324.8154 0.0000
-325.7000 0.0000
-324.2051 0.0000
-323.1841 0.0000
-323.9538 0.0000
-325.5740 0.0000
-324.1195 0.0000
-324.3908 0.0000
-324.4869 0.0000
-323.5464 0.0000
-325.0898 0.0000
-323.8354 0.0000
-325.3447 0.0000
-323.7130 0.0000
-323.7374 0.0000
-324.3743 0.0000
-325.7662 0.0000
-322.8029 0.0000
-323.5912 0.0000
-324.2426 0.0000
-321.7022 0.0000
-324.8265 0.0000
-325.2241 0.0000
-323.1036 0.0000
-325.3003 0.0000
-323.8378 0.0000
-324.9469 0.0000
-324.3198 0.0000
-325.6777 0.0000
-323.8119 0.0000
-324.3865 0.0000
-324.3708 0.0000
-324.1578 0.0000
-324.7676 0.0000
-323.9115 0.0000
-324.2279 0.0000
-325.3365 0.0000
-324.9810 0.0000
-323.9309 0.0000
-324.0393 0.0000
-323.4389 0.0000
-323.9103 0.0000
-324.3849 0.0000
-324.3888 0.0000
-324.4101 0.0000
-323.6464 0.0000
-324.6286 0.0000
-323.5760 0.0000
-324.9359 0.0000
-325.0894 0.0000
-323.3737 0.0000
-322.7650 0.0000
-325.8656 0.0000
-323.4920 0.0000
-323.7469 0.0000
-324.0344 0.0000
-324.6030 0.0000
-324.8904 0.0000
-323.7855 0.0000
-325.0609 0.0000
-322.8279 0.0000
-324.9014 0.0000
-323.3116 0.0000
-323.5654 0.0000
-325.1974 0.0000
-324.3034 0.0000
-322.2878 0.0000
-322.8929 0.0000
-322.9237 0.0000
-324.3946 0.0000
-324.5640 0.0000
-324.4860 0.0000
-323.5176 0.0000
-323.4465 0.0000
-324.4354 0.0000
-324.6302 0.0000
-324.8953 0.0000
-324.1944 0.0000
-324.6665 0.0000
-324.2370 0.0000
-324.4439 0.0000
-324.0287 0.0000
-323.5912 0.0000
-323.7479 0.0000
-323.6589 0.0000
-324.8437 0.0000
-324.0188 0.0000
-325.4112 0.0000
-325.6430 0.0000
-324.1793 0.0000
-324.1456 0.0000
-323.0886 0.0000
-324.3435 0.0000
-321.7443 0.0000
-323.8675 0.0000
-324.1909 0.0000
-322.5447 0.0000
-325.1129 0.0000
-324.8104 0.0000
-324.3240 0.0000
-324.9987 0.0000
-323.1592 0.0000
-324.8077 0.0000
-323.8043 0.0000
-323.8489 0.0000
-324.4692 0.0000
-323.9863 0.0000
-323.4420 0.0000
-323.8711 0.0000
-324.6335 0.0000
-324.4180 0.0000
-324.8388 0.0000
-324.2958 0.0000
-324.5058 0.0000
-323.6747 0.0000
-323.9020 0.0000
-323.9042 0.0000
-323.6989 0.0000
-323.5445 0.0000
-324.9237 0.0000
-325.1308 0.0000
-324.0469 0.0000
-323.2661 0.0000
-323.2969 0.0000
-324.3573 0.0000
-325.8883 0.0000
-324.6026 0.0000
-324.0505 0.0000
-324.8627 0.0000
-322.6135 0.0000
-323.0143 0.0000
-325.0252 0.0000
-323.4146 0.0000
-323.5554 0.0000
-324.8096 0.0000
-324.6113 0.0000
-324.1746 0.0000
-324.0118 0.0000
-322.8014 0.0000
-324.1444 0.0000
-324.5508 0.0000
-324.2990 0.0000
-323.8477 0.0000
-325.4478 0.0000
-324.5687 0.0000
-325.0354 0.0000
-325.4762 0.0000
-324.7021 0.0000
-323.2859 0.0000
-324.5544 0.0000
-323.7400 0.0000
-323.4658 0.0000
-324.0802 0.0000
-324.5451 0.0000
-324.0601 0.0000
-323.7667 0.0000
-324.0855 0.0000
-325.2665 0.0000
-323.9586 0.0000
-323.2521 0.0000
-323.0821 0.0000
-324.1972 0.0000
-324.0518 0.0000
-324.0918 0.0000
-324.0545 0.0000
-324.3381 0.0000
-324.0820 0.0000
-323.1454 0.0000
-324.9202 0.0000
-324.5390 0.0000
-323.9652 0.0000
-324.4671 0.0000
-324.3501 0.0000
-325.5458 0.0000
-323.1927 0.0000
-323.6477 0.0000
-324.0317 0.0000
-323.3703 0.0000
-324.8623 0.0000
-323.7865 0.0000
-324.6583 0.0000
-324.6739 0.0000
-324.5772 0.0000
-323.6410 0.0000
-323.5758 0.0000
-322.8163 0.0000
-324.9811 0.0000
-323.2888 0.0000
-324.0423 0.0000
-323.2908 0.0000
-324.8469 0.0000
-322.6228 0.0000
-324.1281 0.0000
-324.3970 0.0000
-324.7082 0.0000
-323.3368 0.0000
-323.6777 0.0000
-323.0245 0.0000
-324.9772 0.0000
-323.2618 0.0000
-323.1984 0.0000
-324.4858 0.0000
-324.9085 0.0000
-323.8671 0.0000
-324.1906 0.0000
-325.1902 0.0000
-324.8565 0.0000
-325.0939 0.0000
-324.6650 0.0000
-324.8811 0.0000
-325.2551 0.0000
-323.7545 0.0000
-324.6773 0.0000
-323.8514 0.0000
-324.0475 0.0000
-323.5182 0.0000
-323.0625 0.0000
-325.5766 0.0000
-325.0366 0.0000
-324.0226 0.0000
-324.0100 0.0000
-324.5686 0.0000
-323.0933 0.0000
-324.6945 0.0000
-323.0891 0.0000
-324.4356 0.0000
-324.0328 0.0000
-323.6849 0.0000
-323.6183 0.0000
-323.9524 0.0000
-324.2280 0.0000
-322.9782 0.0000
-322.9824 0.0000
-323.4303 0.0000
-324.0227 0.0000
-324.9446 0.0000
-324.5875 0.0000
-325.0757 0.0000
-324.2098 0.0000
-324.1219 0.0000
-322.7266 0.0000
-324.6805 0.0000
-323.4204 0.0000
-324.7117 0.0000
-324.1768 0.0000
-324.3905 0.0000
-324.3266 0.0000
-323.6631 0.0000
-325.3259 0.0000
-323.6955 0.0000
-324.7004 0.0000
-324.5378 0.0000
-323.4535 0.0000
-323.3790 0.0000
-324.6261 0.0000
-323.0094 0.0000
-324.9532 0.0000
-323.6804 0.0000
-322.9822 0.0000
-324.7643 0.0000
-326.9180 0.0000
-325.0230 0.0000
-323.2359 0.0000
-322.8929 0.0000
-323.7463 0.0000
-323.1990 0.0000
-325.1260 0.0000
-323.9932 0.0000
-324.3944 0.0000
-322.7355 0.0000
-324.6243 0.0000
-324.6717 0.0000
-323.0087 0.0000
-325.3561 0.0000
-322.9560 0.0000
-324.2834 0.0000
-325.0988 0.0000
-326.1160 0.0000
-324.6956 0.0000
-323.5718 0.0000
-324.6860 0.0000
-323.2664 0.0000
-324.4866 0.0000
-324.4447 0.0000
-323.4678 0.0000
-323.9932 0.0000
-325.9839 0.0000
-323.2282 0.0000
-323.4890 0.0000
-324.2029 0.0000
-324.6734 0.0000
-324.2524 0.0000
-323.9867 0.0000
-325.3483 0.0000
-323.8354 0.0000
-324.1064 0.0000
-324.1419 0.0000
-324.0023 0.0000
-323.4182 0.0000
-326.4437 0.0000
-324.4612 0.0000
-324.2881 0.0000
-323.9355 0.0000
-325.2769 0.0000
-324.8826 0.0000
-322.7883 0.0000
-322.8691 0.0000
-323.4950 0.0000
-323.9519 0.0000
-324.4159 0.0000
-323.7903 0.0000
-323.3740 0.0000
-324.3803 0.0000
-323.9790 0.0000
-324.3184 0.0000
-323.5394 0.0000
-324.6354 0.0000
-324.5058 0.0000
-324.1198 0.0000
-324.0337 0.0000
-324.6201 0.0000
-324.0506 0.0000
-322.6281 0.0000
-324.0060 0.0000
-323.2958 0.0000
-325.5644 0.0000
-325.2699 0.0000
-324.3515 0.0000
-323.6710 0.0000
-323.8401 0.0000
-325.2798 0.0000
-323.6035 0.0000
-323.1859 0.0000
-324.5717 0.0000
-323.9397 0.0000
-324.9992 0.0000
-324.9023 0.0000
-324.5487 0.0000
-323.3298 0.0000
-323.9912 0.0000
-324.2274 0.0000
-325.5429 0.0000
-324.0959 0.0000
-323.4530 0.0000
-324.0937 0.0000
-322.6587 0.0000
-323.6697 0.0000
-323.8709 0.0000
-323.5747 0.0000
-324.8924 0.0000
-324.8055 0.0000
-322.8136 0.0000
-323.1913 0.0000
-322.4440 0.0000
-324.0245 0.0000
-324.8925 0.0000
-323.7443 0.0000
-323.2004 0.0000
-324.4699 0.0000
-323.9538 0.0000
-324.6092 0.0000
-325.0898 0.0000
-323.7779 0.0000
-323.9163 0.0000
-323.5476 0.0000
-323.5532 0.0000
-324.5885 0.0000
-324.3196 0.0000
-324.4249 0.0000
-325.8209 0.0000
-323.8470 0.0000
-324.3471 0.0000
-323.8502 0.0000
-323.1131 0.0000
-324.0471 0.0000
-324.9475 0.0000
-325.0873 0.0000
-323.6878 0.0000
-324.7309 0.0000
-323.6836 0.0000
-323.2912 0.0000
-324.0764 0.0000
-324.4764 0.0000
-324.5662 0.0000
-323.7759 0.0000
-323.9678 0.0000
-323.5169 0.0000
-323.3183 0.0000
-324.4178 0.0000
-323.3421 0.0000
-323.4825 0.0000
-324.5923 0.0000
-323.9195 0.0000
-324.9422 0.0000
-323.7333 0.0000
-325.5452 0.0000
-324.3791 0.0000
-324.2815 0.0000
-324.1369 0.0000
-324.0709 0.0000
-323.0488 0.0000
-324.2710 0.0000
-324.5609 0.0000
-325.3170 0.0000
-324.2985 0.0000
-324.4753 0.0000
-322.0451 0.0000
-325.2796 0.0000
-324.1405 0.0000
-324.8521 0.0000
-323.4529 0.0000
-325.3041 0.0000
-324.5778 0.0000
-323.5141 0.0000
-324.7280 0.0000
-325.0847 0.0000
-323.9476 0.0000
-323.7417 0.0000
-324.9999 0.0000
-322.3287 0.0000
-323.7692 0.0000
-325.6878 0.0000
-323.0983 0.0000
-325.0081 0.0000
-324.5185 0.0000
-322.7211 0.0000
-324.3051 0.0000
-323.3050 0.0000
-325.3471 0.0000
-324.0231 0.0000
-324.6236 0.0000
-324.3829 0.0000
-325.2657 0.0000
-325.3340 0.0000
-322.6216 0.0000
-324.1749 0.0000
-323.9020 0.0000
-324.5424 0.0000
-323.7713 0.0000
-323.3693 0.0000
-323.5713 0.0000
-324.1689 0.0000
-323.5783 0.0000
-323.2122 0.0000
-323.0518 0.0000
-323.7809 0.0000
-323.8063 0.0000
-324.6639 0.0000
-324.2677 0.0000
-325.1179 0.0000
-323.3932 0.0000
-324.7101 0.0000
-323.7823 0.0000
-323.8855 0.0000
-325.5742 0.0000
-324.4461 0.0000
-322.8827 0.0000
-325.0476 0.0000
-322.9028 0.0000
-324.0788 0.0000
-325.6715 0.0000
-323.7915 0.0000
-324.0542 0.0000
-324.2210 0.0000
-322.7342 0.0000
-324.8722 0.0000
-324.6392 0.0000
-324.3118 0.0000
-324.5403 0.0000
-323.0280 0.0000
-323.8521 0.0000
-324.0351 0.0000
-323.3005 0.0000
-323.2729 0.0000
-324.2596 0.0000
-324.0053 0.0000
-323.5753 0.0000
-324.3089 0.0000
-324.7365 0.0000
-325.3780 0.0000
-324.9416 0.0000
-323.4831 0.0000
-323.5662 0.0000
-323.4692 0.0000
-323.5853 0.0000
-323.1901 0.0000
-323.2352 0.0000
-323.2059 0.0000
-323.8353 0.0000
-325.7906 0.0000
-323.1984 0.0000
-324.0365 0.0000
-323.2234 0.0000
-323.9378 0.0000
-323.8563 0.0000
-324.3089 0.0000
-325.8589 0.0000
-323.8470 0.0000
-323.7337 0.0000
-323.5068 0.0000
-323.7496 0.0000
-325.0881 0.0000
-323.7947 0.0000
-323.5767 0.0000
-322.1027 0.0000
-322.8454 0.0000
-324.0957 0.0000
-322.1802 0.0000
-324.6206 0.0000
-325.2955 0.0000
-324.9836 0.0000
-325.0962 0.0000
-324.7022 0.0000
-324.8907 0.0000
-324.8282 0.0000
-325.0587 0.0000
-324.7689 0.0000
-324.2623 0.0000
-324.0052 0.0000
-322.6839 0.0000
-324.5624 0.0000
-324.2094 0.0000
-324.3987 0.0000
-323.7835 0.0000
-325.1305 0.0000
-324.1498 0.0000
-322.9806 0.0000
-323.4125 0.0000
-324.4011 0.0000
-325.0921 0.0000
-324.2183 0.0000
-323.9988 0.0000
-323.0666 0.0000
-322.9412 0.0000
-323.5515 0.0000
-324.0654 0.0000
-323.7860 0.0000
-323.7110 0.0000
-324.0699 0.0000
-324.2580 0.0000
-324.0158 0.0000
-325.1404 0.0000
-322.9576 0.0000
-324.2136 0.0000
-324.2793 0.0000
-323.6775 0.0000
-323.9999 0.0000
-325.4003 0.0000
-323.5821 0.0000
-323.7392 0.0000
-323.6269 0.0000
-323.0009 0.0000
-323.3233 0.0000
-323.5894 0.0000
-324.1641 0.0000
-324.3012 0.0000
-323.1798 0.0000
-323.8938 0.0000
-325.0565 0.0000
