-100.0000 -100.0000
-386.4209 0.0000
-382.7986 0.0000
-383.2208 0.0000
-383.5741 0.0000
-384.1560 0.0000
-385.2592 0.0000
-383.9233 0.0000
-381.0667 0.0000
-379.2106 0.0000
-377.9479 0.0000
-378.1663 0.0000
-376.8455 0.0000
-378.6779 0.0000
-377.6277 0.0000
-378.6242 0.0000
-377.2444 0.0000
-375.9792 0.0000
-375.5631 0.0000
-377.2958 0.0000
-375.8915 0.0000
-377.9037 0.0000
-375.2799 0.0000
-374.6476 0.0000
-375.9896 0.0000
-376.1642 0.0000
-377.5424 0.0000
-377.5582 0.0000
-379.5672 0.0000
-377.7758 0.0000
-377.4999 0.0000
-373.5697 0.0000
-373.0659 0.0000
-373.2403 0.0000
-370.4133 0.0000
-374.3640 0.0000
-372.8919 0.0000
-371.9093 0.0000
-371.4088 0.0000
-369.4258 0.0000
-369.7092 0.0000
-369.8750 0.0000
-368.2774 0.0000
-367.6155 0.0000
-365.8306 0.0000
-365.4828 0.0000
-364.1220 0.0000
-365.1835 0.0000
-363.7434 0.0000
-362.7289 0.0000
-365.4159 0.0000
-367.1442 0.0000
-369.2887 0.0000
-365.5002 0.0000
-364.8580 0.0000
-364.9619 0.0000
-368.1942 0.0000
-369.3182 0.0000
-367.5762 0.0000
-365.6049 0.0000
-365.4109 0.0000
-366.7044 0.0000
-367.5011 0.0000
-369.2930 0.0000
-367.4229 0.0000
-369.8803 0.0000
-366.2406 0.0000
-369.3233 0.0000
-371.8314 0.0000
-369.8957 0.0000
-369.2260 0.0000
-368.6976 0.0000
-372.4130 0.0000
-374.8373 0.0000
-372.8558 0.0000
-373.5915 0.0000
-374.0153 0.0000
-375.0498 0.0000
-375.1772 0.0000
-373.4689 0.0000
-371.7039 0.0000
-370.8239 0.0000
-372.8136 0.0000
-373.0035 0.0000
-372.3593 0.0000
-372.3146 0.0000
-370.4912 0.0000
-372.5494 0.0000
-370.6693 0.0000
-370.5411 0.0000
-373.5673 0.0000
-371.3135 0.0000
-372.7871 0.0000
-371.8642 0.0000
-370.7655 0.0000
-369.9839 0.0000
-368.8572 0.0000
-370.3071 0.0000
-372.9161 0.0000
-373.5832 0.0000
-376.1575 0.0000
-323.9374 0.0000
-323.2769 0.0000
-322.8159 0.0000
-324.3276 0.0000
-325.6773 0.0000
-326.3301 0.0000
-325.8021 0.0000
-324.6713 0.0000
-323.9945 0.0000
-322.1614 0.0000
-323.0199 0.0000
-320.5466 0.0000
-319.9323 0.0000
-318.9634 0.0000
-316.7436 0.0000
-316.2618 0.0000
-316.1165 0.0000
-316.2798 0.0000
-316.6686 0.0000
-316.9485 0.0000
-316.4326 0.0000
-313.4851 0.0000
-313.3525 0.0000
-312.6086 0.0000
-313.4824 0.0000
-314.4604 0.0000
-312.3254 0.0000
-312.8702 0.0000
-312.0592 0.0000
-312.0912 0.0000
-310.9124 0.0000
-311.0485 0.0000
-311.5066 0.0000
-311.3752 0.0000
-310.9793 0.0000
-310.8808 0.0000
-311.6389 0.0000
-310.4049 0.0000
-310.2400 0.0000
-310.0697 0.0000
-310.5096 0.0000
-310.3846 0.0000
-310.0575 0.0000
-312.4032 0.0000
-310.9428 0.0000
-310.7582 0.0000
-310.0035 0.0000
-309.9284 0.0000
-310.8232 0.0000
-309.9900 0.0000
-309.0530 0.0000
-307.6108 0.0000
-307.0530 0.0000
-307.7162 0.0000
-307.7005 0.0000
-305.9400 0.0000
-305.6961 0.0000
-308.0696 0.0000
-309.3760 0.0000
-308.1750 0.0000
-308.6642 0.0000
-309.9082 0.0000
-310.2631 0.0000
-312.4294 0.0000
-309.7115 0.0000
-310.5225 0.0000
-311.3801 0.0000
-309.2185 0.0000
-309.1239 0.0000
-308.7424 0.0000
-308.6487 0.0000
-309.1440 0.0000
-310.1932 0.0000
-309.9563 0.0000
-309.2189 0.0000
-310.2656 0.0000
-309.3381 0.0000
-308.4020 0.0000
-309.4683 0.0000
-307.7078 0.0000
-308.1326 0.0000
-308.0098 0.0000
-307.2257 0.0000
-310.6163 0.0000
-306.0224 0.0000
-305.4549 0.0000
-303.4878 0.0000
-303.2328 0.0000
-304.0099 0.0000
-302.9018 0.0000
-303.0060 0.0000
-301.8481 0.0000
-302.4281 0.0000
-301.5381 0.0000
-303.1516 0.0000
-305.1105 0.0000
-304.2710 0.0000
-304.3641 0.0000
-304.9430 0.0000
-305.0589 0.0000
-336.9477 0.0000
-335.4385 0.0000
-335.0495 0.0000
-335.1374 0.0000
-335.3211 0.0000
-336.2174 0.0000
-334.9937 0.0000
-336.1496 0.0000
-335.0994 0.0000
-334.7974 0.0000
-334.5033 0.0000
-336.1414 0.0000
-334.6952 0.0000
-334.0908 0.0000
-334.2786 0.0000
-333.4078 0.0000
-334.3880 0.0000
-334.7152 0.0000
-335.2563 0.0000
-335.4953 0.0000
-334.8101 0.0000
-334.2815 0.0000
-334.2585 0.0000
-333.0292 0.0000
-334.0198 0.0000
-334.9870 0.0000
-334.1769 0.0000
-334.6963 0.0000
-333.1656 0.0000
-332.7375 0.0000
-333.6963 0.0000
-333.5598 0.0000
-334.2125 0.0000
-334.3115 0.0000
-334.4171 0.0000
-335.2436 0.0000
-334.0736 0.0000
-332.0033 0.0000
-331.4367 0.0000
-331.8872 0.0000
-331.7129 0.0000
-331.8490 0.0000
-332.8986 0.0000
-331.6878 0.0000
-331.3737 0.0000
-331.0152 0.0000
-331.2832 0.0000
-330.7008 0.0000
-331.7203 0.0000
-331.1570 0.0000
-329.9166 0.0000
-330.4283 0.0000
-330.4172 0.0000
-330.2066 0.0000
-329.5104 0.0000
-329.2532 0.0000
-329.5216 0.0000
-331.0334 0.0000
-330.1749 0.0000
-330.0488 0.0000
-330.4073 0.0000
-331.1181 0.0000
-330.5645 0.0000
-329.9964 0.0000
-330.4121 0.0000
-331.1781 0.0000
-330.6980 0.0000
-331.7525 0.0000
-331.1976 0.0000
-330.5358 0.0000
-331.0718 0.0000
-331.6992 0.0000
-331.9307 0.0000
-332.6836 0.0000
-332.2554 0.0000
-331.7581 0.0000
-331.6968 0.0000
-331.4692 0.0000
-331.8718 0.0000
-330.3511 0.0000
-330.3535 0.0000
-331.6064 0.0000
-332.2489 0.0000
-331.9419 0.0000
-332.9418 0.0000
-334.0330 0.0000
-334.6836 0.0000
-335.2790 0.0000
-336.6397 0.0000
-337.2840 0.0000
-337.4871 0.0000
-337.5380 0.0000
-337.7095 0.0000
-336.8756 0.0000
-337.0733 0.0000
-338.3047 0.0000
-338.1771 0.0000
-338.1156 0.0000
-338.6982 0.0000
-339.1389 0.0000
-274.5637 0.0000
-274.7235 0.0000
-274.0084 0.0000
-272.2659 0.0000
-272.2574 0.0000
-272.5014 0.0000
-271.5725 0.0000
-272.0906 0.0000
-271.2681 0.0000
-272.3803 0.0000
-272.3577 0.0000
-273.0731 0.0000
-273.5666 0.0000
-274.8489 0.0000
-274.4703 0.0000
-273.6614 0.0000
-273.9775 0.0000
-275.1267 0.0000
-274.9418 0.0000
-275.1671 0.0000
-273.7937 0.0000
-273.5008 0.0000
-273.6217 0.0000
-272.8704 0.0000
-272.8114 0.0000
-273.5563 0.0000
-272.2390 0.0000
-272.3552 0.0000
-272.0911 0.0000
-272.7881 0.0000
-272.2552 0.0000
-272.1285 0.0000
-271.9486 0.0000
-271.6914 0.0000
-270.9926 0.0000
-271.0632 0.0000
-270.6315 0.0000
-269.9682 0.0000
-269.4824 0.0000
-268.7476 0.0000
-268.5290 0.0000
-269.2462 0.0000
-268.7868 0.0000
-269.1373 0.0000
-268.3795 0.0000
-268.4678 0.0000
-269.1642 0.0000
-269.5930 0.0000
-269.8048 0.0000
-269.3840 0.0000
-269.8588 0.0000
-269.6225 0.0000
-270.9282 0.0000
-270.3433 0.0000
-269.6312 0.0000
-269.2204 0.0000
-269.7930 0.0000
-269.9495 0.0000
-269.9200 0.0000
-270.0045 0.0000
-269.5414 0.0000
-268.5365 0.0000
-267.1067 0.0000
-266.5374 0.0000
-267.3697 0.0000
-268.2277 0.0000
-267.8424 0.0000
-267.5661 0.0000
-268.6594 0.0000
-267.4959 0.0000
-267.5639 0.0000
-266.8331 0.0000
-267.7399 0.0000
-267.5622 0.0000
-267.0833 0.0000
-267.9361 0.0000
-267.9030 0.0000
-268.4310 0.0000
-269.0359 0.0000
-269.0958 0.0000
-269.2186 0.0000
-269.4975 0.0000
-269.5991 0.0000
-269.6899 0.0000
-270.0033 0.0000
-270.0877 0.0000
-270.7795 0.0000
-271.3228 0.0000
-272.1166 0.0000
-272.0177 0.0000
-271.3216 0.0000
-271.4037 0.0000
-271.6440 0.0000
-270.9875 0.0000
-271.2907 0.0000
-271.2489 0.0000
-271.7956 0.0000
-272.0021 0.0000
-272.1472 0.0000
-271.9437 0.0000
-334.5236 0.0000
-334.2201 0.0000
-334.8903 0.0000
-334.3567 0.0000
-334.3354 0.0000
-334.2348 0.0000
-334.5547 0.0000
-335.0109 0.0000
-334.1959 0.0000
-334.2052 0.0000
-334.8124 0.0000
-335.1685 0.0000
-334.0406 0.0000
-335.3625 0.0000
-334.2866 0.0000
-334.0248 0.0000
-334.7896 0.0000
-334.8041 0.0000
-335.1145 0.0000
-334.5789 0.0000
-335.0904 0.0000
-334.5306 0.0000
-334.5708 0.0000
-334.6487 0.0000
-335.1541 0.0000
-333.9328 0.0000
-334.5787 0.0000
-334.6902 0.0000
-333.8020 0.0000
-335.1571 0.0000
-334.2238 0.0000
-334.1111 0.0000
-335.3040 0.0000
-334.5260 0.0000
-335.2192 0.0000
-334.7800 0.0000
-335.2291 0.0000
-334.2301 0.0000
-335.5235 0.0000
-334.8150 0.0000
-334.8891 0.0000
-335.5555 0.0000
-334.3309 0.0000
-334.9351 0.0000
-334.5744 0.0000
-335.2738 0.0000
-335.2342 0.0000
-333.8685 0.0000
-334.7639 0.0000
-333.6889 0.0000
-334.3463 0.0000
-334.7557 0.0000
-334.6235 0.0000
-335.0288 0.0000
-334.9132 0.0000
-335.3719 0.0000
-335.1451 0.0000
-334.3744 0.0000
-334.8166 0.0000
-334.3714 0.0000
-334.2941 0.0000
-334.7474 0.0000
-334.2612 0.0000
-334.5531 0.0000
-333.8353 0.0000
-334.0496 0.0000
-334.5365 0.0000
-334.5107 0.0000
-334.5072 0.0000
-334.9405 0.0000
-334.1580 0.0000
-334.1735 0.0000
-334.2361 0.0000
-334.3561 0.0000
-333.9456 0.0000
-335.1760 0.0000
-334.2219 0.0000
-334.7519 0.0000
-334.4027 0.0000
-335.2615 0.0000
-334.8017 0.0000
-334.1181 0.0000
-334.0431 0.0000
-334.0055 0.0000
-334.9595 0.0000
-334.9000 0.0000
-334.8769 0.0000
-334.7003 0.0000
-334.0085 0.0000
-335.5159 0.0000
-334.3192 0.0000
-333.5255 0.0000
-334.6976 0.0000
-334.6794 0.0000
-335.6307 0.0000
-334.4353 0.0000
-334.7145 0.0000
-334.6425 0.0000
-334.7500 0.0000
-334.3673 0.0000
-323.4677 0.0000
-323.0635 0.0000
-324.1578 0.0000
-323.6158 0.0000
-323.0360 0.0000
-323.5329 0.0000
-324.1477 0.0000
-324.1825 0.0000
-323.0437 0.0000
-323.4208 0.0000
-323.2577 0.0000
-324.2353 0.0000
-323.6025 0.0000
-323.5043 0.0000
-323.2278 0.0000
-323.0455 0.0000
-323.8048 0.0000
-324.2844 0.0000
-323.1935 0.0000
-324.0926 0.0000
-324.0125 0.0000
-322.9021 0.0000
-323.0993 0.0000
-323.7209 0.0000
-323.3609 0.0000
-323.4427 0.0000
-323.1364 0.0000
-323.6957 0.0000
-323.5334 0.0000
-323.7238 0.0000
-324.1289 0.0000
-322.9109 0.0000
-323.2286 0.0000
-323.5172 0.0000
-323.6541 0.0000
-323.6466 0.0000
-324.4151 0.0000
-323.5614 0.0000
-323.8956 0.0000
-322.9772 0.0000
-324.0815 0.0000
-323.0135 0.0000
-322.3532 0.0000
-322.7300 0.0000
-323.6070 0.0000
-323.5271 0.0000
-324.2929 0.0000
-322.9397 0.0000
-323.6328 0.0000
-323.3832 0.0000
-323.6002 0.0000
-323.0132 0.0000
-322.5780 0.0000
-324.3257 0.0000
-323.4814 0.0000
-324.0004 0.0000
-323.8451 0.0000
-323.5235 0.0000
-323.7977 0.0000
-323.3609 0.0000
-323.6270 0.0000
-324.1724 0.0000
-323.2954 0.0000
-323.6886 0.0000
-323.2885 0.0000
-322.8628 0.0000
-323.5309 0.0000
-322.5128 0.0000
-322.2173 0.0000
-322.9704 0.0000
-323.2634 0.0000
-322.9895 0.0000
-322.1826 0.0000
-323.7160 0.0000
-323.0859 0.0000
-323.5743 0.0000
-323.8341 0.0000
-322.9873 0.0000
-324.0040 0.0000
-323.7933 0.0000
-324.0102 0.0000
-323.2466 0.0000
-322.7296 0.0000
-322.8960 0.0000
-322.9615 0.0000
-323.3682 0.0000
-323.6599 0.0000
-323.7835 0.0000
-323.5832 0.0000
-323.6530 0.0000
-323.3223 0.0000
-323.6080 0.0000
-323.9142 0.0000
-323.1361 0.0000
-323.9183 0.0000
-324.2438 0.0000
-324.9191 0.0000
-324.2936 0.0000
-324.4909 0.0000
-324.1518 0.0000
-241.9442 0.0000
-241.7338 0.0000
-242.3282 0.0000
-242.3436 0.0000
-243.5591 0.0000
-244.8628 0.0000
-245.8300 0.0000
-245.6715 0.0000
-246.0485 0.0000
-246.1251 0.0000
-246.7355 0.0000
-246.7578 0.0000
-245.8780 0.0000
-247.3917 0.0000
-246.8801 0.0000
-247.2543 0.0000
-247.8426 0.0000
-247.8154 0.0000
-247.2712 0.0000
-249.1599 0.0000
-247.0051 0.0000
-246.5636 0.0000
-246.7596 0.0000
-245.9913 0.0000
-246.3868 0.0000
-246.1657 0.0000
-246.7173 0.0000
-246.0521 0.0000
-246.8644 0.0000
-246.5590 0.0000
-248.1511 0.0000
-249.2511 0.0000
-248.7314 0.0000
-249.6222 0.0000
-250.4987 0.0000
-250.9043 0.0000
-249.9164 0.0000
-250.9641 0.0000
-250.6258 0.0000
-251.1284 0.0000
-252.0380 0.0000
-252.6556 0.0000
-252.3428 0.0000
-252.8090 0.0000
-253.0528 0.0000
-253.7442 0.0000
-253.9325 0.0000
-254.3958 0.0000
-255.5471 0.0000
-253.6018 0.0000
-253.8710 0.0000
-254.9211 0.0000
-253.8831 0.0000
-253.4147 0.0000
-254.0435 0.0000
-253.2673 0.0000
-255.0581 0.0000
-252.7025 0.0000
-252.5234 0.0000
-252.5580 0.0000
-251.6492 0.0000
-251.5261 0.0000
-252.3140 0.0000
-252.4382 0.0000
-253.0630 0.0000
-253.4862 0.0000
-251.3587 0.0000
-250.3586 0.0000
-251.2202 0.0000
-249.9816 0.0000
-250.2301 0.0000
-249.4725 0.0000
-249.2815 0.0000
-249.2566 0.0000
-248.9075 0.0000
-250.6466 0.0000
-250.1778 0.0000
-252.0117 0.0000
-251.4805 0.0000
-249.6733 0.0000
-249.6043 0.0000
-251.2968 0.0000
-251.5227 0.0000
-252.2271 0.0000
-252.6225 0.0000
-253.0553 0.0000
-252.3679 0.0000
-252.4400 0.0000
-250.6293 0.0000
-250.2212 0.0000
-249.5049 0.0000
-250.0042 0.0000
-250.6283 0.0000
-251.1939 0.0000
-252.5384 0.0000
-253.6707 0.0000
-253.8593 0.0000
-255.9884 0.0000
-255.6290 0.0000
-255.0814 0.0000
-325.0901 0.0000
-325.5445 0.0000
-325.5761 0.0000
-325.2572 0.0000
-323.9789 0.0000
-325.5176 0.0000
-326.0512 0.0000
-325.6068 0.0000
-324.6227 0.0000
-324.8597 0.0000
-325.7627 0.0000
-324.9749 0.0000
-324.8898 0.0000
-324.7365 0.0000
-323.4326 0.0000
-323.4134 0.0000
-325.1195 0.0000
-325.0691 0.0000
-323.8842 0.0000
-324.7225 0.0000
-324.6671 0.0000
-325.6167 0.0000
-324.3341 0.0000
-324.5565 0.0000
-326.6039 0.0000
-325.8556 0.0000
-325.0906 0.0000
-323.7907 0.0000
-325.1351 0.0000
-326.2646 0.0000
-324.8382 0.0000
-326.1334 0.0000
-323.8377 0.0000
-325.7830 0.0000
-324.0453 0.0000
-325.6814 0.0000
-324.6044 0.0000
-326.6008 0.0000
-325.4889 0.0000
-324.7478 0.0000
-326.0557 0.0000
-324.8749 0.0000
-323.7502 0.0000
-325.0217 0.0000
-324.0892 0.0000
-324.6950 0.0000
-325.7894 0.0000
-324.7986 0.0000
-323.6057 0.0000
-325.2897 0.0000
-324.1846 0.0000
-325.1356 0.0000
-324.3162 0.0000
-325.0646 0.0000
-325.7177 0.0000
-325.3323 0.0000
-325.8844 0.0000
-324.7654 0.0000
-325.7035 0.0000
-324.5774 0.0000
-323.7547 0.0000
-325.1759 0.0000
-325.5977 0.0000
-324.0463 0.0000
-326.0083 0.0000
-325.1928 0.0000
-325.4691 0.0000
-325.2205 0.0000
-324.6597 0.0000
-325.7414 0.0000
-325.5081 0.0000
-325.2578 0.0000
-323.6261 0.0000
-324.9816 0.0000
-324.1868 0.0000
-325.8777 0.0000
-325.0707 0.0000
-323.7425 0.0000
-324.2040 0.0000
-324.5586 0.0000
-325.3747 0.0000
-325.7767 0.0000
-323.9474 0.0000
-324.6678 0.0000
-323.9836 0.0000
-324.3925 0.0000
-324.7323 0.0000
-324.8873 0.0000
-325.4275 0.0000
-325.2153 0.0000
-325.5963 0.0000
-325.3734 0.0000
-325.3714 0.0000
-325.4377 0.0000
-323.8749 0.0000
-325.7855 0.0000
-325.6469 0.0000
-325.6161 0.0000
-324.7183 0.0000
-325.2552 0.0000
-346.0566 0.0000
-345.5808 0.0000
-345.5499 0.0000
-346.6856 0.0000
-346.3825 0.0000
-346.9413 0.0000
-346.2570 0.0000
-346.8134 0.0000
-346.6852 0.0000
-345.8033 0.0000
-345.8419 0.0000
-346.3102 0.0000
-345.9263 0.0000
-345.6015 0.0000
-347.1316 0.0000
-345.0237 0.0000
-347.1774 0.0000
-346.0867 0.0000
-346.5071 0.0000
-347.6296 0.0000
-346.4876 0.0000
-346.5927 0.0000
-345.7237 0.0000
-347.3219 0.0000
-346.1160 0.0000
-345.7712 0.0000
-346.4889 0.0000
-344.9392 0.0000
-346.1935 0.0000
-344.8820 0.0000
-346.0932 0.0000
-345.5511 0.0000
-345.4964 0.0000
-345.4670 0.0000
-345.8106 0.0000
-345.4028 0.0000
-346.4878 0.0000
-347.2345 0.0000
-346.2827 0.0000
-345.8454 0.0000
-345.1632 0.0000
-346.0385 0.0000
-346.5041 0.0000
-346.5204 0.0000
-346.1193 0.0000
-345.8641 0.0000
-345.5288 0.0000
-346.4465 0.0000
-344.9035 0.0000
-346.9201 0.0000
-346.4141 0.0000
-346.4809 0.0000
-346.0107 0.0000
-345.3458 0.0000
-345.3549 0.0000
-345.5981 0.0000
-346.1022 0.0000
-346.5272 0.0000
-345.7293 0.0000
-345.5648 0.0000
-345.9942 0.0000
-347.5542 0.0000
-345.8701 0.0000
-347.3128 0.0000
-345.7736 0.0000
-345.3429 0.0000
-345.9725 0.0000
-346.2251 0.0000
-345.5939 0.0000
-346.0780 0.0000
-345.6813 0.0000
-346.9496 0.0000
-346.6034 0.0000
-346.2313 0.0000
-346.0238 0.0000
-345.4794 0.0000
-346.5404 0.0000
-345.9790 0.0000
-346.1331 0.0000
-346.3867 0.0000
-346.4054 0.0000
-345.3639 0.0000
-347.2237 0.0000
-345.9218 0.0000
-346.9930 0.0000
-345.7054 0.0000
-346.4638 0.0000
-345.9599 0.0000
-345.7109 0.0000
-346.9485 0.0000
-346.6402 0.0000
-344.8504 0.0000
-345.6814 0.0000
-345.6801 0.0000
-345.4697 0.0000
-345.8950 0.0000
-346.0273 0.0000
-345.9997 0.0000
-346.2480 0.0000
-346.1114 0.0000
-321.7174 0.0000
-321.6924 0.0000
-320.9149 0.0000
-321.9199 0.0000
-321.9519 0.0000
-322.3835 0.0000
-320.6237 0.0000
-321.5345 0.0000
-321.0100 0.0000
-321.5810 0.0000
-320.8688 0.0000
-322.1658 0.0000
-322.0429 0.0000
-319.9179 0.0000
-321.0422 0.0000
-322.1412 0.0000
-320.0934 0.0000
-321.9724 0.0000
-321.3564 0.0000
-320.7704 0.0000
-322.3112 0.0000
-320.5593 0.0000
-322.0079 0.0000
-319.7136 0.0000
-321.1613 0.0000
-321.6034 0.0000
-321.0926 0.0000
-321.6724 0.0000
-321.0765 0.0000
-322.2301 0.0000
-321.2390 0.0000
-321.3206 0.0000
-321.5567 0.0000
-320.9033 0.0000
-321.4536 0.0000
-322.0409 0.0000
-322.4242 0.0000
-322.0253 0.0000
-321.1268 0.0000
-321.8114 0.0000
-321.6742 0.0000
-322.4155 0.0000
-320.7948 0.0000
-320.6425 0.0000
-321.6019 0.0000
-323.1850 0.0000
-321.0886 0.0000
-321.8494 0.0000
-321.7831 0.0000
-320.7012 0.0000
-321.4085 0.0000
-321.4236 0.0000
-320.6857 0.0000
-319.3250 0.0000
-320.8585 0.0000
-321.0785 0.0000
-321.7024 0.0000
-321.4443 0.0000
-320.9828 0.0000
-319.1473 0.0000
-321.3599 0.0000
-321.7708 0.0000
-321.6617 0.0000
-322.3395 0.0000
-322.3279 0.0000
-319.6139 0.0000
-321.7410 0.0000
-321.9631 0.0000
-320.7657 0.0000
-321.6826 0.0000
-321.3274 0.0000
-321.3745 0.0000
-321.8329 0.0000
-321.2688 0.0000
-320.7704 0.0000
-321.3444 0.0000
-320.8407 0.0000
-321.4217 0.0000
-320.5857 0.0000
-321.9537 0.0000
-321.3725 0.0000
-320.6874 0.0000
-321.8319 0.0000
-321.5495 0.0000
-321.0582 0.0000
-322.4981 0.0000
-321.6391 0.0000
-321.4322 0.0000
-320.7409 0.0000
-321.9122 0.0000
-321.7298 0.0000
-320.5251 0.0000
-320.7430 0.0000
-321.0792 0.0000
-321.0145 0.0000
-321.5894 0.0000
-321.7082 0.0000
-321.1346 0.0000
-321.8784 0.0000
-320.8492 0.0000
-301.0695 0.0000
-301.9427 0.0000
-301.9720 0.0000
-301.9307 0.0000
-301.7687 0.0000
-302.4139 0.0000
-301.8370 0.0000
-301.4074 0.0000
-301.5424 0.0000
-301.2297 0.0000
-301.4525 0.0000
-301.8639 0.0000
-301.7804 0.0000
-301.4128 0.0000
-301.9884 0.0000
-301.9121 0.0000
-301.6648 0.0000
-301.8008 0.0000
-302.0182 0.0000
-302.3596 0.0000
-302.3124 0.0000
-301.0759 0.0000
-301.1452 0.0000
-302.2868 0.0000
-301.6590 0.0000
-301.8148 0.0000
-301.6622 0.0000
-302.1160 0.0000
-302.5870 0.0000
-300.8722 0.0000
-301.9999 0.0000
-301.0028 0.0000
-301.8849 0.0000
-301.7430 0.0000
-301.2537 0.0000
-301.1606 0.0000
-301.6158 0.0000
-301.8128 0.0000
-302.2267 0.0000
-302.1629 0.0000
-301.5610 0.0000
-302.3172 0.0000
-301.5142 0.0000
-301.7048 0.0000
-300.9624 0.0000
-301.9132 0.0000
-301.1330 0.0000
-301.9597 0.0000
-301.8007 0.0000
-301.4213 0.0000
-301.6299 0.0000
-301.0014 0.0000
-300.9586 0.0000
-301.8464 0.0000
-301.4251 0.0000
-301.0574 0.0000
-301.8065 0.0000
-300.2350 0.0000
-302.4957 0.0000
-301.8052 0.0000
-301.8460 0.0000
-302.1822 0.0000
-302.1301 0.0000
-302.2915 0.0000
-301.9832 0.0000
-300.9329 0.0000
-301.4833 0.0000
-301.6313 0.0000
-301.5412 0.0000
-301.8258 0.0000
-301.6008 0.0000
-301.8933 0.0000
-301.6160 0.0000
-300.8941 0.0000
-301.2466 0.0000
-301.2001 0.0000
-302.4810 0.0000
-302.2179 0.0000
-301.1912 0.0000
-300.6751 0.0000
-301.2485 0.0000
-301.7029 0.0000
-301.8511 0.0000
-300.8314 0.0000
-301.8143 0.0000
-301.8406 0.0000
-301.5536 0.0000
-302.0835 0.0000
-301.7229 0.0000
-301.3593 0.0000
-302.7615 0.0000
-300.5374 0.0000
-301.3756 0.0000
-301.8181 0.0000
-301.9121 0.0000
-301.9595 0.0000
-302.8645 0.0000
-302.0960 0.0000
-301.6112 0.0000
-301.8430 0.0000
-276.9695 0.0000
-277.0516 0.0000
-275.8654 0.0000
-277.0090 0.0000
-275.3479 0.0000
-276.0151 0.0000
-276.6426 0.0000
-277.1115 0.0000
-278.0694 0.0000
-275.5097 0.0000
-275.9207 0.0000
-275.6860 0.0000
-275.8765 0.0000
-276.6740 0.0000
-276.2716 0.0000
-275.8584 0.0000
-276.2165 0.0000
-276.1444 0.0000
-275.7536 0.0000
-276.1484 0.0000
-276.2216 0.0000
-276.2480 0.0000
-275.6190 0.0000
-275.8956 0.0000
-276.4893 0.0000
-276.6102 0.0000
-274.6370 0.0000
-274.2490 0.0000
-274.4132 0.0000
-274.8280 0.0000
-274.8568 0.0000
-274.1582 0.0000
-273.4135 0.0000
-273.1237 0.0000
-272.8432 0.0000
-273.4067 0.0000
-273.1208 0.0000
-271.9142 0.0000
-271.0789 0.0000
-271.1965 0.0000
-270.3203 0.0000
-270.2130 0.0000
-269.5663 0.0000
-270.6093 0.0000
-271.0800 0.0000
-272.0946 0.0000
-271.3201 0.0000
-271.3940 0.0000
-271.2898 0.0000
-271.6854 0.0000
-272.1666 0.0000
-272.1262 0.0000
-271.2124 0.0000
-271.0590 0.0000
-269.8022 0.0000
-270.5186 0.0000
-270.3672 0.0000
-269.0091 0.0000
-269.4793 0.0000
-270.5293 0.0000
-271.7569 0.0000
-270.1079 0.0000
-270.8978 0.0000
-271.8163 0.0000
-271.7174 0.0000
-273.0661 0.0000
-272.6283 0.0000
-272.3978 0.0000
-271.7007 0.0000
-271.3362 0.0000
-272.5578 0.0000
-271.6242 0.0000
-271.1608 0.0000
-270.5121 0.0000
-270.2036 0.0000
-270.1168 0.0000
-270.1162 0.0000
-270.1671 0.0000
-269.6303 0.0000
-269.8132 0.0000
-270.2799 0.0000
-270.0571 0.0000
-272.1635 0.0000
-272.5193 0.0000
-273.6400 0.0000
-274.5387 0.0000
-274.4586 0.0000
-275.8641 0.0000
-276.6926 0.0000
-276.1916 0.0000
-277.0449 0.0000
-275.1638 0.0000
-274.3302 0.0000
-273.4141 0.0000
-273.9439 0.0000
-275.5611 0.0000
-275.2893 0.0000
-274.4154 0.0000
-275.0532 0.0000
-275.6596 0.0000
-337.9541 0.0000
-337.7011 0.0000
-339.6525 0.0000
-338.4322 0.0000
-338.1406 0.0000
-340.1981 0.0000
-340.1979 0.0000
-338.3822 0.0000
-336.8065 0.0000
-338.4039 0.0000
-339.4314 0.0000
-338.0031 0.0000
-339.1804 0.0000
-337.5289 0.0000
-337.9808 0.0000
-339.9952 0.0000
-339.4218 0.0000
-338.7560 0.0000
-338.1557 0.0000
-340.2344 0.0000
-338.6257 0.0000
-339.2049 0.0000
-337.6809 0.0000
-339.7186 0.0000
-338.4482 0.0000
-338.2383 0.0000
-339.0931 0.0000
-338.7586 0.0000
-338.8885 0.0000
-338.4435 0.0000
-337.4759 0.0000
-339.9011 0.0000
-339.0294 0.0000
-338.6138 0.0000
-339.5889 0.0000
-340.8956 0.0000
-341.4558 0.0000
-337.0423 0.0000
-339.6458 0.0000
-339.3261 0.0000
-337.8089 0.0000
-338.8603 0.0000
-338.3842 0.0000
-340.5156 0.0000
-338.7645 0.0000
-339.2389 0.0000
-338.1728 0.0000
-338.9157 0.0000
-338.5101 0.0000
-339.2413 0.0000
-338.7238 0.0000
-337.8285 0.0000
-338.0654 0.0000
-338.6164 0.0000
-338.5533 0.0000
-338.4607 0.0000
-338.7893 0.0000
-339.8267 0.0000
-339.1657 0.0000
-338.4642 0.0000
-339.6589 0.0000
-339.5184 0.0000
-338.8306 0.0000
-338.0560 0.0000
-339.1977 0.0000
-338.1372 0.0000
-340.2920 0.0000
-339.0734 0.0000
-339.4453 0.0000
-337.1501 0.0000
-340.3761 0.0000
-337.8195 0.0000
-337.1239 0.0000
-338.3442 0.0000
-337.5748 0.0000
-338.3821 0.0000
-337.6889 0.0000
-337.7706 0.0000
-340.0669 0.0000
-337.3463 0.0000
-339.9879 0.0000
-339.3553 0.0000
-340.2160 0.0000
-338.2675 0.0000
-337.2450 0.0000
-338.3767 0.0000
-339.9287 0.0000
-337.9120 0.0000
-338.9644 0.0000
-339.8727 0.0000
-339.2320 0.0000
-338.6366 0.0000
-339.5374 0.0000
-338.2535 0.0000
-337.9820 0.0000
-338.8525 0.0000
-338.1411 0.0000
-339.6059 0.0000
-338.1074 0.0000
-337.1815 0.0000
-286.8590 0.0000
-287.1137 0.0000
-285.9244 0.0000
-284.9522 0.0000
-283.9932 0.0000
-284.9849 0.0000
-284.5436 0.0000
-284.4372 0.0000
-284.9807 0.0000
-284.2738 0.0000
-285.1895 0.0000
-285.8859 0.0000
-286.2689 0.0000
-285.2054 0.0000
-284.8812 0.0000
-284.8010 0.0000
-285.1374 0.0000
-285.2810 0.0000
-285.0371 0.0000
-285.3259 0.0000
-286.2128 0.0000
-286.4559 0.0000
-287.3673 0.0000
-285.8856 0.0000
-285.7570 0.0000
-285.2428 0.0000
-284.7766 0.0000
-284.7637 0.0000
-284.4194 0.0000
-285.2347 0.0000
-285.3036 0.0000
-284.7579 0.0000
-284.9208 0.0000
-286.0539 0.0000
-285.1983 0.0000
-284.5799 0.0000
-284.8928 0.0000
-284.7828 0.0000
-284.3209 0.0000
-284.8166 0.0000
-283.7388 0.0000
-282.0329 0.0000
-282.2737 0.0000
-281.6289 0.0000
-280.7468 0.0000
-281.2395 0.0000
-282.1384 0.0000
-282.8102 0.0000
-282.4882 0.0000
-282.2297 0.0000
-282.8603 0.0000
-283.5546 0.0000
-283.9303 0.0000
-282.4132 0.0000
-281.8551 0.0000
-281.2736 0.0000
-282.7413 0.0000
-283.9761 0.0000
-284.0482 0.0000
-283.0149 0.0000
-282.4785 0.0000
-281.5847 0.0000
-280.7770 0.0000
-281.6435 0.0000
-281.5993 0.0000
-281.0620 0.0000
-281.2203 0.0000
-281.2817 0.0000
-281.2164 0.0000
-282.9970 0.0000
-284.3785 0.0000
-283.9435 0.0000
-283.1121 0.0000
-282.7081 0.0000
-281.7747 0.0000
-281.1160 0.0000
-280.6461 0.0000
-281.0847 0.0000
-280.4536 0.0000
-279.7634 0.0000
-280.5870 0.0000
-281.1203 0.0000
-281.6791 0.0000
-281.1102 0.0000
-281.3458 0.0000
-281.1495 0.0000
-281.2206 0.0000
-282.5664 0.0000
-282.1737 0.0000
-283.5630 0.0000
-283.8986 0.0000
-282.7812 0.0000
-282.4435 0.0000
-280.8115 0.0000
-281.4053 0.0000
-282.1718 0.0000
-282.9519 0.0000
-282.0472 0.0000
-283.3584 0.0000
-283.5645 0.0000
-334.1509 0.0000
-334.8510 0.0000
-335.3628 0.0000
-334.2109 0.0000
-333.6495 0.0000
-334.6769 0.0000
-334.0568 0.0000
-334.8284 0.0000
-334.8495 0.0000
-334.7660 0.0000
-334.2537 0.0000
-334.0987 0.0000
-335.3211 0.0000
-336.5011 0.0000
-336.7285 0.0000
-337.3489 0.0000
-336.1709 0.0000
-336.1252 0.0000
-336.5565 0.0000
-336.7597 0.0000
-336.2423 0.0000
-335.4970 0.0000
-335.9947 0.0000
-336.2070 0.0000
-335.8983 0.0000
-334.9547 0.0000
-334.4064 0.0000
-334.4743 0.0000
-333.3514 0.0000
-333.4858 0.0000
-332.8189 0.0000
-333.0619 0.0000
-333.2571 0.0000
-333.7824 0.0000
-333.1470 0.0000
-333.5851 0.0000
-333.6573 0.0000
-333.5251 0.0000
-332.8194 0.0000
-332.9242 0.0000
-333.4529 0.0000
-333.0803 0.0000
-333.3766 0.0000
-333.3839 0.0000
-333.8159 0.0000
-333.4344 0.0000
-333.5332 0.0000
-332.4463 0.0000
-332.1403 0.0000
-331.9523 0.0000
-332.9756 0.0000
-332.2942 0.0000
-331.9946 0.0000
-332.6405 0.0000
-333.0649 0.0000
-332.9993 0.0000
-332.0051 0.0000
-331.8704 0.0000
-331.1801 0.0000
-331.7191 0.0000
-331.6594 0.0000
-331.7283 0.0000
-331.4447 0.0000
-330.9802 0.0000
-330.1711 0.0000
-329.5081 0.0000
-329.8610 0.0000
-329.8626 0.0000
-329.2905 0.0000
-329.4872 0.0000
-329.7806 0.0000
-329.5014 0.0000
-329.6163 0.0000
-330.0451 0.0000
-330.3985 0.0000
-330.5047 0.0000
-330.2211 0.0000
-330.1330 0.0000
-330.2308 0.0000
-329.8976 0.0000
-329.9055 0.0000
-329.7306 0.0000
-329.9926 0.0000
-330.1420 0.0000
-330.7489 0.0000
-330.7542 0.0000
-331.1140 0.0000
-331.1177 0.0000
-330.2815 0.0000
-329.9717 0.0000
-329.8298 0.0000
-330.9399 0.0000
-330.9492 0.0000
-330.6058 0.0000
-330.5283 0.0000
-330.7511 0.0000
-330.0932 0.0000
-330.2322 0.0000
-329.7596 0.0000
-329.6747 0.0000
-323.3702 0.0000
-323.1480 0.0000
-324.0469 0.0000
-323.7581 0.0000
-323.4762 0.0000
-323.9581 0.0000
-324.1251 0.0000
-323.7935 0.0000
-323.3641 0.0000
-324.0269 0.0000
-324.4502 0.0000
-324.3470 0.0000
-324.7776 0.0000
-324.5643 0.0000
-324.0937 0.0000
-324.3861 0.0000
-324.8507 0.0000
-325.2734 0.0000
-325.6398 0.0000
-326.5718 0.0000
-327.5894 0.0000
-328.5375 0.0000
-328.5016 0.0000
-328.7220 0.0000
-328.5367 0.0000
-328.7317 0.0000
-328.4599 0.0000
-328.1577 0.0000
-328.1398 0.0000
-328.0034 0.0000
-327.6402 0.0000
-327.7430 0.0000
-327.9882 0.0000
-328.1642 0.0000
-328.1156 0.0000
-328.0232 0.0000
-327.8529 0.0000
-328.3410 0.0000
-328.6289 0.0000
-327.7900 0.0000
-328.0281 0.0000
-327.8497 0.0000
-327.2435 0.0000
-327.4364 0.0000
-326.9072 0.0000
-326.9358 0.0000
-327.5214 0.0000
-327.4424 0.0000
-327.5041 0.0000
-327.0628 0.0000
-327.6519 0.0000
-328.1883 0.0000
-328.0055 0.0000
-328.0348 0.0000
-327.2193 0.0000
-327.7475 0.0000
-328.1328 0.0000
-327.6410 0.0000
-327.7527 0.0000
-327.2191 0.0000
-327.4964 0.0000
-327.2868 0.0000
-326.4446 0.0000
-326.3072 0.0000
-325.5182 0.0000
-324.0803 0.0000
-324.3515 0.0000
-324.5807 0.0000
-324.7863 0.0000
-324.4971 0.0000
-324.1815 0.0000
-324.7632 0.0000
-324.2010 0.0000
-324.8084 0.0000
-325.0761 0.0000
-324.8164 0.0000
-323.7966 0.0000
-323.8261 0.0000
-323.9181 0.0000
-323.5163 0.0000
-323.4046 0.0000
-323.8350 0.0000
-324.0197 0.0000
-323.9263 0.0000
-324.0400 0.0000
-323.6429 0.0000
-323.1764 0.0000
-323.8244 0.0000
-323.8737 0.0000
-321.7455 0.0000
-322.0214 0.0000
-322.1551 0.0000
-320.8926 0.0000
-321.4250 0.0000
-322.7786 0.0000
-321.9212 0.0000
-322.8020 0.0000
-322.0024 0.0000
-321.2594 0.0000
-321.9828 0.0000
-246.2885 0.0000
-245.7472 0.0000
-246.4702 0.0000
-246.1506 0.0000
-245.9559 0.0000
-246.5597 0.0000
-245.8498 0.0000
-246.3488 0.0000
-246.6735 0.0000
-247.9393 0.0000
-248.1328 0.0000
-248.1703 0.0000
-248.7063 0.0000
-248.9155 0.0000
-249.8889 0.0000
-250.7422 0.0000
-250.0408 0.0000
-250.0347 0.0000
-249.2542 0.0000
-249.2067 0.0000
-249.4255 0.0000
-250.3398 0.0000
-251.5552 0.0000
-251.8497 0.0000
-251.3373 0.0000
-252.3948 0.0000
-252.4187 0.0000
-251.8906 0.0000
-252.7053 0.0000
-252.1472 0.0000
-251.8603 0.0000
-251.2650 0.0000
-250.8219 0.0000
-250.9945 0.0000
-251.1775 0.0000
-250.8617 0.0000
-251.3167 0.0000
-250.9060 0.0000
-251.0725 0.0000
-251.6545 0.0000
-251.5745 0.0000
-251.3073 0.0000
-251.3733 0.0000
-251.2849 0.0000
-251.9034 0.0000
-251.2689 0.0000
-251.9016 0.0000
-251.7509 0.0000
-252.3185 0.0000
-251.8323 0.0000
-253.1818 0.0000
-252.7048 0.0000
-252.2976 0.0000
-251.5876 0.0000
-251.6414 0.0000
-251.8831 0.0000
-252.4066 0.0000
-253.3896 0.0000
-251.9081 0.0000
-252.5297 0.0000
-252.3457 0.0000
-253.5190 0.0000
-255.2039 0.0000
-253.2946 0.0000
-253.6648 0.0000
-253.7549 0.0000
-254.3895 0.0000
-254.7837 0.0000
-254.4209 0.0000
-253.9074 0.0000
-254.7025 0.0000
-254.1581 0.0000
-254.1946 0.0000
-255.4775 0.0000
-255.8141 0.0000
-255.9019 0.0000
-255.5416 0.0000
-255.0918 0.0000
-256.1047 0.0000
-256.4497 0.0000
-257.6837 0.0000
-257.0531 0.0000
-257.5053 0.0000
-257.3099 0.0000
-257.9183 0.0000
-256.7971 0.0000
-256.5651 0.0000
-256.2378 0.0000
-256.7462 0.0000
-256.8450 0.0000
-256.4435 0.0000
-257.0594 0.0000
-257.4351 0.0000
-257.6236 0.0000
-258.4321 0.0000
-257.5897 0.0000
-258.1703 0.0000
-257.2315 0.0000
-257.8444 0.0000
-257.1929 0.0000
-323.8317 0.0000
-326.0683 0.0000
-323.7314 0.0000
-325.7454 0.0000
-324.8326 0.0000
-324.2694 0.0000
-323.7265 0.0000
-325.9429 0.0000
-324.6185 0.0000
-325.0769 0.0000
-325.3227 0.0000
-324.4421 0.0000
-325.3224 0.0000
-324.5620 0.0000
-324.1339 0.0000
-324.4993 0.0000
-325.8595 0.0000
-325.0771 0.0000
-324.5199 0.0000
-325.1323 0.0000
-325.0832 0.0000
-325.4645 0.0000
-325.9412 0.0000
-327.4205 0.0000
-323.7963 0.0000
-324.6169 0.0000
-325.9899 0.0000
-325.0778 0.0000
-324.8592 0.0000
-323.9087 0.0000
-325.0801 0.0000
-324.8320 0.0000
-325.3819 0.0000
-323.7502 0.0000
-325.8091 0.0000
-325.2466 0.0000
-324.8005 0.0000
-325.7074 0.0000
-326.8460 0.0000
-324.8306 0.0000
-325.2105 0.0000
-323.3756 0.0000
-324.7059 0.0000
-323.5819 0.0000
-324.3716 0.0000
-324.8861 0.0000
-324.2441 0.0000
-325.0583 0.0000
-325.2316 0.0000
-324.0588 0.0000
-324.8559 0.0000
-324.4301 0.0000
-324.1737 0.0000
-324.9499 0.0000
-325.0713 0.0000
-324.3300 0.0000
-324.3545 0.0000
-325.1256 0.0000
-324.6480 0.0000
-324.8584 0.0000
-325.7194 0.0000
-324.7009 0.0000
-324.7891 0.0000
-325.5547 0.0000
-324.4268 0.0000
-325.2036 0.0000
-324.1522 0.0000
-326.0707 0.0000
-326.1513 0.0000
-324.0274 0.0000
-324.6743 0.0000
-325.0341 0.0000
-324.3533 0.0000
-325.5546 0.0000
-325.9204 0.0000
-325.3109 0.0000
-326.1440 0.0000
-324.6681 0.0000
-325.4514 0.0000
-324.9137 0.0000
-323.9366 0.0000
-324.9355 0.0000
-324.4444 0.0000
-324.3768 0.0000
-324.1962 0.0000
-323.3988 0.0000
-324.6751 0.0000
-324.1527 0.0000
-324.7098 0.0000
-325.6688 0.0000
-324.1651 0.0000
-325.7794 0.0000
-324.5504 0.0000
-324.4699 0.0000
-324.6546 0.0000
-324.6176 0.0000
-325.1082 0.0000
-325.1404 0.0000
-324.4395 0.0000
-324.1153 0.0000
-345.4643 0.0000
-345.1699 0.0000
-344.8342 0.0000
-345.6026 0.0000
-346.1228 0.0000
-346.6477 0.0000
-345.7340 0.0000
-345.8890 0.0000
-345.1844 0.0000
-345.6623 0.0000
-345.3884 0.0000
-345.2325 0.0000
-346.2124 0.0000
-346.3011 0.0000
-345.5640 0.0000
-345.3585 0.0000
-346.7820 0.0000
-346.0665 0.0000
-345.7158 0.0000
-346.1931 0.0000
-345.1621 0.0000
-346.1561 0.0000
-345.8197 0.0000
-346.8558 0.0000
-345.6690 0.0000
-346.5405 0.0000
-346.6623 0.0000
-346.0397 0.0000
-346.2595 0.0000
-345.8723 0.0000
-345.7209 0.0000
-345.4615 0.0000
-345.8193 0.0000
-346.2219 0.0000
-346.0696 0.0000
-345.2077 0.0000
-345.3902 0.0000
-345.2949 0.0000
-345.7619 0.0000
-346.1565 0.0000
-346.1235 0.0000
-345.9846 0.0000
-346.6132 0.0000
-346.1013 0.0000
-345.7138 0.0000
-347.0697 0.0000
-345.8859 0.0000
-346.7939 0.0000
-346.1263 0.0000
-345.8770 0.0000
-345.6269 0.0000
-345.8233 0.0000
-345.6556 0.0000
-346.2447 0.0000
-346.9988 0.0000
-345.4752 0.0000
-345.5297 0.0000
-346.1050 0.0000
-345.8392 0.0000
-345.5339 0.0000
-345.9148 0.0000
-346.1994 0.0000
-345.7538 0.0000
-346.5230 0.0000
-346.4824 0.0000
-346.8982 0.0000
-346.1568 0.0000
-345.1181 0.0000
-345.4605 0.0000
-345.7067 0.0000
-345.8258 0.0000
-346.6854 0.0000
-346.2399 0.0000
-346.2013 0.0000
-346.2981 0.0000
-346.2505 0.0000
-346.3261 0.0000
-345.6477 0.0000
-345.6617 0.0000
-346.0498 0.0000
-345.7350 0.0000
-346.5581 0.0000
-345.8898 0.0000
-345.1063 0.0000
-345.6114 0.0000
-346.7819 0.0000
-347.6519 0.0000
-346.6203 0.0000
-346.4609 0.0000
-345.4798 0.0000
-346.7707 0.0000
-346.0187 0.0000
-346.0736 0.0000
-346.0770 0.0000
-345.9354 0.0000
-346.6235 0.0000
-345.7663 0.0000
-346.6612 0.0000
-346.0160 0.0000
-345.3373 0.0000
-310.9570 0.0000
-309.8418 0.0000
-310.7486 0.0000
-308.6532 0.0000
-309.6201 0.0000
-310.2838 0.0000
-310.8340 0.0000
-310.3368 0.0000
-310.3861 0.0000
-310.3536 0.0000
-309.9725 0.0000
-310.3472 0.0000
-310.7314 0.0000
-310.6442 0.0000
-310.4788 0.0000
-309.3791 0.0000
-310.0619 0.0000
-310.6543 0.0000
-310.5384 0.0000
-310.0015 0.0000
-309.4069 0.0000
-309.6467 0.0000
-309.5015 0.0000
-310.6406 0.0000
-309.7548 0.0000
-310.0027 0.0000
-309.9182 0.0000
-308.5021 0.0000
-308.4811 0.0000
-308.7154 0.0000
-308.8865 0.0000
-309.5466 0.0000
-309.0142 0.0000
-309.7844 0.0000
-310.1731 0.0000
-309.2111 0.0000
-308.7621 0.0000
-308.7260 0.0000
-309.1157 0.0000
-308.6299 0.0000
-309.0045 0.0000
-309.3191 0.0000
-309.7227 0.0000
-308.8167 0.0000
-307.6156 0.0000
-308.4270 0.0000
-308.4251 0.0000
-307.8251 0.0000
-307.6113 0.0000
-308.0825 0.0000
-308.2072 0.0000
-305.9945 0.0000
-305.3640 0.0000
-304.8427 0.0000
-305.0074 0.0000
-305.0031 0.0000
-305.3247 0.0000
-305.0021 0.0000
-304.1348 0.0000
-302.9585 0.0000
-303.6126 0.0000
-303.1431 0.0000
-302.7735 0.0000
-303.5207 0.0000
-302.4008 0.0000
-301.8872 0.0000
-302.6059 0.0000
-302.3457 0.0000
-302.4891 0.0000
-302.9255 0.0000
-302.7024 0.0000
-302.5726 0.0000
-303.7487 0.0000
-303.8769 0.0000
-303.8372 0.0000
-304.2791 0.0000
-303.9409 0.0000
-303.0027 0.0000
-303.1142 0.0000
-302.9909 0.0000
-302.9733 0.0000
-304.2999 0.0000
-304.2265 0.0000
-303.9749 0.0000
-304.7605 0.0000
-304.9073 0.0000
-305.3628 0.0000
-306.0837 0.0000
-305.9082 0.0000
-305.2213 0.0000
-304.3332 0.0000
-304.7340 0.0000
-304.1875 0.0000
-303.5760 0.0000
-303.5020 0.0000
-303.4041 0.0000
-303.3812 0.0000
-304.2648 0.0000
-304.3420 0.0000
-303.5925 0.0000
-291.0387 0.0000
-290.9687 0.0000
-292.2376 0.0000
-292.0518 0.0000
-292.5906 0.0000
-293.8756 0.0000
-292.5471 0.0000
-291.2685 0.0000
-293.3655 0.0000
-292.1541 0.0000
-292.3072 0.0000
-292.5582 0.0000
-291.6148 0.0000
-291.4853 0.0000
-291.2932 0.0000
-290.8830 0.0000
-291.7965 0.0000
-292.2989 0.0000
-292.5002 0.0000
-291.8811 0.0000
-291.9733 0.0000
-292.4345 0.0000
-293.1974 0.0000
-293.7562 0.0000
-293.5335 0.0000
-294.2845 0.0000
-294.8517 0.0000
-295.1192 0.0000
-294.9754 0.0000
-294.7420 0.0000
-295.7426 0.0000
-297.5853 0.0000
-297.0823 0.0000
-296.4397 0.0000
-297.6946 0.0000
-298.6649 0.0000
-299.1616 0.0000
-299.1090 0.0000
-296.0531 0.0000
-297.3257 0.0000
-297.5471 0.0000
-298.9885 0.0000
-297.7025 0.0000
-298.9216 0.0000
-301.7533 0.0000
-301.0699 0.0000
-300.1357 0.0000
-302.4924 0.0000
-301.2217 0.0000
-300.3483 0.0000
-301.8091 0.0000
-301.8747 0.0000
-300.3273 0.0000
-297.7751 0.0000
-296.4416 0.0000
-295.7580 0.0000
-295.3690 0.0000
-295.4730 0.0000
-297.0949 0.0000
-296.6623 0.0000
-296.2371 0.0000
-296.5174 0.0000
-296.6570 0.0000
-297.4060 0.0000
-297.1682 0.0000
-298.2364 0.0000
-297.8650 0.0000
-297.6501 0.0000
-296.8731 0.0000
-298.8294 0.0000
-299.1518 0.0000
-298.3240 0.0000
-299.0299 0.0000
-300.8027 0.0000
-302.1859 0.0000
-301.5198 0.0000
-300.6071 0.0000
-300.4068 0.0000
-300.1997 0.0000
-298.7335 0.0000
-298.6685 0.0000
-299.0196 0.0000
-298.1137 0.0000
-296.1788 0.0000
-295.2007 0.0000
-294.9549 0.0000
-294.9135 0.0000
-295.4992 0.0000
-296.0369 0.0000
-296.9226 0.0000
-298.0766 0.0000
-296.3054 0.0000
-294.5835 0.0000
-295.3487 0.0000
-295.1570 0.0000
-295.4184 0.0000
-296.4202 0.0000
-297.3701 0.0000
-297.4110 0.0000
-295.2810 0.0000
-272.0922 0.0000
-273.1920 0.0000
-275.0047 0.0000
-275.7929 0.0000
-273.8168 0.0000
-273.8584 0.0000
-273.4190 0.0000
-273.4359 0.0000
-273.6389 0.0000
-273.6599 0.0000
-273.4076 0.0000
-273.7633 0.0000
-274.3360 0.0000
-274.2096 0.0000
-274.3166 0.0000
-274.4923 0.0000
-276.6434 0.0000
-276.7925 0.0000
-276.7460 0.0000
-276.2439 0.0000
-276.7113 0.0000
-277.4098 0.0000
-276.2361 0.0000
-276.8504 0.0000
-277.8722 0.0000
-277.4565 0.0000
-277.1634 0.0000
-278.1248 0.0000
-277.3265 0.0000
-276.5551 0.0000
-276.0185 0.0000
-276.2002 0.0000
-275.4871 0.0000
-275.1593 0.0000
-276.4453 0.0000
-276.3247 0.0000
-275.9310 0.0000
-277.2020 0.0000
-277.2977 0.0000
-277.2788 0.0000
-276.5216 0.0000
-275.9446 0.0000
-274.3682 0.0000
-274.3159 0.0000
-273.4430 0.0000
-274.3570 0.0000
-273.4328 0.0000
-273.6880 0.0000
-274.1263 0.0000
-273.5048 0.0000
-273.1008 0.0000
-273.3087 0.0000
-273.4585 0.0000
-272.4759 0.0000
-272.8312 0.0000
-271.8116 0.0000
-272.2145 0.0000
-271.9657 0.0000
-272.0556 0.0000
-271.4633 0.0000
-271.4011 0.0000
-270.9478 0.0000
-271.3672 0.0000
-270.9676 0.0000
-270.7533 0.0000
-271.2440 0.0000
-272.3551 0.0000
-271.5074 0.0000
-272.8460 0.0000
-271.5764 0.0000
-271.4191 0.0000
-272.3002 0.0000
-270.6861 0.0000
-271.0340 0.0000
-270.9321 0.0000
-271.5754 0.0000
-273.0484 0.0000
-273.8044 0.0000
-273.9973 0.0000
-273.5451 0.0000
-273.4116 0.0000
-274.3562 0.0000
-275.0905 0.0000
-275.7275 0.0000
-276.4009 0.0000
-276.5568 0.0000
-277.9513 0.0000
-279.7467 0.0000
-280.2672 0.0000
-279.2575 0.0000
-278.1028 0.0000
-278.1553 0.0000
-277.4540 0.0000
-277.6088 0.0000
-276.3230 0.0000
-275.9487 0.0000
-276.2546 0.0000
-276.6027 0.0000
-278.1425 0.0000
-278.5320 0.0000
-339.2308 0.0000
-338.2010 0.0000
-339.3913 0.0000
-339.0232 0.0000
-339.0739 0.0000
-337.8909 0.0000
-339.6468 0.0000
-339.1188 0.0000
-338.1355 0.0000
-338.1093 0.0000
-338.4979 0.0000
-338.1163 0.0000
-338.7779 0.0000
-339.3584 0.0000
-339.4278 0.0000
-337.9754 0.0000
-337.9157 0.0000
-336.9053 0.0000
-338.2721 0.0000
-340.6219 0.0000
-338.2483 0.0000
-339.9759 0.0000
-338.5886 0.0000
-339.7751 0.0000
-339.9481 0.0000
-339.0288 0.0000
-337.9521 0.0000
-339.4149 0.0000
-338.4108 0.0000
-339.1779 0.0000
-338.7162 0.0000
-338.0148 0.0000
-338.2725 0.0000
-338.8083 0.0000
-337.8280 0.0000
-339.7964 0.0000
-339.0468 0.0000
-339.3964 0.0000
-339.9232 0.0000
-338.9941 0.0000
-339.1016 0.0000
-341.3491 0.0000
-339.0718 0.0000
-339.1047 0.0000
-339.7208 0.0000
-338.5326 0.0000
-339.2045 0.0000
-338.7809 0.0000
-340.0227 0.0000
-337.4727 0.0000
-338.5347 0.0000
-339.9250 0.0000
-339.9624 0.0000
-338.6017 0.0000
-338.9933 0.0000
-337.3622 0.0000
-339.5578 0.0000
-338.7294 0.0000
-338.8820 0.0000
-339.8552 0.0000
-339.6121 0.0000
-339.5841 0.0000
-339.6897 0.0000
-338.6514 0.0000
-339.8804 0.0000
-338.2670 0.0000
-339.7493 0.0000
-339.6579 0.0000
-338.4686 0.0000
-338.9586 0.0000
-338.9293 0.0000
-340.7634 0.0000
-340.4308 0.0000
-338.0070 0.0000
-339.0164 0.0000
-338.9783 0.0000
-338.5920 0.0000
-338.7343 0.0000
-338.6621 0.0000
-339.2184 0.0000
-338.5189 0.0000
-340.4831 0.0000
-338.5123 0.0000
-339.1547 0.0000
-338.4494 0.0000
-338.5523 0.0000
-336.7113 0.0000
-339.3941 0.0000
-337.6550 0.0000
-338.6918 0.0000
-337.4457 0.0000
-338.8928 0.0000
-338.8898 0.0000
-338.9340 0.0000
-340.7932 0.0000
-340.2375 0.0000
-338.2085 0.0000
-337.7847 0.0000
-338.5334 0.0000
-338.2399 0.0000
-237.8503 0.0000
-236.5686 0.0000
-236.6639 0.0000
-236.8220 0.0000
-236.4896 0.0000
-237.2080 0.0000
-236.9186 0.0000
-237.7578 0.0000
-237.2361 0.0000
-237.2138 0.0000
-236.6371 0.0000
-236.4608 0.0000
-236.1763 0.0000
-236.7902 0.0000
-237.2814 0.0000
-238.1012 0.0000
-237.4521 0.0000
-238.2643 0.0000
-238.5487 0.0000
-238.5752 0.0000
-237.9529 0.0000
-238.0759 0.0000
-238.5150 0.0000
-238.7202 0.0000
-238.3855 0.0000
-238.5823 0.0000
-238.9458 0.0000
-238.4345 0.0000
-238.5417 0.0000
-239.8617 0.0000
-240.3604 0.0000
-240.4614 0.0000
-240.7083 0.0000
-240.4720 0.0000
-240.3403 0.0000
-241.7611 0.0000
-241.3192 0.0000
-240.9882 0.0000
-242.9991 0.0000
-242.9628 0.0000
-240.4783 0.0000
-239.9331 0.0000
-240.2875 0.0000
-240.0468 0.0000
-238.5832 0.0000
-239.3300 0.0000
-240.1770 0.0000
-240.8078 0.0000
-240.5789 0.0000
-241.3414 0.0000
-240.4509 0.0000
-239.8242 0.0000
-239.7327 0.0000
-239.6897 0.0000
-241.3522 0.0000
-242.3610 0.0000
-241.9806 0.0000
-243.0149 0.0000
-242.6998 0.0000
-242.8127 0.0000
-243.9888 0.0000
-244.4230 0.0000
-244.5372 0.0000
-244.5337 0.0000
-243.2672 0.0000
-242.3352 0.0000
-241.5257 0.0000
-239.4070 0.0000
-239.6702 0.0000
-239.7346 0.0000
-239.1230 0.0000
-239.1458 0.0000
-239.6354 0.0000
-239.3118 0.0000
-238.1339 0.0000
-239.0107 0.0000
-238.7727 0.0000
-238.5422 0.0000
-238.7452 0.0000
-240.0260 0.0000
-241.8135 0.0000
-244.0922 0.0000
-240.3363 0.0000
-240.2736 0.0000
-241.3365 0.0000
-240.5658 0.0000
-240.5868 0.0000
-241.2815 0.0000
-243.4086 0.0000
-240.8854 0.0000
-240.6082 0.0000
-239.3659 0.0000
-239.6525 0.0000
-238.6691 0.0000
-238.9713 0.0000
-241.5391 0.0000
-240.8164 0.0000
-240.3580 0.0000
-239.2659 0.0000
-239.1825 0.0000
-329.5788 0.0000
-329.1762 0.0000
-329.8282 0.0000
-329.2813 0.0000
-328.7119 0.0000
-328.1817 0.0000
-327.1627 0.0000
-326.7321 0.0000
-327.0126 0.0000
-327.1345 0.0000
-326.8682 0.0000
-327.2313 0.0000
-327.5172 0.0000
-326.8302 0.0000
-326.5714 0.0000
-326.4747 0.0000
-325.9453 0.0000
-326.1086 0.0000
-326.4242 0.0000
-326.1523 0.0000
-326.2613 0.0000
-326.3360 0.0000
-326.7997 0.0000
-326.4514 0.0000
-325.9974 0.0000
-326.9400 0.0000
-327.0469 0.0000
-326.6367 0.0000
-326.6703 0.0000
-326.8201 0.0000
-326.5805 0.0000
-326.1148 0.0000
-325.7575 0.0000
-326.0886 0.0000
-326.6574 0.0000
-327.3031 0.0000
-326.7235 0.0000
-326.0936 0.0000
-325.7788 0.0000
-324.8780 0.0000
-325.0693 0.0000
-325.0512 0.0000
-324.4793 0.0000
-325.4317 0.0000
-324.5965 0.0000
-325.8851 0.0000
-326.0877 0.0000
-324.9178 0.0000
-324.9147 0.0000
-325.2842 0.0000
-325.0522 0.0000
-326.1907 0.0000
-326.6802 0.0000
-327.6832 0.0000
-327.4567 0.0000
-327.3489 0.0000
-327.2994 0.0000
-326.9219 0.0000
-325.6462 0.0000
-325.9138 0.0000
-324.8446 0.0000
-325.6852 0.0000
-325.8991 0.0000
-326.5566 0.0000
-325.3142 0.0000
-326.5291 0.0000
-326.6756 0.0000
-325.4843 0.0000
-325.2446 0.0000
-325.8649 0.0000
-325.9398 0.0000
-326.2670 0.0000
-327.1072 0.0000
-327.7186 0.0000
-327.1981 0.0000
-325.9908 0.0000
-325.6752 0.0000
-326.0310 0.0000
-326.4406 0.0000
-327.1996 0.0000
-326.6544 0.0000
-327.0732 0.0000
-326.0375 0.0000
-325.4485 0.0000
-326.1335 0.0000
-327.1758 0.0000
-326.8811 0.0000
-327.1705 0.0000
-328.3027 0.0000
-327.3048 0.0000
-326.3398 0.0000
-326.3659 0.0000
-327.3490 0.0000
-326.3560 0.0000
-326.6920 0.0000
-326.5347 0.0000
-325.9281 0.0000
-326.1900 0.0000
-327.1072 0.0000
-327.0895 0.0000
-312.5095 0.0000
-311.8678 0.0000
-311.9715 0.0000
-312.3509 0.0000
-313.6935 0.0000
-312.7263 0.0000
-311.5138 0.0000
-311.7175 0.0000
-312.7809 0.0000
-312.2941 0.0000
-311.6048 0.0000
-312.3070 0.0000
-311.4400 0.0000
-312.3394 0.0000
-311.7350 0.0000
-311.6497 0.0000
-311.7828 0.0000
-310.3271 0.0000
-310.2227 0.0000
-310.6224 0.0000
-311.4153 0.0000
-308.8993 0.0000
-308.7942 0.0000
-308.5487 0.0000
-308.4946 0.0000
-309.4101 0.0000
-309.5386 0.0000
-309.5998 0.0000
-310.7157 0.0000
-309.1240 0.0000
-310.4784 0.0000
-310.4016 0.0000
-308.2935 0.0000
-308.6141 0.0000
-307.5431 0.0000
-305.6945 0.0000
-307.5633 0.0000
-307.3238 0.0000
-306.4104 0.0000
-305.2678 0.0000
-304.0521 0.0000
-304.5200 0.0000
-304.5566 0.0000
-305.1738 0.0000
-304.9192 0.0000
-303.9206 0.0000
-303.5611 0.0000
-302.9186 0.0000
-302.4923 0.0000
-302.8101 0.0000
-303.1794 0.0000
-304.2222 0.0000
-304.7376 0.0000
-305.3709 0.0000
-304.9661 0.0000
-306.3057 0.0000
-305.2572 0.0000
-304.6172 0.0000
-306.0081 0.0000
-303.4343 0.0000
-303.7628 0.0000
-304.5278 0.0000
-303.9119 0.0000
-303.0265 0.0000
-303.3777 0.0000
-302.6099 0.0000
-302.6194 0.0000
-301.9917 0.0000
-302.3252 0.0000
-302.4698 0.0000
-303.0255 0.0000
-302.2123 0.0000
-304.3236 0.0000
-301.2427 0.0000
-302.1868 0.0000
-302.5782 0.0000
-302.7296 0.0000
-303.4919 0.0000
-305.2398 0.0000
-306.5927 0.0000
-304.9309 0.0000
-304.7068 0.0000
-305.0893 0.0000
-305.2337 0.0000
-304.6695 0.0000
-305.7943 0.0000
-305.5260 0.0000
-304.8562 0.0000
-302.5612 0.0000
-302.2193 0.0000
-301.5455 0.0000
-302.3898 0.0000
-302.3331 0.0000
-303.8425 0.0000
-303.0673 0.0000
-303.3213 0.0000
-303.9755 0.0000
-303.7601 0.0000
-301.8402 0.0000
-299.8804 0.0000
-342.3234 0.0000
-341.8399 0.0000
-342.3378 0.0000
-342.1285 0.0000
-341.9826 0.0000
-341.5442 0.0000
-342.0936 0.0000
-342.3623 0.0000
-342.5960 0.0000
-342.7830 0.0000
-342.2834 0.0000
-341.8710 0.0000
-342.2545 0.0000
-342.3506 0.0000
-342.2804 0.0000
-342.0159 0.0000
-341.7519 0.0000
-341.9436 0.0000
-342.3599 0.0000
-342.1428 0.0000
-342.5002 0.0000
-341.9074 0.0000
-342.8546 0.0000
-342.0940 0.0000
-342.1584 0.0000
-342.0365 0.0000
-342.5991 0.0000
-342.1192 0.0000
-341.8278 0.0000
-342.3504 0.0000
-342.1815 0.0000
-342.2506 0.0000
-341.8805 0.0000
-342.3161 0.0000
-342.3884 0.0000
-342.0714 0.0000
-342.0396 0.0000
-342.2839 0.0000
-342.2382 0.0000
-342.2153 0.0000
-342.3989 0.0000
-342.1727 0.0000
-341.3332 0.0000
-342.1356 0.0000
-341.9137 0.0000
-341.9965 0.0000
-341.7043 0.0000
-342.5568 0.0000
-341.4266 0.0000
-342.2983 0.0000
-341.8729 0.0000
-342.1132 0.0000
-341.8708 0.0000
-342.3490 0.0000
-342.2223 0.0000
-341.8752 0.0000
-342.6062 0.0000
-341.7581 0.0000
-342.3516 0.0000
-342.4178 0.0000
-341.8269 0.0000
-341.5610 0.0000
-341.7696 0.0000
-342.1833 0.0000
-341.5499 0.0000
-341.8525 0.0000
-341.9066 0.0000
-342.4627 0.0000
-342.0178 0.0000
-342.3140 0.0000
-342.6858 0.0000
-341.6649 0.0000
-341.5644 0.0000
-342.3462 0.0000
-342.9983 0.0000
-342.1759 0.0000
-341.9807 0.0000
-341.6251 0.0000
-342.2431 0.0000
-341.4732 0.0000
-342.3074 0.0000
-342.5175 0.0000
-342.1596 0.0000
-342.5764 0.0000
-341.7399 0.0000
-341.7559 0.0000
-342.1654 0.0000
-341.9561 0.0000
-341.7358 0.0000
-342.6016 0.0000
-342.1824 0.0000
-342.2533 0.0000
-342.1046 0.0000
-341.1478 0.0000
-341.8582 0.0000
-342.2925 0.0000
-341.9690 0.0000
-341.9215 0.0000
-341.9049 0.0000
-342.0123 0.0000
-342.0891 0.0000
-341.8555 0.0000
-342.3639 0.0000
-342.6437 0.0000
-341.9466 0.0000
-342.3265 0.0000
-341.6463 0.0000
-342.5376 0.0000
-342.2100 0.0000
-342.2009 0.0000
-341.8889 0.0000
-341.7799 0.0000
-342.6811 0.0000
-342.7970 0.0000
-342.3009 0.0000
-342.0178 0.0000
-341.8926 0.0000
-341.8783 0.0000
-341.8116 0.0000
-342.9991 0.0000
-342.5548 0.0000
-342.5381 0.0000
-341.6877 0.0000
-342.3550 0.0000
-341.6114 0.0000
-341.9470 0.0000
-342.2792 0.0000
-342.3884 0.0000
-342.5534 0.0000
-342.0033 0.0000
-341.6912 0.0000
-341.8192 0.0000
-342.1728 0.0000
-342.0494 0.0000
-342.2031 0.0000
-341.4526 0.0000
-342.5130 0.0000
-342.6890 0.0000
-341.7417 0.0000
-342.4194 0.0000
-342.5318 0.0000
-341.6410 0.0000
-342.0558 0.0000
-341.9122 0.0000
-342.0397 0.0000
-341.7320 0.0000
-341.7395 0.0000
-341.6961 0.0000
-341.8877 0.0000
-342.2781 0.0000
-342.8196 0.0000
-341.3419 0.0000
-342.1028 0.0000
-342.7550 0.0000
-342.6944 0.0000
-341.8953 0.0000
-341.8839 0.0000
-342.2805 0.0000
-342.1169 0.0000
-341.7008 0.0000
-341.4298 0.0000
-341.1574 0.0000
-342.1664 0.0000
-342.2915 0.0000
-341.7951 0.0000
-341.8751 0.0000
-342.3689 0.0000
-342.4182 0.0000
-342.5202 0.0000
-341.9780 0.0000
-341.6472 0.0000
-342.7858 0.0000
-342.3142 0.0000
-341.7674 0.0000
-342.0018 0.0000
-342.4116 0.0000
-341.8078 0.0000
-341.7028 0.0000
-341.2353 0.0000
-341.2890 0.0000
-341.8864 0.0000
-342.0358 0.0000
-341.7448 0.0000
-341.8756 0.0000
-341.8941 0.0000
-342.2301 0.0000
-342.2041 0.0000
-342.1960 0.0000
-341.5047 0.0000
-342.3885 0.0000
-341.5945 0.0000
-342.2583 0.0000
-341.9470 0.0000
-341.9932 0.0000
-341.7059 0.0000
-341.5672 0.0000
-341.8876 0.0000
-341.7763 0.0000
-342.2498 0.0000
-341.8068 0.0000
-341.9166 0.0000
-342.5155 0.0000
-342.2772 0.0000
-342.3653 0.0000
-341.6935 0.0000
-341.8924 0.0000
-342.3895 0.0000
-342.4867 0.0000
-342.1082 0.0000
-341.6646 0.0000
-342.0088 0.0000
-342.1791 0.0000
-341.6693 0.0000
-341.9872 0.0000
-342.1878 0.0000
-341.9411 0.0000
-341.9175 0.0000
-342.6607 0.0000
-342.2853 0.0000
-341.7547 0.0000
-342.1237 0.0000
-342.4326 0.0000
-341.5789 0.0000
-342.4359 0.0000
-342.2740 0.0000
-341.9780 0.0000
-342.1240 0.0000
-341.9193 0.0000
-342.8851 0.0000
-341.6776 0.0000
-342.1255 0.0000
-342.0158 0.0000
-342.1616 0.0000
-342.0188 0.0000
-341.8675 0.0000
-341.0557 0.0000
-341.5603 0.0000
-342.3100 0.0000
-342.1584 0.0000
-342.2685 0.0000
-342.4963 0.0000
-342.0441 0.0000
-341.8463 0.0000
-342.0372 0.0000
-341.9096 0.0000
-342.2820 0.0000
-341.8196 0.0000
-342.0602 0.0000
-341.7659 0.0000
-342.3475 0.0000
-342.6849 0.0000
-341.1979 0.0000
-343.0227 0.0000
-342.9090 0.0000
-341.9070 0.0000
-342.0082 0.0000
-342.3494 0.0000
-341.1923 0.0000
-342.6700 0.0000
-342.3282 0.0000
-341.8157 0.0000
-342.3397 0.0000
-342.2411 0.0000
-342.6375 0.0000
-341.6352 0.0000
-341.5925 0.0000
-341.7743 0.0000
-342.2507 0.0000
-341.6205 0.0000
-341.6835 0.0000
-342.0898 0.0000
-341.7051 0.0000
-342.4661 0.0000
-341.9922 0.0000
-342.2943 0.0000
-341.3500 0.0000
-342.1222 0.0000
-342.1825 0.0000
-341.7788 0.0000
-341.9376 0.0000
-341.6300 0.0000
-342.0485 0.0000
-342.2038 0.0000
-342.2414 0.0000
-342.2027 0.0000
-341.9538 0.0000
-342.2187 0.0000
-341.8900 0.0000
-342.2782 0.0000
-342.4129 0.0000
-342.7110 0.0000
-342.1869 0.0000
-341.6837 0.0000
-342.0853 0.0000
-342.2620 0.0000
-342.4275 0.0000
-342.4820 0.0000
-341.8381 0.0000
-342.2009 0.0000
-342.3127 0.0000
-341.7585 0.0000
-342.0570 0.0000
-342.0353 0.0000
-341.9609 0.0000
-342.1838 0.0000
-341.4782 0.0000
-341.7747 0.0000
-342.0036 0.0000
-342.5399 0.0000
-342.1333 0.0000
-342.0022 0.0000
-342.1294 0.0000
-341.4888 0.0000
-341.9552 0.0000
-341.7724 0.0000
-342.2899 0.0000
-341.9078 0.0000
-342.1338 0.0000
-341.4081 0.0000
-341.6802 0.0000
-342.4792 0.0000
-341.9095 0.0000
-341.6439 0.0000
-341.9960 0.0000
-342.2664 0.0000
-342.4251 0.0000
-342.4051 0.0000
-341.6925 0.0000
-341.7033 0.0000
-341.6983 0.0000
-341.9571 0.0000
-342.4020 0.0000
-341.7840 0.0000
-341.8437 0.0000
-342.0148 0.0000
-341.5376 0.0000
-341.9042 0.0000
-342.3377 0.0000
-342.5944 0.0000
-341.9561 0.0000
-341.9416 0.0000
-342.3171 0.0000
-341.9417 0.0000
-341.3816 0.0000
-341.5684 0.0000
-342.1550 0.0000
-341.7972 0.0000
-341.9227 0.0000
-342.2661 0.0000
-342.9094 0.0000
-342.2929 0.0000
-342.4616 0.0000
-341.9734 0.0000
-342.1728 0.0000
-341.5274 0.0000
-341.9076 0.0000
-342.4437 0.0000
-342.9026 0.0000
-342.8517 0.0000
-341.6210 0.0000
-342.5375 0.0000
-341.8468 0.0000
-342.1114 0.0000
-342.1039 0.0000
-342.3360 0.0000
-342.3907 0.0000
-342.6563 0.0000
-342.1184 0.0000
-342.4499 0.0000
-341.6071 0.0000
-342.0015 0.0000
-342.2445 0.0000
-342.2337 0.0000
-342.4398 0.0000
-341.6207 0.0000
-342.4396 0.0000
-342.3292 0.0000
-341.8881 0.0000
-342.1748 0.0000
-341.7934 0.0000
-342.7905 0.0000
-342.1649 0.0000
-341.3785 0.0000
-342.5985 0.0000
-342.4672 0.0000
-341.7230 0.0000
-342.5972 0.0000
-341.5592 0.0000
-342.3227 0.0000
-342.4156 0.0000
-341.6977 0.0000
-341.7698 0.0000
-341.7336 0.0000
-341.9046 0.0000
-341.7059 0.0000
-342.7703 0.0000
-342.1715 0.0000
-342.2848 0.0000
-341.7539 0.0000
-342.2949 0.0000
-341.9691 0.0000
-342.2933 0.0000
-341.8288 0.0000
-341.9033 0.0000
-341.8039 0.0000
-342.3022 0.0000
-342.3757 0.0000
-342.5208 0.0000
-342.2567 0.0000
-341.7784 0.0000
-341.8999 0.0000
-341.8146 0.0000
-342.3930 0.0000
-342.0085 0.0000
-341.6763 0.0000
-342.4720 0.0000
-342.4774 0.0000
-342.2248 0.0000
-342.1070 0.0000
-341.9313 0.0000
-342.2284 0.0000
-341.8701 0.0000
-341.5056 0.0000
-341.6581 0.0000
-342.2970 0.0000
-342.6898 0.0000
-342.2279 0.0000
-341.8403 0.0000
-342.2311 0.0000
-342.0817 0.0000
-341.5007 0.0000
-342.2971 0.0000
-341.6991 0.0000
-341.8096 0.0000
-341.8930 0.0000
-342.2107 0.0000
-342.3276 0.0000
-341.8289 0.0000
-341.7094 0.0000
-342.2175 0.0000
-342.3325 0.0000
-342.3484 0.0000
-342.6195 0.0000
-342.0631 0.0000
-342.1621 0.0000
-342.4278 0.0000
-342.0973 0.0000
-342.1283 0.0000
-342.1465 0.0000
-342.0021 0.0000
-342.1754 0.0000
-341.5420 0.0000
-342.4117 0.0000
-342.7204 0.0000
-341.8599 0.0000
-342.0378 0.0000
-341.9254 0.0000
-342.1683 0.0000
-341.7171 0.0000
-341.7074 0.0000
-342.6104 0.0000
-341.7968 0.0000
-341.9634 0.0000
-342.2355 0.0000
-341.7135 0.0000
-341.9268 0.0000
-341.3625 0.0000
-341.7977 0.0000
-342.1733 0.0000
-342.0515 0.0000
-342.0468 0.0000
-342.1043 0.0000
-341.7670 0.0000
-341.6883 0.0000
-341.9677 0.0000
-341.5253 0.0000
-341.5128 0.0000
-342.4434 0.0000
-342.4496 0.0000
-342.3682 0.0000
-341.5349 0.0000
-341.9290 0.0000
-342.0329 0.0000
-342.1203 0.0000
-341.9670 0.0000
-341.9456 0.0000
-342.3448 0.0000
-342.0745 0.0000
-342.2298 0.0000
-342.0597 0.0000
-342.0794 0.0000
-342.3335 0.0000
-342.6954 0.0000
-342.2987 0.0000
-341.8053 0.0000
-342.4442 0.0000
-341.6023 0.0000
-342.5717 0.0000
-342.6122 0.0000
-341.7433 0.0000
-342.0782 0.0000
-342.1058 0.0000
-342.2601 0.0000
-342.0211 0.0000
-342.3657 0.0000
-341.5642 0.0000
-342.7534 0.0000
-341.9633 0.0000
-341.9348 0.0000
-341.8649 0.0000
-342.0251 0.0000
-342.0616 0.0000
-342.8068 0.0000
-342.8034 0.0000
-341.9353 0.0000
-342.4017 0.0000
-342.1007 0.0000
-341.9346 0.0000
-342.2288 0.0000
-342.8666 0.0000
-342.3826 0.0000
-341.8677 0.0000
-342.4821 0.0000
-341.8339 0.0000
-341.8501 0.0000
-342.0856 0.0000
-342.0415 0.0000
-342.7752 0.0000
-341.9519 0.0000
-341.4816 0.0000
-342.3205 0.0000
-342.1908 0.0000
-342.1970 0.0000
-342.0617 0.0000
-342.0350 0.0000
-342.2767 0.0000
-342.6359 0.0000
-341.6436 0.0000
-341.6099 0.0000
-342.5870 0.0000
-341.8070 0.0000
-341.9472 0.0000
-341.3889 0.0000
-342.2979 0.0000
-342.1838 0.0000
-341.6936 0.0000
-342.1200 0.0000
-341.1767 0.0000
-341.7787 0.0000
-342.4300 0.0000
-342.2075 0.0000
-342.2487 0.0000
-341.6778 0.0000
-341.6695 0.0000
-342.5594 0.0000
-341.8847 0.0000
-341.8525 0.0000
-341.5924 0.0000
-341.7217 0.0000
-342.1529 0.0000
-343.1408 0.0000
-342.8042 0.0000
-342.1029 0.0000
-342.5537 0.0000
-342.4197 0.0000
-341.7516 0.0000
-341.4938 0.0000
-341.4143 0.0000
-342.4984 0.0000
-342.3552 0.0000
-341.8418 0.0000
-341.7492 0.0000
-342.1555 0.0000
-341.9288 0.0000
-342.1374 0.0000
-341.6647 0.0000
-341.7069 0.0000
-341.7414 0.0000
-342.3156 0.0000
-342.1526 0.0000
-341.9452 0.0000
-341.6186 0.0000
-342.7097 0.0000
-342.0290 0.0000
-342.0533 0.0000
-342.1043 0.0000
-342.4639 0.0000
-341.8613 0.0000
-342.1232 0.0000
-342.0152 0.0000
-342.6206 0.0000
-342.2329 0.0000
-342.0371 0.0000
-341.8777 0.0000
-341.7572 0.0000
-342.5383 0.0000
-342.0353 0.0000
-342.0576 0.0000
-342.0482 0.0000
-342.2586 0.0000
-341.8813 0.0000
-342.3196 0.0000
-341.9050 0.0000
-342.6540 0.0000
-341.9256 0.0000
-342.5079 0.0000
-341.8069 0.0000
-342.4176 0.0000
-341.7410 0.0000
-341.8134 0.0000
-341.5891 0.0000
-342.2157 0.0000
-341.6835 0.0000
-341.6243 0.0000
-342.0634 0.0000
-341.9573 0.0000
-342.0356 0.0000
-341.8403 0.0000
-342.0423 0.0000
-341.4593 0.0000
-341.7051 0.0000
-341.8748 0.0000
-342.2043 0.0000
-342.1322 0.0000
-341.4797 0.0000
-341.8497 0.0000
-341.8845 0.0000
-341.6870 0.0000
-342.3231 0.0000
-341.8334 0.0000
-341.8159 0.0000
-342.2069 0.0000
-342.4257 0.0000
-342.4855 0.0000
-341.9743 0.0000
-341.7021 0.0000
-342.7118 0.0000
-342.0303 0.0000
-342.2552 0.0000
-342.2526 0.0000
-342.1042 0.0000
-342.0279 0.0000
-341.6176 0.0000
-342.8282 0.0000
-342.5898 0.0000
-341.5632 0.0000
-342.0269 0.0000
-342.1615 0.0000
-342.0400 0.0000
-341.3530 0.0000
-341.9740 0.0000
-342.2139 0.0000
-342.0368 0.0000
-341.5472 0.0000
-342.0705 0.0000
-341.6792 0.0000
-342.2202 0.0000
-342.0233 0.0000
-342.4361 0.0000
-343.1334 0.0000
-342.0106 0.0000
-342.0266 0.0000
-341.8128 0.0000
-341.3763 0.0000
-341.5090 0.0000
-341.9960 0.0000
-342.5352 0.0000
-342.5009 0.0000
-342.5455 0.0000
-342.0094 0.0000
-342.0638 0.0000
-342.2673 0.0000
-342.5510 0.0000
-342.2533 0.0000
-341.3853 0.0000
-342.2485 0.0000
-341.9343 0.0000
-342.0860 0.0000
-342.6949 0.0000
-341.9082 0.0000
-341.7794 0.0000
-341.4256 0.0000
-341.7245 0.0000
-342.2917 0.0000
-342.1821 0.0000
-341.7488 0.0000
-341.9053 0.0000
-342.0332 0.0000
-341.4952 0.0000
-341.6621 0.0000
-342.4205 0.0000
-342.0576 0.0000
-342.5751 0.0000
-341.8372 0.0000
-342.2502 0.0000
-341.9364 0.0000
-341.7113 0.0000
-342.7693 0.0000
-342.1018 0.0000
-342.1075 0.0000
-342.1657 0.0000
-342.1873 0.0000
-342.8883 0.0000
-342.3927 0.0000
-342.0601 0.0000
-342.5803 0.0000
-342.0172 0.0000
-342.6312 0.0000
-341.6568 0.0000
-341.8958 0.0000
-342.5739 0.0000
-341.4643 0.0000
-342.1709 0.0000
-341.9490 0.0000
-342.2540 0.0000
-341.9050 0.0000
-341.8718 0.0000
-341.5015 0.0000
-341.8996 0.0000
-342.1860 0.0000
-342.3835 0.0000
-341.9583 0.0000
-341.9125 0.0000
-342.2035 0.0000
-341.6616 0.0000
-342.2861 0.0000
-341.7052 0.0000
-342.5784 0.0000
-341.9573 0.0000
-341.6949 0.0000
-342.4206 0.0000
-342.9905 0.0000
-341.8127 0.0000
-342.2243 0.0000
-342.2776 0.0000
-342.1166 0.0000
-342.2460 0.0000
-341.1870 0.0000
-342.4486 0.0000
-341.7371 0.0000
-341.9902 0.0000
-341.4691 0.0000
-342.0372 0.0000
-342.1495 0.0000
-342.2971 0.0000
-342.2594 0.0000
-342.2684 0.0000
-342.1857 0.0000
-342.0953 0.0000
-342.1934 0.0000
-342.0468 0.0000
-342.5469 0.0000
-341.8977 0.0000
-342.4938 0.0000
-342.4424 0.0000
-341.9880 0.0000
-341.9482 0.0000
-342.4045 0.0000
-341.7446 0.0000
-342.3136 0.0000
-341.8423 0.0000
-341.6591 0.0000
-342.4466 0.0000
-342.9051 0.0000
-342.3825 0.0000
-341.6864 0.0000
-342.1214 0.0000
-342.1218 0.0000
-342.3178 0.0000
-341.8094 0.0000
-341.7987 0.0000
-341.8531 0.0000
-342.0863 0.0000
-341.9778 0.0000
-341.8879 0.0000
-342.8107 0.0000
-342.4243 0.0000
-342.3882 0.0000
-342.0574 0.0000
-342.0628 0.0000
-342.5152 0.0000
-342.0585 0.0000
-341.9377 0.0000
-341.4146 0.0000
-341.3640 0.0000
-341.7775 0.0000
-342.3841 0.0000
-341.7890 0.0000
-342.3102 0.0000
-342.0625 0.0000
-342.2279 0.0000
-342.0584 0.0000
-341.5481 0.0000
-341.7924 0.0000
-342.0777 0.0000
-342.7495 0.0000
-342.3890 0.0000
-342.0899 0.0000
-341.5057 0.0000
-342.9370 0.0000
-341.7354 0.0000
-342.2794 0.0000
-341.7161 0.0000
-341.6276 0.0000
-342.0692 0.0000
-342.4630 0.0000
-343.0260 0.0000
-341.7991 0.0000
-342.3029 0.0000
-342.0617 0.0000
-342.1554 0.0000
-342.3347 0.0000
-341.9269 0.0000
-342.8213 0.0000
-342.7317 0.0000
-342.2326 0.0000
-342.2719 0.0000
-342.9686 0.0000
-342.0260 0.0000
-342.1576 0.0000
-342.4968 0.0000
-342.2066 0.0000
-342.0703 0.0000
-342.0599 0.0000
-341.9311 0.0000
-341.7225 0.0000
-342.6102 0.0000
-341.9864 0.0000
-341.8286 0.0000
-342.2165 0.0000
-341.9527 0.0000
-342.2853 0.0000
-341.9009 0.0000
-342.5003 0.0000
-341.9497 0.0000
-341.7247 0.0000
-341.9531 0.0000
-342.2094 0.0000
-341.9003 0.0000
-342.1418 0.0000
-342.1224 0.0000
-341.9369 0.0000
-341.9708 0.0000
-342.2652 0.0000
-342.4077 0.0000
-341.9124 0.0000
-341.6379 0.0000
-342.6448 0.0000
-342.3552 0.0000
-342.0731 0.0000
-342.1661 0.0000
-341.9267 0.0000
-341.7292 0.0000
-342.0337 0.0000
-342.2267 0.0000
-341.3833 0.0000
-342.6294 0.0000
-342.1365 0.0000
-342.0201 0.0000
-341.9761 0.0000
-342.0065 0.0000
-342.4370 0.0000
-342.9185 0.0000
-342.0701 0.0000
-341.9124 0.0000
-342.4178 0.0000
-342.1450 0.0000
-341.4379 0.0000
-342.0325 0.0000
-342.0648 0.0000
-341.9216 0.0000
-342.0666 0.0000
-342.4958 0.0000
-341.7752 0.0000
-342.8110 0.0000
-342.0099 0.0000
-341.3652 0.0000
-342.2347 0.0000
-341.6126 0.0000
-342.3344 0.0000
-342.5612 0.0000
-342.3423 0.0000
-341.8243 0.0000
-341.8274 0.0000
-341.8576 0.0000
-342.3694 0.0000
-341.2070 0.0000
-342.3542 0.0000
-341.8643 0.0000
-342.7518 0.0000
-342.0748 0.0000
-342.3363 0.0000
-341.4871 0.0000
-341.9429 0.0000
-342.1179 0.0000
-342.3835 0.0000
-342.6700 0.0000
-342.2699 0.0000
-342.3636 0.0000
-341.9544 0.0000
-341.4146 0.0000
-341.7934 0.0000
-342.2662 0.0000
-342.4718 0.0000
-342.2925 0.0000
-342.3954 0.0000
-341.3909 0.0000
-342.2768 0.0000
-342.5500 0.0000
-342.1635 0.0000
-341.5109 0.0000
-342.0759 0.0000
-341.6686 0.0000
-341.2799 0.0000
-341.3569 0.0000
-341.8935 0.0000
-342.4436 0.0000
-341.4633 0.0000
-342.6798 0.0000
-342.0330 0.0000
-341.8646 0.0000
-342.1077 0.0000
-342.1190 0.0000
-342.2829 0.0000
-341.5920 0.0000
-341.9129 0.0000
-341.7367 0.0000
-341.7416 0.0000
-342.2033 0.0000
-342.5752 0.0000
-342.4902 0.0000
-341.8846 0.0000
-342.3165 0.0000
-341.0122 0.0000
-341.8316 0.0000
-342.0531 0.0000
-342.4619 0.0000
-341.9246 0.0000
-341.9486 0.0000
-342.8585 0.0000
-342.2974 0.0000
-342.1502 0.0000
-342.0555 0.0000
-342.3172 0.0000
-341.8324 0.0000
-341.7740 0.0000
-342.1792 0.0000
-342.2981 0.0000
-342.3074 0.0000
-342.6978 0.0000
-341.8826 0.0000
-341.7542 0.0000
-342.6723 0.0000
-342.0001 0.0000
-342.3727 0.0000
-342.1097 0.0000
-342.3916 0.0000
-342.0651 0.0000
-341.8737 0.0000
-342.8529 0.0000
-341.8680 0.0000
-342.1694 0.0000
-342.1039 0.0000
-342.5670 0.0000
-341.8155 0.0000
-341.8507 0.0000
-341.9741 0.0000
-342.4853 0.0000
-342.5890 0.0000
-342.3132 0.0000
-342.4082 0.0000
-342.4046 0.0000
-342.0284 0.0000
-342.0215 0.0000
-342.6797 0.0000
-342.3303 0.0000
-342.3659 0.0000
-341.8843 0.0000
-340.9252 0.0000
-342.1662 0.0000
-340.7267 0.0000
-342.2370 0.0000
-341.7648 0.0000
-342.0926 0.0000
-341.8812 0.0000
-342.0895 0.0000
-342.8417 0.0000
-341.7921 0.0000
-341.8690 0.0000
-341.9792 0.0000
-341.4886 0.0000
-342.1336 0.0000
-341.8271 0.0000
-342.0679 0.0000
-342.0429 0.0000
-342.4562 0.0000
-342.2481 0.0000
-341.6143 0.0000
-342.1439 0.0000
-341.9282 0.0000
-341.9917 0.0000
-342.3055 0.0000
-342.8191 0.0000
-342.0890 0.0000
-341.9054 0.0000
-342.1610 0.0000
-341.7215 0.0000
-341.5615 0.0000
-342.3485 0.0000
-342.1626 0.0000
-342.0346 0.0000
-342.3812 0.0000
-341.9104 0.0000
-342.4800 0.0000
-342.5069 0.0000
-341.9033 0.0000
-342.1790 0.0000
-342.1030 0.0000
-342.0631 0.0000
-342.0928 0.0000
-342.0046 0.0000
-342.0400 0.0000
-341.9055 0.0000
-342.6769 0.0000
-341.8496 0.0000
-342.3532 0.0000
-341.7841 0.0000
-342.0677 0.0000
-342.1165 0.0000
-341.8106 0.0000
-341.6156 0.0000
-342.2617 0.0000
-341.9887 0.0000
-341.7786 0.0000
-342.2458 0.0000
-342.4014 0.0000
-342.2235 0.0000
-341.7085 0.0000
-343.0277 0.0000
-342.5769 0.0000
-341.8351 0.0000
-342.0835 0.0000
-342.2837 0.0000
-342.0353 0.0000
-342.1012 0.0000
-341.5175 0.0000
-341.5495 0.0000
-341.8947 0.0000
-341.6035 0.0000
-341.9038 0.0000
-341.9774 0.0000
-342.3903 0.0000
-341.5289 0.0000
-341.4846 0.0000
-342.1153 0.0000
-342.5045 0.0000
-341.8607 0.0000
-341.2162 0.0000
-342.3009 0.0000
-341.9088 0.0000
-342.2638 0.0000
-341.3659 0.0000
-341.6944 0.0000
-341.5674 0.0000
-341.7481 0.0000
-341.7656 0.0000
-341.8469 0.0000
-342.0306 0.0000
-342.2656 0.0000
-342.6032 0.0000
-342.5440 0.0000
-342.3043 0.0000
-342.0267 0.0000
-341.8340 0.0000
-341.6159 0.0000
-341.5618 0.0000
-342.5537 0.0000
-342.1443 0.0000
-341.6960 0.0000
-341.7146 0.0000
-342.2880 0.0000
-342.5370 0.0000
-342.0602 0.0000
-342.3432 0.0000
-341.5972 0.0000
-342.0432 0.0000
-342.2775 0.0000
-342.1857 0.0000
-342.9206 0.0000
-342.3451 0.0000
-342.6426 0.0000
-342.3339 0.0000
-342.3096 0.0000
-342.5006 0.0000
-342.1883 0.0000
-341.9680 0.0000
-342.2879 0.0000
-341.9838 0.0000
-341.4739 0.0000
-342.2601 0.0000
-342.6280 0.0000
-342.2602 0.0000
-342.9192 0.0000
-341.9222 0.0000
-342.4940 0.0000
-341.9746 0.0000
-342.2347 0.0000
-342.0104 0.0000
-341.8586 0.0000
-342.1937 0.0000
-342.3019 0.0000
-342.2449 0.0000
-341.8456 0.0000
-341.8451 0.0000
-342.5107 0.0000
-342.3913 0.0000
-341.9816 0.0000
-341.7876 0.0000
-342.2595 0.0000
-341.9840 0.0000
-341.9848 0.0000
-341.7049 0.0000
-341.4519 0.0000
-342.3018 0.0000
-342.7987 0.0000
-342.3327 0.0000
-341.7993 0.0000
-343.0017 0.0000
-341.9297 0.0000
-342.2498 0.0000
-341.8870 0.0000
-342.5201 0.0000
-342.0695 0.0000
-342.0824 0.0000
-341.9401 0.0000
-342.2295 0.0000
-342.1905 0.0000
-341.7486 0.0000
-342.4611 0.0000
-341.8170 0.0000
-342.1894 0.0000
-341.7036 0.0000
-341.8629 0.0000
-342.9659 0.0000
-341.3233 0.0000
-341.7682 0.0000
-342.2135 0.0000
-342.6329 0.0000
-342.0606 0.0000
-342.3525 0.0000
-341.9583 0.0000
-342.1165 0.0000
-342.2188 0.0000
-341.7956 0.0000
-341.7036 0.0000
-342.0021 0.0000
-342.3804 0.0000
-341.2347 0.0000
-341.8278 0.0000
-341.9655 0.0000
-342.6981 0.0000
-341.8579 0.0000
-342.2593 0.0000
-341.5039 0.0000
-342.5399 0.0000
-342.5310 0.0000
-342.3212 0.0000
-342.0410 0.0000
-341.7257 0.0000
-342.1148 0.0000
-341.1398 0.0000
-341.6829 0.0000
-341.2551 0.0000
-342.6842 0.0000
-341.7942 0.0000
-342.1328 0.0000
-341.5192 0.0000
-341.2691 0.0000
-341.9684 0.0000
-342.1898 0.0000
-341.5064 0.0000
-342.4135 0.0000
-342.1496 0.0000
-341.8321 0.0000
-342.2007 0.0000
-342.4990 0.0000
-342.1172 0.0000
-342.1711 0.0000
-342.3530 0.0000
-342.1766 0.0000
-341.9751 0.0000
-342.8380 0.0000
-341.7524 0.0000
-342.0429 0.0000
-342.0052 0.0000
-341.8437 0.0000
-341.7165 0.0000
-342.1360 0.0000
-342.0975 0.0000
-341.8643 0.0000
-342.2995 0.0000
-342.2529 0.0000
-341.8915 0.0000
-341.9972 0.0000
-342.0480 0.0000
-342.0445 0.0000
-341.3305 0.0000
-341.6583 0.0000
-342.0964 0.0000
-341.3295 0.0000
-341.5866 0.0000
-342.2200 0.0000
-342.0698 0.0000
-342.0846 0.0000
-342.0404 0.0000
-342.2237 0.0000
-342.3260 0.0000
-341.9683 0.0000
-342.2276 0.0000
-342.1537 0.0000
-341.8474 0.0000
-341.8949 0.0000
-342.6752 0.0000
-342.6021 0.0000
-341.3363 0.0000
-341.9864 0.0000
-341.7443 0.0000
-341.8777 0.0000
-342.0785 0.0000
-342.8341 0.0000
-342.1277 0.0000
-342.9633 0.0000
-341.6549 0.0000
-342.1339 0.0000
-342.0973 0.0000
-343.0111 0.0000
-342.3311 0.0000
-342.3885 0.0000
-342.1042 0.0000
-343.0498 0.0000
-341.8330 0.0000
-342.4764 0.0000
-341.8540 0.0000
-341.4074 0.0000
-342.4372 0.0000
-342.5317 0.0000
-341.9148 0.0000
-342.1761 0.0000
-342.2590 0.0000
-342.0811 0.0000
-341.3843 0.0000
-341.9265 0.0000
-342.2521 0.0000
-341.6831 0.0000
-341.9574 0.0000
-342.0454 0.0000
-342.2674 0.0000
-342.2081 0.0000
-341.8943 0.0000
-342.1037 0.0000
-342.4225 0.0000
-342.6198 0.0000
-341.8137 0.0000
-342.0448 0.0000
-341.8656 0.0000
-341.5625 0.0000
-342.1482 0.0000
-342.1123 0.0000
-342.4160 0.0000
-342.1230 0.0000
-342.4909 0.0000
-341.3602 0.0000
-342.0753 0.0000
-341.9378 0.0000
-342.4093 0.0000
-342.0201 0.0000
-341.4353 0.0000
-342.2352 0.0000
-342.2343 0.0000
-342.2263 0.0000
-341.2053 0.0000
-341.6621 0.0000
-341.5021 0.0000
-342.1980 0.0000
-341.9088 0.0000
-342.3476 0.0000
-341.4000 0.0000
-342.2394 0.0000
-341.8857 0.0000
-341.6469 0.0000
-342.3670 0.0000
-342.8791 0.0000
-342.0665 0.0000
-342.2139 0.0000
-341.8257 0.0000
-342.0958 0.0000
-341.8500 0.0000
-342.3598 0.0000
-342.2115 0.0000
-342.0029 0.0000
-341.7024 0.0000
-341.8506 0.0000
-342.1291 0.0000
-341.5456 0.0000
-342.0902 0.0000
-342.1453 0.0000
-341.6217 0.0000
-342.2350 0.0000
-341.8880 0.0000
-341.8209 0.0000
-341.3717 0.0000
-342.3796 0.0000
-342.1155 0.0000
-341.4525 0.0000
-341.7741 0.0000
-341.5826 0.0000
-341.7949 0.0000
-342.3320 0.0000
-342.2298 0.0000
-341.8903 0.0000
-342.1332 0.0000
-341.9573 0.0000
-341.7057 0.0000
-342.0477 0.0000
-342.7269 0.0000
-341.7646 0.0000
-342.0272 0.0000
-342.5963 0.0000
-342.2659 0.0000
-342.2122 0.0000
-341.9604 0.0000
-342.2674 0.0000
-342.1997 0.0000
-342.0809 0.0000
-341.5777 0.0000
-342.4026 0.0000
-342.4640 0.0000
-342.1544 0.0000
-341.6246 0.0000
-342.0767 0.0000
-342.3204 0.0000
-341.8299 0.0000
-342.4701 0.0000
-342.4493 0.0000
-341.8847 0.0000
-342.2752 0.0000
-341.8542 0.0000
-342.0419 0.0000
-342.3748 0.0000
-342.1859 0.0000
-341.9131 0.0000
-341.8831 0.0000
-341.8591 0.0000
-342.2839 0.0000
-341.7068 0.0000
-342.6144 0.0000
-341.8587 0.0000
-342.1798 0.0000
-342.0010 0.0000
-342.1784 0.0000
-341.8813 0.0000
-342.2492 0.0000
-342.2146 0.0000
-341.8194 0.0000
-341.9534 0.0000
-342.8337 0.0000
-342.5849 0.0000
-342.0893 0.0000
-341.8514 0.0000
-342.1612 0.0000
-341.8792 0.0000
-341.7903 0.0000
-342.2008 0.0000
-341.8172 0.0000
-341.8041 0.0000
-342.3002 0.0000
-342.0542 0.0000
-341.9843 0.0000
-341.5960 0.0000
-342.3767 0.0000
-342.6296 0.0000
-341.7596 0.0000
-342.7206 0.0000
-342.0885 0.0000
-341.4799 0.0000
-341.9424 0.0000
-342.2043 0.0000
-341.6898 0.0000
-341.4561 0.0000
-342.0643 0.0000
-342.4647 0.0000
-341.9117 0.0000
-341.5042 0.0000
-341.7740 0.0000
-342.2275 0.0000
-342.3018 0.0000
-342.4554 0.0000
-342.2389 0.0000
-342.1906 0.0000
-341.7786 0.0000
-341.5647 0.0000
-342.1426 0.0000
-342.4427 0.0000
-341.6996 0.0000
-341.8693 0.0000
-341.4516 0.0000
-341.8919 0.0000
-342.7754 0.0000
-342.4909 0.0000
-342.6352 0.0000
-341.7291 0.0000
-341.8803 0.0000
-342.5597 0.0000
-342.3594 0.0000
-342.1569 0.0000
-342.6660 0.0000
-342.1379 0.0000
-341.8635 0.0000
-342.3265 0.0000
-342.1216 0.0000
-341.6949 0.0000
-342.0440 0.0000
-341.7957 0.0000
-342.1179 0.0000
-341.7403 0.0000
-341.6316 0.0000
-342.4261 0.0000
-341.8812 0.0000
-343.0600 0.0000
-341.8878 0.0000
-342.0868 0.0000
-341.7177 0.0000
-341.9727 0.0000
-341.8034 0.0000
-342.2140 0.0000
-341.8833 0.0000
-342.3354 0.0000
-342.4232 0.0000
-342.2689 0.0000
-341.8178 0.0000
-341.9462 0.0000
-341.6988 0.0000
-342.0046 0.0000
-342.0988 0.0000
-342.4061 0.0000
-342.0569 0.0000
-342.6272 0.0000
-342.2221 0.0000
-342.1114 0.0000
-341.5889 0.0000
-342.5307 0.0000
-341.7032 0.0000
-341.8579 0.0000
-342.3283 0.0000
-342.0335 0.0000
-341.5353 0.0000
-342.1011 0.0000
-342.7107 0.0000
-341.6095 0.0000
-342.2459 0.0000
-341.2987 0.0000
-341.8419 0.0000
-342.0515 0.0000
-342.6463 0.0000
-342.2623 0.0000
-342.1509 0.0000
-341.9649 0.0000
-342.1607 0.0000
-342.1125 0.0000
-342.3730 0.0000
-342.1954 0.0000
-341.6939 0.0000
-342.5075 0.0000
-342.4415 0.0000
-341.3307 0.0000
-342.0139 0.0000
-341.5195 0.0000
-342.6789 0.0000
-341.6726 0.0000
-341.9417 0.0000
-342.3233 0.0000
-342.7207 0.0000
-342.1302 0.0000
-342.8104 0.0000
-342.3472 0.0000
-341.8184 0.0000
-341.8463 0.0000
-342.2848 0.0000
-342.1557 0.0000
-341.9300 0.0000
-341.9362 0.0000
-341.8173 0.0000
-341.7433 0.0000
-341.0991 0.0000
-342.0047 0.0000
-342.6636 0.0000
-342.0471 0.0000
-342.5975 0.0000
-341.7496 0.0000
-342.5308 0.0000
-341.5830 0.0000
-341.8419 0.0000
-342.2001 0.0000
-342.6276 0.0000
-342.0178 0.0000
-342.6415 0.0000
-341.7387 0.0000
-341.4510 0.0000
-341.8354 0.0000
-342.5950 0.0000
-341.8580 0.0000
-341.8991 0.0000
-342.0642 0.0000
-342.7020 0.0000
-341.4991 0.0000
-342.2629 0.0000
-341.4886 0.0000
-341.9537 0.0000
-342.0147 0.0000
-341.6304 0.0000
-341.8162 0.0000
-342.3340 0.0000
-342.1786 0.0000
-341.7958 0.0000
-342.3111 0.0000
-341.4945 0.0000
-341.7197 0.0000
-341.7075 0.0000
-341.9412 0.0000
-342.3164 0.0000
-342.1715 0.0000
-342.7751 0.0000
-341.7987 0.0000
-341.7523 0.0000
-342.2502 0.0000
-343.2281 0.0000
-342.4269 0.0000
-341.7164 0.0000
-342.5031 0.0000
-342.1639 0.0000
-342.1911 0.0000
-342.1152 0.0000
-342.3146 0.0000
-342.7712 0.0000
-342.7665 0.0000
-342.4779 0.0000
-342.6722 0.0000
-342.7002 0.0000
-342.1194 0.0000
-342.5119 0.0000
-342.0166 0.0000
-341.7022 0.0000
-341.6181 0.0000
-342.1183 0.0000
-341.8379 0.0000
-342.7477 0.0000
-342.4616 0.0000
-342.6674 0.0000
-341.8390 0.0000
-342.9103 0.0000
-341.7507 0.0000
-342.1858 0.0000
-342.0553 0.0000
-341.9657 0.0000
-341.4559 0.0000
-341.8036 0.0000
-342.2237 0.0000
-341.8496 0.0000
-342.3317 0.0000
-341.6939 0.0000
-342.5472 0.0000
-342.0632 0.0000
-342.0828 0.0000
-342.0742 0.0000
-342.2436 0.0000
-342.0257 0.0000
-342.4621 0.0000
-341.9305 0.0000
-342.2127 0.0000
-342.3596 0.0000
-342.8560 0.0000
-341.7247 0.0000
-341.9405 0.0000
-342.2701 0.0000
-342.2551 0.0000
-342.3765 0.0000
-341.7227 0.0000
-342.1403 0.0000
-342.3927 0.0000
-342.1408 0.0000
-342.1446 0.0000
-341.5735 0.0000
-342.0625 0.0000
-341.9791 0.0000
-341.8545 0.0000
-342.1850 0.0000
-342.3287 0.0000
-342.0100 0.0000
-342.1655 0.0000
-341.8638 0.0000
-342.6439 0.0000
-342.4939 0.0000
-341.8894 0.0000
-341.9136 0.0000
-341.0155 0.0000
-342.7140 0.0000
-342.2312 0.0000
-341.7372 0.0000
-342.6061 0.0000
-342.1491 0.0000
-342.0002 0.0000
-342.0226 0.0000
-342.2104 0.0000
-342.5841 0.0000
-341.9181 0.0000
-342.0214 0.0000
-341.5677 0.0000
-341.7232 0.0000
-341.6488 0.0000
-341.5090 0.0000
-341.7092 0.0000
-342.0730 0.0000
-341.4832 0.0000
-341.9920 0.0000
-341.7099 0.0000
-341.7556 0.0000
-341.3024 0.0000
-341.6716 0.0000
-341.9302 0.0000
-342.1494 0.0000
-342.1318 0.0000
-341.9929 0.0000
-342.3368 0.0000
-341.5834 0.0000
-341.9141 0.0000
-342.3899 0.0000
-341.7975 0.0000
-341.7544 0.0000
-342.5368 0.0000
-342.1305 0.0000
-342.6529 0.0000
-341.6996 0.0000
-341.5328 0.0000
-341.8332 0.0000
-341.8606 0.0000
-342.2018 0.0000
-341.8375 0.0000
-342.4274 0.0000
-341.9436 0.0000
-341.8530 0.0000
-342.3376 0.0000
-342.0471 0.0000
-341.6091 0.0000
-341.9789 0.0000
-342.5155 0.0000
-342.4777 0.0000
-341.9875 0.0000
-341.2036 0.0000
-341.7280 0.0000
-341.9150 0.0000
-341.8404 0.0000
-342.0501 0.0000
-342.0530 0.0000
-342.3903 0.0000
-341.9358 0.0000
-342.3477 0.0000
-342.1546 0.0000
-342.1754 0.0000
-342.0832 0.0000
-342.6769 0.0000
-341.7668 0.0000
-342.0344 0.0000
-341.9755 0.0000
-341.4511 0.0000
-341.9230 0.0000
-341.7630 0.0000
-342.4937 0.0000
-341.3744 0.0000
-342.4068 0.0000
-342.2341 0.0000
-342.0021 0.0000
-342.1951 0.0000
-341.9177 0.0000
-342.0205 0.0000
-342.2106 0.0000
-341.8369 0.0000
-341.9813 0.0000
-342.1058 0.0000
-342.4102 0.0000
-341.9611 0.0000
-341.8813 0.0000
-341.8484 0.0000
-341.4176 0.0000
-341.9616 0.0000
-342.0189 0.0000
-342.3925 0.0000
-342.6364 0.0000
-341.9852 0.0000
-342.2666 0.0000
-342.1947 0.0000
-340.9062 0.0000
-342.0434 0.0000
-341.9897 0.0000
-342.6619 0.0000
-341.8537 0.0000
-341.9891 0.0000
-342.4284 0.0000
-341.5714 0.0000
-341.7420 0.0000
-342.0354 0.0000
-341.7881 0.0000
-341.7859 0.0000
-342.6938 0.0000
-342.8941 0.0000
-341.4997 0.0000
-342.1371 0.0000
-342.0044 0.0000
-342.2302 0.0000
-341.9232 0.0000
-341.3637 0.0000
-342.5942 0.0000
-342.6450 0.0000
-341.9672 0.0000
-342.5408 0.0000
-342.5029 0.0000
-341.9567 0.0000
-342.0805 0.0000
-342.5612 0.0000
-342.5218 0.0000
-341.7304 0.0000
-341.8839 0.0000
-342.1466 0.0000
-341.3163 0.0000
-342.0010 0.0000
-341.8568 0.0000
-342.6900 0.0000
-342.6633 0.0000
-342.4891 0.0000
-342.0249 0.0000
-342.1660 0.0000
-341.9747 0.0000
-342.1703 0.0000
-341.9204 0.0000
-341.8416 0.0000
-342.0829 0.0000
-341.8076 0.0000
-341.6713 0.0000
-341.7128 0.0000
-342.1819 0.0000
-342.4313 0.0000
-341.7614 0.0000
-342.0020 0.0000
-341.6753 0.0000
-341.4822 0.0000
-341.7629 0.0000
-341.8972 0.0000
-342.6301 0.0000
-341.9567 0.0000
-341.6890 0.0000
-342.4334 0.0000
-342.2538 0.0000
-341.7682 0.0000
-342.3285 0.0000
-341.6886 0.0000
-342.2242 0.0000
-342.8779 0.0000
-342.6689 0.0000
-342.0448 0.0000
-341.8829 0.0000
-341.6453 0.0000
-342.3567 0.0000
-342.0083 0.0000
-342.1395 0.0000
-342.4378 0.0000
-341.4652 0.0000
-341.8857 0.0000
-342.0297 0.0000
-342.0304 0.0000
-341.6433 0.0000
-341.7079 0.0000
-342.3343 0.0000
-342.0222 0.0000
-341.2149 0.0000
-342.7038 0.0000
-342.6611 0.0000
-342.1190 0.0000
-342.4867 0.0000
-342.7453 0.0000
-341.9572 0.0000
-342.5563 0.0000
-341.7837 0.0000
-342.2531 0.0000
-341.5884 0.0000
-342.1592 0.0000
-342.3397 0.0000
-341.9655 0.0000
-341.8434 0.0000
-341.7672 0.0000
-342.0057 0.0000
-341.5946 0.0000
-342.1089 0.0000
-341.8073 0.0000
-342.0189 0.0000
-342.2773 0.0000
-342.0317 0.0000
-342.8859 0.0000
-342.2507 0.0000
-342.1917 0.0000
-342.4630 0.0000
-341.9861 0.0000
-341.7499 0.0000
-342.6018 0.0000
-342.5779 0.0000
-341.3677 0.0000
-341.9317 0.0000
-342.2382 0.0000
-341.2950 0.0000
-341.7282 0.0000
-342.5428 0.0000
-341.8350 0.0000
-342.3894 0.0000
-342.6525 0.0000
-341.4332 0.0000
-342.2925 0.0000
-341.8686 0.0000
-341.6242 0.0000
-342.2352 0.0000
-342.1413 0.0000
-341.8241 0.0000
-342.2160 0.0000
-341.6366 0.0000
-341.8997 0.0000
-341.9344 0.0000
-342.0862 0.0000
-342.1884 0.0000
-342.0733 0.0000
-341.8522 0.0000
-341.4181 0.0000
-342.2478 0.0000
-342.2145 0.0000
-341.9654 0.0000
-342.9619 0.0000
-342.5847 0.0000
-342.3454 0.0000
-342.7663 0.0000
-342.0658 0.0000
-341.9503 0.0000
-341.9693 0.0000
-341.9085 0.0000
-342.4321 0.0000
-342.2442 0.0000
-341.7645 0.0000
-342.0759 0.0000
-341.8357 0.0000
-341.4400 0.0000
-341.7753 0.0000
-342.1312 0.0000
-341.2245 0.0000
-341.4078 0.0000
-342.5670 0.0000
-341.4657 0.0000
-342.4490 0.0000
-342.0491 0.0000
-341.9384 0.0000
-341.7381 0.0000
-341.6869 0.0000
-342.1371 0.0000
-342.2279 0.0000
-342.0896 0.0000
-342.4644 0.0000
-341.6938 0.0000
-341.9099 0.0000
-341.4681 0.0000
-342.1120 0.0000
-342.0300 0.0000
-342.4797 0.0000
-342.0592 0.0000
-342.3182 0.0000
-342.2721 0.0000
-341.6507 0.0000
-341.9122 0.0000
-342.1844 0.0000
-341.8949 0.0000
-341.5146 0.0000
-342.2776 0.0000
-342.0346 0.0000
-341.9614 0.0000
-342.1342 0.0000
-342.1156 0.0000
-342.1056 0.0000
-341.2950 0.0000
-342.1056 0.0000
-342.6500 0.0000
-342.2902 0.0000
-342.2607 0.0000
-342.2444 0.0000
-342.1972 0.0000
-342.2174 0.0000
-341.8808 0.0000
-341.6000 0.0000
-341.8759 0.0000
-342.9844 0.0000
-341.3309 0.0000
-342.2550 0.0000
-342.4062 0.0000
-341.9412 0.0000
-341.4574 0.0000
-342.6801 0.0000
-341.6953 0.0000
-341.6274 0.0000
-342.6395 0.0000
-342.1401 0.0000
-341.5586 0.0000
-341.8488 0.0000
-341.9077 0.0000
-342.0206 0.0000
-342.2198 0.0000
-341.9845 0.0000
-341.8901 0.0000
-342.2536 0.0000
-342.4175 0.0000
-342.1722 0.0000
-342.1270 0.0000
-341.6735 0.0000
-342.4757 0.0000
-342.6830 0.0000
-342.2706 0.0000
-342.1980 0.0000
-342.3845 0.0000
-341.8725 0.0000
-341.8963 0.0000
-341.4108 0.0000
-342.2817 0.0000
-341.7274 0.0000
-342.1468 0.0000
-341.7213 0.0000
-341.5910 0.0000
-342.0032 0.0000
-341.8439 0.0000
-342.5902 0.0000
-342.0434 0.0000
-341.9248 0.0000
-342.6163 0.0000
-341.4187 0.0000
-342.1250 0.0000
-342.0799 0.0000
-341.5191 0.0000
-341.7592 0.0000
-341.8568 0.0000
-342.0287 0.0000
-341.8001 0.0000
-342.1520 0.0000
-341.7385 0.0000
-342.5907 0.0000
-341.8347 0.0000
-342.3832 0.0000
-341.3748 0.0000
-342.1387 0.0000
-341.9795 0.0000
-342.5355 0.0000
-342.3111 0.0000
-342.1984 0.0000
-341.7974 0.0000
-341.6926 0.0000
-341.7255 0.0000
-342.3543 0.0000
-341.9905 0.0000
-342.0963 0.0000
-342.0330 0.0000
-341.8073 0.0000
-342.2417 0.0000
-341.9433 0.0000
-341.1195 0.0000
-342.0008 0.0000
-341.6893 0.0000
-342.1040 0.0000
-342.1164 0.0000
-341.5246 0.0000
-341.9217 0.0000
-341.7639 0.0000
-341.9260 0.0000
-342.3521 0.0000
-341.6289 0.0000
-342.5445 0.0000
-342.3926 0.0000
-341.9245 0.0000
-342.0669 0.0000
-342.1212 0.0000
-342.4145 0.0000
-342.1852 0.0000
-341.7802 0.0000
-342.1759 0.0000
-341.6275 0.0000
-342.4552 0.0000
-342.3830 0.0000
-342.0827 0.0000
-341.8341 0.0000
-341.7590 0.0000
-341.9596 0.0000
-342.8119 0.0000
-341.0836 0.0000
-341.6284 0.0000
-342.3271 0.0000
-342.0603 0.0000
-341.3750 0.0000
-342.0918 0.0000
-342.0238 0.0000
-342.2986 0.0000
-341.8040 0.0000
-341.7332 0.0000
-342.2620 0.0000
-341.4633 0.0000
-341.3589 0.0000
-342.0803 0.0000
-341.5670 0.0000
-341.6893 0.0000
-342.5889 0.0000
-342.1911 0.0000
-341.9678 0.0000
-342.2084 0.0000
-342.1947 0.0000
-342.1910 0.0000
-342.2346 0.0000
-341.6595 0.0000
-342.0169 0.0000
-341.9955 0.0000
-341.7335 0.0000
-342.2431 0.0000
-341.8193 0.0000
-342.2870 0.0000
-341.6426 0.0000
-341.3103 0.0000
-341.6891 0.0000
-342.2912 0.0000
-342.0109 0.0000
-341.9526 0.0000
-342.1382 0.0000
-342.3834 0.0000
-341.9759 0.0000
-341.8128 0.0000
-341.3754 0.0000
-341.8019 0.0000
-341.9901 0.0000
-342.1667 0.0000
-341.8705 0.0000
-342.4075 0.0000
-342.8052 0.0000
-342.0948 0.0000
-342.0424 0.0000
-341.6907 0.0000
-342.3119 0.0000
-342.1707 0.0000
-341.8559 0.0000
-341.8854 0.0000
-342.5520 0.0000
-341.9043 0.0000
-341.1737 0.0000
-341.8854 0.0000
-342.3985 0.0000
-341.6365 0.0000
-342.0335 0.0000
-342.3960 0.0000
-342.7421 0.0000
-342.1827 0.0000
-341.5218 0.0000
-341.5613 0.0000
-342.4104 0.0000
-342.2579 0.0000
-342.7092 0.0000
-341.7789 0.0000
-341.6760 0.0000
-341.4124 0.0000
-341.8578 0.0000
-341.7648 0.0000
-341.6814 0.0000
-342.4749 0.0000
-341.6492 0.0000
-342.4119 0.0000
-341.8137 0.0000
-341.9742 0.0000
-341.5622 0.0000
-342.5100 0.0000
-341.8302 0.0000
-341.5188 0.0000
-341.8103 0.0000
-342.1925 0.0000
-342.0670 0.0000
-341.9175 0.0000
-341.9718 0.0000
-341.7032 0.0000
-342.5957 0.0000
-342.2916 0.0000
-341.7218 0.0000
-342.2043 0.0000
-342.0721 0.0000
-341.6135 0.0000
-342.3661 0.0000
-342.1402 0.0000
-341.6940 0.0000
-341.7358 0.0000
-342.5867 0.0000
-342.2637 0.0000
-341.7635 0.0000
-342.1096 0.0000
-341.9024 0.0000
-342.0907 0.0000
-341.6336 0.0000
-341.7634 0.0000
-342.2855 0.0000
-341.5925 0.0000
-341.9927 0.0000
-341.9434 0.0000
-341.3244 0.0000
-342.1782 0.0000
-342.3343 0.0000
-342.3028 0.0000
-342.1699 0.0000
-342.0892 0.0000
-341.7710 0.0000
-341.9659 0.0000
-341.9809 0.0000
-342.9486 0.0000
-342.1453 0.0000
-342.6469 0.0000
-341.9734 0.0000
-341.9474 0.0000
-342.2593 0.0000
-341.9072 0.0000
-342.1597 0.0000
-341.9751 0.0000
-341.7163 0.0000
-341.5537 0.0000
-342.2365 0.0000
-342.7729 0.0000
-341.6417 0.0000
-342.2555 0.0000
-342.1513 0.0000
-342.4447 0.0000
-342.2051 0.0000
-342.0532 0.0000
-341.9228 0.0000
-341.9287 0.0000
-342.0467 0.0000
-342.4049 0.0000
-342.2814 0.0000
-341.6239 0.0000
-341.9477 0.0000
-341.6407 0.0000
-342.3630 0.0000
-342.0389 0.0000
-341.7385 0.0000
-342.5478 0.0000
-342.3267 0.0000
-342.0922 0.0000
-342.0786 0.0000
-342.0271 0.0000
-342.1684 0.0000
-342.8497 0.0000
-341.9159 0.0000
-342.1161 0.0000
-341.9031 0.0000
-341.9890 0.0000
-341.4477 0.0000
-341.9973 0.0000
-341.7946 0.0000
-342.1838 0.0000
-342.4545 0.0000
-341.9875 0.0000
-342.0173 0.0000
-341.5532 0.0000
-342.0719 0.0000
-341.2610 0.0000
-342.2486 0.0000
-342.4290 0.0000
-342.1131 0.0000
-342.7963 0.0000
-342.3162 0.0000
-342.3612 0.0000
-341.6727 0.0000
-342.2171 0.0000
-341.8930 0.0000
-341.2224 0.0000
-342.5652 0.0000
-342.2082 0.0000
-342.2758 0.0000
-342.2108 0.0000
-341.4383 0.0000
-341.9542 0.0000
-341.7368 0.0000
-341.8046 0.0000
-341.3626 0.0000
-341.5039 0.0000
-342.2528 0.0000
-341.9047 0.0000
-342.1793 0.0000
-342.6019 0.0000
-341.8101 0.0000
-341.8632 0.0000
-341.9744 0.0000
-342.4172 0.0000
-342.2718 0.0000
-342.1900 0.0000
-341.8123 0.0000
-342.0728 0.0000
-342.3054 0.0000
-342.3545 0.0000
-341.5924 0.0000
-342.3879 0.0000
-342.1287 0.0000
-342.2840 0.0000
-341.7344 0.0000
-342.4632 0.0000
-341.8389 0.0000
-342.2200 0.0000
-341.9489 0.0000
-341.6088 0.0000
-342.0477 0.0000
-342.1168 0.0000
-342.1777 0.0000
-342.5561 0.0000
-342.0381 0.0000
-342.7677 0.0000
-342.5775 0.0000
-341.6840 0.0000
-342.2277 0.0000
-342.0447 0.0000
-341.5757 0.0000
-341.8393 0.0000
-341.9130 0.0000
-342.0502 0.0000
-342.0151 0.0000
-342.0952 0.0000
-342.5458 0.0000
-342.1086 0.0000
-341.9286 0.0000
-341.5711 0.0000
-341.4353 0.0000
-342.3002 0.0000
-342.2196 0.0000
-341.8368 0.0000
-341.6235 0.0000
-341.9825 0.0000
-342.3176 0.0000
-342.4226 0.0000
-342.1845 0.0000
-341.7706 0.0000
-341.2884 0.0000
-341.9352 0.0000
-342.0422 0.0000
-342.1759 0.0000
-342.2029 0.0000
-342.6056 0.0000
-342.2359 0.0000
-342.4317 0.0000
-342.0395 0.0000
-342.6546 0.0000
-342.3266 0.0000
-342.5298 0.0000
-341.3142 0.0000
-341.2751 0.0000
-342.0757 0.0000
-342.3927 0.0000
-342.1887 0.0000
-341.9969 0.0000
-342.5327 0.0000
-342.2198 0.0000
-342.0709 0.0000
-342.0053 0.0000
-342.6156 0.0000
-341.8389 0.0000
-342.4465 0.0000
-342.0888 0.0000
-342.6532 0.0000
-342.4734 0.0000
-342.0109 0.0000
-341.9496 0.0000
-342.4376 0.0000
-342.0949 0.0000
-341.7461 0.0000
-341.9462 0.0000
-342.6360 0.0000
-341.8751 0.0000
-342.4257 0.0000
-342.0012 0.0000
-341.6702 0.0000
-342.0151 0.0000
-341.9315 0.0000
-342.9215 0.0000
-342.0927 0.0000
-342.6825 0.0000
-341.9806 0.0000
-341.7250 0.0000
-341.6717 0.0000
-342.4887 0.0000
-342.5825 0.0000
-342.0022 0.0000
-341.2789 0.0000
-341.6876 0.0000
-342.0180 0.0000
-341.4769 0.0000
-342.6893 0.0000
-341.2391 0.0000
-341.9619 0.0000
-342.4605 0.0000
-341.8061 0.0000
-342.3658 0.0000
-342.1786 0.0000
-342.4411 0.0000
-342.2137 0.0000
-342.5155 0.0000
-341.8908 0.0000
-342.2371 0.0000
-341.7046 0.0000
-342.0879 0.0000
-342.2526 0.0000
-341.8878 0.0000
-341.6339 0.0000
-342.1295 0.0000
-342.0574 0.0000
-341.9567 0.0000
-342.1889 0.0000
-342.4133 0.0000
-341.8832 0.0000
-341.2148 0.0000
-341.9648 0.0000
-341.8417 0.0000
-342.2296 0.0000
-341.8859 0.0000
-341.7362 0.0000
-342.9350 0.0000
-341.7237 0.0000
-341.4833 0.0000
-342.0131 0.0000
-342.0717 0.0000
-342.0650 0.0000
-341.8882 0.0000
-342.3128 0.0000
-342.1486 0.0000
-341.6877 0.0000
-341.7711 0.0000
-341.5826 0.0000
-342.0812 0.0000
-341.9745 0.0000
-342.1325 0.0000
-341.1230 0.0000
-341.7711 0.0000
-342.4855 0.0000
-342.2520 0.0000
-342.1523 0.0000
-341.8537 0.0000
-341.9392 0.0000
-342.6141 0.0000
-341.8526 0.0000
-342.7663 0.0000
-341.9874 0.0000
-341.9418 0.0000
-341.6551 0.0000
-342.0625 0.0000
-341.4620 0.0000
-340.9861 0.0000
-342.0427 0.0000
-341.4118 0.0000
-342.6622 0.0000
-341.7596 0.0000
-342.2576 0.0000
-341.3384 0.0000
-341.8814 0.0000
-341.3056 0.0000
-342.1452 0.0000
-342.1143 0.0000
-342.0226 0.0000
-341.4884 0.0000
-341.8334 0.0000
-342.5604 0.0000
-342.2491 0.0000
-341.9100 0.0000
-342.3523 0.0000
-342.5394 0.0000
-342.1753 0.0000
-342.1740 0.0000
-342.6670 0.0000
-341.8269 0.0000
-341.5040 0.0000
-341.9098 0.0000
-342.4025 0.0000
-342.0316 0.0000
-342.3228 0.0000
-342.6273 0.0000
-341.5950 0.0000
-342.0758 0.0000
-342.6097 0.0000
-342.1190 0.0000
-341.6117 0.0000
-342.7315 0.0000
-342.2794 0.0000
-342.6767 0.0000
-342.1138 0.0000
-341.5447 0.0000
-341.3026 0.0000
