-100.0000 -100.0000
-379.3711 0.0000
-374.1739 0.0000
-373.3806 0.0000
-372.5587 0.0000
-372.5138 0.0000
-373.3788 0.0000
-374.0582 0.0000
-372.7118 0.0000
-370.7165 0.0000
-368.3051 0.0000
-369.8880 0.0000
-369.4060 0.0000
-369.5043 0.0000
-369.3922 0.0000
-369.0964 0.0000
-368.9097 0.0000
-367.7719 0.0000
-367.3495 0.0000
-366.5425 0.0000
-365.9679 0.0000
-367.9518 0.0000
-364.7080 0.0000
-364.3457 0.0000
-365.8542 0.0000
-365.8818 0.0000
-364.4500 0.0000
-365.0140 0.0000
-365.7861 0.0000
-363.4714 0.0000
-362.2071 0.0000
-357.3604 0.0000
-357.7214 0.0000
-356.9399 0.0000
-354.8334 0.0000
-356.4106 0.0000
-353.0216 0.0000
-350.3013 0.0000
-349.8019 0.0000
-347.3664 0.0000
-347.8471 0.0000
-348.4994 0.0000
-347.8249 0.0000
-346.4088 0.0000
-346.2800 0.0000
-345.7379 0.0000
-344.2415 0.0000
-343.9662 0.0000
-343.7696 0.0000
-344.2150 0.0000
-345.4275 0.0000
-346.4917 0.0000
-346.0349 0.0000
-344.6287 0.0000
-343.8132 0.0000
-344.2273 0.0000
-346.7349 0.0000
-343.6131 0.0000
-341.3811 0.0000
-340.2481 0.0000
-341.5897 0.0000
-341.6250 0.0000
-340.6914 0.0000
-341.7253 0.0000
-339.7448 0.0000
-340.4215 0.0000
-338.1210 0.0000
-338.0266 0.0000
-340.0532 0.0000
-337.6236 0.0000
-337.2007 0.0000
-336.3244 0.0000
-339.0337 0.0000
-338.6955 0.0000
-333.1295 0.0000
-332.6888 0.0000
-333.9846 0.0000
-335.0496 0.0000
-333.1055 0.0000
-330.7314 0.0000
-330.5335 0.0000
-332.5143 0.0000
-330.4267 0.0000
-333.1547 0.0000
-329.7397 0.0000
-329.3033 0.0000
-328.5667 0.0000
-330.5392 0.0000
-327.4718 0.0000
-328.1290 0.0000
-329.5918 0.0000
-328.7354 0.0000
-327.6132 0.0000
-325.9115 0.0000
-323.7509 0.0000
-323.2562 0.0000
-322.7995 0.0000
-323.6103 0.0000
-324.6795 0.0000
-325.2804 0.0000
-324.0488 0.0000
-334.2097 0.0000
-334.9674 0.0000
-335.3435 0.0000
-335.9100 0.0000
-335.8296 0.0000
-335.8042 0.0000
-335.4440 0.0000
-335.4544 0.0000
-335.2871 0.0000
-333.1542 0.0000
-335.7333 0.0000
-333.9684 0.0000
-334.6449 0.0000
-334.5789 0.0000
-332.9277 0.0000
-335.6235 0.0000
-334.5577 0.0000
-335.0202 0.0000
-335.7262 0.0000
-336.1834 0.0000
-334.5032 0.0000
-333.4915 0.0000
-335.6887 0.0000
-334.7971 0.0000
-336.2287 0.0000
-336.6583 0.0000
-333.4637 0.0000
-335.9953 0.0000
-335.1192 0.0000
-334.8925 0.0000
-334.7997 0.0000
-335.8492 0.0000
-335.2764 0.0000
-334.4242 0.0000
-335.6034 0.0000
-336.1227 0.0000
-335.3133 0.0000
-335.3786 0.0000
-335.2503 0.0000
-335.8340 0.0000
-336.2690 0.0000
-335.4475 0.0000
-336.2146 0.0000
-336.7633 0.0000
-335.7661 0.0000
-334.8385 0.0000
-335.6401 0.0000
-335.5083 0.0000
-335.7321 0.0000
-334.3580 0.0000
-334.3910 0.0000
-334.4275 0.0000
-335.2809 0.0000
-336.4056 0.0000
-335.3539 0.0000
-334.2317 0.0000
-335.8637 0.0000
-338.2297 0.0000
-336.3287 0.0000
-335.3553 0.0000
-336.3777 0.0000
-337.2219 0.0000
-336.2314 0.0000
-337.5742 0.0000
-333.7058 0.0000
-336.2498 0.0000
-335.0495 0.0000
-333.7040 0.0000
-334.7441 0.0000
-334.8490 0.0000
-335.5940 0.0000
-334.7450 0.0000
-336.2597 0.0000
-336.0159 0.0000
-333.9793 0.0000
-335.8814 0.0000
-334.5990 0.0000
-335.0719 0.0000
-335.7928 0.0000
-333.9680 0.0000
-336.1188 0.0000
-335.0238 0.0000
-334.1450 0.0000
-336.4298 0.0000
-334.0713 0.0000
-336.0234 0.0000
-334.1828 0.0000
-335.0007 0.0000
-335.6431 0.0000
-334.9007 0.0000
-334.8033 0.0000
-335.4842 0.0000
-336.6094 0.0000
-334.9336 0.0000
-337.2173 0.0000
-336.7389 0.0000
-334.7459 0.0000
-335.6371 0.0000
-337.0965 0.0000
-335.3674 0.0000
-286.0508 0.0000
-286.5807 0.0000
-286.0788 0.0000
-287.3152 0.0000
-286.9769 0.0000
-287.0619 0.0000
-286.8686 0.0000
-288.5167 0.0000
-286.3171 0.0000
-286.7108 0.0000
-286.5365 0.0000
-286.4980 0.0000
-286.9415 0.0000
-286.6209 0.0000
-288.6699 0.0000
-286.1340 0.0000
-286.5530 0.0000
-287.1604 0.0000
-287.6532 0.0000
-288.2608 0.0000
-287.9780 0.0000
-287.4419 0.0000
-288.0632 0.0000
-287.6614 0.0000
-287.1367 0.0000
-286.7221 0.0000
-285.8077 0.0000
-285.7232 0.0000
-285.7647 0.0000
-284.8254 0.0000
-285.8875 0.0000
-284.6179 0.0000
-284.8234 0.0000
-285.0655 0.0000
-284.8502 0.0000
-284.4964 0.0000
-284.1368 0.0000
-283.1357 0.0000
-282.3988 0.0000
-284.1295 0.0000
-281.8488 0.0000
-281.2060 0.0000
-281.6202 0.0000
-280.9973 0.0000
-280.0235 0.0000
-279.1746 0.0000
-279.8615 0.0000
-280.2549 0.0000
-279.9904 0.0000
-279.6845 0.0000
-279.6636 0.0000
-280.3753 0.0000
-280.7223 0.0000
-280.2568 0.0000
-280.0980 0.0000
-280.2834 0.0000
-281.4754 0.0000
-280.4842 0.0000
-279.1182 0.0000
-278.3706 0.0000
-278.2625 0.0000
-278.7637 0.0000
-277.7950 0.0000
-278.0116 0.0000
-277.8463 0.0000
-277.9997 0.0000
-277.2458 0.0000
-278.5489 0.0000
-276.6011 0.0000
-275.9554 0.0000
-276.0080 0.0000
-276.4823 0.0000
-276.0917 0.0000
-275.9070 0.0000
-275.4674 0.0000
-275.9026 0.0000
-275.7517 0.0000
-274.9243 0.0000
-274.5271 0.0000
-273.5316 0.0000
-273.9197 0.0000
-273.6677 0.0000
-274.0864 0.0000
-274.0169 0.0000
-275.0012 0.0000
-274.6575 0.0000
-274.6844 0.0000
-274.5093 0.0000
-274.8625 0.0000
-275.3745 0.0000
-275.3136 0.0000
-276.2587 0.0000
-274.3528 0.0000
-273.6421 0.0000
-274.0856 0.0000
-274.8325 0.0000
-274.8625 0.0000
-274.6833 0.0000
-275.2491 0.0000
-274.8649 0.0000
-335.2600 0.0000
-334.3959 0.0000
-334.8313 0.0000
-334.2274 0.0000
-334.5700 0.0000
-334.8669 0.0000
-333.7999 0.0000
-333.5445 0.0000
-334.5113 0.0000
-335.1765 0.0000
-333.8103 0.0000
-334.6017 0.0000
-335.3937 0.0000
-335.2039 0.0000
-334.6121 0.0000
-334.4874 0.0000
-334.2992 0.0000
-334.2068 0.0000
-334.9217 0.0000
-335.7237 0.0000
-333.8132 0.0000
-335.1468 0.0000
-334.6523 0.0000
-334.7817 0.0000
-334.3246 0.0000
-334.0562 0.0000
-334.9453 0.0000
-335.4797 0.0000
-334.7861 0.0000
-334.6315 0.0000
-334.5490 0.0000
-335.0384 0.0000
-334.7070 0.0000
-334.8352 0.0000
-334.7110 0.0000
-334.2576 0.0000
-334.1009 0.0000
-334.3117 0.0000
-334.5681 0.0000
-334.4193 0.0000
-334.3059 0.0000
-335.1764 0.0000
-334.7168 0.0000
-334.9235 0.0000
-333.7325 0.0000
-333.6106 0.0000
-335.0634 0.0000
-334.1336 0.0000
-334.3019 0.0000
-334.0366 0.0000
-334.4221 0.0000
-333.6550 0.0000
-334.6776 0.0000
-334.6654 0.0000
-334.2774 0.0000
-333.9177 0.0000
-334.7587 0.0000
-333.8721 0.0000
-333.9245 0.0000
-334.6469 0.0000
-334.2736 0.0000
-334.6958 0.0000
-334.8130 0.0000
-334.8227 0.0000
-335.4980 0.0000
-333.6797 0.0000
-335.5447 0.0000
-334.3044 0.0000
-335.1347 0.0000
-335.1396 0.0000
-334.8482 0.0000
-334.7685 0.0000
-335.1780 0.0000
-335.2521 0.0000
-334.7290 0.0000
-334.3954 0.0000
-333.9306 0.0000
-334.9366 0.0000
-334.8305 0.0000
-334.9681 0.0000
-334.5988 0.0000
-334.9638 0.0000
-334.0420 0.0000
-334.9506 0.0000
-334.7473 0.0000
-334.1581 0.0000
-334.2358 0.0000
-334.7311 0.0000
-334.5874 0.0000
-334.6974 0.0000
-334.3399 0.0000
-335.3547 0.0000
-335.3135 0.0000
-334.6203 0.0000
-334.6159 0.0000
-334.7356 0.0000
-334.8674 0.0000
-334.3075 0.0000
-334.8143 0.0000
-334.6945 0.0000
-323.7520 0.0000
-323.1141 0.0000
-324.7635 0.0000
-322.4901 0.0000
-322.7788 0.0000
-323.7059 0.0000
-323.0752 0.0000
-322.8920 0.0000
-323.1583 0.0000
-323.6332 0.0000
-323.5401 0.0000
-323.4650 0.0000
-323.2376 0.0000
-324.2981 0.0000
-322.9234 0.0000
-323.1479 0.0000
-323.5302 0.0000
-324.2435 0.0000
-323.6360 0.0000
-323.3830 0.0000
-323.7342 0.0000
-323.1432 0.0000
-323.3344 0.0000
-323.1299 0.0000
-324.4508 0.0000
-323.1582 0.0000
-322.6796 0.0000
-322.5994 0.0000
-322.8346 0.0000
-323.1567 0.0000
-323.6291 0.0000
-323.4000 0.0000
-324.1612 0.0000
-323.6295 0.0000
-323.6223 0.0000
-323.0716 0.0000
-323.3869 0.0000
-323.0732 0.0000
-324.2929 0.0000
-322.9586 0.0000
-323.5194 0.0000
-324.1389 0.0000
-323.2026 0.0000
-323.6514 0.0000
-323.6022 0.0000
-323.7727 0.0000
-324.6023 0.0000
-324.0027 0.0000
-323.5675 0.0000
-322.9723 0.0000
-322.5878 0.0000
-322.9387 0.0000
-323.2618 0.0000
-323.6746 0.0000
-323.3718 0.0000
-323.1747 0.0000
-322.9587 0.0000
-323.2453 0.0000
-323.1579 0.0000
-323.5543 0.0000
-323.4293 0.0000
-323.0146 0.0000
-322.9392 0.0000
-323.0543 0.0000
-323.2414 0.0000
-323.3394 0.0000
-323.8899 0.0000
-324.3296 0.0000
-323.6805 0.0000
-322.4931 0.0000
-322.6138 0.0000
-323.1826 0.0000
-323.4752 0.0000
-324.2690 0.0000
-322.7853 0.0000
-323.7164 0.0000
-323.8073 0.0000
-323.0905 0.0000
-323.1087 0.0000
-324.3106 0.0000
-323.0885 0.0000
-322.1705 0.0000
-323.3715 0.0000
-323.7593 0.0000
-323.9531 0.0000
-323.3838 0.0000
-323.0357 0.0000
-323.1848 0.0000
-323.0645 0.0000
-323.5516 0.0000
-323.6324 0.0000
-322.3120 0.0000
-323.9074 0.0000
-323.4745 0.0000
-324.2308 0.0000
-323.5645 0.0000
-323.5210 0.0000
-323.9200 0.0000
-323.3131 0.0000
-323.1897 0.0000
-262.3076 0.0000
-263.0762 0.0000
-263.4381 0.0000
-261.2285 0.0000
-261.7114 0.0000
-260.4768 0.0000
-260.5443 0.0000
-261.4211 0.0000
-261.6623 0.0000
-261.0580 0.0000
-260.5561 0.0000
-260.3950 0.0000
-258.1654 0.0000
-257.5777 0.0000
-256.3374 0.0000
-255.4673 0.0000
-255.7599 0.0000
-256.1257 0.0000
-255.8413 0.0000
-254.4170 0.0000
-253.8306 0.0000
-253.9852 0.0000
-253.3220 0.0000
-254.5495 0.0000
-253.5616 0.0000
-253.5392 0.0000
-251.9290 0.0000
-252.3075 0.0000
-252.0458 0.0000
-253.2511 0.0000
-253.2678 0.0000
-252.4556 0.0000
-253.5773 0.0000
-254.5594 0.0000
-254.0962 0.0000
-253.1183 0.0000
-253.1875 0.0000
-252.5439 0.0000
-252.5201 0.0000
-253.6886 0.0000
-252.7015 0.0000
-252.6644 0.0000
-252.0890 0.0000
-250.8326 0.0000
-252.2578 0.0000
-251.6553 0.0000
-250.5396 0.0000
-250.5077 0.0000
-249.8976 0.0000
-248.7437 0.0000
-247.6497 0.0000
-246.4703 0.0000
-245.5493 0.0000
-246.1202 0.0000
-245.7576 0.0000
-245.8460 0.0000
-245.4585 0.0000
-245.6165 0.0000
-246.4631 0.0000
-246.6321 0.0000
-246.5936 0.0000
-246.3999 0.0000
-245.8822 0.0000
-246.6554 0.0000
-245.4920 0.0000
-245.1153 0.0000
-245.8347 0.0000
-245.0887 0.0000
-244.8361 0.0000
-243.8827 0.0000
-244.1321 0.0000
-244.6926 0.0000
-245.8806 0.0000
-243.7548 0.0000
-242.9369 0.0000
-242.2228 0.0000
-243.2473 0.0000
-243.2696 0.0000
-243.1691 0.0000
-243.9544 0.0000
-243.7965 0.0000
-242.5996 0.0000
-243.5218 0.0000
-243.1113 0.0000
-242.4806 0.0000
-241.9529 0.0000
-242.1815 0.0000
-242.4244 0.0000
-242.2206 0.0000
-241.8134 0.0000
-242.1949 0.0000
-241.7986 0.0000
-240.7969 0.0000
-240.8535 0.0000
-241.5064 0.0000
-241.1658 0.0000
-240.0507 0.0000
-239.8374 0.0000
-240.5743 0.0000
-241.2237 0.0000
-324.9747 0.0000
-326.2356 0.0000
-324.6227 0.0000
-324.6019 0.0000
-325.3810 0.0000
-326.3803 0.0000
-325.1454 0.0000
-325.5620 0.0000
-324.1439 0.0000
-323.4042 0.0000
-324.8662 0.0000
-324.3117 0.0000
-324.9347 0.0000
-324.7635 0.0000
-326.6294 0.0000
-324.5575 0.0000
-324.8298 0.0000
-324.1875 0.0000
-325.0237 0.0000
-325.6785 0.0000
-326.1575 0.0000
-324.1408 0.0000
-325.1474 0.0000
-324.8297 0.0000
-325.7530 0.0000
-325.8764 0.0000
-325.2682 0.0000
-324.4832 0.0000
-324.7398 0.0000
-323.5750 0.0000
-325.5554 0.0000
-324.1285 0.0000
-325.4175 0.0000
-326.1485 0.0000
-325.9538 0.0000
-325.8445 0.0000
-325.1176 0.0000
-325.6229 0.0000
-324.2955 0.0000
-324.4273 0.0000
-323.7785 0.0000
-324.8774 0.0000
-324.5243 0.0000
-324.5145 0.0000
-324.8851 0.0000
-325.8295 0.0000
-324.7331 0.0000
-324.4696 0.0000
-325.6346 0.0000
-324.5284 0.0000
-324.3737 0.0000
-325.2444 0.0000
-324.0933 0.0000
-324.3730 0.0000
-325.5983 0.0000
-324.7529 0.0000
-325.3910 0.0000
-326.1995 0.0000
-324.7929 0.0000
-325.6912 0.0000
-324.8491 0.0000
-326.1197 0.0000
-325.2481 0.0000
-324.8697 0.0000
-325.6525 0.0000
-326.0089 0.0000
-324.2522 0.0000
-324.3320 0.0000
-325.2761 0.0000
-324.3033 0.0000
-325.9081 0.0000
-324.2186 0.0000
-324.9368 0.0000
-324.2190 0.0000
-324.6332 0.0000
-326.2315 0.0000
-324.8258 0.0000
-325.5086 0.0000
-324.1440 0.0000
-324.7977 0.0000
-325.2661 0.0000
-324.6013 0.0000
-325.1783 0.0000
-324.8551 0.0000
-324.7178 0.0000
-326.8861 0.0000
-325.6892 0.0000
-324.3566 0.0000
-324.6220 0.0000
-324.5175 0.0000
-324.2527 0.0000
-325.2870 0.0000
-326.7044 0.0000
-324.9913 0.0000
-324.7159 0.0000
-324.8693 0.0000
-324.6392 0.0000
-324.9863 0.0000
-324.7047 0.0000
-324.1615 0.0000
-346.8793 0.0000
-346.3899 0.0000
-346.1138 0.0000
-346.3737 0.0000
-345.7478 0.0000
-346.1589 0.0000
-345.8958 0.0000
-345.8714 0.0000
-345.0652 0.0000
-346.0389 0.0000
-345.8005 0.0000
-346.6076 0.0000
-346.0605 0.0000
-346.2731 0.0000
-346.6994 0.0000
-345.6121 0.0000
-346.0025 0.0000
-345.7758 0.0000
-345.8694 0.0000
-347.0255 0.0000
-346.1362 0.0000
-346.3400 0.0000
-345.8401 0.0000
-345.7236 0.0000
-346.4467 0.0000
-346.0800 0.0000
-346.0476 0.0000
-346.3876 0.0000
-345.9050 0.0000
-345.3785 0.0000
-346.3238 0.0000
-346.2699 0.0000
-345.6109 0.0000
-346.3655 0.0000
-346.5660 0.0000
-346.2772 0.0000
-345.7514 0.0000
-347.2790 0.0000
-346.2236 0.0000
-345.3652 0.0000
-346.3695 0.0000
-346.0330 0.0000
-345.8847 0.0000
-346.0513 0.0000
-346.0320 0.0000
-345.4301 0.0000
-346.2526 0.0000
-346.5896 0.0000
-346.5846 0.0000
-346.7613 0.0000
-345.9819 0.0000
-346.0808 0.0000
-346.3417 0.0000
-346.0271 0.0000
-346.3460 0.0000
-345.9553 0.0000
-346.4857 0.0000
-346.2957 0.0000
-345.5149 0.0000
-345.1993 0.0000
-345.7102 0.0000
-345.5262 0.0000
-346.0562 0.0000
-345.8318 0.0000
-346.0461 0.0000
-346.5026 0.0000
-346.8138 0.0000
-346.0025 0.0000
-345.2824 0.0000
-345.9097 0.0000
-344.8425 0.0000
-345.9716 0.0000
-345.9297 0.0000
-346.0150 0.0000
-345.7454 0.0000
-346.5276 0.0000
-345.3054 0.0000
-346.2015 0.0000
-345.6868 0.0000
-347.5399 0.0000
-346.6948 0.0000
-346.4275 0.0000
-346.1633 0.0000
-345.6046 0.0000
-346.4181 0.0000
-346.6811 0.0000
-346.1106 0.0000
-346.5688 0.0000
-346.4334 0.0000
-345.5044 0.0000
-346.3353 0.0000
-346.2690 0.0000
-346.2621 0.0000
-345.9434 0.0000
-345.5876 0.0000
-346.9190 0.0000
-346.0220 0.0000
-345.9182 0.0000
-345.8964 0.0000
-346.1932 0.0000
-320.9302 0.0000
-321.6296 0.0000
-321.6188 0.0000
-321.6664 0.0000
-319.9928 0.0000
-321.0740 0.0000
-320.2435 0.0000
-321.2565 0.0000
-321.1829 0.0000
-321.5416 0.0000
-321.0832 0.0000
-321.3588 0.0000
-320.7646 0.0000
-321.1382 0.0000
-322.6302 0.0000
-319.7725 0.0000
-320.6143 0.0000
-321.6618 0.0000
-321.2719 0.0000
-321.9137 0.0000
-320.6326 0.0000
-321.7193 0.0000
-321.1213 0.0000
-321.1472 0.0000
-320.7364 0.0000
-321.8552 0.0000
-321.4733 0.0000
-319.9586 0.0000
-321.7146 0.0000
-321.2442 0.0000
-321.6949 0.0000
-320.8784 0.0000
-322.0670 0.0000
-321.1858 0.0000
-320.7310 0.0000
-320.3754 0.0000
-321.8168 0.0000
-322.0771 0.0000
-320.9003 0.0000
-321.2548 0.0000
-321.2214 0.0000
-321.7352 0.0000
-321.6233 0.0000
-321.2313 0.0000
-321.3788 0.0000
-320.0490 0.0000
-320.6423 0.0000
-321.7079 0.0000
-321.2613 0.0000
-321.4104 0.0000
-321.1457 0.0000
-320.9156 0.0000
-321.1749 0.0000
-320.3959 0.0000
-320.9278 0.0000
-321.4841 0.0000
-320.7736 0.0000
-321.7831 0.0000
-320.8036 0.0000
-321.4614 0.0000
-320.7252 0.0000
-321.5838 0.0000
-320.8807 0.0000
-322.5149 0.0000
-321.7483 0.0000
-320.8097 0.0000
-321.0216 0.0000
-322.9091 0.0000
-320.8946 0.0000
-321.1575 0.0000
-321.0634 0.0000
-321.6167 0.0000
-321.8080 0.0000
-321.6179 0.0000
-320.8125 0.0000
-323.2330 0.0000
-321.0443 0.0000
-321.1389 0.0000
-320.6056 0.0000
-321.0645 0.0000
-322.2818 0.0000
-321.1457 0.0000
-320.8433 0.0000
-322.3828 0.0000
-321.4170 0.0000
-321.1068 0.0000
-321.8982 0.0000
-321.3284 0.0000
-321.0628 0.0000
-321.3470 0.0000
-320.9337 0.0000
-320.0738 0.0000
-321.4595 0.0000
-320.6885 0.0000
-321.5982 0.0000
-323.0937 0.0000
-320.9318 0.0000
-320.7494 0.0000
-322.5474 0.0000
-322.0677 0.0000
-302.5434 0.0000
-301.6044 0.0000
-300.8409 0.0000
-301.0199 0.0000
-301.7416 0.0000
-302.0185 0.0000
-301.3903 0.0000
-301.4244 0.0000
-301.1251 0.0000
-301.6418 0.0000
-302.4383 0.0000
-301.0311 0.0000
-301.3582 0.0000
-300.3164 0.0000
-300.2958 0.0000
-302.5056 0.0000
-301.7393 0.0000
-301.3786 0.0000
-302.3896 0.0000
-302.5908 0.0000
-302.1684 0.0000
-301.4721 0.0000
-301.6089 0.0000
-301.2179 0.0000
-301.7271 0.0000
-301.7294 0.0000
-302.5504 0.0000
-302.1219 0.0000
-301.3679 0.0000
-302.4939 0.0000
-301.8135 0.0000
-303.1105 0.0000
-302.2215 0.0000
-301.3033 0.0000
-302.5492 0.0000
-301.1754 0.0000
-302.5436 0.0000
-302.1797 0.0000
-302.1767 0.0000
-300.3415 0.0000
-301.8738 0.0000
-301.4540 0.0000
-301.0529 0.0000
-301.7224 0.0000
-301.3298 0.0000
-301.1905 0.0000
-301.6517 0.0000
-302.3895 0.0000
-302.3183 0.0000
-302.1774 0.0000
-302.7905 0.0000
-301.4973 0.0000
-301.6758 0.0000
-302.5107 0.0000
-301.2516 0.0000
-302.7667 0.0000
-302.0592 0.0000
-301.5763 0.0000
-301.4907 0.0000
-300.8274 0.0000
-301.4443 0.0000
-302.4912 0.0000
-302.3276 0.0000
-301.5234 0.0000
-301.9286 0.0000
-300.9582 0.0000
-302.3961 0.0000
-301.6924 0.0000
-301.4451 0.0000
-302.0457 0.0000
-301.3209 0.0000
-301.9535 0.0000
-301.8157 0.0000
-301.4505 0.0000
-302.0512 0.0000
-301.8203 0.0000
-302.1948 0.0000
-302.0507 0.0000
-302.0263 0.0000
-302.0520 0.0000
-301.9737 0.0000
-301.1571 0.0000
-301.3700 0.0000
-302.8646 0.0000
-301.7975 0.0000
-301.9565 0.0000
-300.9878 0.0000
-301.8591 0.0000
-302.7019 0.0000
-301.9165 0.0000
-301.5710 0.0000
-300.9418 0.0000
-301.7912 0.0000
-302.0389 0.0000
-301.1759 0.0000
-302.2695 0.0000
-301.7892 0.0000
-301.9746 0.0000
-302.2033 0.0000
-301.6225 0.0000
-276.0324 0.0000
-275.1731 0.0000
-274.7483 0.0000
-275.9701 0.0000
-275.8292 0.0000
-275.2866 0.0000
-275.2863 0.0000
-275.0957 0.0000
-275.9094 0.0000
-275.8574 0.0000
-275.5848 0.0000
-275.9146 0.0000
-276.4078 0.0000
-275.3695 0.0000
-275.2329 0.0000
-275.0440 0.0000
-277.3024 0.0000
-275.8736 0.0000
-274.6771 0.0000
-275.9700 0.0000
-274.3113 0.0000
-277.3964 0.0000
-273.9337 0.0000
-276.0677 0.0000
-275.5656 0.0000
-275.8664 0.0000
-276.8065 0.0000
-274.1038 0.0000
-276.0238 0.0000
-274.2420 0.0000
-274.6143 0.0000
-275.2260 0.0000
-275.5596 0.0000
-275.9271 0.0000
-275.9198 0.0000
-275.5359 0.0000
-277.6448 0.0000
-274.9028 0.0000
-276.2199 0.0000
-275.6738 0.0000
-275.5080 0.0000
-276.1922 0.0000
-276.2600 0.0000
-276.7870 0.0000
-275.9601 0.0000
-275.6665 0.0000
-275.8268 0.0000
-275.5814 0.0000
-275.5652 0.0000
-275.4644 0.0000
-275.5505 0.0000
-275.2434 0.0000
-276.5053 0.0000
-276.4801 0.0000
-275.5781 0.0000
-275.3431 0.0000
-276.1069 0.0000
-277.0244 0.0000
-275.5649 0.0000
-275.3710 0.0000
-275.3991 0.0000
-275.7210 0.0000
-275.6253 0.0000
-275.8051 0.0000
-276.0468 0.0000
-276.3841 0.0000
-275.2520 0.0000
-275.7239 0.0000
-275.2780 0.0000
-276.1072 0.0000
-276.8761 0.0000
-276.4031 0.0000
-277.2073 0.0000
-275.8403 0.0000
-276.5987 0.0000
-276.3346 0.0000
-276.2438 0.0000
-275.3416 0.0000
-274.9206 0.0000
-275.8993 0.0000
-276.6030 0.0000
-275.9225 0.0000
-277.4676 0.0000
-276.2416 0.0000
-275.2440 0.0000
-275.5480 0.0000
-275.9960 0.0000
-275.7264 0.0000
-275.7854 0.0000
-274.5420 0.0000
-276.8338 0.0000
-275.1241 0.0000
-275.3366 0.0000
-277.2658 0.0000
-275.8735 0.0000
-275.9806 0.0000
-276.5307 0.0000
-274.6399 0.0000
-276.0960 0.0000
-275.6225 0.0000
-339.9774 0.0000
-339.0124 0.0000
-338.6590 0.0000
-339.5433 0.0000
-338.0682 0.0000
-339.5968 0.0000
-339.8480 0.0000
-338.9487 0.0000
-339.9246 0.0000
-338.0387 0.0000
-339.0565 0.0000
-339.3764 0.0000
-338.1207 0.0000
-339.1455 0.0000
-340.0844 0.0000
-337.7565 0.0000
-338.1506 0.0000
-338.5099 0.0000
-337.8918 0.0000
-337.7441 0.0000
-337.5576 0.0000
-338.6143 0.0000
-337.6589 0.0000
-339.9740 0.0000
-337.9111 0.0000
-337.9963 0.0000
-337.1085 0.0000
-339.3428 0.0000
-337.9777 0.0000
-339.0717 0.0000
-337.5973 0.0000
-340.6457 0.0000
-339.0662 0.0000
-338.6816 0.0000
-338.8952 0.0000
-338.1254 0.0000
-338.2247 0.0000
-337.8132 0.0000
-338.3319 0.0000
-339.1938 0.0000
-338.6006 0.0000
-338.3744 0.0000
-338.0748 0.0000
-338.5067 0.0000
-339.2447 0.0000
-340.1752 0.0000
-337.4187 0.0000
-338.0929 0.0000
-336.5449 0.0000
-338.4738 0.0000
-339.5720 0.0000
-338.7878 0.0000
-339.5429 0.0000
-340.4447 0.0000
-339.5895 0.0000
-339.2887 0.0000
-339.9363 0.0000
-339.1490 0.0000
-337.8422 0.0000
-338.7692 0.0000
-337.0755 0.0000
-339.6887 0.0000
-338.9190 0.0000
-339.7538 0.0000
-338.5763 0.0000
-338.2335 0.0000
-338.6725 0.0000
-337.6625 0.0000
-339.7012 0.0000
-338.6201 0.0000
-338.8531 0.0000
-339.1096 0.0000
-338.4507 0.0000
-339.4571 0.0000
-337.9701 0.0000
-336.6130 0.0000
-336.9767 0.0000
-337.6688 0.0000
-339.8510 0.0000
-338.2782 0.0000
-337.0324 0.0000
-339.3185 0.0000
-338.1251 0.0000
-340.1720 0.0000
-339.6438 0.0000
-338.4467 0.0000
-339.7070 0.0000
-337.3191 0.0000
-338.4368 0.0000
-338.4877 0.0000
-338.1940 0.0000
-337.9789 0.0000
-338.3876 0.0000
-338.8963 0.0000
-339.1876 0.0000
-337.7406 0.0000
-339.4002 0.0000
-339.7061 0.0000
-337.4376 0.0000
-339.4767 0.0000
-286.4778 0.0000
-286.7216 0.0000
-287.5567 0.0000
-287.4769 0.0000
-287.0390 0.0000
-287.9681 0.0000
-286.4645 0.0000
-286.5465 0.0000
-285.0362 0.0000
-287.7761 0.0000
-287.5474 0.0000
-287.0197 0.0000
-287.1027 0.0000
-287.1754 0.0000
-287.2976 0.0000
-288.1099 0.0000
-287.2166 0.0000
-287.2592 0.0000
-286.3224 0.0000
-288.9176 0.0000
-287.2540 0.0000
-287.6522 0.0000
-287.0457 0.0000
-287.9717 0.0000
-285.7202 0.0000
-286.6110 0.0000
-287.9386 0.0000
-287.3585 0.0000
-287.3350 0.0000
-286.8460 0.0000
-285.5100 0.0000
-287.1083 0.0000
-287.6414 0.0000
-287.9802 0.0000
-287.2508 0.0000
-289.1137 0.0000
-288.8119 0.0000
-286.0643 0.0000
-287.3078 0.0000
-288.4254 0.0000
-286.0631 0.0000
-287.2388 0.0000
-288.5585 0.0000
-287.7453 0.0000
-287.2310 0.0000
-287.4739 0.0000
-287.2204 0.0000
-288.0134 0.0000
-286.7376 0.0000
-286.7420 0.0000
-287.4982 0.0000
-287.7538 0.0000
-287.0086 0.0000
-285.7128 0.0000
-287.0324 0.0000
-286.5135 0.0000
-286.7725 0.0000
-287.5421 0.0000
-287.3839 0.0000
-286.9463 0.0000
-287.6704 0.0000
-287.7527 0.0000
-287.7366 0.0000
-286.2521 0.0000
-286.3681 0.0000
-286.1824 0.0000
-287.7067 0.0000
-287.7397 0.0000
-287.7868 0.0000
-286.1353 0.0000
-287.5705 0.0000
-286.8399 0.0000
-287.1012 0.0000
-287.0718 0.0000
-286.8386 0.0000
-286.6690 0.0000
-287.4670 0.0000
-287.1062 0.0000
-287.4944 0.0000
-286.6429 0.0000
-287.4142 0.0000
-287.5620 0.0000
-287.7050 0.0000
-286.3261 0.0000
-285.7302 0.0000
-286.6305 0.0000
-288.3881 0.0000
-285.7876 0.0000
-287.9757 0.0000
-286.3954 0.0000
-287.6395 0.0000
-287.7138 0.0000
-286.6368 0.0000
-286.2610 0.0000
-287.6181 0.0000
-287.1202 0.0000
-286.9373 0.0000
-288.9357 0.0000
-285.9214 0.0000
-286.0530 0.0000
-334.6269 0.0000
-333.6343 0.0000
-333.3466 0.0000
-334.1891 0.0000
-333.9367 0.0000
-334.9963 0.0000
-333.9532 0.0000
-334.4770 0.0000
-334.6080 0.0000
-334.5303 0.0000
-334.5592 0.0000
-334.5546 0.0000
-335.2607 0.0000
-334.3531 0.0000
-334.5056 0.0000
-335.0774 0.0000
-334.3340 0.0000
-334.9117 0.0000
-334.8316 0.0000
-334.7906 0.0000
-335.2594 0.0000
-334.2782 0.0000
-334.8764 0.0000
-334.1411 0.0000
-335.0691 0.0000
-335.1841 0.0000
-334.3041 0.0000
-333.9747 0.0000
-335.2551 0.0000
-334.2963 0.0000
-334.7078 0.0000
-334.9202 0.0000
-334.4930 0.0000
-334.4969 0.0000
-333.5442 0.0000
-334.3269 0.0000
-334.6168 0.0000
-334.0809 0.0000
-334.5325 0.0000
-334.5926 0.0000
-334.8100 0.0000
-334.6186 0.0000
-334.9465 0.0000
-334.2106 0.0000
-334.6787 0.0000
-334.2262 0.0000
-334.7083 0.0000
-334.2464 0.0000
-334.7358 0.0000
-334.4231 0.0000
-334.4617 0.0000
-333.9548 0.0000
-334.7813 0.0000
-334.4968 0.0000
-335.2944 0.0000
-334.4518 0.0000
-334.5070 0.0000
-334.9495 0.0000
-335.2000 0.0000
-334.7805 0.0000
-335.2051 0.0000
-334.9385 0.0000
-334.8985 0.0000
-334.2944 0.0000
-335.1414 0.0000
-335.0048 0.0000
-335.1515 0.0000
-334.0813 0.0000
-334.5051 0.0000
-334.1307 0.0000
-333.9132 0.0000
-335.4097 0.0000
-335.1572 0.0000
-334.2237 0.0000
-334.4724 0.0000
-335.1897 0.0000
-334.7021 0.0000
-334.5800 0.0000
-334.2204 0.0000
-334.8243 0.0000
-334.7572 0.0000
-335.1749 0.0000
-334.7798 0.0000
-334.5336 0.0000
-334.1535 0.0000
-335.2807 0.0000
-335.0155 0.0000
-335.0616 0.0000
-335.1854 0.0000
-335.1952 0.0000
-335.5509 0.0000
-333.9389 0.0000
-334.2077 0.0000
-334.2015 0.0000
-335.1955 0.0000
-334.8125 0.0000
-334.8658 0.0000
-333.7049 0.0000
-334.8173 0.0000
-335.0788 0.0000
-324.3538 0.0000
-324.2693 0.0000
-324.3150 0.0000
-324.3600 0.0000
-323.5762 0.0000
-324.0686 0.0000
-324.2581 0.0000
-323.7322 0.0000
-324.6203 0.0000
-324.0635 0.0000
-323.1558 0.0000
-323.9010 0.0000
-324.5258 0.0000
-324.3973 0.0000
-324.8041 0.0000
-324.3861 0.0000
-324.0733 0.0000
-324.2650 0.0000
-324.2270 0.0000
-323.4540 0.0000
-323.7907 0.0000
-323.3513 0.0000
-324.8335 0.0000
-324.1205 0.0000
-323.2796 0.0000
-322.7509 0.0000
-323.7207 0.0000
-323.4728 0.0000
-323.2202 0.0000
-324.8032 0.0000
-323.1668 0.0000
-324.3649 0.0000
-324.5273 0.0000
-323.7665 0.0000
-324.0626 0.0000
-324.7170 0.0000
-324.6309 0.0000
-324.0600 0.0000
-323.8911 0.0000
-324.4292 0.0000
-323.9532 0.0000
-324.7136 0.0000
-324.6042 0.0000
-323.9577 0.0000
-323.4426 0.0000
-324.2224 0.0000
-324.7384 0.0000
-323.3929 0.0000
-324.2959 0.0000
-323.5514 0.0000
-325.3366 0.0000
-324.5592 0.0000
-323.7156 0.0000
-324.5744 0.0000
-324.1446 0.0000
-324.8454 0.0000
-323.8858 0.0000
-324.3734 0.0000
-323.1428 0.0000
-324.7652 0.0000
-324.0390 0.0000
-324.4028 0.0000
-323.4971 0.0000
-323.8410 0.0000
-324.1200 0.0000
-323.7850 0.0000
-325.2013 0.0000
-324.5950 0.0000
-323.5648 0.0000
-324.8399 0.0000
-323.8668 0.0000
-323.9115 0.0000
-324.1301 0.0000
-324.8040 0.0000
-325.1300 0.0000
-324.1016 0.0000
-324.3188 0.0000
-324.4398 0.0000
-323.7572 0.0000
-324.1128 0.0000
-324.3501 0.0000
-324.2024 0.0000
-323.7360 0.0000
-324.6855 0.0000
-324.6213 0.0000
-324.3370 0.0000
-323.9826 0.0000
-324.5849 0.0000
-323.6596 0.0000
-322.5490 0.0000
-324.6026 0.0000
-325.0257 0.0000
-325.0479 0.0000
-324.1283 0.0000
-323.6934 0.0000
-324.2483 0.0000
-323.9846 0.0000
-323.3504 0.0000
-324.0878 0.0000
-323.6848 0.0000
-245.9875 0.0000
-247.5790 0.0000
-245.7857 0.0000
-247.7110 0.0000
-246.1350 0.0000
-246.6346 0.0000
-248.3115 0.0000
-246.9904 0.0000
-246.8467 0.0000
-246.3352 0.0000
-246.6038 0.0000
-246.0621 0.0000
-246.2927 0.0000
-245.9491 0.0000
-246.7976 0.0000
-247.4670 0.0000
-246.7562 0.0000
-247.1630 0.0000
-246.5703 0.0000
-246.9646 0.0000
-247.8849 0.0000
-246.4925 0.0000
-247.1223 0.0000
-247.0463 0.0000
-247.3676 0.0000
-247.0419 0.0000
-246.2948 0.0000
-246.9715 0.0000
-247.9785 0.0000
-247.9591 0.0000
-247.4937 0.0000
-246.0864 0.0000
-245.8412 0.0000
-246.7728 0.0000
-247.0437 0.0000
-247.9361 0.0000
-246.4292 0.0000
-248.3044 0.0000
-247.7060 0.0000
-246.8419 0.0000
-248.0212 0.0000
-247.7179 0.0000
-247.2630 0.0000
-246.9928 0.0000
-246.3026 0.0000
-246.4026 0.0000
-247.0355 0.0000
-245.8497 0.0000
-247.5191 0.0000
-247.3348 0.0000
-247.4328 0.0000
-247.7999 0.0000
-247.2203 0.0000
-247.8879 0.0000
-246.3128 0.0000
-245.9392 0.0000
-247.4325 0.0000
-247.4871 0.0000
-248.3384 0.0000
-246.5454 0.0000
-245.9715 0.0000
-247.1261 0.0000
-246.1085 0.0000
-248.0730 0.0000
-246.7855 0.0000
-246.1903 0.0000
-247.4223 0.0000
-247.3474 0.0000
-247.1550 0.0000
-247.5017 0.0000
-247.1085 0.0000
-247.1681 0.0000
-246.4859 0.0000
-247.4643 0.0000
-246.4031 0.0000
-246.8224 0.0000
-247.1648 0.0000
-246.8881 0.0000
-245.7355 0.0000
-246.3609 0.0000
-246.7011 0.0000
-247.1148 0.0000
-246.4592 0.0000
-246.8832 0.0000
-245.7583 0.0000
-246.9431 0.0000
-248.1046 0.0000
-245.5906 0.0000
-247.8522 0.0000
-246.5620 0.0000
-247.0439 0.0000
-247.0283 0.0000
-247.6062 0.0000
-245.6970 0.0000
-247.8291 0.0000
-246.9205 0.0000
-247.1925 0.0000
-246.4301 0.0000
-246.4441 0.0000
-245.7463 0.0000
-325.0361 0.0000
-324.5981 0.0000
-324.6607 0.0000
-325.9829 0.0000
-324.4443 0.0000
-326.2000 0.0000
-323.8585 0.0000
-326.0214 0.0000
-324.5108 0.0000
-325.6371 0.0000
-325.6629 0.0000
-325.2820 0.0000
-324.9108 0.0000
-324.7518 0.0000
-324.4830 0.0000
-324.7773 0.0000
-323.4757 0.0000
-323.5098 0.0000
-325.6715 0.0000
-326.0580 0.0000
-325.1098 0.0000
-323.9821 0.0000
-324.8373 0.0000
-325.0805 0.0000
-324.3981 0.0000
-325.7725 0.0000
-324.1658 0.0000
-324.0543 0.0000
-325.7151 0.0000
-324.7303 0.0000
-324.5504 0.0000
-325.2919 0.0000
-324.7187 0.0000
-324.2525 0.0000
-325.0192 0.0000
-324.5061 0.0000
-324.4974 0.0000
-324.9167 0.0000
-323.8732 0.0000
-323.7120 0.0000
-323.3565 0.0000
-325.4665 0.0000
-324.4601 0.0000
-325.4876 0.0000
-324.6966 0.0000
-324.1177 0.0000
-325.8514 0.0000
-325.8873 0.0000
-324.5519 0.0000
-323.6780 0.0000
-324.7424 0.0000
-324.5444 0.0000
-324.2103 0.0000
-325.8875 0.0000
-325.1069 0.0000
-324.8149 0.0000
-324.9859 0.0000
-324.4056 0.0000
-324.6757 0.0000
-323.2168 0.0000
-324.9442 0.0000
-325.8597 0.0000
-325.5335 0.0000
-324.7798 0.0000
-324.7382 0.0000
-325.9503 0.0000
-325.4583 0.0000
-325.8491 0.0000
-325.4805 0.0000
-325.3487 0.0000
-324.1562 0.0000
-324.7064 0.0000
-324.1642 0.0000
-325.6708 0.0000
-325.4151 0.0000
-324.7852 0.0000
-323.9118 0.0000
-325.2446 0.0000
-324.6333 0.0000
-325.9646 0.0000
-323.7818 0.0000
-326.0330 0.0000
-325.2693 0.0000
-325.0644 0.0000
-324.9668 0.0000
-324.8181 0.0000
-325.3199 0.0000
-324.8518 0.0000
-325.1562 0.0000
-325.1820 0.0000
-326.4985 0.0000
-325.0565 0.0000
-325.3848 0.0000
-324.6045 0.0000
-324.1515 0.0000
-325.2902 0.0000
-324.4689 0.0000
-322.9127 0.0000
-324.7225 0.0000
-324.3546 0.0000
-345.3516 0.0000
-346.8717 0.0000
-345.2787 0.0000
-346.2765 0.0000
-346.5606 0.0000
-345.3551 0.0000
-344.9899 0.0000
-345.5741 0.0000
-346.1142 0.0000
-345.7372 0.0000
-346.3907 0.0000
-346.8102 0.0000
-346.3721 0.0000
-345.2193 0.0000
-345.6294 0.0000
-346.3038 0.0000
-346.5138 0.0000
-346.0147 0.0000
-345.5430 0.0000
-344.9111 0.0000
-345.2812 0.0000
-346.1057 0.0000
-346.2232 0.0000
-346.9929 0.0000
-345.4683 0.0000
-345.7989 0.0000
-346.6475 0.0000
-346.0107 0.0000
-346.0493 0.0000
-346.1350 0.0000
-347.7349 0.0000
-344.6979 0.0000
-346.5026 0.0000
-346.8389 0.0000
-346.2215 0.0000
-345.5085 0.0000
-346.4451 0.0000
-346.3893 0.0000
-347.3245 0.0000
-344.8792 0.0000
-346.7863 0.0000
-346.3372 0.0000
-346.6797 0.0000
-345.3254 0.0000
-346.2377 0.0000
-345.4221 0.0000
-345.8531 0.0000
-346.0363 0.0000
-345.3259 0.0000
-345.5659 0.0000
-345.5101 0.0000
-345.7127 0.0000
-346.0563 0.0000
-345.9011 0.0000
-346.4546 0.0000
-345.5234 0.0000
-345.5414 0.0000
-345.7970 0.0000
-346.2036 0.0000
-346.0234 0.0000
-346.0539 0.0000
-345.4779 0.0000
-345.6346 0.0000
-346.5633 0.0000
-346.7104 0.0000
-346.5154 0.0000
-345.7557 0.0000
-346.6433 0.0000
-344.9838 0.0000
-345.5832 0.0000
-344.8571 0.0000
-346.2909 0.0000
-346.8717 0.0000
-346.4836 0.0000
-346.2466 0.0000
-346.0979 0.0000
-346.6388 0.0000
-345.7105 0.0000
-345.4954 0.0000
-346.3548 0.0000
-346.0066 0.0000
-345.8601 0.0000
-346.8249 0.0000
-346.0869 0.0000
-345.5573 0.0000
-345.6713 0.0000
-346.4453 0.0000
-345.7897 0.0000
-346.6917 0.0000
-345.8264 0.0000
-345.6698 0.0000
-346.7256 0.0000
-345.6287 0.0000
-345.8656 0.0000
-346.2612 0.0000
-346.3427 0.0000
-346.4790 0.0000
-346.2072 0.0000
-345.7351 0.0000
-346.1392 0.0000
-309.7195 0.0000
-310.9105 0.0000
-310.1563 0.0000
-309.6171 0.0000
-310.3632 0.0000
-309.9790 0.0000
-308.8695 0.0000
-309.2175 0.0000
-310.2024 0.0000
-310.2072 0.0000
-310.0062 0.0000
-309.9851 0.0000
-309.5774 0.0000
-311.4506 0.0000
-309.0681 0.0000
-310.9078 0.0000
-310.2059 0.0000
-310.8011 0.0000
-310.1462 0.0000
-310.5181 0.0000
-310.3386 0.0000
-309.8658 0.0000
-310.5623 0.0000
-311.5688 0.0000
-309.3685 0.0000
-309.8563 0.0000
-310.3267 0.0000
-309.0103 0.0000
-310.4722 0.0000
-310.0667 0.0000
-310.6705 0.0000
-308.8802 0.0000
-310.5181 0.0000
-310.4003 0.0000
-310.8215 0.0000
-310.3600 0.0000
-310.7652 0.0000
-310.6498 0.0000
-309.9934 0.0000
-310.3351 0.0000
-310.2525 0.0000
-310.1775 0.0000
-310.7942 0.0000
-308.7950 0.0000
-309.7381 0.0000
-311.0409 0.0000
-311.1795 0.0000
-310.7476 0.0000
-310.7594 0.0000
-309.2215 0.0000
-310.2979 0.0000
-310.6950 0.0000
-311.5727 0.0000
-309.6406 0.0000
-310.6275 0.0000
-310.9982 0.0000
-311.6486 0.0000
-310.3248 0.0000
-311.0852 0.0000
-310.2662 0.0000
-309.9846 0.0000
-310.5832 0.0000
-310.0670 0.0000
-310.2648 0.0000
-309.6673 0.0000
-311.1788 0.0000
-310.7177 0.0000
-308.6800 0.0000
-309.9233 0.0000
-309.4579 0.0000
-310.0258 0.0000
-309.9947 0.0000
-311.3210 0.0000
-310.9803 0.0000
-310.4854 0.0000
-310.2964 0.0000
-310.5440 0.0000
-309.6624 0.0000
-310.5218 0.0000
-310.1197 0.0000
-308.8623 0.0000
-311.3746 0.0000
-309.7022 0.0000
-309.7548 0.0000
-311.4071 0.0000
-310.0758 0.0000
-310.6232 0.0000
-310.1966 0.0000
-309.5319 0.0000
-309.8248 0.0000
-310.7119 0.0000
-309.6564 0.0000
-309.4981 0.0000
-311.3720 0.0000
-310.7344 0.0000
-310.4525 0.0000
-309.8620 0.0000
-310.1886 0.0000
-309.4730 0.0000
-310.4063 0.0000
-291.1092 0.0000
-290.4263 0.0000
-291.6967 0.0000
-289.8095 0.0000
-291.5917 0.0000
-291.1981 0.0000
-290.5160 0.0000
-290.7536 0.0000
-291.4277 0.0000
-290.0891 0.0000
-289.4013 0.0000
-291.5401 0.0000
-291.8083 0.0000
-291.0205 0.0000
-290.6013 0.0000
-289.8698 0.0000
-290.0528 0.0000
-290.1694 0.0000
-290.6206 0.0000
-291.2730 0.0000
-290.6027 0.0000
-291.0540 0.0000
-291.0290 0.0000
-291.7347 0.0000
-290.6344 0.0000
-290.2839 0.0000
-289.0177 0.0000
-292.1733 0.0000
-290.8022 0.0000
-290.7344 0.0000
-289.0485 0.0000
-291.7830 0.0000
-290.9389 0.0000
-291.2495 0.0000
-290.3078 0.0000
-292.7004 0.0000
-291.7122 0.0000
-290.9316 0.0000
-291.0364 0.0000
-290.4743 0.0000
-290.7629 0.0000
-290.9773 0.0000
-290.8066 0.0000
-290.8407 0.0000
-289.6499 0.0000
-290.3450 0.0000
-288.9902 0.0000
-291.1611 0.0000
-289.9614 0.0000
-289.4977 0.0000
-293.5868 0.0000
-290.8667 0.0000
-292.1138 0.0000
-292.4421 0.0000
-290.8419 0.0000
-290.3522 0.0000
-289.6742 0.0000
-290.2223 0.0000
-291.5705 0.0000
-290.3453 0.0000
-289.3483 0.0000
-293.4504 0.0000
-291.4325 0.0000
-290.8032 0.0000
-291.8077 0.0000
-290.3994 0.0000
-290.9734 0.0000
-292.2755 0.0000
-291.3337 0.0000
-291.0175 0.0000
-288.7410 0.0000
-292.1591 0.0000
-290.9456 0.0000
-290.5129 0.0000
-291.0112 0.0000
-291.0441 0.0000
-291.3316 0.0000
-291.5560 0.0000
-291.1833 0.0000
-290.5997 0.0000
-289.5912 0.0000
-290.7706 0.0000
-290.3639 0.0000
-289.8834 0.0000
-292.1816 0.0000
-291.4270 0.0000
-290.5302 0.0000
-289.9862 0.0000
-291.2751 0.0000
-290.6686 0.0000
-291.4532 0.0000
-289.1222 0.0000
-291.1249 0.0000
-291.0449 0.0000
-291.8814 0.0000
-290.5820 0.0000
-290.8834 0.0000
-291.6090 0.0000
-290.2154 0.0000
-291.2048 0.0000
-272.5722 0.0000
-272.9008 0.0000
-272.9189 0.0000
-272.2600 0.0000
-271.7587 0.0000
-272.9657 0.0000
-272.0386 0.0000
-272.3892 0.0000
-273.0102 0.0000
-272.2763 0.0000
-272.8371 0.0000
-271.9003 0.0000
-271.3740 0.0000
-273.0674 0.0000
-272.8629 0.0000
-271.2928 0.0000
-271.1899 0.0000
-272.6662 0.0000
-271.5310 0.0000
-272.7207 0.0000
-272.1877 0.0000
-271.9236 0.0000
-271.9763 0.0000
-273.7404 0.0000
-273.2260 0.0000
-272.5047 0.0000
-271.8165 0.0000
-272.7373 0.0000
-272.5388 0.0000
-271.4655 0.0000
-272.7693 0.0000
-273.1059 0.0000
-272.2446 0.0000
-273.6603 0.0000
-272.1030 0.0000
-272.6491 0.0000
-272.4731 0.0000
-273.2919 0.0000
-273.7475 0.0000
-272.5286 0.0000
-271.7941 0.0000
-271.7013 0.0000
-272.3373 0.0000
-272.2650 0.0000
-272.6325 0.0000
-272.7506 0.0000
-272.5037 0.0000
-272.1132 0.0000
-271.8898 0.0000
-272.5777 0.0000
-272.2831 0.0000
-272.6684 0.0000
-272.2404 0.0000
-272.3897 0.0000
-271.4854 0.0000
-272.1574 0.0000
-272.7359 0.0000
-273.0736 0.0000
-272.4945 0.0000
-272.7835 0.0000
-272.4440 0.0000
-272.5793 0.0000
-273.3233 0.0000
-272.5599 0.0000
-271.7213 0.0000
-272.5103 0.0000
-272.7035 0.0000
-272.7621 0.0000
-272.4450 0.0000
-271.8715 0.0000
-272.4270 0.0000
-273.6246 0.0000
-270.7938 0.0000
-271.7483 0.0000
-271.6475 0.0000
-271.3306 0.0000
-272.9549 0.0000
-272.5177 0.0000
-272.5155 0.0000
-273.9195 0.0000
-273.0721 0.0000
-272.3615 0.0000
-272.3781 0.0000
-272.5949 0.0000
-273.6876 0.0000
-272.9695 0.0000
-271.5773 0.0000
-271.0445 0.0000
-272.2484 0.0000
-272.5606 0.0000
-271.0483 0.0000
-273.3334 0.0000
-274.5200 0.0000
-272.3115 0.0000
-272.2985 0.0000
-271.2801 0.0000
-272.4035 0.0000
-273.0793 0.0000
-271.9316 0.0000
-272.9927 0.0000
-338.6439 0.0000
-337.2875 0.0000
-339.3515 0.0000
-337.5295 0.0000
-339.6379 0.0000
-338.0996 0.0000
-339.8509 0.0000
-337.8709 0.0000
-338.3795 0.0000
-338.7335 0.0000
-338.5136 0.0000
-338.7483 0.0000
-337.1205 0.0000
-339.6147 0.0000
-339.4471 0.0000
-339.6269 0.0000
-339.7147 0.0000
-338.7406 0.0000
-336.8342 0.0000
-339.1660 0.0000
-339.8075 0.0000
-339.6043 0.0000
-338.2042 0.0000
-338.0046 0.0000
-340.1130 0.0000
-338.0573 0.0000
-338.7054 0.0000
-339.3215 0.0000
-339.3297 0.0000
-337.7042 0.0000
-338.3631 0.0000
-338.1118 0.0000
-338.5738 0.0000
-337.6359 0.0000
-338.4881 0.0000
-339.6795 0.0000
-338.4581 0.0000
-340.4855 0.0000
-339.9891 0.0000
-337.4531 0.0000
-338.5716 0.0000
-338.2176 0.0000
-338.5077 0.0000
-338.3944 0.0000
-338.5722 0.0000
-338.0182 0.0000
-337.4559 0.0000
-338.9593 0.0000
-339.6374 0.0000
-337.5172 0.0000
-338.9798 0.0000
-338.1385 0.0000
-338.2424 0.0000
-339.3477 0.0000
-340.0308 0.0000
-338.7923 0.0000
-338.9558 0.0000
-338.4135 0.0000
-338.2775 0.0000
-337.4692 0.0000
-338.8856 0.0000
-338.6435 0.0000
-338.2710 0.0000
-339.2979 0.0000
-340.6327 0.0000
-338.4631 0.0000
-339.8677 0.0000
-339.5741 0.0000
-338.8828 0.0000
-338.2377 0.0000
-338.0419 0.0000
-339.2545 0.0000
-338.9999 0.0000
-338.7456 0.0000
-340.2452 0.0000
-338.4301 0.0000
-339.7586 0.0000
-338.4158 0.0000
-338.9081 0.0000
-338.7062 0.0000
-338.5104 0.0000
-338.9294 0.0000
-339.0521 0.0000
-338.9059 0.0000
-340.5369 0.0000
-340.0983 0.0000
-340.4247 0.0000
-340.0747 0.0000
-338.6060 0.0000
-338.9529 0.0000
-338.6970 0.0000
-339.5473 0.0000
-337.6711 0.0000
-338.3185 0.0000
-336.8897 0.0000
-338.5106 0.0000
-338.8275 0.0000
-339.4098 0.0000
-338.7826 0.0000
-339.1955 0.0000
-244.4164 0.0000
-243.6641 0.0000
-244.2977 0.0000
-244.2079 0.0000
-243.7215 0.0000
-243.1598 0.0000
-243.8857 0.0000
-244.0396 0.0000
-243.3846 0.0000
-242.4269 0.0000
-242.5676 0.0000
-242.6984 0.0000
-242.0704 0.0000
-242.1468 0.0000
-242.7714 0.0000
-242.2676 0.0000
-241.7297 0.0000
-240.5782 0.0000
-240.6217 0.0000
-241.1070 0.0000
-241.3138 0.0000
-242.1084 0.0000
-240.9002 0.0000
-241.2668 0.0000
-242.0546 0.0000
-242.5567 0.0000
-241.6114 0.0000
-242.6036 0.0000
-241.9694 0.0000
-242.6350 0.0000
-242.4107 0.0000
-241.3720 0.0000
-241.5540 0.0000
-241.9634 0.0000
-240.9873 0.0000
-240.7459 0.0000
-241.3474 0.0000
-241.9043 0.0000
-242.4839 0.0000
-241.8131 0.0000
-241.9055 0.0000
-243.5349 0.0000
-243.6551 0.0000
-243.6604 0.0000
-244.1202 0.0000
-244.1404 0.0000
-243.9010 0.0000
-243.9342 0.0000
-245.3028 0.0000
-244.0974 0.0000
-244.7388 0.0000
-245.3985 0.0000
-247.1933 0.0000
-245.6788 0.0000
-246.7496 0.0000
-244.5203 0.0000
-244.9327 0.0000
-245.3755 0.0000
-244.3760 0.0000
-244.2458 0.0000
-245.9705 0.0000
-244.5271 0.0000
-244.2895 0.0000
-243.9354 0.0000
-246.1626 0.0000
-242.7323 0.0000
-243.2095 0.0000
-244.3163 0.0000
-242.2500 0.0000
-243.0670 0.0000
-241.5641 0.0000
-242.7676 0.0000
-244.1846 0.0000
-243.5352 0.0000
-244.5963 0.0000
-244.4441 0.0000
-244.9482 0.0000
-246.1659 0.0000
-246.1853 0.0000
-245.3489 0.0000
-246.4864 0.0000
-246.2851 0.0000
-244.2450 0.0000
-243.8549 0.0000
-242.8464 0.0000
-242.0726 0.0000
-240.3047 0.0000
-240.7783 0.0000
-240.4838 0.0000
-240.2853 0.0000
-238.7006 0.0000
-238.4232 0.0000
-238.8937 0.0000
-238.7839 0.0000
-240.3445 0.0000
-239.8044 0.0000
-239.6387 0.0000
-238.9323 0.0000
-239.1846 0.0000
-239.0751 0.0000
-329.6086 0.0000
-329.3520 0.0000
-328.5321 0.0000
-329.9269 0.0000
-329.3573 0.0000
-330.3975 0.0000
-329.0947 0.0000
-330.2323 0.0000
-329.4150 0.0000
-329.1740 0.0000
-328.9737 0.0000
-329.5045 0.0000
-329.8418 0.0000
-329.3993 0.0000
-328.8878 0.0000
-329.7999 0.0000
-329.5010 0.0000
-330.7655 0.0000
-328.6047 0.0000
-330.1163 0.0000
-330.2127 0.0000
-329.4319 0.0000
-329.4915 0.0000
-328.8446 0.0000
-329.9538 0.0000
-330.1242 0.0000
-330.4392 0.0000
-329.2764 0.0000
-329.5412 0.0000
-329.4175 0.0000
-328.8209 0.0000
-328.8126 0.0000
-330.1570 0.0000
-329.6558 0.0000
-329.1633 0.0000
-329.0279 0.0000
-328.9788 0.0000
-329.2749 0.0000
-329.1358 0.0000
-328.9958 0.0000
-328.7937 0.0000
-329.8473 0.0000
-329.4275 0.0000
-329.5963 0.0000
-329.8192 0.0000
-329.4421 0.0000
-330.2086 0.0000
-330.4551 0.0000
-329.5213 0.0000
-330.4935 0.0000
-329.2503 0.0000
-329.4581 0.0000
-329.5085 0.0000
-328.9544 0.0000
-329.6581 0.0000
-329.6011 0.0000
-329.8841 0.0000
-329.2067 0.0000
-329.5869 0.0000
-329.5814 0.0000
-329.1042 0.0000
-329.7357 0.0000
-329.6865 0.0000
-329.9539 0.0000
-329.9829 0.0000
-329.5776 0.0000
-330.2199 0.0000
-329.5695 0.0000
-329.5311 0.0000
-329.5525 0.0000
-329.5553 0.0000
-330.1822 0.0000
-329.8287 0.0000
-329.5605 0.0000
-329.5382 0.0000
-329.9500 0.0000
-329.0846 0.0000
-329.4264 0.0000
-329.9032 0.0000
-328.6613 0.0000
-329.0176 0.0000
-329.7562 0.0000
-330.0547 0.0000
-329.1346 0.0000
-328.9033 0.0000
-329.9258 0.0000
-328.7126 0.0000
-328.9617 0.0000
-329.1850 0.0000
-329.8475 0.0000
-330.7094 0.0000
-330.2318 0.0000
-329.2031 0.0000
-330.1393 0.0000
-329.3536 0.0000
-328.4374 0.0000
-330.6792 0.0000
-329.7483 0.0000
-330.2355 0.0000
-329.8641 0.0000
-311.9568 0.0000
-311.7808 0.0000
-313.9002 0.0000
-312.2335 0.0000
-311.4842 0.0000
-312.8872 0.0000
-311.2351 0.0000
-311.5790 0.0000
-313.2142 0.0000
-313.6144 0.0000
-312.2076 0.0000
-312.3806 0.0000
-313.5264 0.0000
-312.4249 0.0000
-313.1517 0.0000
-313.0783 0.0000
-312.0388 0.0000
-312.4870 0.0000
-314.1647 0.0000
-314.1543 0.0000
-312.9166 0.0000
-313.4603 0.0000
-313.4663 0.0000
-312.0762 0.0000
-312.3595 0.0000
-313.3526 0.0000
-313.3546 0.0000
-311.4026 0.0000
-312.8399 0.0000
-313.6166 0.0000
-313.4762 0.0000
-312.7299 0.0000
-313.7964 0.0000
-314.0866 0.0000
-313.5631 0.0000
-313.8039 0.0000
-312.8782 0.0000
-312.3990 0.0000
-312.0117 0.0000
-311.4340 0.0000
-313.8009 0.0000
-313.3927 0.0000
-313.2061 0.0000
-313.2985 0.0000
-312.0248 0.0000
-312.8722 0.0000
-313.1552 0.0000
-311.3452 0.0000
-312.4585 0.0000
-313.6919 0.0000
-313.8095 0.0000
-313.7044 0.0000
-313.8728 0.0000
-313.5421 0.0000
-313.2888 0.0000
-311.8190 0.0000
-312.7830 0.0000
-312.8398 0.0000
-312.5317 0.0000
-312.3257 0.0000
-313.3898 0.0000
-314.4107 0.0000
-312.3516 0.0000
-314.3782 0.0000
-313.2771 0.0000
-314.0602 0.0000
-313.0362 0.0000
-312.8642 0.0000
-311.6876 0.0000
-313.5609 0.0000
-313.8516 0.0000
-313.8967 0.0000
-313.4324 0.0000
-314.0467 0.0000
-312.5104 0.0000
-312.6873 0.0000
-311.8371 0.0000
-313.0164 0.0000
-312.8211 0.0000
-314.7633 0.0000
-312.4727 0.0000
-313.3599 0.0000
-312.5934 0.0000
-313.0819 0.0000
-312.5993 0.0000
-313.5661 0.0000
-313.3494 0.0000
-312.8470 0.0000
-312.9653 0.0000
-311.9167 0.0000
-313.0499 0.0000
-313.9984 0.0000
-314.1687 0.0000
-313.7403 0.0000
-313.6678 0.0000
-313.5890 0.0000
-312.9009 0.0000
-313.1900 0.0000
-313.6105 0.0000
-313.5857 0.0000
-215.8493 0.0000
-213.8359 0.0000
-213.9012 0.0000
-214.9529 0.0000
-214.5975 0.0000
-213.6577 0.0000
-213.3260 0.0000
-213.4167 0.0000
-213.8903 0.0000
-213.6096 0.0000
-213.2306 0.0000
-213.5449 0.0000
-213.5251 0.0000
-214.3353 0.0000
-214.2273 0.0000
-214.3999 0.0000
-214.5597 0.0000
-213.8135 0.0000
-213.8520 0.0000
-214.8141 0.0000
-213.9319 0.0000
-213.3996 0.0000
-213.5227 0.0000
-213.0355 0.0000
-213.4993 0.0000
-214.9630 0.0000
-213.4543 0.0000
-213.5803 0.0000
-214.2225 0.0000
-213.7905 0.0000
-214.4877 0.0000
-214.0752 0.0000
-212.7074 0.0000
-212.9150 0.0000
-212.1740 0.0000
-211.4550 0.0000
-211.6839 0.0000
-211.9697 0.0000
-211.5921 0.0000
-211.1009 0.0000
-210.3066 0.0000
-210.3993 0.0000
-210.6743 0.0000
-210.2584 0.0000
-209.9495 0.0000
-210.6202 0.0000
-209.5695 0.0000
-210.2614 0.0000
-210.0867 0.0000
-209.9251 0.0000
-210.0577 0.0000
-210.3239 0.0000
-210.7599 0.0000
-211.1538 0.0000
-210.8308 0.0000
-212.1043 0.0000
-210.0876 0.0000
-209.6725 0.0000
-209.6411 0.0000
-208.7007 0.0000
-209.3237 0.0000
-208.8854 0.0000
-209.0522 0.0000
-208.5397 0.0000
-208.7932 0.0000
-208.2837 0.0000
-209.3253 0.0000
-208.6697 0.0000
-207.8125 0.0000
-208.0661 0.0000
-208.3931 0.0000
-207.9989 0.0000
-208.8727 0.0000
-208.2289 0.0000
-208.9597 0.0000
-208.9859 0.0000
-208.4512 0.0000
-208.0835 0.0000
-208.8744 0.0000
-207.9174 0.0000
-207.7080 0.0000
-208.0012 0.0000
-208.5959 0.0000
-209.1177 0.0000
-209.0549 0.0000
-209.7658 0.0000
-210.2796 0.0000
-209.7523 0.0000
-209.6674 0.0000
-210.3985 0.0000
-209.7656 0.0000
-210.3018 0.0000
-209.9540 0.0000
-210.8204 0.0000
-210.6021 0.0000
-210.6989 0.0000
-212.0780 0.0000
-210.8813 0.0000
-210.9223 0.0000
-211.0899 0.0000
-211.6920 0.0000
-212.1189 0.0000
-212.2607 0.0000
-212.2131 0.0000
-212.5489 0.0000
-211.9221 0.0000
-212.2288 0.0000
-212.8455 0.0000
-211.6266 0.0000
-211.4880 0.0000
-211.9121 0.0000
-210.4085 0.0000
-209.3343 0.0000
-209.2123 0.0000
-209.9795 0.0000
-208.8177 0.0000
-208.4622 0.0000
-207.5993 0.0000
-208.3655 0.0000
-208.1261 0.0000
-208.1465 0.0000
-207.6982 0.0000
-208.1831 0.0000
-207.9225 0.0000
-208.2641 0.0000
-208.0279 0.0000
-207.8817 0.0000
-208.0778 0.0000
-208.4562 0.0000
-208.8243 0.0000
-207.3692 0.0000
-207.6897 0.0000
-207.8042 0.0000
-207.5640 0.0000
-207.7680 0.0000
-207.9722 0.0000
-207.4155 0.0000
-207.3405 0.0000
-207.2355 0.0000
-207.6535 0.0000
-207.8040 0.0000
-207.8056 0.0000
-207.3213 0.0000
-207.8338 0.0000
-207.9061 0.0000
-207.8371 0.0000
-207.7893 0.0000
-207.4982 0.0000
-207.5379 0.0000
-208.4547 0.0000
-207.3357 0.0000
-206.6558 0.0000
-207.2013 0.0000
-206.3957 0.0000
-206.2621 0.0000
-206.7971 0.0000
-207.0855 0.0000
-207.7955 0.0000
-207.7328 0.0000
-208.0495 0.0000
-207.0155 0.0000
-206.5025 0.0000
-207.5146 0.0000
-206.7032 0.0000
-207.4072 0.0000
-206.2838 0.0000
-206.2076 0.0000
-205.9541 0.0000
-205.8394 0.0000
-205.4446 0.0000
-205.6198 0.0000
-205.6265 0.0000
-204.9641 0.0000
-205.2998 0.0000
-205.2164 0.0000
-205.2471 0.0000
-205.9165 0.0000
-206.3938 0.0000
-206.4735 0.0000
-206.7416 0.0000
-205.5822 0.0000
-205.1424 0.0000
-205.2502 0.0000
-205.3616 0.0000
-206.0654 0.0000
-205.6473 0.0000
-206.7286 0.0000
-205.6302 0.0000
-206.2804 0.0000
-205.3828 0.0000
-204.9602 0.0000
-204.5121 0.0000
-205.0815 0.0000
-205.4866 0.0000
-205.4320 0.0000
-205.6199 0.0000
-204.9628 0.0000
-205.6808 0.0000
-205.3798 0.0000
-206.4552 0.0000
-205.3333 0.0000
-204.5292 0.0000
-204.0912 0.0000
-203.3279 0.0000
-202.5480 0.0000
-202.4990 0.0000
-203.1405 0.0000
-203.3548 0.0000
-203.1210 0.0000
-203.3255 0.0000
-203.1769 0.0000
-202.8810 0.0000
-202.8248 0.0000
-203.2985 0.0000
-203.4625 0.0000
-204.1859 0.0000
-203.1321 0.0000
-203.3716 0.0000
-203.7669 0.0000
-204.3168 0.0000
-204.0134 0.0000
-204.1677 0.0000
-204.1943 0.0000
-204.1451 0.0000
-204.4553 0.0000
-204.3071 0.0000
-204.6888 0.0000
-204.2362 0.0000
-204.5005 0.0000
-204.1642 0.0000
-203.6939 0.0000
-204.0224 0.0000
-204.5050 0.0000
-204.8458 0.0000
-204.1805 0.0000
-204.4606 0.0000
-205.4034 0.0000
-204.9854 0.0000
-204.8337 0.0000
-204.3716 0.0000
-204.5486 0.0000
-204.5535 0.0000
-205.2603 0.0000
-204.2803 0.0000
-203.9794 0.0000
-203.3870 0.0000
-203.6749 0.0000
-203.2254 0.0000
-202.9978 0.0000
-202.7823 0.0000
-203.2985 0.0000
-203.6554 0.0000
-203.6050 0.0000
-204.2359 0.0000
-203.9806 0.0000
-203.1735 0.0000
-203.6713 0.0000
-203.4379 0.0000
-203.3841 0.0000
-203.8853 0.0000
-202.9507 0.0000
-202.9708 0.0000
-203.3515 0.0000
-203.8810 0.0000
-203.0693 0.0000
-203.2115 0.0000
-203.5661 0.0000
-202.5239 0.0000
-202.7330 0.0000
-202.6545 0.0000
-203.6524 0.0000
-203.2293 0.0000
-203.2134 0.0000
-203.6202 0.0000
-203.1109 0.0000
-205.0100 0.0000
-205.8832 0.0000
-205.9054 0.0000
-205.9519 0.0000
-205.9540 0.0000
-206.1739 0.0000
-206.8447 0.0000
-205.6940 0.0000
-205.3802 0.0000
-204.6345 0.0000
-204.4409 0.0000
-204.7915 0.0000
-204.2439 0.0000
-204.1416 0.0000
-204.8966 0.0000
-204.9221 0.0000
-203.6130 0.0000
-204.6499 0.0000
-204.2221 0.0000
-202.9201 0.0000
-202.7147 0.0000
-203.6213 0.0000
-204.2524 0.0000
-204.6948 0.0000
-205.9185 0.0000
-205.8930 0.0000
-205.3900 0.0000
-205.4936 0.0000
-203.9969 0.0000
-203.7174 0.0000
-203.0903 0.0000
-202.7630 0.0000
-202.4843 0.0000
-202.2222 0.0000
-203.0673 0.0000
-202.6883 0.0000
-202.5445 0.0000
-203.0658 0.0000
-203.6321 0.0000
-203.1676 0.0000
-202.7982 0.0000
-203.5284 0.0000
-204.1701 0.0000
-203.4691 0.0000
-203.9961 0.0000
-204.0964 0.0000
-204.4764 0.0000
-204.6317 0.0000
-204.8194 0.0000
-204.7288 0.0000
-204.4567 0.0000
-204.7331 0.0000
-204.9526 0.0000
-205.2113 0.0000
-204.7632 0.0000
-205.8122 0.0000
-205.8222 0.0000
-204.9344 0.0000
-206.3783 0.0000
-203.8228 0.0000
-203.8751 0.0000
-203.2121 0.0000
-201.7837 0.0000
-203.2662 0.0000
-203.1004 0.0000
-203.7719 0.0000
-205.0668 0.0000
-205.1703 0.0000
-205.3423 0.0000
-206.8271 0.0000
-205.5698 0.0000
-206.8780 0.0000
-206.1294 0.0000
-206.8782 0.0000
-206.5830 0.0000
-206.7873 0.0000
-207.4075 0.0000
-206.1543 0.0000
-204.1450 0.0000
-204.3507 0.0000
-205.3534 0.0000
-204.9004 0.0000
-205.6933 0.0000
-204.7193 0.0000
-204.4915 0.0000
-204.9188 0.0000
-203.9901 0.0000
-204.9596 0.0000
-203.8321 0.0000
-204.5780 0.0000
-204.6638 0.0000
-205.8632 0.0000
-204.1970 0.0000
-204.5169 0.0000
-204.1408 0.0000
-204.3182 0.0000
-205.6069 0.0000
-205.3715 0.0000
-205.0486 0.0000
-205.0729 0.0000
-204.7323 0.0000
-204.5171 0.0000
-203.7165 0.0000
-204.9462 0.0000
-204.6535 0.0000
-205.8346 0.0000
-204.8602 0.0000
-203.9805 0.0000
-204.8713 0.0000
-203.1817 0.0000
-203.0869 0.0000
-203.4967 0.0000
-203.4616 0.0000
-203.7065 0.0000
-203.3393 0.0000
-204.2151 0.0000
-203.6775 0.0000
-204.2262 0.0000
-205.2431 0.0000
-203.4154 0.0000
-202.7122 0.0000
-202.3763 0.0000
-202.1677 0.0000
-203.1360 0.0000
-202.0219 0.0000
-202.0836 0.0000
-203.0409 0.0000
-202.6424 0.0000
-201.1843 0.0000
-202.1533 0.0000
-202.8308 0.0000
-200.8482 0.0000
-201.3309 0.0000
-201.7039 0.0000
-200.3640 0.0000
-199.2173 0.0000
-199.0502 0.0000
-198.3713 0.0000
-198.8146 0.0000
-199.1238 0.0000
-198.7686 0.0000
-199.1986 0.0000
-199.0977 0.0000
-198.9784 0.0000
-198.2850 0.0000
-198.0592 0.0000
-198.3754 0.0000
-198.7766 0.0000
-199.9007 0.0000
-199.4507 0.0000
-198.3219 0.0000
-198.3793 0.0000
-197.7404 0.0000
-198.4650 0.0000
-198.1647 0.0000
-198.0180 0.0000
-197.9851 0.0000
-197.9786 0.0000
-198.7679 0.0000
-199.1261 0.0000
-199.9751 0.0000
-198.9691 0.0000
-198.8501 0.0000
-198.4651 0.0000
-198.2042 0.0000
-198.2788 0.0000
-197.5861 0.0000
-197.7187 0.0000
-198.3654 0.0000
-198.1388 0.0000
-197.8877 0.0000
-197.9475 0.0000
-197.6244 0.0000
-197.8798 0.0000
-197.2726 0.0000
-197.0254 0.0000
-196.7803 0.0000
-196.3932 0.0000
-196.8058 0.0000
-197.0069 0.0000
-197.2506 0.0000
-197.2695 0.0000
-196.6912 0.0000
-196.6852 0.0000
-196.5575 0.0000
-196.7506 0.0000
-196.6822 0.0000
-196.6141 0.0000
-197.4282 0.0000
-197.0959 0.0000
-196.8930 0.0000
-197.4515 0.0000
-197.1648 0.0000
-197.1342 0.0000
-196.8845 0.0000
-197.3505 0.0000
-198.0202 0.0000
-198.6008 0.0000
-198.2890 0.0000
-198.4881 0.0000
-198.4076 0.0000
-197.5216 0.0000
-197.4074 0.0000
-197.4421 0.0000
-196.9057 0.0000
-196.9138 0.0000
-196.6977 0.0000
-196.5591 0.0000
-197.3102 0.0000
-197.4697 0.0000
-197.5850 0.0000
-197.8502 0.0000
-197.6380 0.0000
-197.6436 0.0000
-197.3462 0.0000
-198.0479 0.0000
-198.0348 0.0000
-197.9691 0.0000
-198.5944 0.0000
-198.8735 0.0000
-199.1856 0.0000
-199.2930 0.0000
-199.3335 0.0000
-199.2019 0.0000
-199.0912 0.0000
-199.8538 0.0000
-200.2726 0.0000
-199.5446 0.0000
-200.1418 0.0000
-199.5598 0.0000
-199.2035 0.0000
-199.8336 0.0000
-199.9943 0.0000
-199.7269 0.0000
-199.5198 0.0000
-199.6365 0.0000
-200.2135 0.0000
-202.2401 0.0000
-199.6643 0.0000
-199.3323 0.0000
-199.1422 0.0000
-200.4642 0.0000
-199.3438 0.0000
-199.0178 0.0000
-198.5748 0.0000
-199.1618 0.0000
-198.8030 0.0000
-198.7220 0.0000
-198.4666 0.0000
-199.1948 0.0000
-198.6456 0.0000
-199.0483 0.0000
-198.8341 0.0000
-199.6975 0.0000
-199.7352 0.0000
-198.9186 0.0000
-199.4255 0.0000
-198.7645 0.0000
-199.0715 0.0000
-199.2125 0.0000
-199.0523 0.0000
-198.5832 0.0000
-198.3333 0.0000
-198.0227 0.0000
-197.9468 0.0000
-197.9018 0.0000
-198.4257 0.0000
-198.2473 0.0000
-198.9617 0.0000
-199.1187 0.0000
-199.5327 0.0000
-199.3897 0.0000
-199.9726 0.0000
-199.8508 0.0000
-200.5087 0.0000
-200.6398 0.0000
-200.2143 0.0000
-200.5207 0.0000
-200.7405 0.0000
-199.5029 0.0000
-199.9744 0.0000
-199.2898 0.0000
-198.6071 0.0000
-199.1971 0.0000
-198.6731 0.0000
-198.9388 0.0000
-198.2223 0.0000
-198.6004 0.0000
-198.5525 0.0000
-198.2627 0.0000
-197.5899 0.0000
-196.9566 0.0000
-195.8688 0.0000
-195.9724 0.0000
-196.8299 0.0000
-196.9141 0.0000
-197.0070 0.0000
-196.3214 0.0000
-195.7853 0.0000
-195.8597 0.0000
-196.2368 0.0000
-196.1167 0.0000
-196.0238 0.0000
-196.2751 0.0000
-196.5018 0.0000
-196.3790 0.0000
-195.9026 0.0000
-196.0185 0.0000
-195.8661 0.0000
-195.8141 0.0000
-195.4766 0.0000
-195.5548 0.0000
-195.7074 0.0000
-195.0099 0.0000
-195.1840 0.0000
-195.5394 0.0000
-194.8825 0.0000
-194.9900 0.0000
-194.4373 0.0000
-194.6482 0.0000
-194.7806 0.0000
-194.2725 0.0000
-194.6583 0.0000
-195.1888 0.0000
-194.6827 0.0000
-194.7039 0.0000
-194.9817 0.0000
-194.8222 0.0000
-194.7582 0.0000
-194.2780 0.0000
-194.2345 0.0000
-194.3031 0.0000
-194.6840 0.0000
-194.4569 0.0000
-194.7306 0.0000
-193.9911 0.0000
-194.2843 0.0000
-195.0327 0.0000
-194.1816 0.0000
-194.4635 0.0000
-194.7724 0.0000
-194.6656 0.0000
-194.3740 0.0000
-194.3527 0.0000
-194.4800 0.0000
-194.4273 0.0000
-193.9853 0.0000
-194.1448 0.0000
-193.4279 0.0000
-193.4243 0.0000
-193.4141 0.0000
-193.3959 0.0000
-194.3673 0.0000
-194.7010 0.0000
-193.0052 0.0000
-192.8734 0.0000
-193.2644 0.0000
-193.2174 0.0000
-193.1743 0.0000
-194.0133 0.0000
-193.8418 0.0000
-193.9949 0.0000
-193.3410 0.0000
-193.0215 0.0000
-193.3501 0.0000
-193.1352 0.0000
-192.6361 0.0000
-192.6239 0.0000
-192.7818 0.0000
-192.5267 0.0000
-192.4623 0.0000
-193.0409 0.0000
-193.0188 0.0000
-193.1094 0.0000
-192.9253 0.0000
-192.6706 0.0000
-192.5507 0.0000
-192.3196 0.0000
-192.3224 0.0000
-192.2000 0.0000
-192.1165 0.0000
-192.0484 0.0000
-192.0815 0.0000
-192.6748 0.0000
-192.1028 0.0000
-191.8381 0.0000
-191.7065 0.0000
-191.8663 0.0000
-192.6981 0.0000
-192.7042 0.0000
-192.2853 0.0000
-192.5493 0.0000
-192.8342 0.0000
-192.3157 0.0000
-192.2980 0.0000
-191.8551 0.0000
-191.5972 0.0000
-191.1211 0.0000
-190.8466 0.0000
-191.1022 0.0000
-191.2849 0.0000
-191.4986 0.0000
-191.5250 0.0000
-191.7334 0.0000
-191.3380 0.0000
-190.8260 0.0000
-190.4424 0.0000
-190.4811 0.0000
-190.7127 0.0000
-190.1816 0.0000
-190.7363 0.0000
-190.6645 0.0000
-190.4439 0.0000
-190.5651 0.0000
-190.4246 0.0000
-190.5353 0.0000
-190.8611 0.0000
-190.8087 0.0000
-191.2062 0.0000
-191.0696 0.0000
-191.0845 0.0000
-191.3141 0.0000
-190.9123 0.0000
-191.2962 0.0000
-191.5872 0.0000
-190.9868 0.0000
-190.7529 0.0000
-190.7519 0.0000
-190.5114 0.0000
-190.8951 0.0000
-190.2990 0.0000
-190.7738 0.0000
-190.8735 0.0000
-190.6676 0.0000
-190.4844 0.0000
-190.8317 0.0000
-191.1796 0.0000
-190.3712 0.0000
-190.2405 0.0000
-190.6265 0.0000
-190.9500 0.0000
-190.6388 0.0000
-190.9531 0.0000
-190.4191 0.0000
-190.6676 0.0000
-190.8392 0.0000
-190.8538 0.0000
-190.6332 0.0000
-190.4431 0.0000
-190.7585 0.0000
-190.5392 0.0000
-190.3060 0.0000
-190.4423 0.0000
-190.4577 0.0000
-190.8219 0.0000
-190.8725 0.0000
-190.8557 0.0000
-191.4218 0.0000
-191.6497 0.0000
-191.5508 0.0000
-191.7205 0.0000
-191.9024 0.0000
-192.1746 0.0000
-192.0782 0.0000
-192.9030 0.0000
-192.3512 0.0000
-192.3867 0.0000
-192.1779 0.0000
-191.8430 0.0000
-191.9429 0.0000
-191.9201 0.0000
-192.0703 0.0000
-192.3808 0.0000
-192.5115 0.0000
-192.2263 0.0000
-192.6493 0.0000
-192.0489 0.0000
-192.3618 0.0000
-192.6898 0.0000
-193.0309 0.0000
-192.7660 0.0000
-192.8306 0.0000
-193.1658 0.0000
-193.3999 0.0000
-194.0277 0.0000
-193.6213 0.0000
-194.0199 0.0000
-194.0485 0.0000
-194.2700 0.0000
-193.8688 0.0000
-194.2717 0.0000
-194.9401 0.0000
-195.4058 0.0000
-194.3616 0.0000
-194.8874 0.0000
-195.4743 0.0000
-195.7452 0.0000
-195.6525 0.0000
-195.4526 0.0000
-195.2862 0.0000
-195.4429 0.0000
-195.3408 0.0000
-195.7826 0.0000
-195.6477 0.0000
-195.6824 0.0000
-195.4853 0.0000
-195.4908 0.0000
-195.6631 0.0000
-195.2844 0.0000
-195.6264 0.0000
-195.2329 0.0000
-195.9703 0.0000
-195.3988 0.0000
-195.7327 0.0000
-195.6179 0.0000
-196.0601 0.0000
-195.6378 0.0000
-195.7760 0.0000
-195.6759 0.0000
-195.5277 0.0000
-195.2271 0.0000
-195.2279 0.0000
-196.5490 0.0000
-195.3880 0.0000
-195.2711 0.0000
-195.2576 0.0000
-195.4700 0.0000
-195.3507 0.0000
-195.5861 0.0000
-195.4115 0.0000
-195.3846 0.0000
-195.2239 0.0000
-195.7840 0.0000
-195.4694 0.0000
-195.7534 0.0000
-195.4234 0.0000
-195.1664 0.0000
-195.4989 0.0000
-194.9644 0.0000
-194.7698 0.0000
-194.5775 0.0000
-194.6932 0.0000
-194.7896 0.0000
-194.4120 0.0000
-194.6718 0.0000
-194.2773 0.0000
-194.1887 0.0000
-194.3719 0.0000
-194.2366 0.0000
-194.0212 0.0000
-193.9103 0.0000
-193.7123 0.0000
-194.1629 0.0000
-193.9977 0.0000
-193.9059 0.0000
-193.9009 0.0000
-194.0899 0.0000
-194.2223 0.0000
-193.7578 0.0000
-193.8440 0.0000
-194.1356 0.0000
-194.2713 0.0000
-193.7632 0.0000
-194.3808 0.0000
-194.3781 0.0000
-194.2574 0.0000
-194.3203 0.0000
-194.0673 0.0000
-194.1172 0.0000
-194.1226 0.0000
-193.9032 0.0000
-193.9111 0.0000
-194.1488 0.0000
-194.4163 0.0000
-194.5680 0.0000
-194.6006 0.0000
-194.3642 0.0000
-194.0083 0.0000
-194.9525 0.0000
-194.2333 0.0000
-194.5475 0.0000
-194.5253 0.0000
-194.5843 0.0000
-194.9169 0.0000
-194.9334 0.0000
-194.5391 0.0000
-194.3372 0.0000
-194.7295 0.0000
-194.8088 0.0000
-194.5939 0.0000
-194.6403 0.0000
-194.9740 0.0000
-194.5128 0.0000
-194.0072 0.0000
-193.7441 0.0000
-194.0885 0.0000
-194.3659 0.0000
-193.6052 0.0000
-193.2305 0.0000
-193.2299 0.0000
-193.4230 0.0000
-192.9808 0.0000
-192.7573 0.0000
-191.9452 0.0000
-192.3320 0.0000
-192.6016 0.0000
-192.4504 0.0000
-192.4323 0.0000
-192.4114 0.0000
-192.5161 0.0000
-192.7605 0.0000
-192.5749 0.0000
-192.4611 0.0000
-192.4678 0.0000
-192.4767 0.0000
-192.2881 0.0000
-192.4725 0.0000
-192.3687 0.0000
-192.2409 0.0000
-192.4858 0.0000
-192.6497 0.0000
-192.6345 0.0000
-192.5846 0.0000
-192.6991 0.0000
-193.0840 0.0000
-193.1115 0.0000
-193.3159 0.0000
-193.4811 0.0000
-193.3848 0.0000
-193.6326 0.0000
-193.5072 0.0000
-193.3970 0.0000
-193.4126 0.0000
-193.5011 0.0000
-193.3618 0.0000
-192.8115 0.0000
-193.0188 0.0000
-192.7631 0.0000
-193.0563 0.0000
-193.4565 0.0000
-192.5754 0.0000
-192.5375 0.0000
-192.7341 0.0000
-192.5423 0.0000
-192.6591 0.0000
-192.5984 0.0000
-192.0597 0.0000
-191.7956 0.0000
-191.6060 0.0000
-191.5492 0.0000
-191.2851 0.0000
-191.0915 0.0000
-191.0381 0.0000
-190.7137 0.0000
-190.8094 0.0000
-190.9854 0.0000
-190.9891 0.0000
-191.1529 0.0000
-191.1678 0.0000
-191.5876 0.0000
-191.4435 0.0000
-191.3648 0.0000
-191.7173 0.0000
-191.6353 0.0000
-191.2286 0.0000
-191.0446 0.0000
-190.9898 0.0000
-190.8051 0.0000
-190.4336 0.0000
-190.9416 0.0000
-190.4699 0.0000
-190.1681 0.0000
-190.5992 0.0000
-190.2133 0.0000
-190.3325 0.0000
-190.2675 0.0000
-190.2594 0.0000
-190.6101 0.0000
-190.2286 0.0000
-189.8925 0.0000
-190.4259 0.0000
-190.4304 0.0000
-190.1771 0.0000
-189.8873 0.0000
-189.6892 0.0000
-190.0077 0.0000
-189.8774 0.0000
-190.1646 0.0000
-190.1395 0.0000
-190.3364 0.0000
-190.6231 0.0000
-190.9863 0.0000
-191.4686 0.0000
-191.2918 0.0000
-191.0853 0.0000
-191.3125 0.0000
-191.0201 0.0000
-191.0408 0.0000
-190.7800 0.0000
-190.6343 0.0000
-191.2544 0.0000
-191.4668 0.0000
-192.0585 0.0000
-192.3297 0.0000
-191.9533 0.0000
-192.3689 0.0000
-192.4562 0.0000
-192.7057 0.0000
-192.6488 0.0000
-192.7314 0.0000
-192.9498 0.0000
-192.7223 0.0000
-193.2195 0.0000
-193.2252 0.0000
-192.3237 0.0000
-192.0103 0.0000
-192.1077 0.0000
-192.1090 0.0000
-191.7767 0.0000
-191.8794 0.0000
-192.6198 0.0000
-191.9484 0.0000
-191.6405 0.0000
-191.9913 0.0000
-192.0996 0.0000
-191.5657 0.0000
-191.7389 0.0000
-192.1773 0.0000
-192.4818 0.0000
-192.5445 0.0000
-192.5083 0.0000
-192.8596 0.0000
-192.4968 0.0000
-192.7603 0.0000
-192.4246 0.0000
-192.6836 0.0000
-192.8552 0.0000
-193.0166 0.0000
-192.8034 0.0000
-192.8660 0.0000
-192.8822 0.0000
-192.8412 0.0000
-192.4458 0.0000
-192.4230 0.0000
-192.5468 0.0000
-192.6825 0.0000
-192.9338 0.0000
-193.3417 0.0000
-193.1680 0.0000
-192.1417 0.0000
-191.9278 0.0000
-192.1726 0.0000
-192.2588 0.0000
-192.1602 0.0000
-192.6741 0.0000
-192.1318 0.0000
-191.7880 0.0000
-191.5820 0.0000
-191.5116 0.0000
-191.4672 0.0000
-191.6310 0.0000
-192.2064 0.0000
-191.7695 0.0000
-191.8211 0.0000
-191.8731 0.0000
-191.7286 0.0000
-191.4961 0.0000
-191.6213 0.0000
-191.6266 0.0000
-191.5176 0.0000
-191.3546 0.0000
-191.2496 0.0000
-191.7070 0.0000
-191.3652 0.0000
-190.9078 0.0000
-190.6902 0.0000
-190.9883 0.0000
-190.2774 0.0000
-190.4951 0.0000
-190.9822 0.0000
-190.3949 0.0000
-190.1801 0.0000
-189.7178 0.0000
-189.6853 0.0000
-189.2223 0.0000
-189.1408 0.0000
-189.4005 0.0000
-189.5913 0.0000
-189.6930 0.0000
-189.5739 0.0000
-189.9862 0.0000
-189.8255 0.0000
-189.9037 0.0000
-190.2481 0.0000
-190.8523 0.0000
-190.3240 0.0000
-190.6636 0.0000
-189.9935 0.0000
-190.2265 0.0000
-190.0640 0.0000
-190.3022 0.0000
-190.2018 0.0000
-190.6137 0.0000
-190.2665 0.0000
-190.1522 0.0000
-189.4613 0.0000
-189.6214 0.0000
-189.0751 0.0000
-188.8405 0.0000
-189.1612 0.0000
-189.4939 0.0000
-189.6912 0.0000
-189.5476 0.0000
-189.6564 0.0000
-189.2362 0.0000
-189.5240 0.0000
-189.2653 0.0000
-189.0672 0.0000
-189.2956 0.0000
-189.0636 0.0000
-189.3345 0.0000
-190.1133 0.0000
-190.0233 0.0000
-190.0552 0.0000
-190.0985 0.0000
-189.9306 0.0000
-189.6774 0.0000
-189.9167 0.0000
-190.1301 0.0000
-189.6293 0.0000
-190.1025 0.0000
-189.3794 0.0000
-189.1417 0.0000
-189.8278 0.0000
-189.1081 0.0000
-188.8637 0.0000
-189.3114 0.0000
-189.0661 0.0000
-189.1093 0.0000
-189.4338 0.0000
-189.4297 0.0000
-189.8475 0.0000
-190.0390 0.0000
-190.0710 0.0000
-190.1257 0.0000
-190.8751 0.0000
-190.0582 0.0000
-190.0840 0.0000
-189.9406 0.0000
-189.3304 0.0000
-189.3349 0.0000
-189.0265 0.0000
-189.3292 0.0000
-189.1504 0.0000
-188.8976 0.0000
-189.1087 0.0000
-189.2092 0.0000
-188.7083 0.0000
-188.3619 0.0000
-188.1804 0.0000
-188.3913 0.0000
-188.6103 0.0000
-188.6997 0.0000
-189.2380 0.0000
-188.8983 0.0000
-188.6392 0.0000
-189.0652 0.0000
-188.8556 0.0000
-188.7151 0.0000
-189.1014 0.0000
-188.7311 0.0000
-188.7196 0.0000
-188.7832 0.0000
-188.7359 0.0000
-188.9186 0.0000
-189.1583 0.0000
-189.3281 0.0000
-189.5003 0.0000
-189.8521 0.0000
-189.1432 0.0000
-188.8241 0.0000
-188.0537 0.0000
-187.7483 0.0000
-187.9579 0.0000
-187.8915 0.0000
-187.6281 0.0000
-187.7715 0.0000
-187.7309 0.0000
-187.6688 0.0000
-187.7038 0.0000
-187.7544 0.0000
-187.9632 0.0000
-187.9040 0.0000
-187.9112 0.0000
-188.1939 0.0000
-188.1025 0.0000
-188.0404 0.0000
-187.8952 0.0000
-188.0363 0.0000
-188.1169 0.0000
-188.3516 0.0000
-188.1442 0.0000
-188.1145 0.0000
-188.0226 0.0000
-187.8634 0.0000
-187.7243 0.0000
-187.7757 0.0000
-188.0891 0.0000
-187.6932 0.0000
-187.6602 0.0000
-187.9837 0.0000
-188.7398 0.0000
-188.2898 0.0000
-188.1789 0.0000
-188.1942 0.0000
-188.2974 0.0000
-188.1335 0.0000
-188.6648 0.0000
-188.3366 0.0000
-188.0721 0.0000
-188.4373 0.0000
-188.2786 0.0000
-188.2300 0.0000
-187.7581 0.0000
-187.9083 0.0000
-188.1082 0.0000
-188.2142 0.0000
-188.2487 0.0000
-187.7916 0.0000
-188.1284 0.0000
-188.2146 0.0000
-187.5599 0.0000
-187.8192 0.0000
-187.5125 0.0000
-187.0135 0.0000
-186.9879 0.0000
-187.3720 0.0000
-187.7330 0.0000
-187.7736 0.0000
-187.6832 0.0000
-187.7235 0.0000
-187.5001 0.0000
-187.6155 0.0000
-187.5957 0.0000
-187.1726 0.0000
-186.8733 0.0000
-186.9003 0.0000
-186.8507 0.0000
-187.2551 0.0000
-187.7636 0.0000
-187.8373 0.0000
-187.7035 0.0000
-188.9775 0.0000
-187.5640 0.0000
-188.3007 0.0000
-187.4822 0.0000
-188.3869 0.0000
-188.5590 0.0000
-188.2669 0.0000
-188.3104 0.0000
-188.6726 0.0000
-188.3975 0.0000
-188.8409 0.0000
-189.1852 0.0000
-188.6646 0.0000
-188.5852 0.0000
-188.8331 0.0000
-188.2227 0.0000
-188.3583 0.0000
-188.3618 0.0000
-188.3872 0.0000
-188.4883 0.0000
-188.4932 0.0000
-188.4831 0.0000
-189.0624 0.0000
-189.0757 0.0000
-188.6779 0.0000
-188.8395 0.0000
-189.0371 0.0000
-189.9555 0.0000
-189.2385 0.0000
-188.8050 0.0000
-188.5122 0.0000
-188.4100 0.0000
-188.0509 0.0000
-188.5758 0.0000
-188.8355 0.0000
-188.6417 0.0000
-188.5686 0.0000
-187.5678 0.0000
-187.2256 0.0000
-187.5439 0.0000
-188.0038 0.0000
-187.3084 0.0000
-187.0814 0.0000
-187.1244 0.0000
-186.6606 0.0000
-186.3084 0.0000
-186.1665 0.0000
-186.0050 0.0000
-185.8847 0.0000
-185.8369 0.0000
-185.9665 0.0000
-186.0650 0.0000
-185.8243 0.0000
-185.7311 0.0000
-185.5157 0.0000
-185.7951 0.0000
-186.1409 0.0000
-185.6796 0.0000
-185.8446 0.0000
-185.7367 0.0000
-186.0961 0.0000
-186.0563 0.0000
-186.6633 0.0000
-186.5166 0.0000
-186.7254 0.0000
-187.0581 0.0000
-187.2725 0.0000
-186.9296 0.0000
-187.0471 0.0000
-187.4368 0.0000
-187.4927 0.0000
-187.1606 0.0000
-186.9812 0.0000
-186.9820 0.0000
-187.0833 0.0000
-187.0742 0.0000
-187.4049 0.0000
-187.3309 0.0000
-187.8830 0.0000
-187.5389 0.0000
-187.4072 0.0000
-187.3905 0.0000
-187.2173 0.0000
-187.3824 0.0000
-186.9998 0.0000
-187.5582 0.0000
-187.3053 0.0000
-187.4398 0.0000
-187.3923 0.0000
-187.5600 0.0000
-187.1348 0.0000
-187.4321 0.0000
-186.9542 0.0000
-186.6289 0.0000
-186.7147 0.0000
-186.9084 0.0000
-186.8786 0.0000
-186.7290 0.0000
-186.5406 0.0000
-186.6141 0.0000
-186.6522 0.0000
-187.0645 0.0000
-188.0900 0.0000
-186.7963 0.0000
-186.7342 0.0000
-186.9585 0.0000
-187.2220 0.0000
-187.3243 0.0000
-187.3542 0.0000
-187.7748 0.0000
-187.7312 0.0000
-187.8804 0.0000
-187.9332 0.0000
-188.0046 0.0000
-187.7122 0.0000
-187.7665 0.0000
-187.5206 0.0000
-187.6800 0.0000
-187.4074 0.0000
-187.9129 0.0000
-187.9052 0.0000
-187.8078 0.0000
-188.0835 0.0000
-187.7431 0.0000
-187.7786 0.0000
-188.1730 0.0000
-188.2155 0.0000
-188.6181 0.0000
-188.2928 0.0000
-188.1777 0.0000
-188.3463 0.0000
-188.6929 0.0000
-188.3653 0.0000
-188.1135 0.0000
-187.6181 0.0000
-187.7536 0.0000
-187.4995 0.0000
-188.0723 0.0000
-187.0715 0.0000
-187.0030 0.0000
-186.7313 0.0000
-186.5727 0.0000
-186.6874 0.0000
-186.7799 0.0000
-186.7745 0.0000
-186.8336 0.0000
-187.1308 0.0000
-187.0352 0.0000
-187.0321 0.0000
-186.8258 0.0000
-186.7682 0.0000
-186.7769 0.0000
-186.6352 0.0000
-185.8485 0.0000
-186.0027 0.0000
-185.8564 0.0000
-185.7501 0.0000
-186.1592 0.0000
-186.1039 0.0000
-186.0060 0.0000
-186.0368 0.0000
-186.0753 0.0000
-186.0268 0.0000
-186.0288 0.0000
-185.8515 0.0000
-185.7037 0.0000
-185.8558 0.0000
-185.7512 0.0000
-186.0288 0.0000
-186.2329 0.0000
-185.8770 0.0000
-186.0193 0.0000
-185.8431 0.0000
-185.8525 0.0000
-185.7180 0.0000
-185.6272 0.0000
-185.5197 0.0000
-185.9216 0.0000
-185.5477 0.0000
-186.2326 0.0000
-185.2382 0.0000
-185.5919 0.0000
-185.5342 0.0000
-185.4458 0.0000
-185.9014 0.0000
-185.4884 0.0000
-185.6469 0.0000
-185.9346 0.0000
-186.3834 0.0000
-185.7689 0.0000
-185.5519 0.0000
-185.5217 0.0000
-185.4083 0.0000
-185.0859 0.0000
-184.9257 0.0000
-185.0277 0.0000
-184.8349 0.0000
-184.8268 0.0000
-185.2995 0.0000
-186.3407 0.0000
-185.9871 0.0000
-185.3566 0.0000
-185.9817 0.0000
-186.5203 0.0000
-186.1515 0.0000
-186.3960 0.0000
-186.7576 0.0000
-186.9304 0.0000
-186.2104 0.0000
-185.5898 0.0000
-185.7385 0.0000
-185.7058 0.0000
-185.5449 0.0000
-185.3972 0.0000
-186.0662 0.0000
-185.7442 0.0000
-185.8434 0.0000
-186.3082 0.0000
-186.7804 0.0000
-187.5521 0.0000
-187.0617 0.0000
-186.1167 0.0000
-186.8503 0.0000
-186.7987 0.0000
-186.8413 0.0000
-187.9916 0.0000
-186.4262 0.0000
-186.6041 0.0000
-186.4570 0.0000
-186.4433 0.0000
-186.4759 0.0000
-186.3423 0.0000
-187.0353 0.0000
-186.0658 0.0000
-185.7325 0.0000
-185.5321 0.0000
-185.7665 0.0000
-185.5369 0.0000
-186.2746 0.0000
-186.3075 0.0000
-185.8605 0.0000
-185.8297 0.0000
-186.2470 0.0000
-186.7347 0.0000
-187.6150 0.0000
-186.9408 0.0000
-187.3994 0.0000
-187.4692 0.0000
-187.7853 0.0000
-187.8080 0.0000
-187.9779 0.0000
-187.5909 0.0000
-186.8673 0.0000
-186.6750 0.0000
-186.5708 0.0000
-186.1789 0.0000
-186.3713 0.0000
-187.0681 0.0000
-187.4740 0.0000
-188.6235 0.0000
-187.4510 0.0000
-187.7557 0.0000
-188.0030 0.0000
-187.4860 0.0000
-188.0533 0.0000
-187.5848 0.0000
-187.5217 0.0000
-187.9328 0.0000
-187.5900 0.0000
-187.4131 0.0000
-187.3676 0.0000
-187.6540 0.0000
-188.1527 0.0000
-183.4335 0.0000
-183.3208 0.0000
-183.4743 0.0000
-183.5838 0.0000
-183.3475 0.0000
-183.6767 0.0000
-184.0011 0.0000
-184.0816 0.0000
-183.8475 0.0000
-183.7875 0.0000
-183.8803 0.0000
-184.2584 0.0000
-183.6013 0.0000
-183.9307 0.0000
-183.6717 0.0000
-183.5876 0.0000
-184.1383 0.0000
-183.4713 0.0000
-183.3320 0.0000
-182.8953 0.0000
-182.5141 0.0000
-182.3974 0.0000
-182.7018 0.0000
-182.9767 0.0000
-182.7999 0.0000
-182.8277 0.0000
-182.8408 0.0000
-182.9712 0.0000
-182.8631 0.0000
-182.9661 0.0000
-182.8918 0.0000
-183.5710 0.0000
-183.9510 0.0000
-184.1710 0.0000
-184.2630 0.0000
-184.4342 0.0000
-184.4040 0.0000
-184.5067 0.0000
-184.5606 0.0000
-184.7202 0.0000
-184.7130 0.0000
-184.9182 0.0000
-184.7369 0.0000
-184.5783 0.0000
-184.7873 0.0000
-184.6733 0.0000
-185.0364 0.0000
-185.0070 0.0000
-185.1773 0.0000
-185.7709 0.0000
-186.7382 0.0000
-186.0834 0.0000
-185.7444 0.0000
-185.8440 0.0000
-186.0361 0.0000
-185.3364 0.0000
-185.0451 0.0000
-185.4182 0.0000
-185.5909 0.0000
-185.9438 0.0000
-186.1395 0.0000
-186.2245 0.0000
-186.6604 0.0000
-187.4378 0.0000
-187.2415 0.0000
-187.6368 0.0000
-187.2019 0.0000
-186.3553 0.0000
-186.6081 0.0000
-186.3186 0.0000
-186.4814 0.0000
-186.0901 0.0000
-185.7569 0.0000
-185.8102 0.0000
-186.5943 0.0000
-186.1548 0.0000
-186.3707 0.0000
-186.1609 0.0000
-185.6172 0.0000
-185.4743 0.0000
-186.0133 0.0000
-185.8356 0.0000
-185.5790 0.0000
-185.4706 0.0000
-185.3987 0.0000
-185.8844 0.0000
-185.4000 0.0000
-185.3286 0.0000
-185.3955 0.0000
-185.5785 0.0000
-185.1810 0.0000
-185.2103 0.0000
-185.0062 0.0000
-184.9521 0.0000
-185.1773 0.0000
-185.2301 0.0000
-185.0163 0.0000
-185.0089 0.0000
-185.0178 0.0000
-185.2102 0.0000
-185.2226 0.0000
-185.4897 0.0000
-185.7346 0.0000
-185.6102 0.0000
-185.5996 0.0000
-185.4193 0.0000
-185.6545 0.0000
-185.1818 0.0000
-185.3691 0.0000
-185.4202 0.0000
-185.2326 0.0000
-185.1924 0.0000
-184.8041 0.0000
-184.7692 0.0000
-184.7692 0.0000
-185.0579 0.0000
-184.7945 0.0000
-184.8181 0.0000
-184.8684 0.0000
-185.0531 0.0000
-184.9706 0.0000
-184.8922 0.0000
-185.2065 0.0000
-184.5740 0.0000
-184.4367 0.0000
-184.4869 0.0000
-184.3365 0.0000
-184.2184 0.0000
-184.2477 0.0000
-184.4309 0.0000
-184.1756 0.0000
-184.0570 0.0000
-184.1022 0.0000
-184.1900 0.0000
-184.0591 0.0000
-183.9184 0.0000
-183.7830 0.0000
-183.7974 0.0000
-183.6207 0.0000
-183.8336 0.0000
-183.6738 0.0000
-183.6780 0.0000
-184.1932 0.0000
-183.3412 0.0000
-183.5878 0.0000
-183.3920 0.0000
-183.2792 0.0000
-183.0228 0.0000
-183.3301 0.0000
-183.4685 0.0000
-183.5442 0.0000
-183.3725 0.0000
-183.6083 0.0000
-183.7372 0.0000
-184.2329 0.0000
-184.2358 0.0000
-184.1067 0.0000
-184.2394 0.0000
-184.4229 0.0000
-184.3437 0.0000
-184.2174 0.0000
-183.8381 0.0000
-184.1333 0.0000
-183.8808 0.0000
-183.5174 0.0000
-183.8404 0.0000
-183.7004 0.0000
-183.6728 0.0000
-183.5507 0.0000
-183.5683 0.0000
-183.6920 0.0000
-183.4149 0.0000
-183.6651 0.0000
-183.8836 0.0000
-184.4006 0.0000
-183.6471 0.0000
-183.6110 0.0000
-183.4899 0.0000
-183.3086 0.0000
-183.3706 0.0000
-183.0064 0.0000
-182.8090 0.0000
-182.9976 0.0000
-183.3498 0.0000
-183.1029 0.0000
-183.2660 0.0000
-183.1641 0.0000
-183.2023 0.0000
-183.2061 0.0000
-183.1787 0.0000
-183.3800 0.0000
-183.3450 0.0000
-182.9805 0.0000
-183.1595 0.0000
-183.0374 0.0000
-183.3223 0.0000
-183.2783 0.0000
-182.9559 0.0000
-182.4939 0.0000
-183.1493 0.0000
-183.0385 0.0000
-182.7977 0.0000
-182.5889 0.0000
-182.8163 0.0000
-183.2998 0.0000
-182.8625 0.0000
-182.9338 0.0000
-182.7982 0.0000
-182.9356 0.0000
-183.1043 0.0000
-183.0788 0.0000
-182.8797 0.0000
-183.1016 0.0000
-183.0691 0.0000
-183.0091 0.0000
-183.1616 0.0000
-182.8065 0.0000
-183.1414 0.0000
-183.5474 0.0000
-183.7837 0.0000
-184.1105 0.0000
-184.0097 0.0000
-183.9395 0.0000
-184.1452 0.0000
-183.4965 0.0000
-183.6566 0.0000
-183.6598 0.0000
-183.9665 0.0000
-184.1076 0.0000
-184.0967 0.0000
-183.9244 0.0000
-183.5392 0.0000
-183.3077 0.0000
-183.3257 0.0000
-183.5554 0.0000
-183.3736 0.0000
-184.2295 0.0000
-183.3402 0.0000
-183.6244 0.0000
-183.9495 0.0000
-183.7241 0.0000
-183.9870 0.0000
-183.8903 0.0000
-183.8103 0.0000
-183.6491 0.0000
-183.3127 0.0000
-183.7541 0.0000
-183.8835 0.0000
-184.0361 0.0000
-184.2830 0.0000
-183.8544 0.0000
-183.6269 0.0000
-183.8406 0.0000
-183.8064 0.0000
-183.6190 0.0000
-183.6494 0.0000
-184.0404 0.0000
-184.3413 0.0000
-183.4592 0.0000
-183.7113 0.0000
-183.8053 0.0000
-183.7695 0.0000
-183.5133 0.0000
-183.8742 0.0000
-183.3652 0.0000
-183.3694 0.0000
-183.5360 0.0000
-183.1778 0.0000
-183.1293 0.0000
-182.9593 0.0000
-183.1558 0.0000
-183.3379 0.0000
-183.5984 0.0000
-183.5975 0.0000
-183.8592 0.0000
-183.9469 0.0000
-183.7094 0.0000
-184.2733 0.0000
-184.1226 0.0000
-184.1276 0.0000
-184.2316 0.0000
-184.2962 0.0000
-184.1067 0.0000
-183.9716 0.0000
-183.6354 0.0000
-183.4268 0.0000
-183.5611 0.0000
-183.7417 0.0000
-183.9420 0.0000
-184.5852 0.0000
-183.7338 0.0000
-183.9104 0.0000
-184.2110 0.0000
-184.4376 0.0000
-184.4607 0.0000
-183.5905 0.0000
-183.2268 0.0000
-182.9211 0.0000
-182.7887 0.0000
-182.8125 0.0000
-182.0718 0.0000
-182.3073 0.0000
-182.3216 0.0000
-182.3246 0.0000
-182.2589 0.0000
-182.3625 0.0000
-182.2110 0.0000
-182.3632 0.0000
-182.3216 0.0000
-182.2224 0.0000
-182.4394 0.0000
-182.9241 0.0000
-182.7969 0.0000
-182.6080 0.0000
-182.7119 0.0000
-183.1226 0.0000
-182.8935 0.0000
-182.8493 0.0000
-182.8162 0.0000
-183.2715 0.0000
-183.0181 0.0000
-182.9834 0.0000
-182.8439 0.0000
-182.6126 0.0000
-182.4356 0.0000
-182.5887 0.0000
-182.6852 0.0000
-182.2796 0.0000
-182.2487 0.0000
-182.2247 0.0000
-182.3336 0.0000
-182.3482 0.0000
-182.5942 0.0000
-182.3766 0.0000
-182.2620 0.0000
-182.2085 0.0000
-182.0023 0.0000
-182.2193 0.0000
-182.4481 0.0000
-182.4054 0.0000
-182.4604 0.0000
-182.4720 0.0000
-182.3204 0.0000
-182.2984 0.0000
-182.3130 0.0000
-182.5325 0.0000
-182.4807 0.0000
-182.5451 0.0000
-182.7019 0.0000
-182.4983 0.0000
-182.5807 0.0000
-182.6413 0.0000
-182.6424 0.0000
-182.5845 0.0000
-182.6828 0.0000
-182.9221 0.0000
-182.8784 0.0000
-183.0069 0.0000
-183.1288 0.0000
-182.9367 0.0000
-183.1955 0.0000
-183.6748 0.0000
-183.6118 0.0000
-183.5498 0.0000
-183.6219 0.0000
-183.0645 0.0000
-183.1436 0.0000
-183.0982 0.0000
-183.2559 0.0000
-183.2816 0.0000
-183.3507 0.0000
-183.3348 0.0000
-183.2290 0.0000
-183.1154 0.0000
-183.1460 0.0000
-183.1712 0.0000
-183.1536 0.0000
-183.2097 0.0000
-183.1964 0.0000
-183.4817 0.0000
-183.5712 0.0000
-183.4747 0.0000
-183.7799 0.0000
-183.8354 0.0000
-184.2284 0.0000
-184.2574 0.0000
-184.0103 0.0000
-184.1657 0.0000
-184.5823 0.0000
-184.8938 0.0000
-184.7394 0.0000
-185.1578 0.0000
-185.4264 0.0000
-185.1228 0.0000
-184.9062 0.0000
-185.4846 0.0000
-184.8361 0.0000
-184.8073 0.0000
-184.7745 0.0000
-184.8173 0.0000
-183.5144 0.0000
-183.2641 0.0000
-183.0442 0.0000
-183.0581 0.0000
-183.1143 0.0000
-183.1079 0.0000
-183.2505 0.0000
-183.3270 0.0000
-183.2977 0.0000
-183.3407 0.0000
-183.2192 0.0000
-183.2593 0.0000
-183.6411 0.0000
-183.3489 0.0000
-183.2724 0.0000
-183.3189 0.0000
-183.3862 0.0000
-183.4739 0.0000
-183.2590 0.0000
-183.4504 0.0000
-183.4197 0.0000
-183.4380 0.0000
-183.1140 0.0000
-183.1266 0.0000
-183.0546 0.0000
-183.2664 0.0000
-183.2570 0.0000
-183.2990 0.0000
-183.8245 0.0000
-183.9109 0.0000
-184.1128 0.0000
-183.2098 0.0000
-182.9251 0.0000
-182.8352 0.0000
-182.9738 0.0000
-182.7196 0.0000
-182.5389 0.0000
-182.3656 0.0000
-182.4304 0.0000
-182.2237 0.0000
-182.2403 0.0000
-182.0183 0.0000
-182.0362 0.0000
-182.2707 0.0000
-182.4339 0.0000
-182.1304 0.0000
-182.0812 0.0000
-182.1281 0.0000
-182.2271 0.0000
-182.4968 0.0000
-182.9679 0.0000
-182.8371 0.0000
-182.9435 0.0000
-183.0529 0.0000
-183.0075 0.0000
-183.0809 0.0000
-183.0253 0.0000
-183.0127 0.0000
-183.1535 0.0000
-182.8918 0.0000
-182.9672 0.0000
-183.2970 0.0000
-183.0995 0.0000
-182.9498 0.0000
-183.1204 0.0000
-182.9916 0.0000
-182.8791 0.0000
-182.7554 0.0000
-182.9963 0.0000
-183.0170 0.0000
-182.5552 0.0000
-182.8718 0.0000
-182.6989 0.0000
-182.8105 0.0000
-182.5988 0.0000
-182.8434 0.0000
-182.9738 0.0000
-182.9654 0.0000
-183.4376 0.0000
-183.4760 0.0000
-183.4727 0.0000
-183.5645 0.0000
-183.6005 0.0000
-183.4653 0.0000
-183.3444 0.0000
-183.6382 0.0000
-183.6380 0.0000
-184.0259 0.0000
-183.9448 0.0000
-183.5633 0.0000
-183.3005 0.0000
-183.8046 0.0000
-184.1443 0.0000
-184.1026 0.0000
-184.0495 0.0000
-183.9816 0.0000
-183.5238 0.0000
-183.6725 0.0000
-183.4877 0.0000
-184.0123 0.0000
-180.2216 0.0000
-180.4590 0.0000
-180.8605 0.0000
-180.9439 0.0000
-180.8080 0.0000
-180.9150 0.0000
-180.7579 0.0000
-181.0508 0.0000
-181.1960 0.0000
-181.3059 0.0000
-181.3647 0.0000
-181.5694 0.0000
-181.6261 0.0000
-181.7433 0.0000
-181.3329 0.0000
-180.9082 0.0000
-180.8472 0.0000
-180.5565 0.0000
-180.7952 0.0000
-180.7534 0.0000
-181.0422 0.0000
-181.0511 0.0000
-181.0105 0.0000
-181.1976 0.0000
-181.7784 0.0000
-180.7763 0.0000
-180.6362 0.0000
-180.9405 0.0000
-180.5680 0.0000
-180.9643 0.0000
-181.0520 0.0000
-180.9558 0.0000
-180.8784 0.0000
-181.2736 0.0000
-180.9680 0.0000
-181.0714 0.0000
-181.0423 0.0000
-180.9823 0.0000
-180.9253 0.0000
-180.9265 0.0000
-180.5745 0.0000
-180.6123 0.0000
-180.5588 0.0000
-180.7452 0.0000
-181.3053 0.0000
-180.8058 0.0000
-181.0769 0.0000
-181.1944 0.0000
-181.0303 0.0000
-181.1412 0.0000
-181.0592 0.0000
-180.8951 0.0000
-180.9417 0.0000
-180.7083 0.0000
-180.5318 0.0000
-180.3551 0.0000
-180.4434 0.0000
-180.4807 0.0000
-180.6312 0.0000
-180.4845 0.0000
-180.3929 0.0000
-180.3891 0.0000
-180.1678 0.0000
-180.3365 0.0000
-180.2127 0.0000
-180.2329 0.0000
-180.1272 0.0000
-180.3210 0.0000
-180.1780 0.0000
-180.1868 0.0000
-180.2769 0.0000
-180.1465 0.0000
-180.2085 0.0000
-180.3383 0.0000
-180.3803 0.0000
-180.2788 0.0000
-180.1100 0.0000
-180.2321 0.0000
-179.8578 0.0000
-179.6996 0.0000
-179.7852 0.0000
-179.6824 0.0000
-179.7257 0.0000
-179.7201 0.0000
-179.7389 0.0000
-179.6307 0.0000
-179.7864 0.0000
-179.7684 0.0000
-180.1775 0.0000
-180.3463 0.0000
-180.5737 0.0000
-180.4142 0.0000
-180.5689 0.0000
-180.8641 0.0000
-180.4707 0.0000
-180.4072 0.0000
-180.4293 0.0000
-180.3785 0.0000
-180.4847 0.0000
-180.8005 0.0000
-180.5352 0.0000
-180.6221 0.0000
-180.4406 0.0000
-180.4485 0.0000
-180.2862 0.0000
-180.1900 0.0000
-180.1140 0.0000
-180.1902 0.0000
-180.1530 0.0000
-180.2977 0.0000
-180.2324 0.0000
-180.1795 0.0000
-180.2417 0.0000
-180.3023 0.0000
-180.4998 0.0000
-180.7640 0.0000
-180.8942 0.0000
-180.8900 0.0000
-181.1016 0.0000
-181.1123 0.0000
-181.1941 0.0000
-181.0376 0.0000
-180.9893 0.0000
-181.0379 0.0000
-180.8732 0.0000
-181.0183 0.0000
-181.0911 0.0000
-180.9920 0.0000
-181.1517 0.0000
-181.1626 0.0000
-181.0435 0.0000
-181.0910 0.0000
-181.1282 0.0000
-181.1626 0.0000
-181.3876 0.0000
-181.0206 0.0000
-181.3626 0.0000
-181.2408 0.0000
-181.0425 0.0000
-180.9211 0.0000
-180.9580 0.0000
-181.1796 0.0000
-181.0894 0.0000
-181.4914 0.0000
-181.4807 0.0000
-181.0662 0.0000
-181.1306 0.0000
-181.0979 0.0000
-180.8768 0.0000
-181.1238 0.0000
-181.3874 0.0000
-181.2681 0.0000
-181.1186 0.0000
-181.0896 0.0000
-181.1386 0.0000
-181.4207 0.0000
-181.4356 0.0000
-181.5521 0.0000
-181.5883 0.0000
-181.8426 0.0000
-181.9817 0.0000
-182.0946 0.0000
-182.3173 0.0000
-182.4819 0.0000
-182.5463 0.0000
-182.8956 0.0000
-182.5678 0.0000
-182.8116 0.0000
-182.7715 0.0000
-183.3338 0.0000
-183.4231 0.0000
-183.9769 0.0000
-184.2879 0.0000
-184.6999 0.0000
-184.2216 0.0000
-184.3320 0.0000
-184.2838 0.0000
-184.6378 0.0000
-185.0318 0.0000
-184.6834 0.0000
-185.3373 0.0000
-184.9883 0.0000
-184.9585 0.0000
-185.5914 0.0000
-186.2664 0.0000
-185.6452 0.0000
-185.9890 0.0000
-185.9811 0.0000
-185.8380 0.0000
-186.2911 0.0000
-185.7101 0.0000
-185.3795 0.0000
-185.5202 0.0000
-185.7910 0.0000
-185.4816 0.0000
-185.5938 0.0000
-185.2556 0.0000
-185.1534 0.0000
-185.4496 0.0000
-185.3541 0.0000
-184.6838 0.0000
-184.3140 0.0000
-184.4017 0.0000
-184.5679 0.0000
-184.7016 0.0000
-184.4222 0.0000
-183.8826 0.0000
-184.4284 0.0000
-184.8503 0.0000
-184.7898 0.0000
-184.6071 0.0000
-184.3512 0.0000
-184.2934 0.0000
-183.6989 0.0000
-183.5535 0.0000
-183.8204 0.0000
-183.2287 0.0000
-182.7270 0.0000
-182.3640 0.0000
-182.1559 0.0000
-182.1798 0.0000
-182.0616 0.0000
-182.1534 0.0000
-182.0903 0.0000
-181.9796 0.0000
-181.9057 0.0000
-181.6862 0.0000
-181.9319 0.0000
-181.6768 0.0000
-181.6397 0.0000
-181.7868 0.0000
-181.3038 0.0000
-181.1898 0.0000
-180.9495 0.0000
-181.2718 0.0000
-181.2086 0.0000
-180.9649 0.0000
-181.1393 0.0000
-181.1310 0.0000
-181.1841 0.0000
-180.9532 0.0000
-181.0280 0.0000
-180.7943 0.0000
-180.8189 0.0000
-180.8156 0.0000
-180.8990 0.0000
-181.0576 0.0000
-180.9642 0.0000
-180.9566 0.0000
-180.7973 0.0000
-181.2521 0.0000
-180.9314 0.0000
-180.7736 0.0000
-180.9134 0.0000
-181.1701 0.0000
-181.3589 0.0000
-181.3342 0.0000
-181.5835 0.0000
-181.3595 0.0000
-181.0771 0.0000
-181.1381 0.0000
-181.1730 0.0000
-181.4512 0.0000
-181.3628 0.0000
-181.7369 0.0000
-181.5326 0.0000
-181.1450 0.0000
-181.6044 0.0000
-181.2762 0.0000
-181.4315 0.0000
-181.2948 0.0000
-181.1122 0.0000
-181.2183 0.0000
-181.3786 0.0000
-181.6698 0.0000
-181.6604 0.0000
-181.8080 0.0000
-181.7933 0.0000
-181.9804 0.0000
-181.7047 0.0000
-181.5384 0.0000
-181.7473 0.0000
-181.9506 0.0000
-181.8272 0.0000
-181.8590 0.0000
-181.6768 0.0000
-181.6891 0.0000
-181.9605 0.0000
-181.8403 0.0000
-182.0460 0.0000
-182.0715 0.0000
-182.0983 0.0000
-181.9377 0.0000
-182.1863 0.0000
-181.9753 0.0000
-181.7700 0.0000
-181.8786 0.0000
-181.9204 0.0000
-181.8178 0.0000
-181.9034 0.0000
-181.7881 0.0000
-181.7828 0.0000
-181.9497 0.0000
-181.6890 0.0000
-181.8906 0.0000
-181.6752 0.0000
-181.9632 0.0000
-181.7978 0.0000
-182.0154 0.0000
-182.2036 0.0000
-181.5240 0.0000
-181.3175 0.0000
-181.5584 0.0000
-181.6613 0.0000
-181.7282 0.0000
-181.9616 0.0000
-181.9922 0.0000
-181.8801 0.0000
-181.7905 0.0000
-181.8587 0.0000
-182.0674 0.0000
-181.9861 0.0000
-182.1347 0.0000
-182.2091 0.0000
-181.8759 0.0000
-182.0354 0.0000
-181.9110 0.0000
-181.7433 0.0000
-182.0203 0.0000
-182.2937 0.0000
-182.3289 0.0000
-182.4694 0.0000
-182.4270 0.0000
-182.3771 0.0000
-182.4256 0.0000
-182.0406 0.0000
-181.4953 0.0000
-181.1192 0.0000
-181.0204 0.0000
-181.2479 0.0000
-181.4440 0.0000
-181.4296 0.0000
-181.4654 0.0000
-181.8711 0.0000
-181.9658 0.0000
-181.7619 0.0000
-182.0295 0.0000
-181.8684 0.0000
-181.6555 0.0000
-181.4547 0.0000
-181.6437 0.0000
-181.9383 0.0000
-181.8918 0.0000
-181.7385 0.0000
-181.6705 0.0000
-181.2395 0.0000
-180.9293 0.0000
-180.9653 0.0000
-181.0903 0.0000
-181.3883 0.0000
-181.1155 0.0000
-180.8960 0.0000
-180.8483 0.0000
-181.1174 0.0000
-181.4025 0.0000
-181.4336 0.0000
-181.3560 0.0000
-181.3824 0.0000
-181.6595 0.0000
-181.8447 0.0000
-182.4395 0.0000
-182.1347 0.0000
-182.0876 0.0000
-182.2479 0.0000
-182.3367 0.0000
-182.3216 0.0000
-182.6065 0.0000
-182.8676 0.0000
-182.6917 0.0000
-182.8472 0.0000
-182.7611 0.0000
-182.9034 0.0000
-182.9247 0.0000
-182.9060 0.0000
-182.5861 0.0000
-182.1911 0.0000
-182.0910 0.0000
-181.7228 0.0000
-181.3522 0.0000
-181.2965 0.0000
-181.4846 0.0000
-181.2637 0.0000
-180.8982 0.0000
-180.9241 0.0000
-180.6876 0.0000
-180.7089 0.0000
-180.7251 0.0000
-180.6033 0.0000
-180.5369 0.0000
-180.8463 0.0000
-180.7798 0.0000
-180.4782 0.0000
-180.3770 0.0000
-180.3365 0.0000
-180.3678 0.0000
-180.4439 0.0000
-179.9958 0.0000
-180.0051 0.0000
-180.1406 0.0000
-180.1119 0.0000
-180.1510 0.0000
-180.0890 0.0000
-180.4839 0.0000
-180.5492 0.0000
-180.5291 0.0000
-180.6546 0.0000
-180.6137 0.0000
-181.0522 0.0000
-181.5718 0.0000
-181.5760 0.0000
-181.4421 0.0000
-181.8195 0.0000
-181.4345 0.0000
-181.5436 0.0000
-181.8575 0.0000
-181.9251 0.0000
-182.2141 0.0000
-182.2539 0.0000
-182.9049 0.0000
-182.9071 0.0000
-183.5425 0.0000
-183.1173 0.0000
-183.2817 0.0000
-183.6952 0.0000
-183.6208 0.0000
-183.4060 0.0000
-182.9943 0.0000
-183.0630 0.0000
-182.8299 0.0000
-183.4152 0.0000
-182.9979 0.0000
-183.3413 0.0000
-182.9002 0.0000
-183.0439 0.0000
-183.4697 0.0000
-183.1721 0.0000
-183.2816 0.0000
-183.4763 0.0000
-183.1490 0.0000
-182.8571 0.0000
-182.7538 0.0000
-182.6881 0.0000
-182.7732 0.0000
-182.4779 0.0000
-182.2622 0.0000
-181.9461 0.0000
-182.0169 0.0000
-182.1916 0.0000
-182.1306 0.0000
-182.4517 0.0000
-182.2026 0.0000
-182.0767 0.0000
-182.1431 0.0000
-182.0547 0.0000
-182.1514 0.0000
-182.4185 0.0000
-182.5182 0.0000
-182.4127 0.0000
-182.6641 0.0000
-182.4575 0.0000
-182.5242 0.0000
-183.0233 0.0000
-183.3005 0.0000
-183.3964 0.0000
-183.5063 0.0000
-183.1657 0.0000
-183.3626 0.0000
-182.8842 0.0000
-182.6914 0.0000
-182.4420 0.0000
-182.6529 0.0000
-182.5650 0.0000
-182.6308 0.0000
-182.6763 0.0000
-182.3323 0.0000
-182.5065 0.0000
-182.5532 0.0000
-182.3823 0.0000
-182.6514 0.0000
-183.0808 0.0000
-182.9326 0.0000
-182.9479 0.0000
-183.0968 0.0000
-182.9216 0.0000
-182.8459 0.0000
-182.6543 0.0000
-183.2171 0.0000
-183.3840 0.0000
-183.4815 0.0000
