-100.0000 -100.0000
-335.3814 0.0000
-333.7388 0.0000
-334.0271 0.0000
-334.3776 0.0000
-334.6107 0.0000
-336.4540 0.0000
-336.5849 0.0000
-335.3351 0.0000
-333.7859 0.0000
-333.3182 0.0000
-333.7273 0.0000
-333.7784 0.0000
-334.5902 0.0000
-335.6344 0.0000
-335.7661 0.0000
-335.3816 0.0000
-335.5865 0.0000
-335.2941 0.0000
-335.8101 0.0000
-334.9510 0.0000
-335.4858 0.0000
-334.7117 0.0000
-334.9414 0.0000
-335.9222 0.0000
-335.1452 0.0000
-335.1761 0.0000
-334.9024 0.0000
-335.0125 0.0000
-333.8547 0.0000
-333.1967 0.0000
-330.8074 0.0000
-330.7000 0.0000
-330.3355 0.0000
-328.5735 0.0000
-329.3324 0.0000
-329.0150 0.0000
-328.5757 0.0000
-328.4891 0.0000
-327.5489 0.0000
-328.4386 0.0000
-327.7768 0.0000
-326.8238 0.0000
-326.1574 0.0000
-326.0937 0.0000
-325.4181 0.0000
-324.9036 0.0000
-324.5853 0.0000
-325.5195 0.0000
-325.8232 0.0000
-326.4685 0.0000
-327.5283 0.0000
-328.2436 0.0000
-326.9041 0.0000
-327.3553 0.0000
-327.4565 0.0000
-327.9558 0.0000
-328.3752 0.0000
-327.9473 0.0000
-327.8874 0.0000
-327.8146 0.0000
-328.4119 0.0000
-328.3158 0.0000
-328.4980 0.0000
-328.1308 0.0000
-328.3586 0.0000
-328.4892 0.0000
-328.5849 0.0000
-329.4549 0.0000
-328.8751 0.0000
-328.7360 0.0000
-328.9249 0.0000
-329.5301 0.0000
-330.0678 0.0000
-329.3510 0.0000
-329.4101 0.0000
-328.9953 0.0000
-329.9137 0.0000
-330.1143 0.0000
-328.8428 0.0000
-329.3263 0.0000
-329.5844 0.0000
-329.4860 0.0000
-329.2596 0.0000
-328.1740 0.0000
-327.6710 0.0000
-327.2534 0.0000
-327.1543 0.0000
-327.0191 0.0000
-326.8543 0.0000
-327.3165 0.0000
-327.4144 0.0000
-327.8299 0.0000
-327.5278 0.0000
-327.8795 0.0000
-328.1173 0.0000
-327.6555 0.0000
-327.9775 0.0000
-328.5277 0.0000
-327.8334 0.0000
-327.8458 0.0000
-328.0895 0.0000
-326.9521 0.0000
-327.4471 0.0000
-327.7564 0.0000
-327.9570 0.0000
-327.2997 0.0000
-327.3655 0.0000
-325.9753 0.0000
-326.1735 0.0000
-325.6815 0.0000
-325.6799 0.0000
-324.2979 0.0000
-323.8118 0.0000
-323.5109 0.0000
-322.6067 0.0000
-322.2688 0.0000
-322.4748 0.0000
-322.9309 0.0000
-322.4262 0.0000
-322.3925 0.0000
-321.0369 0.0000
-319.2509 0.0000
-317.9298 0.0000
-317.6954 0.0000
-318.1014 0.0000
-317.5099 0.0000
-316.2926 0.0000
-315.3864 0.0000
-315.1514 0.0000
-314.1780 0.0000
-315.8021 0.0000
-315.7092 0.0000
-316.5140 0.0000
-316.5794 0.0000
-316.7974 0.0000
-316.8392 0.0000
-317.7050 0.0000
-317.5616 0.0000
-317.8092 0.0000
-318.9319 0.0000
-317.9199 0.0000
-317.5597 0.0000
-317.3956 0.0000
-318.2618 0.0000
-318.3613 0.0000
-316.0765 0.0000
-316.4657 0.0000
-316.4040 0.0000
-315.6268 0.0000
-314.6969 0.0000
-315.2503 0.0000
-313.4381 0.0000
-313.2612 0.0000
-313.6809 0.0000
-313.3000 0.0000
-312.0775 0.0000
-311.9072 0.0000
-313.5115 0.0000
-313.3149 0.0000
-311.1638 0.0000
-310.9479 0.0000
-311.0825 0.0000
-312.9683 0.0000
-314.1283 0.0000
-312.6756 0.0000
-312.8776 0.0000
-312.9010 0.0000
-311.5334 0.0000
-310.8165 0.0000
-311.2398 0.0000
-311.8256 0.0000
-312.7156 0.0000
-312.7515 0.0000
-312.6727 0.0000
-313.2638 0.0000
-313.2100 0.0000
-312.6520 0.0000
-313.3776 0.0000
-314.4055 0.0000
-312.8611 0.0000
-313.3729 0.0000
-312.8868 0.0000
-313.9760 0.0000
-313.2817 0.0000
-312.0646 0.0000
-312.3716 0.0000
-312.0732 0.0000
-311.8261 0.0000
-312.9914 0.0000
-312.4922 0.0000
-312.7577 0.0000
-311.4649 0.0000
-311.6044 0.0000
-311.0601 0.0000
-311.0009 0.0000
-311.0066 0.0000
-311.0687 0.0000
-311.4965 0.0000
-310.4360 0.0000
-310.3904 0.0000
-319.3333 0.0000
-318.8695 0.0000
-318.1166 0.0000
-318.4937 0.0000
-318.3849 0.0000
-318.4270 0.0000
-319.1408 0.0000
-318.8692 0.0000
-319.5087 0.0000
-318.0657 0.0000
-318.0752 0.0000
-320.2931 0.0000
-318.3957 0.0000
-318.1738 0.0000
-317.6336 0.0000
-318.5427 0.0000
-319.5438 0.0000
-319.5074 0.0000
-318.6647 0.0000
-319.8185 0.0000
-318.0668 0.0000
-317.7617 0.0000
-319.0316 0.0000
-318.0492 0.0000
-320.2884 0.0000
-319.0952 0.0000
-317.7157 0.0000
-318.4781 0.0000
-318.1200 0.0000
-318.1128 0.0000
-318.5968 0.0000
-318.3297 0.0000
-318.6923 0.0000
-318.9744 0.0000
-319.8228 0.0000
-320.1704 0.0000
-320.1648 0.0000
-319.5254 0.0000
-319.6509 0.0000
-319.1761 0.0000
-319.6358 0.0000
-319.6623 0.0000
-321.2560 0.0000
-321.1151 0.0000
-321.1363 0.0000
-321.7869 0.0000
-321.4655 0.0000
-321.1177 0.0000
-321.9653 0.0000
-321.7572 0.0000
-321.3666 0.0000
-321.0668 0.0000
-320.5158 0.0000
-320.4040 0.0000
-319.9142 0.0000
-320.6215 0.0000
-319.8919 0.0000
-320.6939 0.0000
-319.7145 0.0000
-320.0700 0.0000
-320.6832 0.0000
-321.3436 0.0000
-319.5003 0.0000
-319.7744 0.0000
-319.9359 0.0000
-321.4475 0.0000
-320.9487 0.0000
-321.4448 0.0000
-320.1558 0.0000
-319.3817 0.0000
-319.2179 0.0000
-320.3704 0.0000
-320.3824 0.0000
-320.4438 0.0000
-319.9492 0.0000
-320.0409 0.0000
-320.6548 0.0000
-320.7428 0.0000
-320.2612 0.0000
-319.4935 0.0000
-319.1791 0.0000
-319.8440 0.0000
-318.7703 0.0000
-318.6768 0.0000
-319.5024 0.0000
-320.2992 0.0000
-321.1449 0.0000
-321.9523 0.0000
-322.7949 0.0000
-322.9220 0.0000
-323.2979 0.0000
-323.3156 0.0000
-323.4694 0.0000
-323.5098 0.0000
-324.1827 0.0000
-324.3662 0.0000
-323.7491 0.0000
-323.4873 0.0000
-324.3184 0.0000
-324.8977 0.0000
-346.4711 0.0000
-345.8664 0.0000
-345.3928 0.0000
-345.4720 0.0000
-345.8233 0.0000
-345.9219 0.0000
-345.2224 0.0000
-344.8885 0.0000
-345.8044 0.0000
-346.1440 0.0000
-345.9865 0.0000
-346.8701 0.0000
-346.5786 0.0000
-346.7060 0.0000
-345.5496 0.0000
-345.9586 0.0000
-347.0452 0.0000
-345.9333 0.0000
-345.1385 0.0000
-346.6239 0.0000
-345.0915 0.0000
-345.4043 0.0000
-346.1791 0.0000
-346.0093 0.0000
-345.6384 0.0000
-345.8798 0.0000
-345.1733 0.0000
-346.3512 0.0000
-345.1023 0.0000
-346.5056 0.0000
-345.5963 0.0000
-346.5635 0.0000
-346.1344 0.0000
-345.9289 0.0000
-347.2906 0.0000
-346.5256 0.0000
-345.8745 0.0000
-345.8419 0.0000
-346.5421 0.0000
-345.1486 0.0000
-345.9838 0.0000
-347.2125 0.0000
-346.5113 0.0000
-346.2353 0.0000
-345.0931 0.0000
-346.5252 0.0000
-347.0924 0.0000
-346.1708 0.0000
-345.4825 0.0000
-345.0160 0.0000
-346.1747 0.0000
-345.5903 0.0000
-346.1504 0.0000
-345.6928 0.0000
-346.3543 0.0000
-345.6529 0.0000
-345.6643 0.0000
-345.0693 0.0000
-345.5019 0.0000
-346.0030 0.0000
-345.4600 0.0000
-345.7209 0.0000
-346.3470 0.0000
-345.9003 0.0000
-346.3739 0.0000
-345.5899 0.0000
-346.1076 0.0000
-345.5855 0.0000
-346.4726 0.0000
-346.1347 0.0000
-346.3077 0.0000
-346.1243 0.0000
-347.1913 0.0000
-346.6166 0.0000
-345.2420 0.0000
-346.0112 0.0000
-346.0781 0.0000
-345.6615 0.0000
-345.8471 0.0000
-346.8562 0.0000
-345.7339 0.0000
-345.8891 0.0000
-346.0177 0.0000
-345.9971 0.0000
-346.0473 0.0000
-344.9276 0.0000
-346.0675 0.0000
-346.9609 0.0000
-346.4182 0.0000
-346.4644 0.0000
-345.4834 0.0000
-346.9477 0.0000
-346.1847 0.0000
-345.2099 0.0000
-346.4255 0.0000
-345.7027 0.0000
-346.4530 0.0000
-346.1194 0.0000
-346.0250 0.0000
-345.4960 0.0000
-328.4263 0.0000
-329.2243 0.0000
-330.7146 0.0000
-330.6445 0.0000
-330.4702 0.0000
-329.2172 0.0000
-328.9534 0.0000
-327.9761 0.0000
-327.3876 0.0000
-327.4350 0.0000
-328.1160 0.0000
-329.6193 0.0000
-329.2259 0.0000
-329.7059 0.0000
-329.2786 0.0000
-328.9182 0.0000
-328.7549 0.0000
-329.4733 0.0000
-330.0554 0.0000
-330.3542 0.0000
-330.6725 0.0000
-330.8414 0.0000
-331.1975 0.0000
-330.8078 0.0000
-331.9878 0.0000
-330.2326 0.0000
-329.3869 0.0000
-329.0219 0.0000
-330.0744 0.0000
-329.6000 0.0000
-329.3114 0.0000
-328.8319 0.0000
-329.9809 0.0000
-328.4967 0.0000
-328.4000 0.0000
-328.5852 0.0000
-328.7587 0.0000
-328.2441 0.0000
-328.3844 0.0000
-328.5160 0.0000
-328.0295 0.0000
-328.5652 0.0000
-329.1527 0.0000
-328.7327 0.0000
-329.2910 0.0000
-329.2604 0.0000
-330.4866 0.0000
-328.8690 0.0000
-328.0231 0.0000
-326.6554 0.0000
-325.7352 0.0000
-326.0213 0.0000
-326.5049 0.0000
-326.0985 0.0000
-325.6707 0.0000
-325.5618 0.0000
-326.8130 0.0000
-325.3124 0.0000
-325.4438 0.0000
-325.5506 0.0000
-326.2576 0.0000
-326.7490 0.0000
-325.8907 0.0000
-326.7606 0.0000
-324.7455 0.0000
-324.3029 0.0000
-324.5520 0.0000
-324.6761 0.0000
-323.9883 0.0000
-324.3486 0.0000
-324.0554 0.0000
-323.7654 0.0000
-324.2727 0.0000
-324.1094 0.0000
-323.2557 0.0000
-324.4167 0.0000
-323.9377 0.0000
-324.3001 0.0000
-322.5835 0.0000
-322.2812 0.0000
-322.8979 0.0000
-322.1384 0.0000
-321.9128 0.0000
-321.2823 0.0000
-322.7686 0.0000
-321.9711 0.0000
-321.9059 0.0000
-321.8886 0.0000
-322.5605 0.0000
-324.1524 0.0000
-322.3004 0.0000
-322.2343 0.0000
-321.6587 0.0000
-321.3659 0.0000
-320.7883 0.0000
-321.3475 0.0000
-322.0107 0.0000
-321.9419 0.0000
-320.8243 0.0000
-321.2481 0.0000
-326.2619 0.0000
-324.6482 0.0000
-324.9678 0.0000
-325.7072 0.0000
-326.7797 0.0000
-326.6879 0.0000
-325.2058 0.0000
-324.9159 0.0000
-324.2797 0.0000
-325.2889 0.0000
-323.6794 0.0000
-323.4006 0.0000
-323.2070 0.0000
-323.1001 0.0000
-322.6436 0.0000
-322.0478 0.0000
-321.3087 0.0000
-322.3948 0.0000
-321.1191 0.0000
-320.5708 0.0000
-319.6881 0.0000
-319.5905 0.0000
-319.3996 0.0000
-319.9855 0.0000
-320.2625 0.0000
-321.0952 0.0000
-319.6715 0.0000
-319.7854 0.0000
-319.1798 0.0000
-319.2888 0.0000
-318.1466 0.0000
-318.8082 0.0000
-320.4439 0.0000
-319.2860 0.0000
-319.7514 0.0000
-319.2472 0.0000
-319.2871 0.0000
-319.5485 0.0000
-319.0781 0.0000
-320.5639 0.0000
-321.7633 0.0000
-320.8447 0.0000
-320.2231 0.0000
-319.2067 0.0000
-318.1819 0.0000
-317.4557 0.0000
-316.6937 0.0000
-316.0574 0.0000
-316.6390 0.0000
-315.4579 0.0000
-314.6393 0.0000
-313.7044 0.0000
-313.0990 0.0000
-314.3100 0.0000
-313.3842 0.0000
-314.0148 0.0000
-313.5744 0.0000
-313.7178 0.0000
-314.2328 0.0000
-313.1340 0.0000
-312.9135 0.0000
-312.8267 0.0000
-312.4657 0.0000
-313.1943 0.0000
-310.6111 0.0000
-310.3724 0.0000
-309.5679 0.0000
-309.5421 0.0000
-308.9304 0.0000
-310.0743 0.0000
-309.4031 0.0000
-309.9662 0.0000
-310.0116 0.0000
-309.9075 0.0000
-309.4249 0.0000
-309.5652 0.0000
-309.7186 0.0000
-309.3239 0.0000
-308.8047 0.0000
-309.6193 0.0000
-309.5935 0.0000
-309.7645 0.0000
-309.3383 0.0000
-308.9609 0.0000
-309.3412 0.0000
-309.0452 0.0000
-307.8712 0.0000
-308.0232 0.0000
-308.3916 0.0000
-309.1164 0.0000
-309.3802 0.0000
-309.0442 0.0000
-308.5322 0.0000
-308.8442 0.0000
-309.0853 0.0000
-309.4636 0.0000
-309.2063 0.0000
-308.4189 0.0000
-307.4057 0.0000
-307.8993 0.0000
-285.1634 0.0000
-286.3284 0.0000
-285.0808 0.0000
-285.3167 0.0000
-286.2832 0.0000
-284.6579 0.0000
-283.9320 0.0000
-284.3530 0.0000
-284.3118 0.0000
-283.2567 0.0000
-283.4823 0.0000
-283.2698 0.0000
-283.3279 0.0000
-284.5952 0.0000
-283.2323 0.0000
-283.2835 0.0000
-282.7754 0.0000
-282.6148 0.0000
-282.7686 0.0000
-282.5624 0.0000
-281.5697 0.0000
-281.4224 0.0000
-281.2189 0.0000
-280.7966 0.0000
-279.9326 0.0000
-280.7412 0.0000
-281.4073 0.0000
-282.0406 0.0000
-284.3474 0.0000
-281.8556 0.0000
-282.8764 0.0000
-281.9030 0.0000
-281.0333 0.0000
-282.2025 0.0000
-282.1286 0.0000
-283.5392 0.0000
-282.7836 0.0000
-283.6417 0.0000
-283.2025 0.0000
-282.1665 0.0000
-283.3423 0.0000
-281.9567 0.0000
-282.4824 0.0000
-282.2118 0.0000
-282.2375 0.0000
-281.3860 0.0000
-281.4512 0.0000
-279.4883 0.0000
-278.9750 0.0000
-278.5206 0.0000
-279.0691 0.0000
-278.7435 0.0000
-278.9528 0.0000
-278.3447 0.0000
-277.9932 0.0000
-278.2792 0.0000
-280.2382 0.0000
-276.6073 0.0000
-276.9763 0.0000
-276.5056 0.0000
-276.6551 0.0000
-276.1562 0.0000
-275.7381 0.0000
-276.0974 0.0000
-276.8922 0.0000
-275.4758 0.0000
-274.5314 0.0000
-274.5543 0.0000
-275.4995 0.0000
-276.0382 0.0000
-276.5081 0.0000
-275.6101 0.0000
-274.7197 0.0000
-273.7705 0.0000
-272.3686 0.0000
-271.7163 0.0000
-272.2557 0.0000
-271.8431 0.0000
-272.2802 0.0000
-270.5317 0.0000
-271.1286 0.0000
-271.6816 0.0000
-272.7002 0.0000
-272.8501 0.0000
-272.4958 0.0000
-272.7840 0.0000
-272.8674 0.0000
-272.8157 0.0000
-272.2089 0.0000
-273.9977 0.0000
-271.3572 0.0000
-271.8469 0.0000
-273.4898 0.0000
-272.9972 0.0000
-274.7565 0.0000
-275.2426 0.0000
-275.0180 0.0000
-275.2166 0.0000
-276.3646 0.0000
-275.2159 0.0000
-341.0882 0.0000
-337.8240 0.0000
-338.3587 0.0000
-338.7201 0.0000
-338.5894 0.0000
-340.0715 0.0000
-338.9992 0.0000
-339.8662 0.0000
-337.4164 0.0000
-338.4010 0.0000
-338.5138 0.0000
-337.9792 0.0000
-339.0725 0.0000
-339.1368 0.0000
-337.6368 0.0000
-337.7660 0.0000
-337.9854 0.0000
-338.7993 0.0000
-337.4139 0.0000
-339.1490 0.0000
-338.6600 0.0000
-339.2468 0.0000
-338.2717 0.0000
-338.4905 0.0000
-339.3332 0.0000
-340.1054 0.0000
-338.1006 0.0000
-337.2008 0.0000
-339.2569 0.0000
-339.9423 0.0000
-337.9953 0.0000
-340.0472 0.0000
-338.0341 0.0000
-339.4847 0.0000
-337.3310 0.0000
-339.1712 0.0000
-339.0360 0.0000
-340.2164 0.0000
-339.3994 0.0000
-338.1677 0.0000
-338.1177 0.0000
-339.6953 0.0000
-338.7162 0.0000
-338.9364 0.0000
-337.6996 0.0000
-339.5381 0.0000
-340.1921 0.0000
-339.1181 0.0000
-338.0907 0.0000
-340.5013 0.0000
-339.6062 0.0000
-338.8276 0.0000
-339.5481 0.0000
-338.7835 0.0000
-339.6725 0.0000
-338.5094 0.0000
-339.1972 0.0000
-339.2890 0.0000
-339.1508 0.0000
-337.8986 0.0000
-338.0584 0.0000
-338.2081 0.0000
-340.1402 0.0000
-338.3053 0.0000
-339.8272 0.0000
-339.6073 0.0000
-340.0388 0.0000
-338.6478 0.0000
-338.1165 0.0000
-338.6874 0.0000
-338.2667 0.0000
-339.0846 0.0000
-337.7619 0.0000
-338.6155 0.0000
-336.8664 0.0000
-340.0932 0.0000
-337.4745 0.0000
-337.9267 0.0000
-337.2974 0.0000
-338.9172 0.0000
-339.2324 0.0000
-339.8984 0.0000
-338.4548 0.0000
-338.5353 0.0000
-339.1963 0.0000
-338.0670 0.0000
-339.6241 0.0000
-338.9454 0.0000
-340.1311 0.0000
-339.1778 0.0000
-339.5221 0.0000
-337.2946 0.0000
-339.3894 0.0000
-339.2550 0.0000
-338.7929 0.0000
-340.4417 0.0000
-340.3640 0.0000
-338.4717 0.0000
-338.1911 0.0000
-339.5456 0.0000
-285.2201 0.0000
-284.0677 0.0000
-283.5350 0.0000
-285.5985 0.0000
-284.3270 0.0000
-284.2935 0.0000
-285.0371 0.0000
-285.8898 0.0000
-286.0957 0.0000
-285.5121 0.0000
-284.4683 0.0000
-285.1191 0.0000
-284.6834 0.0000
-285.2609 0.0000
-285.6412 0.0000
-285.5286 0.0000
-284.5575 0.0000
-284.8609 0.0000
-285.1073 0.0000
-286.1129 0.0000
-285.0174 0.0000
-285.2740 0.0000
-284.5171 0.0000
-285.1185 0.0000
-285.6639 0.0000
-286.0698 0.0000
-285.6962 0.0000
-285.6061 0.0000
-285.1219 0.0000
-284.8957 0.0000
-284.1827 0.0000
-284.9626 0.0000
-283.9113 0.0000
-286.1306 0.0000
-284.6924 0.0000
-285.4331 0.0000
-284.5407 0.0000
-286.0477 0.0000
-285.4462 0.0000
-284.2393 0.0000
-286.5928 0.0000
-285.3896 0.0000
-285.1667 0.0000
-285.5330 0.0000
-285.4414 0.0000
-286.0408 0.0000
-285.4056 0.0000
-284.6831 0.0000
-285.3337 0.0000
-284.8102 0.0000
-284.8927 0.0000
-284.8664 0.0000
-285.0486 0.0000
-286.1244 0.0000
-284.9095 0.0000
-284.5233 0.0000
-285.7053 0.0000
-285.3450 0.0000
-285.3121 0.0000
-284.9710 0.0000
-286.4456 0.0000
-287.1267 0.0000
-288.3482 0.0000
-287.8843 0.0000
-287.6526 0.0000
-287.8797 0.0000
-287.7198 0.0000
-288.4616 0.0000
-287.3870 0.0000
-286.3081 0.0000
-286.1695 0.0000
-286.8539 0.0000
-286.0218 0.0000
-286.0209 0.0000
-285.9752 0.0000
-285.6996 0.0000
-286.0237 0.0000
-285.8975 0.0000
-285.4497 0.0000
-286.1160 0.0000
-286.3623 0.0000
-286.0801 0.0000
-286.1907 0.0000
-287.0101 0.0000
-287.0235 0.0000
-286.3856 0.0000
-286.0193 0.0000
-285.6526 0.0000
-286.3028 0.0000
-287.0384 0.0000
-287.4970 0.0000
-286.4217 0.0000
-286.7645 0.0000
-286.0252 0.0000
-286.1891 0.0000
-284.7479 0.0000
-286.4367 0.0000
-286.5889 0.0000
-287.2430 0.0000
-287.0200 0.0000
-334.5591 0.0000
-335.1822 0.0000
-334.3147 0.0000
-334.1894 0.0000
-335.4449 0.0000
-335.1063 0.0000
-334.3888 0.0000
-334.5481 0.0000
-334.3221 0.0000
-334.5678 0.0000
-334.6044 0.0000
-333.8630 0.0000
-335.3952 0.0000
-334.7924 0.0000
-334.2437 0.0000
-334.9906 0.0000
-334.4673 0.0000
-334.9049 0.0000
-334.2446 0.0000
-334.2021 0.0000
-335.3085 0.0000
-334.1094 0.0000
-334.3964 0.0000
-333.9880 0.0000
-335.4294 0.0000
-334.8618 0.0000
-334.8222 0.0000
-334.3229 0.0000
-333.9852 0.0000
-334.9776 0.0000
-334.2559 0.0000
-334.9068 0.0000
-335.2441 0.0000
-334.4986 0.0000
-334.0868 0.0000
-335.0677 0.0000
-334.8196 0.0000
-334.8249 0.0000
-335.4188 0.0000
-334.5614 0.0000
-334.5205 0.0000
-334.8786 0.0000
-333.7739 0.0000
-334.5270 0.0000
-334.5169 0.0000
-334.6646 0.0000
-334.3905 0.0000
-335.1883 0.0000
-335.5597 0.0000
-335.3572 0.0000
-334.6952 0.0000
-335.0260 0.0000
-334.3132 0.0000
-334.6337 0.0000
-334.8755 0.0000
-334.4313 0.0000
-334.9386 0.0000
-334.9773 0.0000
-334.5141 0.0000
-334.6010 0.0000
-334.5608 0.0000
-334.4702 0.0000
-335.0145 0.0000
-335.0650 0.0000
-334.6165 0.0000
-333.9474 0.0000
-334.2822 0.0000
-334.5883 0.0000
-334.3590 0.0000
-334.6898 0.0000
-334.7316 0.0000
-335.3204 0.0000
-334.9865 0.0000
-334.5565 0.0000
-333.6230 0.0000
-334.2062 0.0000
-334.5051 0.0000
-335.3589 0.0000
-334.6448 0.0000
-334.1862 0.0000
-335.0821 0.0000
-334.5833 0.0000
-334.2748 0.0000
-334.9736 0.0000
-335.2346 0.0000
-335.0709 0.0000
-333.4462 0.0000
-333.8327 0.0000
-334.7971 0.0000
-334.9804 0.0000
-334.6982 0.0000
-333.7968 0.0000
-335.1653 0.0000
-334.4047 0.0000
-333.8037 0.0000
-334.9395 0.0000
-335.1758 0.0000
-334.0239 0.0000
-335.1217 0.0000
-334.5789 0.0000
-323.5712 0.0000
-323.9424 0.0000
-324.8705 0.0000
-324.9608 0.0000
-323.3534 0.0000
-323.8129 0.0000
-323.5544 0.0000
-323.6399 0.0000
-324.1671 0.0000
-324.8027 0.0000
-323.6446 0.0000
-324.5568 0.0000
-323.7975 0.0000
-324.4177 0.0000
-323.9556 0.0000
-324.8284 0.0000
-324.0337 0.0000
-324.2160 0.0000
-323.4956 0.0000
-324.2678 0.0000
-324.0792 0.0000
-323.8089 0.0000
-324.5904 0.0000
-325.1444 0.0000
-324.3666 0.0000
-324.2757 0.0000
-324.3298 0.0000
-324.1221 0.0000
-324.1768 0.0000
-323.0389 0.0000
-324.1632 0.0000
-324.5998 0.0000
-324.4261 0.0000
-324.4057 0.0000
-324.0074 0.0000
-324.6464 0.0000
-324.7607 0.0000
-323.1292 0.0000
-323.8271 0.0000
-324.3748 0.0000
-324.3132 0.0000
-324.0610 0.0000
-323.2722 0.0000
-324.5701 0.0000
-324.0246 0.0000
-323.8062 0.0000
-324.7272 0.0000
-324.1404 0.0000
-324.1089 0.0000
-323.9310 0.0000
-323.4018 0.0000
-324.0056 0.0000
-324.2595 0.0000
-323.3798 0.0000
-324.2431 0.0000
-323.9133 0.0000
-324.4481 0.0000
-324.6001 0.0000
-323.6582 0.0000
-323.7138 0.0000
-324.9494 0.0000
-323.7045 0.0000
-324.1418 0.0000
-324.8273 0.0000
-323.8433 0.0000
-324.3194 0.0000
-324.0211 0.0000
-323.7004 0.0000
-323.5634 0.0000
-324.3304 0.0000
-324.4380 0.0000
-324.1731 0.0000
-324.7181 0.0000
-323.6521 0.0000
-324.3803 0.0000
-324.3316 0.0000
-324.1124 0.0000
-323.2678 0.0000
-323.8536 0.0000
-323.0779 0.0000
-324.1033 0.0000
-323.0680 0.0000
-324.5699 0.0000
-324.2296 0.0000
-323.5574 0.0000
-324.4659 0.0000
-323.8665 0.0000
-323.8379 0.0000
-324.0745 0.0000
-324.1719 0.0000
-324.0524 0.0000
-323.5204 0.0000
-324.1998 0.0000
-325.1455 0.0000
-324.6400 0.0000
-324.5626 0.0000
-324.5450 0.0000
-324.2743 0.0000
-324.0960 0.0000
-324.1989 0.0000
-266.8447 0.0000
-266.3118 0.0000
-266.4240 0.0000
-267.8071 0.0000
-267.7755 0.0000
-268.1579 0.0000
-267.2920 0.0000
-267.5916 0.0000
-269.0588 0.0000
-267.3949 0.0000
-266.5816 0.0000
-266.8432 0.0000
-267.2079 0.0000
-267.4928 0.0000
-269.4126 0.0000
-268.6457 0.0000
-268.9746 0.0000
-269.3027 0.0000
-269.7813 0.0000
-270.5180 0.0000
-270.0294 0.0000
-269.5871 0.0000
-270.9197 0.0000
-272.2034 0.0000
-273.1432 0.0000
-272.6402 0.0000
-273.3410 0.0000
-273.2639 0.0000
-273.2466 0.0000
-272.0475 0.0000
-272.3999 0.0000
-270.4917 0.0000
-271.5046 0.0000
-271.3901 0.0000
-272.8112 0.0000
-274.0263 0.0000
-270.5496 0.0000
-269.1998 0.0000
-269.5815 0.0000
-270.7788 0.0000
-271.0140 0.0000
-269.8173 0.0000
-269.2822 0.0000
-270.6902 0.0000
-269.7883 0.0000
-270.2378 0.0000
-270.4248 0.0000
-271.0605 0.0000
-270.5768 0.0000
-272.2533 0.0000
-273.9557 0.0000
-273.7238 0.0000
-274.5766 0.0000
-272.6597 0.0000
-270.8880 0.0000
-270.5290 0.0000
-270.1647 0.0000
-268.4157 0.0000
-269.9572 0.0000
-268.2247 0.0000
-268.5881 0.0000
-268.1839 0.0000
-267.7410 0.0000
-269.5736 0.0000
-269.4219 0.0000
-269.8101 0.0000
-269.7137 0.0000
-271.4772 0.0000
-270.1936 0.0000
-269.2874 0.0000
-269.1530 0.0000
-269.2592 0.0000
-267.7340 0.0000
-268.9976 0.0000
-268.1918 0.0000
-269.5387 0.0000
-271.2415 0.0000
-271.8212 0.0000
-269.5456 0.0000
-270.2569 0.0000
-269.8105 0.0000
-269.4869 0.0000
-272.4644 0.0000
-270.2339 0.0000
-271.0576 0.0000
-273.3647 0.0000
-273.3904 0.0000
-273.6422 0.0000
-273.8228 0.0000
-273.9982 0.0000
-276.9409 0.0000
-274.3277 0.0000
-273.8762 0.0000
-272.2324 0.0000
-271.3360 0.0000
-271.7571 0.0000
-272.3126 0.0000
-270.7078 0.0000
-273.9874 0.0000
-271.0900 0.0000
-324.4855 0.0000
-324.4685 0.0000
-324.5347 0.0000
-324.9526 0.0000
-323.7613 0.0000
-325.9470 0.0000
-325.4052 0.0000
-324.9527 0.0000
-324.1095 0.0000
-324.6823 0.0000
-324.7776 0.0000
-325.3917 0.0000
-324.5437 0.0000
-324.6333 0.0000
-324.5547 0.0000
-324.6687 0.0000
-325.5449 0.0000
-324.8463 0.0000
-324.6512 0.0000
-326.3554 0.0000
-325.5329 0.0000
-325.1007 0.0000
-324.2485 0.0000
-324.3593 0.0000
-324.7897 0.0000
-324.9966 0.0000
-324.2294 0.0000
-324.9807 0.0000
-324.8227 0.0000
-323.9538 0.0000
-324.4504 0.0000
-325.5800 0.0000
-324.6741 0.0000
-324.5466 0.0000
-325.8417 0.0000
-326.2934 0.0000
-326.4664 0.0000
-323.5615 0.0000
-324.3964 0.0000
-326.0658 0.0000
-324.4646 0.0000
-325.0368 0.0000
-325.2835 0.0000
-326.0332 0.0000
-325.2111 0.0000
-326.0456 0.0000
-324.0046 0.0000
-325.1189 0.0000
-324.5418 0.0000
-325.3010 0.0000
-325.0200 0.0000
-324.8561 0.0000
-324.1292 0.0000
-324.4688 0.0000
-324.1667 0.0000
-325.0842 0.0000
-325.3692 0.0000
-324.9495 0.0000
-324.3816 0.0000
-325.9889 0.0000
-325.8232 0.0000
-325.8219 0.0000
-324.7888 0.0000
-323.6069 0.0000
-325.1225 0.0000
-324.3875 0.0000
-326.5218 0.0000
-324.9818 0.0000
-325.8898 0.0000
-323.8040 0.0000
-326.2097 0.0000
-324.1259 0.0000
-325.2409 0.0000
-324.7135 0.0000
-324.0783 0.0000
-324.5714 0.0000
-324.4378 0.0000
-324.1514 0.0000
-325.4428 0.0000
-324.7575 0.0000
-325.0627 0.0000
-325.8913 0.0000
-325.1318 0.0000
-325.0647 0.0000
-324.5469 0.0000
-324.7228 0.0000
-325.0577 0.0000
-324.0010 0.0000
-324.8464 0.0000
-325.2282 0.0000
-325.5014 0.0000
-324.4704 0.0000
-324.7112 0.0000
-324.2794 0.0000
-324.7554 0.0000
-324.3705 0.0000
-323.6989 0.0000
-325.2754 0.0000
-324.6322 0.0000
-323.8085 0.0000
-345.8748 0.0000
-345.6595 0.0000
-345.1637 0.0000
-345.6301 0.0000
-345.1431 0.0000
-346.3919 0.0000
-344.9426 0.0000
-346.1634 0.0000
-346.0402 0.0000
-346.2830 0.0000
-346.4644 0.0000
-345.9992 0.0000
-345.5438 0.0000
-345.8166 0.0000
-346.6198 0.0000
-346.9995 0.0000
-346.2617 0.0000
-346.0939 0.0000
-345.9030 0.0000
-346.0785 0.0000
-347.2804 0.0000
-346.7178 0.0000
-346.1581 0.0000
-345.6591 0.0000
-346.2332 0.0000
-346.2065 0.0000
-345.7484 0.0000
-345.6538 0.0000
-346.6388 0.0000
-345.5527 0.0000
-346.0722 0.0000
-345.8654 0.0000
-345.5872 0.0000
-346.7681 0.0000
-345.1296 0.0000
-345.4236 0.0000
-346.2924 0.0000
-346.1441 0.0000
-345.7010 0.0000
-346.2744 0.0000
-345.9391 0.0000
-346.3224 0.0000
-346.2485 0.0000
-345.0864 0.0000
-345.5670 0.0000
-346.0777 0.0000
-345.6944 0.0000
-346.0712 0.0000
-346.1958 0.0000
-345.8093 0.0000
-345.6060 0.0000
-345.3575 0.0000
-346.2202 0.0000
-345.5454 0.0000
-346.0759 0.0000
-344.9775 0.0000
-345.3995 0.0000
-346.1102 0.0000
-346.6448 0.0000
-346.6469 0.0000
-346.9985 0.0000
-345.8013 0.0000
-345.9527 0.0000
-345.8186 0.0000
-346.2823 0.0000
-346.5597 0.0000
-346.6881 0.0000
-345.4326 0.0000
-346.5191 0.0000
-345.9902 0.0000
-345.3540 0.0000
-345.8600 0.0000
-346.2513 0.0000
-345.3644 0.0000
-345.8360 0.0000
-346.6743 0.0000
-346.2532 0.0000
-345.3933 0.0000
-346.1290 0.0000
-346.2473 0.0000
-346.9970 0.0000
-345.9099 0.0000
-345.4686 0.0000
-346.3673 0.0000
-345.6752 0.0000
-347.1696 0.0000
-345.6529 0.0000
-345.9461 0.0000
-346.9126 0.0000
-346.3159 0.0000
-345.9027 0.0000
-344.7866 0.0000
-345.9646 0.0000
-346.1081 0.0000
-347.1081 0.0000
-346.0510 0.0000
-346.3385 0.0000
-345.5180 0.0000
-345.9271 0.0000
-345.7002 0.0000
-310.9553 0.0000
-310.0643 0.0000
-310.4435 0.0000
-310.6482 0.0000
-310.1228 0.0000
-308.6668 0.0000
-311.1516 0.0000
-310.9819 0.0000
-310.2849 0.0000
-311.0979 0.0000
-309.0673 0.0000
-310.4940 0.0000
-310.9191 0.0000
-310.4348 0.0000
-309.6817 0.0000
-309.4588 0.0000
-310.3967 0.0000
-309.8797 0.0000
-309.9249 0.0000
-310.4975 0.0000
-311.1573 0.0000
-310.7760 0.0000
-310.1558 0.0000
-309.6488 0.0000
-310.1196 0.0000
-310.9812 0.0000
-309.4726 0.0000
-309.6392 0.0000
-309.9455 0.0000
-311.0130 0.0000
-309.1587 0.0000
-310.5872 0.0000
-310.4801 0.0000
-309.1693 0.0000
-309.4668 0.0000
-310.1835 0.0000
-311.4821 0.0000
-309.6835 0.0000
-310.3766 0.0000
-311.2174 0.0000
-311.3555 0.0000
-310.5952 0.0000
-310.4564 0.0000
-310.1160 0.0000
-309.8883 0.0000
-310.8493 0.0000
-311.1572 0.0000
-310.4543 0.0000
-310.4578 0.0000
-309.5825 0.0000
-310.6383 0.0000
-310.9330 0.0000
-309.4252 0.0000
-310.7298 0.0000
-309.6610 0.0000
-310.6270 0.0000
-309.4208 0.0000
-310.4179 0.0000
-310.6265 0.0000
-310.5814 0.0000
-310.5020 0.0000
-310.8860 0.0000
-310.4187 0.0000
-309.0550 0.0000
-309.7105 0.0000
-311.0063 0.0000
-310.6979 0.0000
-309.5131 0.0000
-310.1334 0.0000
-310.2346 0.0000
-308.8980 0.0000
-310.2897 0.0000
-310.6726 0.0000
-309.8382 0.0000
-310.7764 0.0000
-310.2563 0.0000
-309.8475 0.0000
-310.3809 0.0000
-309.7293 0.0000
-309.4377 0.0000
-310.0779 0.0000
-310.8472 0.0000
-310.4470 0.0000
-311.3505 0.0000
-310.1287 0.0000
-310.9161 0.0000
-309.7617 0.0000
-311.8136 0.0000
-310.0885 0.0000
-310.2867 0.0000
-310.0222 0.0000
-310.2109 0.0000
-311.0767 0.0000
-310.5499 0.0000
-310.4846 0.0000
-310.4008 0.0000
-310.3060 0.0000
-309.2421 0.0000
-311.0879 0.0000
-308.8694 0.0000
-290.1509 0.0000
-290.5344 0.0000
-291.1150 0.0000
-291.3492 0.0000
-290.7007 0.0000
-290.9979 0.0000
-291.1966 0.0000
-289.4295 0.0000
-289.4551 0.0000
-290.8744 0.0000
-289.9713 0.0000
-288.8527 0.0000
-290.3222 0.0000
-290.4561 0.0000
-289.1580 0.0000
-290.8237 0.0000
-289.7547 0.0000
-291.0014 0.0000
-289.7349 0.0000
-293.0506 0.0000
-292.1347 0.0000
-292.3985 0.0000
-290.0907 0.0000
-290.2903 0.0000
-288.9934 0.0000
-291.6333 0.0000
-289.1970 0.0000
-289.3908 0.0000
-290.2864 0.0000
-291.5081 0.0000
-290.3090 0.0000
-289.9698 0.0000
-290.6281 0.0000
-290.5376 0.0000
-291.3896 0.0000
-292.4876 0.0000
-289.6895 0.0000
-292.6769 0.0000
-290.1568 0.0000
-289.5997 0.0000
-291.8545 0.0000
-291.4779 0.0000
-289.8651 0.0000
-290.2341 0.0000
-289.3818 0.0000
-289.3057 0.0000
-290.8943 0.0000
-289.9040 0.0000
-293.2868 0.0000
-290.7495 0.0000
-292.4630 0.0000
-291.6773 0.0000
-291.5221 0.0000
-291.6787 0.0000
-290.3881 0.0000
-291.5511 0.0000
-291.0315 0.0000
-290.5523 0.0000
-292.3779 0.0000
-290.5964 0.0000
-290.3234 0.0000
-290.2864 0.0000
-289.8037 0.0000
-292.0178 0.0000
-290.4642 0.0000
-289.6372 0.0000
-292.3049 0.0000
-291.7043 0.0000
-291.9379 0.0000
-291.6152 0.0000
-291.2053 0.0000
-292.3077 0.0000
-290.5390 0.0000
-293.2411 0.0000
-290.2189 0.0000
-289.3872 0.0000
-289.8895 0.0000
-291.7104 0.0000
-289.4985 0.0000
-288.9644 0.0000
-290.1147 0.0000
-291.3294 0.0000
-289.0222 0.0000
-290.4506 0.0000
-289.1188 0.0000
-290.5387 0.0000
-291.7473 0.0000
-290.7947 0.0000
-290.9300 0.0000
-288.6124 0.0000
-290.2889 0.0000
-290.1316 0.0000
-288.5451 0.0000
-290.5425 0.0000
-292.2670 0.0000
-291.3154 0.0000
-292.4029 0.0000
-289.5563 0.0000
-290.9765 0.0000
-289.1828 0.0000
-275.1284 0.0000
-274.3051 0.0000
-274.7006 0.0000
-274.6060 0.0000
-273.7697 0.0000
-274.6651 0.0000
-274.7200 0.0000
-274.5758 0.0000
-275.1796 0.0000
-274.1953 0.0000
-275.1268 0.0000
-274.3119 0.0000
-274.7524 0.0000
-274.4993 0.0000
-274.9860 0.0000
-274.8581 0.0000
-275.1883 0.0000
-276.0598 0.0000
-275.9877 0.0000
-276.5197 0.0000
-275.0508 0.0000
-273.8747 0.0000
-273.8327 0.0000
-275.5235 0.0000
-274.7272 0.0000
-275.4726 0.0000
-274.8244 0.0000
-274.9068 0.0000
-275.9394 0.0000
-274.4125 0.0000
-273.7285 0.0000
-274.4024 0.0000
-274.8381 0.0000
-275.5174 0.0000
-274.8323 0.0000
-275.5887 0.0000
-275.4954 0.0000
-275.7516 0.0000
-275.2361 0.0000
-275.1426 0.0000
-274.0251 0.0000
-274.6507 0.0000
-274.6398 0.0000
-274.9897 0.0000
-275.1940 0.0000
-274.1608 0.0000
-275.4406 0.0000
-275.3296 0.0000
-275.3020 0.0000
-274.5147 0.0000
-275.6987 0.0000
-274.0069 0.0000
-274.7188 0.0000
-275.0663 0.0000
-275.0389 0.0000
-275.4196 0.0000
-276.3213 0.0000
-276.1920 0.0000
-275.6790 0.0000
-275.8689 0.0000
-276.9343 0.0000
-276.4157 0.0000
-276.0147 0.0000
-276.9670 0.0000
-277.3782 0.0000
-276.4203 0.0000
-276.4307 0.0000
-276.7163 0.0000
-276.7838 0.0000
-275.9114 0.0000
-276.1418 0.0000
-275.0527 0.0000
-275.0751 0.0000
-275.1908 0.0000
-275.3717 0.0000
-276.1964 0.0000
-275.2864 0.0000
-276.1389 0.0000
-275.3604 0.0000
-275.8013 0.0000
-276.2430 0.0000
-276.2162 0.0000
-276.5601 0.0000
-276.9615 0.0000
-276.9161 0.0000
-276.2267 0.0000
-276.0691 0.0000
-275.5228 0.0000
-275.2619 0.0000
-275.4735 0.0000
-275.6031 0.0000
-274.8965 0.0000
-276.0094 0.0000
-274.3505 0.0000
-273.5205 0.0000
-272.2738 0.0000
-273.2318 0.0000
-273.1403 0.0000
-272.8465 0.0000
-272.4204 0.0000
-337.9081 0.0000
-340.5730 0.0000
-337.1048 0.0000
-338.9466 0.0000
-340.2111 0.0000
-337.3737 0.0000
-337.1491 0.0000
-338.5696 0.0000
-337.6972 0.0000
-338.1556 0.0000
-340.0711 0.0000
-339.5752 0.0000
-338.7295 0.0000
-337.7092 0.0000
-337.6207 0.0000
-339.4877 0.0000
-340.0211 0.0000
-337.9367 0.0000
-338.1026 0.0000
-337.4179 0.0000
-337.6657 0.0000
-338.7368 0.0000
-339.3359 0.0000
-341.1985 0.0000
-336.4446 0.0000
-338.0988 0.0000
-340.1048 0.0000
-338.4700 0.0000
-338.7789 0.0000
-338.7686 0.0000
-339.3730 0.0000
-337.2196 0.0000
-339.3494 0.0000
-338.5450 0.0000
-339.8471 0.0000
-339.5399 0.0000
-338.8909 0.0000
-338.5223 0.0000
-340.8772 0.0000
-337.0530 0.0000
-339.0581 0.0000
-337.7620 0.0000
-338.9175 0.0000
-337.7707 0.0000
-338.6573 0.0000
-338.1996 0.0000
-338.0618 0.0000
-339.1618 0.0000
-338.7399 0.0000
-338.8380 0.0000
-338.6532 0.0000
-339.0792 0.0000
-339.5317 0.0000
-339.7076 0.0000
-339.3476 0.0000
-337.7866 0.0000
-337.7109 0.0000
-338.6423 0.0000
-336.9012 0.0000
-337.9367 0.0000
-340.7335 0.0000
-337.7932 0.0000
-338.9834 0.0000
-339.8785 0.0000
-338.6553 0.0000
-339.2396 0.0000
-337.7709 0.0000
-339.7971 0.0000
-339.3340 0.0000
-337.7013 0.0000
-337.6539 0.0000
-338.9449 0.0000
-339.4401 0.0000
-339.3921 0.0000
-339.2725 0.0000
-338.3469 0.0000
-340.3621 0.0000
-339.0631 0.0000
-338.7570 0.0000
-338.6755 0.0000
-339.3250 0.0000
-338.7752 0.0000
-339.5717 0.0000
-337.7726 0.0000
-337.3595 0.0000
-337.6801 0.0000
-339.3170 0.0000
-338.1060 0.0000
-337.3165 0.0000
-339.8638 0.0000
-338.4997 0.0000
-338.7464 0.0000
-337.4631 0.0000
-338.5632 0.0000
-338.4158 0.0000
-338.1051 0.0000
-339.4576 0.0000
-338.7738 0.0000
-338.9424 0.0000
-338.9019 0.0000
-273.4093 0.0000
-275.7045 0.0000
-277.0421 0.0000
-278.6369 0.0000
-279.2672 0.0000
-278.5325 0.0000
-278.0888 0.0000
-278.1677 0.0000
-278.0784 0.0000
-278.7329 0.0000
-278.8171 0.0000
-277.3024 0.0000
-277.4490 0.0000
-276.6678 0.0000
-277.3852 0.0000
-276.5420 0.0000
-274.8066 0.0000
-274.5436 0.0000
-274.6993 0.0000
-275.6472 0.0000
-275.3892 0.0000
-275.7546 0.0000
-275.5047 0.0000
-276.8848 0.0000
-277.8059 0.0000
-275.3079 0.0000
-275.7267 0.0000
-274.7916 0.0000
-275.1125 0.0000
-274.7181 0.0000
-276.2749 0.0000
-276.8198 0.0000
-276.1227 0.0000
-278.6516 0.0000
-275.7296 0.0000
-276.3066 0.0000
-277.2164 0.0000
-276.3000 0.0000
-277.4020 0.0000
-279.4641 0.0000
-277.0065 0.0000
-277.6304 0.0000
-277.7223 0.0000
-276.9091 0.0000
-279.3591 0.0000
-278.4577 0.0000
-279.4732 0.0000
-279.5575 0.0000
-278.5194 0.0000
-278.9957 0.0000
-279.9174 0.0000
-278.8493 0.0000
-278.2852 0.0000
-277.4530 0.0000
-278.5728 0.0000
-279.4770 0.0000
-279.6001 0.0000
-280.0071 0.0000
-280.5977 0.0000
-283.0476 0.0000
-280.3185 0.0000
-280.9593 0.0000
-281.4745 0.0000
-280.4339 0.0000
-279.7243 0.0000
-278.2796 0.0000
-277.1119 0.0000
-277.4112 0.0000
-278.4786 0.0000
-276.7767 0.0000
-276.7314 0.0000
-276.7201 0.0000
-276.8886 0.0000
-276.9743 0.0000
-276.6411 0.0000
-276.6937 0.0000
-274.3889 0.0000
-274.1315 0.0000
-273.5622 0.0000
-271.1325 0.0000
-270.7144 0.0000
-270.9848 0.0000
-268.8335 0.0000
-267.6907 0.0000
-267.8144 0.0000
-267.1794 0.0000
-267.1664 0.0000
-266.0264 0.0000
-265.6550 0.0000
-266.6242 0.0000
-267.5110 0.0000
-266.8040 0.0000
-267.2347 0.0000
-268.1007 0.0000
-267.4487 0.0000
-267.5706 0.0000
-267.0317 0.0000
-268.1476 0.0000
-267.7371 0.0000
-269.5509 0.0000
-329.2991 0.0000
-330.0701 0.0000
-329.7830 0.0000
-329.1060 0.0000
-329.9200 0.0000
-328.9166 0.0000
-329.2602 0.0000
-329.0755 0.0000
-330.4074 0.0000
-329.7299 0.0000
-329.5912 0.0000
-330.1436 0.0000
-330.1596 0.0000
-329.4055 0.0000
-329.8619 0.0000
-328.4294 0.0000
-330.0407 0.0000
-329.8917 0.0000
-328.9948 0.0000
-329.5082 0.0000
-329.5890 0.0000
-329.9715 0.0000
-330.0142 0.0000
-330.2173 0.0000
-328.8808 0.0000
-329.8411 0.0000
-329.5144 0.0000
-330.3537 0.0000
-329.0702 0.0000
-329.9671 0.0000
-328.9985 0.0000
-330.1296 0.0000
-329.5171 0.0000
-329.8147 0.0000
-329.6487 0.0000
-330.7936 0.0000
-330.1451 0.0000
-329.5365 0.0000
-330.1719 0.0000
-329.5626 0.0000
-329.2932 0.0000
-329.9447 0.0000
-329.3986 0.0000
-329.1629 0.0000
-328.4731 0.0000
-330.3024 0.0000
-329.4063 0.0000
-328.9184 0.0000
-330.1510 0.0000
-329.0016 0.0000
-331.1143 0.0000
-330.1191 0.0000
-330.8287 0.0000
-329.9812 0.0000
-329.9559 0.0000
-329.6896 0.0000
-329.7199 0.0000
-329.1223 0.0000
-330.0528 0.0000
-330.1608 0.0000
-329.1263 0.0000
-330.0749 0.0000
-329.7890 0.0000
-329.8900 0.0000
-329.8237 0.0000
-330.0040 0.0000
-330.2484 0.0000
-330.0473 0.0000
-329.5676 0.0000
-329.0191 0.0000
-329.6314 0.0000
-330.2818 0.0000
-330.0027 0.0000
-329.2800 0.0000
-330.1586 0.0000
-329.5962 0.0000
-330.0775 0.0000
-329.9159 0.0000
-330.0280 0.0000
-329.6608 0.0000
-328.6698 0.0000
-329.7304 0.0000
-329.1084 0.0000
-328.9636 0.0000
-329.8693 0.0000
-330.5091 0.0000
-329.7629 0.0000
-328.8532 0.0000
-329.8085 0.0000
-329.7294 0.0000
-330.1829 0.0000
-328.7851 0.0000
-330.0132 0.0000
-329.5986 0.0000
-330.4418 0.0000
-328.9445 0.0000
-329.1816 0.0000
-329.6712 0.0000
-329.9360 0.0000
-329.4380 0.0000
-312.5286 0.0000
-311.4978 0.0000
-313.3804 0.0000
-312.3095 0.0000
-314.2825 0.0000
-313.5391 0.0000
-312.9576 0.0000
-312.5961 0.0000
-314.2064 0.0000
-312.2858 0.0000
-314.9281 0.0000
-312.2249 0.0000
-312.8237 0.0000
-313.1781 0.0000
-313.2938 0.0000
-311.9470 0.0000
-313.4844 0.0000
-313.0190 0.0000
-313.8656 0.0000
-313.1010 0.0000
-312.5287 0.0000
-313.0105 0.0000
-313.3928 0.0000
-312.7776 0.0000
-312.7937 0.0000
-313.1391 0.0000
-312.3350 0.0000
-313.0769 0.0000
-312.8321 0.0000
-312.6244 0.0000
-313.2618 0.0000
-313.3192 0.0000
-314.1570 0.0000
-311.8580 0.0000
-312.8341 0.0000
-313.5171 0.0000
-313.7006 0.0000
-313.5709 0.0000
-311.7571 0.0000
-313.4278 0.0000
-312.0936 0.0000
-312.9423 0.0000
-314.2710 0.0000
-313.9783 0.0000
-313.0130 0.0000
-311.9716 0.0000
-314.1010 0.0000
-314.4747 0.0000
-314.2178 0.0000
-313.9255 0.0000
-313.6226 0.0000
-314.1026 0.0000
-312.9124 0.0000
-313.0370 0.0000
-313.3847 0.0000
-312.0615 0.0000
-312.7532 0.0000
-312.8554 0.0000
-314.0410 0.0000
-313.2506 0.0000
-311.9020 0.0000
-313.7692 0.0000
-311.8760 0.0000
-315.0338 0.0000
-313.4946 0.0000
-313.4171 0.0000
-312.9833 0.0000
-314.1002 0.0000
-313.1174 0.0000
-313.9018 0.0000
-312.4143 0.0000
-312.4686 0.0000
-314.0125 0.0000
-312.6361 0.0000
-313.0155 0.0000
-312.7951 0.0000
-312.7611 0.0000
-312.1693 0.0000
-312.0227 0.0000
-310.9984 0.0000
-312.8120 0.0000
-313.8813 0.0000
-312.4310 0.0000
-310.7742 0.0000
-313.1892 0.0000
-313.6369 0.0000
-312.3419 0.0000
-313.5673 0.0000
-312.4282 0.0000
-314.3465 0.0000
-313.4299 0.0000
-311.7851 0.0000
-312.2770 0.0000
-313.7167 0.0000
-313.1525 0.0000
-313.5572 0.0000
-313.7714 0.0000
-314.0773 0.0000
-312.8163 0.0000
-313.1763 0.0000
-255.1944 0.0000
-255.0374 0.0000
-256.7838 0.0000
-256.4683 0.0000
-255.8675 0.0000
-255.4111 0.0000
-255.3116 0.0000
-256.9325 0.0000
-256.3767 0.0000
-254.2065 0.0000
-254.5011 0.0000
-254.7590 0.0000
-255.1268 0.0000
-254.8116 0.0000
-254.2947 0.0000
-253.1635 0.0000
-253.2569 0.0000
-253.5132 0.0000
-253.7286 0.0000
-253.5748 0.0000
-253.7761 0.0000
-253.9864 0.0000
-254.1775 0.0000
-255.1280 0.0000
-256.3600 0.0000
-255.7443 0.0000
-255.4116 0.0000
-255.7243 0.0000
-256.5771 0.0000
-256.0381 0.0000
-255.2206 0.0000
-255.5220 0.0000
-255.3153 0.0000
-253.8019 0.0000
-253.8603 0.0000
-254.0912 0.0000
-253.3886 0.0000
-254.9400 0.0000
-255.1026 0.0000
-255.4822 0.0000
-255.3505 0.0000
-255.2624 0.0000
-255.3384 0.0000
-255.6212 0.0000
-255.5879 0.0000
-254.6658 0.0000
-253.1716 0.0000
-252.4118 0.0000
-253.6106 0.0000
-253.2140 0.0000
-253.9389 0.0000
-253.5196 0.0000
-253.8274 0.0000
-253.7738 0.0000
-255.7211 0.0000
-253.2663 0.0000
-253.9316 0.0000
-254.5081 0.0000
-253.9291 0.0000
-254.2673 0.0000
-255.2745 0.0000
-253.0136 0.0000
-252.9248 0.0000
-253.3067 0.0000
-254.2366 0.0000
-253.4927 0.0000
-254.7279 0.0000
-253.0103 0.0000
-253.3012 0.0000
-252.2200 0.0000
-250.8661 0.0000
-251.0359 0.0000
-250.2322 0.0000
-251.2781 0.0000
-251.9730 0.0000
-251.4808 0.0000
-251.4528 0.0000
-249.8419 0.0000
-249.7490 0.0000
-250.1164 0.0000
-249.9337 0.0000
-248.9443 0.0000
-248.9424 0.0000
-249.5694 0.0000
-250.6029 0.0000
-251.0934 0.0000
-251.9470 0.0000
-253.9344 0.0000
-252.4100 0.0000
-251.3190 0.0000
-250.5569 0.0000
-252.6579 0.0000
-250.4901 0.0000
-248.1382 0.0000
-245.2213 0.0000
-245.5338 0.0000
-245.7472 0.0000
-246.0821 0.0000
-246.2547 0.0000
-246.6615 0.0000
-325.8088 0.0000
-323.7417 0.0000
-324.9171 0.0000
-325.4765 0.0000
-324.6462 0.0000
-324.4674 0.0000
-325.7922 0.0000
-325.3553 0.0000
-324.0574 0.0000
-324.3487 0.0000
-324.6259 0.0000
-324.5084 0.0000
-324.4238 0.0000
-324.6310 0.0000
-325.8524 0.0000
-324.8029 0.0000
-323.5263 0.0000
-323.8702 0.0000
-323.9166 0.0000
-325.9333 0.0000
-324.1364 0.0000
-325.6811 0.0000
-324.3171 0.0000
-324.8987 0.0000
-324.5867 0.0000
-324.4148 0.0000
-324.9713 0.0000
-326.2967 0.0000
-324.4656 0.0000
-325.0095 0.0000
-324.5414 0.0000
-325.3639 0.0000
-324.9077 0.0000
-324.8315 0.0000
-324.2411 0.0000
-326.1739 0.0000
-324.9132 0.0000
-325.5381 0.0000
-325.8476 0.0000
-324.3589 0.0000
-324.7816 0.0000
-326.0189 0.0000
-324.4697 0.0000
-325.1132 0.0000
-325.3171 0.0000
-324.8236 0.0000
-324.8097 0.0000
-325.7128 0.0000
-325.5121 0.0000
-324.2978 0.0000
-325.5025 0.0000
-325.1748 0.0000
-326.4036 0.0000
-324.4678 0.0000
-325.7582 0.0000
-323.5157 0.0000
-325.5773 0.0000
-325.8656 0.0000
-324.4565 0.0000
-325.4713 0.0000
-325.7214 0.0000
-324.9220 0.0000
-325.4794 0.0000
-325.0417 0.0000
-326.4921 0.0000
-324.7095 0.0000
-325.4530 0.0000
-325.4101 0.0000
-325.4838 0.0000
-325.4922 0.0000
-325.3627 0.0000
-325.2753 0.0000
-325.7883 0.0000
-324.2367 0.0000
-324.9130 0.0000
-325.0294 0.0000
-325.0207 0.0000
-325.6183 0.0000
-323.8191 0.0000
-324.7565 0.0000
-325.0849 0.0000
-326.4917 0.0000
-324.8318 0.0000
-324.8768 0.0000
-324.7804 0.0000
-324.2076 0.0000
-324.1426 0.0000
-325.5155 0.0000
-323.4274 0.0000
-324.6746 0.0000
-324.8204 0.0000
-325.1614 0.0000
-325.4470 0.0000
-325.3210 0.0000
-326.1808 0.0000
-325.8565 0.0000
-325.4548 0.0000
-324.2618 0.0000
-324.2031 0.0000
-325.1399 0.0000
-345.1698 0.0000
-346.4059 0.0000
-345.8520 0.0000
-345.1413 0.0000
-345.9211 0.0000
-347.2368 0.0000
-345.4151 0.0000
-346.2872 0.0000
-346.3339 0.0000
-345.8992 0.0000
-345.6726 0.0000
-345.7529 0.0000
-346.1209 0.0000
-346.2386 0.0000
-345.5644 0.0000
-346.3259 0.0000
-345.9173 0.0000
-347.5843 0.0000
-344.9449 0.0000
-346.6692 0.0000
-346.5459 0.0000
-346.6355 0.0000
-345.9288 0.0000
-346.2038 0.0000
-345.6503 0.0000
-346.0348 0.0000
-346.1197 0.0000
-345.5662 0.0000
-345.7815 0.0000
-345.7211 0.0000
-345.9177 0.0000
-344.9258 0.0000
-346.3850 0.0000
-345.6951 0.0000
-344.9647 0.0000
-346.3291 0.0000
-346.0840 0.0000
-346.3848 0.0000
-346.2674 0.0000
-345.7927 0.0000
-345.6069 0.0000
-346.0418 0.0000
-345.9589 0.0000
-346.2113 0.0000
-345.6854 0.0000
-345.5521 0.0000
-345.8970 0.0000
-346.2529 0.0000
-346.5065 0.0000
-345.7562 0.0000
-346.2304 0.0000
-345.9681 0.0000
-345.5529 0.0000
-344.9295 0.0000
-345.8366 0.0000
-345.1504 0.0000
-346.2798 0.0000
-345.2221 0.0000
-345.9339 0.0000
-345.8548 0.0000
-346.2190 0.0000
-345.9062 0.0000
-346.7204 0.0000
-346.0379 0.0000
-346.4446 0.0000
-345.0136 0.0000
-345.8504 0.0000
-345.5478 0.0000
-345.3919 0.0000
-345.6142 0.0000
-346.3255 0.0000
-346.0178 0.0000
-346.3014 0.0000
-345.7529 0.0000
-345.4681 0.0000
-345.9692 0.0000
-345.3536 0.0000
-346.8721 0.0000
-345.8032 0.0000
-345.8298 0.0000
-345.5939 0.0000
-346.1345 0.0000
-346.1925 0.0000
-345.3667 0.0000
-345.8819 0.0000
-345.5611 0.0000
-346.2632 0.0000
-345.7427 0.0000
-345.8145 0.0000
-345.8206 0.0000
-346.5424 0.0000
-346.0104 0.0000
-346.0906 0.0000
-345.8706 0.0000
-345.9285 0.0000
-345.2615 0.0000
-346.1262 0.0000
-345.8783 0.0000
-345.1110 0.0000
-345.7722 0.0000
-288.3164 0.0000
-288.0655 0.0000
-290.7882 0.0000
-289.6666 0.0000
-289.6220 0.0000
-288.4092 0.0000
-289.4489 0.0000
-289.3465 0.0000
-289.4956 0.0000
-288.8942 0.0000
-287.5377 0.0000
-290.3192 0.0000
-288.7267 0.0000
-288.4796 0.0000
-289.4882 0.0000
-288.5936 0.0000
-289.9817 0.0000
-289.0406 0.0000
-290.9202 0.0000
-288.1093 0.0000
-289.1137 0.0000
-288.4292 0.0000
-289.2758 0.0000
-289.5607 0.0000
-289.5051 0.0000
-289.7823 0.0000
-289.2739 0.0000
-289.1923 0.0000
-289.5998 0.0000
-289.8402 0.0000
-289.5238 0.0000
-288.7164 0.0000
-288.5433 0.0000
-289.0802 0.0000
-288.7615 0.0000
-289.6732 0.0000
-288.7553 0.0000
-289.7965 0.0000
-289.6003 0.0000
-288.9455 0.0000
-289.0736 0.0000
-289.9246 0.0000
-289.8555 0.0000
-289.3356 0.0000
-288.7411 0.0000
-289.0884 0.0000
-290.4094 0.0000
-289.3878 0.0000
-288.8285 0.0000
-289.5458 0.0000
-290.7997 0.0000
-289.9512 0.0000
-288.8388 0.0000
-288.1652 0.0000
-288.7502 0.0000
-288.9137 0.0000
-288.3413 0.0000
-289.9580 0.0000
-289.4894 0.0000
-290.1027 0.0000
-289.9978 0.0000
-289.4429 0.0000
-287.3781 0.0000
-288.8737 0.0000
-288.3685 0.0000
-290.4134 0.0000
-289.4189 0.0000
-288.1969 0.0000
-288.8915 0.0000
-290.7530 0.0000
-288.7992 0.0000
-289.4219 0.0000
-289.8702 0.0000
-289.1714 0.0000
-288.2088 0.0000
-289.8209 0.0000
-288.2787 0.0000
-288.5476 0.0000
-288.6070 0.0000
-289.5103 0.0000
-289.0802 0.0000
-288.7333 0.0000
-288.6932 0.0000
-290.1508 0.0000
-289.1804 0.0000
-289.6057 0.0000
-289.3243 0.0000
-289.8283 0.0000
-288.6643 0.0000
-288.6834 0.0000
-289.7327 0.0000
-289.8744 0.0000
-289.2940 0.0000
-289.6538 0.0000
-290.3842 0.0000
-288.9125 0.0000
-289.1621 0.0000
-289.5893 0.0000
-289.5833 0.0000
-288.6670 0.0000
-261.9087 0.0000
-262.3596 0.0000
-262.3203 0.0000
-262.6332 0.0000
-263.1841 0.0000
-261.7290 0.0000
-260.8055 0.0000
-261.2360 0.0000
-261.4323 0.0000
-261.4604 0.0000
-259.9579 0.0000
-258.7897 0.0000
-258.0630 0.0000
-258.5146 0.0000
-259.3879 0.0000
-260.4620 0.0000
-258.9982 0.0000
-257.3908 0.0000
-257.8933 0.0000
-257.7343 0.0000
-257.9000 0.0000
-257.6342 0.0000
-257.5077 0.0000
-257.8810 0.0000
-258.4751 0.0000
-259.7159 0.0000
-259.2918 0.0000
-259.0538 0.0000
-260.8882 0.0000
-258.1731 0.0000
-257.7605 0.0000
-259.0583 0.0000
-255.7697 0.0000
-256.1646 0.0000
-255.1385 0.0000
-253.8957 0.0000
-254.2683 0.0000
-255.2513 0.0000
-253.1206 0.0000
-252.9720 0.0000
-252.6910 0.0000
-252.9454 0.0000
-252.1492 0.0000
-251.7384 0.0000
-251.5462 0.0000
-252.1765 0.0000
-251.3814 0.0000
-251.0853 0.0000
-251.4308 0.0000
-251.4962 0.0000
-251.9596 0.0000
-251.3959 0.0000
-252.3497 0.0000
-252.4889 0.0000
-252.5477 0.0000
-253.4179 0.0000
-252.3905 0.0000
-251.9040 0.0000
-251.6316 0.0000
-251.2583 0.0000
-252.4283 0.0000
-252.6217 0.0000
-253.4397 0.0000
-251.9295 0.0000
-252.0204 0.0000
-251.5789 0.0000
-253.2956 0.0000
-251.9677 0.0000
-251.3476 0.0000
-251.4833 0.0000
-251.2821 0.0000
-250.9746 0.0000
-251.1953 0.0000
-251.1330 0.0000
-252.0845 0.0000
-252.0188 0.0000
-251.0074 0.0000
-250.2105 0.0000
-250.2972 0.0000
-250.1538 0.0000
-249.2646 0.0000
-249.3845 0.0000
-249.8388 0.0000
-249.5470 0.0000
-249.6850 0.0000
-248.6268 0.0000
-249.2506 0.0000
-249.0438 0.0000
-248.4293 0.0000
-250.0519 0.0000
-246.9558 0.0000
-246.9646 0.0000
-245.9141 0.0000
-247.1102 0.0000
-246.8054 0.0000
-246.8195 0.0000
-248.0731 0.0000
-245.5995 0.0000
-246.0692 0.0000
-245.1426 0.0000
-276.2786 0.0000
-275.2327 0.0000
-274.0462 0.0000
-276.0236 0.0000
-275.2335 0.0000
-273.8142 0.0000
-274.9173 0.0000
-275.1952 0.0000
-275.3213 0.0000
-275.3046 0.0000
-273.3512 0.0000
-272.4491 0.0000
-272.5237 0.0000
-274.7171 0.0000
-275.3399 0.0000
-275.4569 0.0000
-274.4119 0.0000
-272.7946 0.0000
-276.6439 0.0000
-276.2013 0.0000
-275.0724 0.0000
-275.6686 0.0000
-278.2310 0.0000
-274.6142 0.0000
-275.5102 0.0000
-274.3361 0.0000
-274.1699 0.0000
-273.9487 0.0000
-276.3321 0.0000
-275.1795 0.0000
-273.1263 0.0000
-275.0993 0.0000
-274.9039 0.0000
-275.2521 0.0000
-275.7341 0.0000
-275.3333 0.0000
-274.1606 0.0000
-275.2004 0.0000
-274.1080 0.0000
-275.1328 0.0000
-274.0264 0.0000
-276.4611 0.0000
-273.2085 0.0000
-274.1778 0.0000
-274.4253 0.0000
-273.4779 0.0000
-274.2801 0.0000
-273.6416 0.0000
-273.5530 0.0000
-274.3108 0.0000
-274.6889 0.0000
-273.3798 0.0000
-274.6688 0.0000
-274.5454 0.0000
-273.4918 0.0000
-275.0245 0.0000
-275.7198 0.0000
-274.1050 0.0000
-276.6032 0.0000
-274.7523 0.0000
-271.7840 0.0000
-271.9238 0.0000
-273.9801 0.0000
-275.0810 0.0000
-273.9986 0.0000
-274.7021 0.0000
-273.8857 0.0000
-277.6512 0.0000
-274.6547 0.0000
-273.6823 0.0000
-276.0131 0.0000
-273.8753 0.0000
-273.5869 0.0000
-277.9083 0.0000
-275.0687 0.0000
-275.1158 0.0000
-275.3076 0.0000
-274.7343 0.0000
-276.2256 0.0000
-276.3741 0.0000
-274.2265 0.0000
-272.9729 0.0000
-273.7981 0.0000
-275.6349 0.0000
-275.3739 0.0000
-273.9768 0.0000
-275.8932 0.0000
-273.8142 0.0000
-274.2518 0.0000
-274.8755 0.0000
-273.9139 0.0000
-274.6639 0.0000
-277.1202 0.0000
-274.7021 0.0000
-271.8763 0.0000
-272.8259 0.0000
-273.1999 0.0000
-274.9074 0.0000
-273.9319 0.0000
-274.5486 0.0000
-324.4850 0.0000
-324.4067 0.0000
-324.7563 0.0000
-324.8534 0.0000
-325.3294 0.0000
-326.2856 0.0000
-323.6123 0.0000
-324.7357 0.0000
-325.1177 0.0000
-325.7213 0.0000
-324.5079 0.0000
-322.8401 0.0000
-322.5644 0.0000
-324.6126 0.0000
-324.2702 0.0000
-323.4005 0.0000
-323.7072 0.0000
-324.4914 0.0000
-324.1408 0.0000
-326.8895 0.0000
-324.6375 0.0000
-324.4362 0.0000
-324.5311 0.0000
-323.5260 0.0000
-322.9425 0.0000
-322.6314 0.0000
-324.2214 0.0000
-323.6275 0.0000
-324.0230 0.0000
-323.7173 0.0000
-324.1255 0.0000
-324.8720 0.0000
-324.3708 0.0000
-323.3446 0.0000
-325.8115 0.0000
-323.1483 0.0000
-323.5721 0.0000
-325.1319 0.0000
-323.3142 0.0000
-324.2253 0.0000
-323.8967 0.0000
-323.7627 0.0000
-324.5216 0.0000
-324.1592 0.0000
-324.8227 0.0000
-324.8610 0.0000
-323.9794 0.0000
-323.2443 0.0000
-324.5290 0.0000
-325.0926 0.0000
-324.2609 0.0000
-323.9716 0.0000
-324.7115 0.0000
-324.6725 0.0000
-325.0590 0.0000
-323.3021 0.0000
-323.7370 0.0000
-324.6025 0.0000
-323.8537 0.0000
-323.7524 0.0000
-323.9807 0.0000
-321.8433 0.0000
-322.2664 0.0000
-322.7724 0.0000
-323.7914 0.0000
-323.4235 0.0000
-323.6854 0.0000
-324.3733 0.0000
-323.5486 0.0000
-324.3918 0.0000
-323.3876 0.0000
-324.0646 0.0000
-323.7907 0.0000
-323.0850 0.0000
-325.8973 0.0000
-324.7087 0.0000
-324.8880 0.0000
-323.0522 0.0000
-323.4689 0.0000
-323.8467 0.0000
-323.6365 0.0000
-324.0234 0.0000
-324.7259 0.0000
-325.0008 0.0000
-324.3861 0.0000
-324.1677 0.0000
-324.0367 0.0000
-324.5960 0.0000
-323.3212 0.0000
-323.2609 0.0000
-325.1102 0.0000
-323.1114 0.0000
-323.3595 0.0000
-325.2674 0.0000
-324.3178 0.0000
-322.8007 0.0000
-324.5449 0.0000
-323.6173 0.0000
-324.2272 0.0000
-324.1947 0.0000
-221.7321 0.0000
-221.5695 0.0000
-221.9599 0.0000
-220.8692 0.0000
-220.6004 0.0000
-220.0731 0.0000
-219.7638 0.0000
-219.6717 0.0000
-218.8258 0.0000
-219.6210 0.0000
-219.6341 0.0000
-218.8660 0.0000
-219.2493 0.0000
-219.0520 0.0000
-218.7161 0.0000
-218.5912 0.0000
-218.3802 0.0000
-218.6027 0.0000
-218.5013 0.0000
-218.6992 0.0000
-218.2967 0.0000
-218.2069 0.0000
-218.3563 0.0000
-218.6453 0.0000
-218.3926 0.0000
-218.3370 0.0000
-218.8901 0.0000
-219.0281 0.0000
-219.2246 0.0000
-219.3339 0.0000
-219.6967 0.0000
-218.9994 0.0000
-218.3679 0.0000
-218.3924 0.0000
-217.8322 0.0000
-218.4941 0.0000
-218.0762 0.0000
-217.5119 0.0000
-218.6411 0.0000
-219.8243 0.0000
-218.8665 0.0000
-220.5263 0.0000
-220.8798 0.0000
-221.0595 0.0000
-222.2319 0.0000
-221.3126 0.0000
-222.8221 0.0000
-221.3367 0.0000
-221.8108 0.0000
-221.2621 0.0000
-222.0276 0.0000
-223.0063 0.0000
-222.0918 0.0000
-220.8315 0.0000
-220.4400 0.0000
-220.9572 0.0000
-220.7949 0.0000
-221.3669 0.0000
-220.6351 0.0000
-220.4610 0.0000
-220.6138 0.0000
-220.1803 0.0000
-221.4034 0.0000
-219.6581 0.0000
-220.4428 0.0000
-220.5558 0.0000
-221.9162 0.0000
-221.9943 0.0000
-222.2089 0.0000
-221.6909 0.0000
-222.0775 0.0000
-222.6313 0.0000
-222.6229 0.0000
-222.2849 0.0000
-221.3575 0.0000
-220.9074 0.0000
-220.6341 0.0000
-221.0083 0.0000
-222.0236 0.0000
-220.1858 0.0000
-220.6952 0.0000
-220.7235 0.0000
-220.4554 0.0000
-221.4917 0.0000
-219.3202 0.0000
-219.2324 0.0000
-219.2910 0.0000
-219.2812 0.0000
-219.4623 0.0000
-219.6987 0.0000
-220.4763 0.0000
-219.5959 0.0000
-220.5519 0.0000
-220.8503 0.0000
-219.4648 0.0000
-218.8079 0.0000
-218.5534 0.0000
-218.8944 0.0000
-219.4109 0.0000
-217.7440 0.0000
-326.1167 0.0000
-326.1631 0.0000
-325.7928 0.0000
-326.1204 0.0000
-325.9500 0.0000
-325.6342 0.0000
-325.8004 0.0000
-325.6009 0.0000
-326.3859 0.0000
-326.3424 0.0000
-326.8576 0.0000
-326.0957 0.0000
-326.4939 0.0000
-325.8345 0.0000
-325.8633 0.0000
-325.9797 0.0000
-326.0476 0.0000
-325.7574 0.0000
-326.3327 0.0000
-326.2829 0.0000
-326.1677 0.0000
-325.8965 0.0000
-325.1680 0.0000
-325.5179 0.0000
-326.2212 0.0000
-326.8917 0.0000
-326.2502 0.0000
-325.6530 0.0000
-325.7532 0.0000
-326.0452 0.0000
-325.8259 0.0000
-326.2105 0.0000
-324.9528 0.0000
-325.5903 0.0000
-325.8378 0.0000
-325.0649 0.0000
-325.0646 0.0000
-327.0252 0.0000
-326.4517 0.0000
-326.1290 0.0000
-326.2126 0.0000
-325.9081 0.0000
-325.9447 0.0000
-325.4548 0.0000
-326.1177 0.0000
-326.2368 0.0000
-325.9335 0.0000
-326.3759 0.0000
-325.4064 0.0000
-326.9609 0.0000
-326.1846 0.0000
-327.3569 0.0000
-325.3375 0.0000
-325.7011 0.0000
-325.5152 0.0000
-325.3114 0.0000
-326.0877 0.0000
-326.7819 0.0000
-326.2921 0.0000
-326.2318 0.0000
-326.2762 0.0000
-325.4243 0.0000
-325.6436 0.0000
-326.4770 0.0000
-326.0961 0.0000
-325.5855 0.0000
-326.0344 0.0000
-326.3886 0.0000
-325.9917 0.0000
-325.5619 0.0000
-326.4032 0.0000
-325.5372 0.0000
-325.8154 0.0000
-326.1164 0.0000
-325.9340 0.0000
-325.9643 0.0000
-326.6525 0.0000
-325.4938 0.0000
-325.4645 0.0000
-325.8266 0.0000
-326.0615 0.0000
-326.5929 0.0000
-325.0222 0.0000
-325.6337 0.0000
-325.9502 0.0000
-325.2540 0.0000
-326.4393 0.0000
-325.9236 0.0000
-327.3709 0.0000
-327.1593 0.0000
-325.7235 0.0000
-326.1073 0.0000
-325.6968 0.0000
-326.6499 0.0000
-324.8646 0.0000
-327.4163 0.0000
-325.8690 0.0000
-326.5502 0.0000
-325.9980 0.0000
-326.1863 0.0000
-287.8322 0.0000
-287.2100 0.0000
-286.8043 0.0000
-287.7080 0.0000
-287.2771 0.0000
-286.1366 0.0000
-286.8483 0.0000
-286.6464 0.0000
-286.7069 0.0000
-286.6306 0.0000
-287.7798 0.0000
-287.2969 0.0000
-286.6726 0.0000
-288.2804 0.0000
-288.7038 0.0000
-287.2397 0.0000
-287.8304 0.0000
-286.5587 0.0000
-288.2881 0.0000
-286.8228 0.0000
-288.6071 0.0000
-287.7408 0.0000
-288.4844 0.0000
-287.5970 0.0000
-286.5769 0.0000
-287.8497 0.0000
-288.5310 0.0000
-287.5229 0.0000
-286.9970 0.0000
-287.7570 0.0000
-287.5157 0.0000
-286.8680 0.0000
-286.9323 0.0000
-288.2292 0.0000
-286.3108 0.0000
-288.3032 0.0000
-287.6192 0.0000
-288.0561 0.0000
-288.3225 0.0000
-288.2897 0.0000
-288.3598 0.0000
-289.1306 0.0000
-286.6106 0.0000
-285.8387 0.0000
-287.0890 0.0000
-287.7807 0.0000
-287.8256 0.0000
-287.2824 0.0000
-288.0588 0.0000
-288.1295 0.0000
-288.2310 0.0000
-288.2061 0.0000
-288.4481 0.0000
-286.6325 0.0000
-288.3416 0.0000
-286.3134 0.0000
-286.6602 0.0000
-287.3637 0.0000
-287.5155 0.0000
-287.2637 0.0000
-287.6745 0.0000
-289.0398 0.0000
-287.6505 0.0000
-286.8931 0.0000
-287.8350 0.0000
-286.5323 0.0000
-288.2088 0.0000
-287.1717 0.0000
-287.0893 0.0000
-287.8713 0.0000
-287.5116 0.0000
-287.3046 0.0000
-286.7562 0.0000
-288.1443 0.0000
-286.8040 0.0000
-287.2032 0.0000
-287.8399 0.0000
-288.3155 0.0000
-288.3783 0.0000
-287.8755 0.0000
-288.7058 0.0000
-288.6402 0.0000
-287.2089 0.0000
-288.0206 0.0000
-287.1356 0.0000
-287.4347 0.0000
-288.5917 0.0000
-287.9330 0.0000
-286.6620 0.0000
-286.7671 0.0000
-288.3729 0.0000
-288.4311 0.0000
-287.5180 0.0000
-287.4965 0.0000
-286.9538 0.0000
-286.3283 0.0000
-288.0209 0.0000
-287.4586 0.0000
-287.5569 0.0000
-287.6700 0.0000
-287.4153 0.0000
-288.3979 0.0000
-287.1639 0.0000
-287.3490 0.0000
-287.4287 0.0000
-287.3281 0.0000
-288.7926 0.0000
-287.2221 0.0000
-288.1435 0.0000
-287.4705 0.0000
-287.8797 0.0000
-286.3064 0.0000
-287.0671 0.0000
-287.5260 0.0000
-286.8797 0.0000
-287.1769 0.0000
-287.1236 0.0000
-287.5500 0.0000
-287.1492 0.0000
-288.6263 0.0000
-287.7607 0.0000
-287.8758 0.0000
-285.8491 0.0000
-287.2888 0.0000
-288.4627 0.0000
-288.3634 0.0000
-286.9454 0.0000
-287.8879 0.0000
-287.5573 0.0000
-287.3437 0.0000
-288.4958 0.0000
-288.3201 0.0000
-287.7015 0.0000
-287.2978 0.0000
-287.3788 0.0000
-286.8747 0.0000
-288.9746 0.0000
-288.8412 0.0000
-287.9178 0.0000
-287.5446 0.0000
-287.0489 0.0000
-287.7554 0.0000
-287.5887 0.0000
-288.7460 0.0000
-286.0011 0.0000
-287.1214 0.0000
-287.4398 0.0000
-288.7965 0.0000
-288.2752 0.0000
-286.6341 0.0000
-287.3889 0.0000
-286.7437 0.0000
-286.5080 0.0000
-287.0396 0.0000
-287.7968 0.0000
-288.2868 0.0000
-288.4340 0.0000
-289.1998 0.0000
-287.3808 0.0000
-286.7952 0.0000
-286.8359 0.0000
-287.7839 0.0000
-287.4934 0.0000
-287.4099 0.0000
-287.7294 0.0000
-288.6850 0.0000
-288.1209 0.0000
-287.5396 0.0000
-288.0956 0.0000
-287.6555 0.0000
-286.6074 0.0000
-287.8348 0.0000
-288.3442 0.0000
-288.7284 0.0000
-287.9358 0.0000
-287.9239 0.0000
-287.2059 0.0000
-286.5949 0.0000
-287.3655 0.0000
-287.7872 0.0000
-287.0683 0.0000
-287.5871 0.0000
-287.3699 0.0000
-286.9236 0.0000
-287.5063 0.0000
-288.3319 0.0000
-286.8160 0.0000
-289.3194 0.0000
-288.1707 0.0000
-288.1229 0.0000
-286.6846 0.0000
-287.4888 0.0000
-288.1479 0.0000
-287.3024 0.0000
-287.2777 0.0000
-286.4305 0.0000
-287.7119 0.0000
-286.7608 0.0000
-288.4808 0.0000
-287.6118 0.0000
-286.8011 0.0000
-288.9103 0.0000
-287.6226 0.0000
-288.7463 0.0000
-287.1496 0.0000
-287.7499 0.0000
-287.4829 0.0000
-286.5202 0.0000
-287.9088 0.0000
-286.9679 0.0000
-287.1167 0.0000
-287.7101 0.0000
-289.7321 0.0000
-287.9298 0.0000
-287.5044 0.0000
-287.7736 0.0000
-288.0493 0.0000
-287.1013 0.0000
-288.3118 0.0000
-287.5288 0.0000
-286.3703 0.0000
-286.9463 0.0000
-286.6677 0.0000
-288.1854 0.0000
-286.7709 0.0000
-286.8137 0.0000
-287.0252 0.0000
-287.9517 0.0000
-287.9832 0.0000
-288.1776 0.0000
-288.3058 0.0000
-287.0175 0.0000
-288.2340 0.0000
-287.8363 0.0000
-286.7646 0.0000
-287.3017 0.0000
-288.0247 0.0000
-287.5285 0.0000
-287.6686 0.0000
-288.0138 0.0000
-288.1989 0.0000
-287.3084 0.0000
-287.2095 0.0000
-288.0814 0.0000
-286.1082 0.0000
-288.3077 0.0000
-287.8719 0.0000
-288.2411 0.0000
-288.1118 0.0000
-288.5958 0.0000
-288.3614 0.0000
-286.9570 0.0000
-287.9152 0.0000
-288.3836 0.0000
-286.7426 0.0000
-287.5951 0.0000
-288.4010 0.0000
-287.7342 0.0000
-287.8458 0.0000
-286.9657 0.0000
-288.0332 0.0000
-288.2885 0.0000
-287.7230 0.0000
-288.3885 0.0000
-287.0753 0.0000
-287.3125 0.0000
-287.8322 0.0000
-286.7087 0.0000
-287.6367 0.0000
-288.1666 0.0000
-288.4052 0.0000
-286.4621 0.0000
-287.2210 0.0000
-287.3936 0.0000
-286.9956 0.0000
-287.6503 0.0000
-288.6307 0.0000
-288.6684 0.0000
-287.7883 0.0000
-287.6205 0.0000
-288.3194 0.0000
-287.3130 0.0000
-286.9452 0.0000
-287.5180 0.0000
-288.0584 0.0000
-287.6332 0.0000
-286.0715 0.0000
-288.9112 0.0000
-286.5954 0.0000
-287.9912 0.0000
-288.8289 0.0000
-287.0759 0.0000
-287.7737 0.0000
-287.8514 0.0000
-287.9584 0.0000
-287.5333 0.0000
-286.4083 0.0000
-287.8054 0.0000
-287.3764 0.0000
-287.3072 0.0000
-286.0197 0.0000
-286.1388 0.0000
-286.7496 0.0000
-287.3972 0.0000
-287.7640 0.0000
-286.4578 0.0000
-288.2368 0.0000
-288.4282 0.0000
-288.3043 0.0000
-287.0800 0.0000
-286.8530 0.0000
-287.7639 0.0000
-286.4218 0.0000
-285.8284 0.0000
-287.8010 0.0000
-287.1420 0.0000
-287.1888 0.0000
-287.6023 0.0000
-288.1476 0.0000
-287.2170 0.0000
-288.4856 0.0000
-286.1059 0.0000
-287.3648 0.0000
-288.2047 0.0000
-286.6984 0.0000
-288.5282 0.0000
-287.4211 0.0000
-287.8637 0.0000
-286.4157 0.0000
-286.1834 0.0000
-287.3480 0.0000
-287.9637 0.0000
-288.1628 0.0000
-286.5976 0.0000
-288.7270 0.0000
-287.0229 0.0000
-287.2361 0.0000
-287.6999 0.0000
-287.3795 0.0000
-288.8667 0.0000
-285.9355 0.0000
-287.4642 0.0000
-287.4621 0.0000
-287.9553 0.0000
-288.1901 0.0000
-287.2986 0.0000
-287.8984 0.0000
-287.9803 0.0000
-288.0399 0.0000
-286.9259 0.0000
-287.6242 0.0000
-287.7268 0.0000
-286.8146 0.0000
-287.4420 0.0000
-287.2031 0.0000
-286.9807 0.0000
-285.9768 0.0000
-287.8965 0.0000
-287.7818 0.0000
-288.0272 0.0000
-288.8042 0.0000
-288.1273 0.0000
-287.4796 0.0000
-287.1021 0.0000
-287.3775 0.0000
-287.6404 0.0000
-288.0826 0.0000
-288.1996 0.0000
-288.0849 0.0000
-288.6551 0.0000
-288.7817 0.0000
-287.7662 0.0000
-288.7776 0.0000
-288.5768 0.0000
-287.4900 0.0000
-287.3631 0.0000
-286.7199 0.0000
-288.0527 0.0000
-288.2289 0.0000
-288.0710 0.0000
-287.3389 0.0000
-285.3234 0.0000
-287.5080 0.0000
-288.3298 0.0000
-288.0464 0.0000
-287.9425 0.0000
-287.3019 0.0000
-287.6273 0.0000
-287.3343 0.0000
-287.6222 0.0000
-287.3804 0.0000
-287.7100 0.0000
-288.3765 0.0000
-286.9335 0.0000
-287.8336 0.0000
-287.5289 0.0000
-288.1782 0.0000
-288.3382 0.0000
-288.1026 0.0000
-287.2501 0.0000
-288.5750 0.0000
-287.8876 0.0000
-288.6054 0.0000
-288.7971 0.0000
-289.5581 0.0000
-287.3368 0.0000
-287.7558 0.0000
-287.1731 0.0000
-286.4770 0.0000
-287.1678 0.0000
-287.4523 0.0000
-287.3587 0.0000
-288.0076 0.0000
-288.3463 0.0000
-288.2044 0.0000
-288.2449 0.0000
-286.0367 0.0000
-287.1987 0.0000
-287.2896 0.0000
-287.4231 0.0000
-287.2552 0.0000
-287.9301 0.0000
-288.4108 0.0000
-287.4299 0.0000
-286.8875 0.0000
-288.3202 0.0000
-287.7460 0.0000
-287.0355 0.0000
-286.6508 0.0000
-287.2122 0.0000
-287.7010 0.0000
-288.2558 0.0000
-287.2155 0.0000
-287.3341 0.0000
-287.2535 0.0000
-287.7762 0.0000
-287.8145 0.0000
-287.2321 0.0000
-289.3401 0.0000
-287.4850 0.0000
-286.4834 0.0000
-287.9068 0.0000
-288.6568 0.0000
-286.7117 0.0000
-286.7404 0.0000
-287.5900 0.0000
-288.2469 0.0000
-286.4286 0.0000
-287.2947 0.0000
-287.0547 0.0000
-287.0359 0.0000
-287.3017 0.0000
-287.3973 0.0000
-287.8509 0.0000
-288.2913 0.0000
-287.9324 0.0000
-287.6438 0.0000
-288.3088 0.0000
-288.6063 0.0000
-287.0775 0.0000
-286.9379 0.0000
-285.9533 0.0000
-288.1475 0.0000
-287.4246 0.0000
-286.6701 0.0000
-287.9049 0.0000
-287.9401 0.0000
-288.4032 0.0000
-286.9578 0.0000
-287.2765 0.0000
-287.6300 0.0000
-287.1842 0.0000
-287.3083 0.0000
-286.8487 0.0000
-285.9601 0.0000
-287.3500 0.0000
-288.1406 0.0000
-286.1204 0.0000
-288.6373 0.0000
-287.8312 0.0000
-286.6978 0.0000
-287.7615 0.0000
-288.3612 0.0000
-287.0869 0.0000
-287.5757 0.0000
-287.0133 0.0000
-286.6629 0.0000
-288.6992 0.0000
-287.3512 0.0000
-287.6820 0.0000
-288.7442 0.0000
-286.7701 0.0000
-287.7405 0.0000
-287.5548 0.0000
-287.7912 0.0000
-286.8515 0.0000
-287.8604 0.0000
-287.4767 0.0000
-287.2551 0.0000
-286.9782 0.0000
-289.4139 0.0000
-286.4345 0.0000
-286.6967 0.0000
-288.2797 0.0000
-286.7493 0.0000
-287.3336 0.0000
-287.5299 0.0000
-288.3431 0.0000
-287.3553 0.0000
-286.8932 0.0000
-287.0639 0.0000
-287.6699 0.0000
-286.0829 0.0000
-287.0238 0.0000
-287.9647 0.0000
-288.5639 0.0000
-286.6783 0.0000
-288.1688 0.0000
-288.1485 0.0000
-287.1417 0.0000
-287.1595 0.0000
-288.2054 0.0000
-287.6589 0.0000
-286.9786 0.0000
-287.7298 0.0000
-287.7656 0.0000
-286.5786 0.0000
-286.2044 0.0000
-288.0972 0.0000
-286.6143 0.0000
-287.7119 0.0000
-287.5786 0.0000
-286.6050 0.0000
-288.6303 0.0000
-288.7084 0.0000
-286.8486 0.0000
-287.6090 0.0000
-287.4146 0.0000
-288.5171 0.0000
-288.2361 0.0000
-287.2653 0.0000
-288.9072 0.0000
-287.1863 0.0000
-288.2471 0.0000
-287.6233 0.0000
-288.3973 0.0000
-288.4813 0.0000
-287.9797 0.0000
-288.2185 0.0000
-288.1427 0.0000
-287.0038 0.0000
-286.2462 0.0000
-288.5618 0.0000
-287.7738 0.0000
-287.1149 0.0000
-286.5013 0.0000
-287.9743 0.0000
-288.2328 0.0000
-287.4705 0.0000
-286.9540 0.0000
-287.0183 0.0000
-286.4700 0.0000
-287.4036 0.0000
-288.4350 0.0000
-288.7960 0.0000
-287.0182 0.0000
-287.6385 0.0000
-287.8245 0.0000
-286.8158 0.0000
-287.8017 0.0000
-287.2270 0.0000
-287.0105 0.0000
-287.8198 0.0000
-287.9418 0.0000
-287.1797 0.0000
-286.7151 0.0000
-288.3535 0.0000
-287.5211 0.0000
-287.6568 0.0000
-288.3256 0.0000
-287.3184 0.0000
-287.1773 0.0000
-286.6532 0.0000
-288.2036 0.0000
-287.4305 0.0000
-286.9532 0.0000
-287.1787 0.0000
-288.6059 0.0000
-288.9837 0.0000
-287.3213 0.0000
-287.5045 0.0000
-287.6363 0.0000
-288.2781 0.0000
-287.5336 0.0000
-287.8375 0.0000
-287.9118 0.0000
-288.5738 0.0000
-288.4021 0.0000
-288.3933 0.0000
-287.8994 0.0000
-288.2242 0.0000
-287.8574 0.0000
-288.1034 0.0000
-288.2223 0.0000
-288.3083 0.0000
-288.6824 0.0000
-287.2280 0.0000
-287.7011 0.0000
-286.8197 0.0000
-286.6470 0.0000
-287.7534 0.0000
-288.6691 0.0000
-286.9117 0.0000
-287.9894 0.0000
-288.5578 0.0000
-286.7423 0.0000
-286.8925 0.0000
-287.5854 0.0000
-286.1012 0.0000
-287.9618 0.0000
-286.7084 0.0000
-286.8449 0.0000
-288.8883 0.0000
-288.0337 0.0000
-288.5499 0.0000
-288.7609 0.0000
-287.2895 0.0000
-287.7383 0.0000
-287.0193 0.0000
-288.4025 0.0000
-286.8270 0.0000
-287.9958 0.0000
-288.0131 0.0000
-285.5151 0.0000
-288.1946 0.0000
-285.7362 0.0000
-287.2575 0.0000
-287.8904 0.0000
-287.0793 0.0000
-287.8164 0.0000
-287.1528 0.0000
-288.5988 0.0000
-285.6577 0.0000
-287.9115 0.0000
-287.2367 0.0000
-288.0196 0.0000
-287.1734 0.0000
-289.5314 0.0000
-287.9752 0.0000
-287.9710 0.0000
-288.3745 0.0000
-287.9314 0.0000
-289.0207 0.0000
-288.8410 0.0000
-285.9319 0.0000
-288.2244 0.0000
-286.1917 0.0000
-287.6106 0.0000
-287.5451 0.0000
-288.0013 0.0000
-287.4159 0.0000
-287.3126 0.0000
-287.5372 0.0000
-288.4370 0.0000
-286.5375 0.0000
-286.2662 0.0000
-287.7695 0.0000
-288.0822 0.0000
-286.8311 0.0000
-287.8804 0.0000
-287.9485 0.0000
-286.8094 0.0000
-288.3364 0.0000
-287.0752 0.0000
-288.5650 0.0000
-287.8108 0.0000
-288.1664 0.0000
-287.2449 0.0000
-287.2594 0.0000
-287.5747 0.0000
-287.3136 0.0000
-286.8276 0.0000
-287.1351 0.0000
-288.0203 0.0000
-288.7198 0.0000
-287.9356 0.0000
-287.1498 0.0000
-288.4775 0.0000
-286.8024 0.0000
-287.3263 0.0000
-287.4473 0.0000
-287.9319 0.0000
-287.7747 0.0000
-287.3494 0.0000
-288.0470 0.0000
-286.9433 0.0000
-287.0803 0.0000
-288.7961 0.0000
-287.1809 0.0000
-287.1289 0.0000
-288.4244 0.0000
-287.6254 0.0000
-287.5505 0.0000
-288.1695 0.0000
-287.7303 0.0000
-287.8324 0.0000
-287.0645 0.0000
-288.0216 0.0000
-286.6357 0.0000
-286.4136 0.0000
-287.6369 0.0000
-287.4077 0.0000
-288.0854 0.0000
-286.9616 0.0000
-287.2324 0.0000
-287.2965 0.0000
-288.1176 0.0000
-287.9206 0.0000
-287.3619 0.0000
-288.0682 0.0000
-288.7380 0.0000
-287.3262 0.0000
-288.2453 0.0000
-286.0148 0.0000
-288.1944 0.0000
-287.6712 0.0000
-288.3966 0.0000
-287.8364 0.0000
-288.6218 0.0000
-286.8523 0.0000
-287.0477 0.0000
-287.3237 0.0000
-289.3989 0.0000
-287.0064 0.0000
-288.2703 0.0000
-286.4209 0.0000
-287.7129 0.0000
-288.6959 0.0000
-288.2576 0.0000
-289.1216 0.0000
-287.8917 0.0000
-287.7197 0.0000
-288.4448 0.0000
-287.1900 0.0000
-288.0538 0.0000
-288.6451 0.0000
-288.0663 0.0000
-287.3631 0.0000
-288.8544 0.0000
-288.1103 0.0000
-287.9518 0.0000
-288.9916 0.0000
-287.7676 0.0000
-287.6043 0.0000
-289.4538 0.0000
-288.6839 0.0000
-287.4608 0.0000
-288.3944 0.0000
-288.0624 0.0000
-287.3556 0.0000
-286.8037 0.0000
-288.5443 0.0000
-286.0564 0.0000
-288.0336 0.0000
-286.7172 0.0000
-286.8741 0.0000
-288.1797 0.0000
-287.4854 0.0000
-287.3233 0.0000
-288.2077 0.0000
-287.7699 0.0000
-287.0480 0.0000
-286.7452 0.0000
-286.4875 0.0000
-288.0511 0.0000
-287.7463 0.0000
-286.9974 0.0000
-288.2888 0.0000
-288.5536 0.0000
-286.5184 0.0000
-286.1976 0.0000
-287.4545 0.0000
-286.8877 0.0000
-288.6076 0.0000
-288.7167 0.0000
-287.0247 0.0000
-288.0961 0.0000
-287.5332 0.0000
-287.8357 0.0000
-287.0671 0.0000
-287.0017 0.0000
-287.0314 0.0000
-288.0708 0.0000
-287.4193 0.0000
-286.7244 0.0000
-287.6615 0.0000
-287.9289 0.0000
-287.6869 0.0000
-287.0679 0.0000
-288.1701 0.0000
-287.0115 0.0000
-286.9441 0.0000
-287.6517 0.0000
-287.5275 0.0000
-287.6398 0.0000
-286.8869 0.0000
-287.4411 0.0000
-286.2376 0.0000
-286.6953 0.0000
-286.6374 0.0000
-287.6584 0.0000
-287.5320 0.0000
-287.2041 0.0000
-287.0104 0.0000
-288.0704 0.0000
-287.0597 0.0000
-287.4690 0.0000
-287.6662 0.0000
-288.3396 0.0000
-286.2343 0.0000
-289.4256 0.0000
-288.0315 0.0000
-287.4329 0.0000
-286.6210 0.0000
-288.3686 0.0000
-287.4771 0.0000
-287.2870 0.0000
-287.0258 0.0000
-288.2024 0.0000
-287.0061 0.0000
-288.5174 0.0000
-287.1590 0.0000
-285.4463 0.0000
-287.4874 0.0000
-286.5850 0.0000
-288.2369 0.0000
-287.6578 0.0000
-287.2954 0.0000
-288.4427 0.0000
-286.9524 0.0000
-287.7350 0.0000
-288.0989 0.0000
-287.7275 0.0000
-286.6331 0.0000
-286.9486 0.0000
-287.7584 0.0000
-287.9453 0.0000
-287.4576 0.0000
-287.6106 0.0000
-287.1392 0.0000
-288.3283 0.0000
-288.7769 0.0000
-288.3101 0.0000
-289.2995 0.0000
-287.6595 0.0000
-287.3743 0.0000
-287.2343 0.0000
-287.9017 0.0000
-287.2785 0.0000
-286.0043 0.0000
-286.3173 0.0000
-286.9170 0.0000
-287.3182 0.0000
-287.5658 0.0000
-286.9019 0.0000
-288.2653 0.0000
-288.3838 0.0000
-288.4657 0.0000
-288.9411 0.0000
-288.0381 0.0000
-287.3275 0.0000
-286.5736 0.0000
-287.8519 0.0000
-287.7079 0.0000
-288.3841 0.0000
-287.3673 0.0000
-288.0034 0.0000
-286.4969 0.0000
-288.2755 0.0000
-287.4608 0.0000
-287.1126 0.0000
-288.8377 0.0000
-287.1742 0.0000
-287.2166 0.0000
-287.9195 0.0000
-288.5737 0.0000
-286.9302 0.0000
-287.7587 0.0000
-288.2377 0.0000
-288.5531 0.0000
-286.0399 0.0000
-288.6472 0.0000
-288.3471 0.0000
-287.3109 0.0000
-288.9793 0.0000
-288.3534 0.0000
-288.6487 0.0000
-289.1375 0.0000
-287.5272 0.0000
-286.9009 0.0000
-287.3200 0.0000
-287.2445 0.0000
-287.5199 0.0000
-288.0196 0.0000
-287.0562 0.0000
-288.4065 0.0000
-288.1678 0.0000
-288.5643 0.0000
-286.3453 0.0000
-289.4727 0.0000
-286.4395 0.0000
-287.1555 0.0000
-285.9030 0.0000
-288.1548 0.0000
-287.4161 0.0000
-288.3613 0.0000
-288.4580 0.0000
-287.5959 0.0000
-287.5184 0.0000
-287.1224 0.0000
-287.4829 0.0000
-287.7055 0.0000
-288.0758 0.0000
-288.3346 0.0000
-288.5066 0.0000
-287.7669 0.0000
-286.5589 0.0000
-287.9061 0.0000
-287.9095 0.0000
-287.5584 0.0000
-289.2845 0.0000
-287.8993 0.0000
-287.5674 0.0000
-286.9857 0.0000
-287.1816 0.0000
-287.3442 0.0000
-287.0208 0.0000
-287.1916 0.0000
-287.7228 0.0000
-287.0555 0.0000
-288.3694 0.0000
-288.7197 0.0000
-287.7287 0.0000
-287.9910 0.0000
-288.6134 0.0000
-287.2372 0.0000
-289.3996 0.0000
-288.0154 0.0000
-286.4472 0.0000
-286.6916 0.0000
-287.5167 0.0000
-286.8619 0.0000
-287.8368 0.0000
-287.9622 0.0000
-287.0091 0.0000
-287.9717 0.0000
-288.2532 0.0000
-288.8370 0.0000
-287.8180 0.0000
-286.5693 0.0000
-287.4349 0.0000
-287.7316 0.0000
-286.6124 0.0000
-287.8355 0.0000
-287.5785 0.0000
-288.3269 0.0000
-286.8670 0.0000
-287.2808 0.0000
-286.8143 0.0000
-289.1899 0.0000
-288.1658 0.0000
-288.0937 0.0000
-287.4746 0.0000
-287.0767 0.0000
-287.3512 0.0000
-287.6705 0.0000
-287.7318 0.0000
-288.5069 0.0000
-287.2028 0.0000
-287.7600 0.0000
-288.0226 0.0000
-286.5987 0.0000
-287.1332 0.0000
-288.3229 0.0000
-287.9235 0.0000
-287.0688 0.0000
-287.9405 0.0000
-288.0637 0.0000
-287.8418 0.0000
-288.0340 0.0000
-287.5104 0.0000
-287.7857 0.0000
-287.4089 0.0000
-289.1672 0.0000
-288.5216 0.0000
-287.2636 0.0000
-288.2381 0.0000
-287.6988 0.0000
-287.8736 0.0000
-285.7174 0.0000
-287.7729 0.0000
-287.1037 0.0000
-287.3854 0.0000
-287.9418 0.0000
-288.4304 0.0000
-286.6806 0.0000
-287.8370 0.0000
-287.4464 0.0000
-288.3609 0.0000
-287.1788 0.0000
-288.5540 0.0000
-286.5260 0.0000
-288.0941 0.0000
-287.5413 0.0000
-287.2928 0.0000
-287.6377 0.0000
-286.8647 0.0000
-287.7953 0.0000
-287.8918 0.0000
-286.5848 0.0000
-287.7307 0.0000
-287.0229 0.0000
-287.7033 0.0000
-287.7497 0.0000
-287.7813 0.0000
-287.6527 0.0000
-286.2979 0.0000
-287.9670 0.0000
-286.9570 0.0000
-286.6383 0.0000
-288.3157 0.0000
-288.0983 0.0000
-288.8526 0.0000
-287.4870 0.0000
-286.6810 0.0000
-286.8910 0.0000
-287.2138 0.0000
-287.8390 0.0000
-288.1415 0.0000
-287.7159 0.0000
-288.1729 0.0000
-287.2596 0.0000
-288.0457 0.0000
-288.4720 0.0000
-287.3071 0.0000
-287.0708 0.0000
-285.9429 0.0000
-287.4049 0.0000
-288.2920 0.0000
-287.2444 0.0000
-287.3975 0.0000
-287.0557 0.0000
-287.2214 0.0000
-288.7628 0.0000
-288.4438 0.0000
-287.2843 0.0000
-287.2897 0.0000
-287.5113 0.0000
-287.3767 0.0000
-287.3892 0.0000
-287.9242 0.0000
-288.1187 0.0000
-287.1293 0.0000
-287.1591 0.0000
-289.8707 0.0000
-288.8288 0.0000
-288.5102 0.0000
-287.6182 0.0000
-287.5800 0.0000
-286.5262 0.0000
-287.0497 0.0000
-287.8645 0.0000
-287.5707 0.0000
-286.7527 0.0000
-287.5583 0.0000
-287.5659 0.0000
-287.4525 0.0000
-287.0995 0.0000
-288.0146 0.0000
-289.3933 0.0000
-286.8568 0.0000
-286.6174 0.0000
-287.7151 0.0000
-287.7493 0.0000
-288.8633 0.0000
-287.5517 0.0000
-287.4522 0.0000
-287.7074 0.0000
-287.3021 0.0000
-287.6777 0.0000
-287.3210 0.0000
-287.7651 0.0000
-287.8279 0.0000
-287.5738 0.0000
-287.8529 0.0000
-287.5787 0.0000
-287.7451 0.0000
-287.8698 0.0000
-288.5408 0.0000
-286.6119 0.0000
-288.1183 0.0000
-287.7810 0.0000
-287.1917 0.0000
-287.8473 0.0000
-287.8464 0.0000
-287.9522 0.0000
-287.8556 0.0000
-287.4611 0.0000
-286.2332 0.0000
-286.0590 0.0000
-287.7211 0.0000
-289.1212 0.0000
-287.3158 0.0000
-287.1345 0.0000
-286.5698 0.0000
-288.2629 0.0000
-287.1512 0.0000
-288.8232 0.0000
-287.7538 0.0000
-288.0511 0.0000
-287.1037 0.0000
-288.0804 0.0000
-286.9850 0.0000
-289.0069 0.0000
-288.2358 0.0000
-286.2376 0.0000
-287.0977 0.0000
-288.0100 0.0000
-288.0274 0.0000
-287.9072 0.0000
-288.3008 0.0000
-288.0999 0.0000
-287.9987 0.0000
-287.4150 0.0000
-286.7219 0.0000
-287.7124 0.0000
-287.3748 0.0000
-287.5904 0.0000
-288.7182 0.0000
-287.0366 0.0000
-287.2113 0.0000
-288.9106 0.0000
-287.4220 0.0000
-287.3614 0.0000
-287.6827 0.0000
-287.9251 0.0000
-286.4895 0.0000
-288.3259 0.0000
-287.8346 0.0000
-288.1153 0.0000
-287.8355 0.0000
-287.4678 0.0000
-286.7791 0.0000
-288.7679 0.0000
-286.9965 0.0000
-287.1304 0.0000
-286.2815 0.0000
-287.0332 0.0000
-287.6577 0.0000
-287.1423 0.0000
-287.6457 0.0000
-286.7598 0.0000
-287.6359 0.0000
-287.3331 0.0000
-288.2652 0.0000
-287.5055 0.0000
-286.3737 0.0000
-286.8083 0.0000
-288.0874 0.0000
-288.7848 0.0000
-288.4176 0.0000
-287.9034 0.0000
-287.0653 0.0000
-287.4214 0.0000
-287.4944 0.0000
-287.0382 0.0000
-288.1861 0.0000
-287.2014 0.0000
-289.1353 0.0000
-286.9138 0.0000
-287.7468 0.0000
-286.7597 0.0000
-287.8137 0.0000
-286.4712 0.0000
-288.4447 0.0000
-287.8574 0.0000
-287.3235 0.0000
-287.6241 0.0000
-286.6159 0.0000
-287.0295 0.0000
-287.8364 0.0000
-285.8773 0.0000
-287.2935 0.0000
-288.3170 0.0000
-287.1615 0.0000
-288.3488 0.0000
-287.0355 0.0000
-288.8222 0.0000
-286.5845 0.0000
-288.8194 0.0000
-287.7563 0.0000
-287.3041 0.0000
-287.3604 0.0000
-286.1754 0.0000
-287.7088 0.0000
-286.8943 0.0000
-287.3814 0.0000
-287.2793 0.0000
-288.7812 0.0000
-286.4648 0.0000
-288.7990 0.0000
-288.1810 0.0000
-288.1974 0.0000
-287.7518 0.0000
-287.1899 0.0000
-287.6442 0.0000
-288.0951 0.0000
-288.6758 0.0000
-288.1600 0.0000
-288.8795 0.0000
-287.8128 0.0000
-287.5699 0.0000
-287.9688 0.0000
-286.9348 0.0000
-288.4954 0.0000
-286.7947 0.0000
-287.6802 0.0000
-287.4025 0.0000
-287.6240 0.0000
-287.2501 0.0000
-287.1465 0.0000
-287.0699 0.0000
-288.0969 0.0000
-287.1597 0.0000
-288.1578 0.0000
-286.9690 0.0000
-286.7801 0.0000
-287.2175 0.0000
-288.6042 0.0000
-287.9652 0.0000
-288.4124 0.0000
-286.9035 0.0000
-287.2385 0.0000
-289.3194 0.0000
-288.2008 0.0000
-287.1883 0.0000
-288.1063 0.0000
-287.6935 0.0000
-288.4776 0.0000
-287.1812 0.0000
-288.6642 0.0000
-287.6437 0.0000
-287.0308 0.0000
-288.1619 0.0000
-287.6662 0.0000
-288.3203 0.0000
-286.8170 0.0000
-287.6142 0.0000
-287.7920 0.0000
-287.9748 0.0000
-287.2011 0.0000
-287.1128 0.0000
-286.8116 0.0000
-287.0405 0.0000
-286.9220 0.0000
-287.2171 0.0000
-288.3203 0.0000
-287.7898 0.0000
-286.7554 0.0000
-287.8714 0.0000
-287.0275 0.0000
-287.0918 0.0000
-286.5133 0.0000
-286.2283 0.0000
-286.7405 0.0000
-286.7341 0.0000
-286.1098 0.0000
-288.4710 0.0000
-288.2678 0.0000
-288.0157 0.0000
-287.9885 0.0000
-288.1055 0.0000
-287.3474 0.0000
-287.4986 0.0000
-287.0447 0.0000
-287.9829 0.0000
-286.3102 0.0000
-286.5503 0.0000
-287.3908 0.0000
-288.7086 0.0000
-287.2253 0.0000
-288.4779 0.0000
-288.0015 0.0000
-288.1485 0.0000
-288.6930 0.0000
-287.2066 0.0000
-287.2420 0.0000
-288.5047 0.0000
-288.1983 0.0000
-287.2085 0.0000
-286.1943 0.0000
-288.4366 0.0000
-288.1097 0.0000
-286.5952 0.0000
-288.9266 0.0000
-288.9094 0.0000
-287.8593 0.0000
-287.9219 0.0000
-286.7940 0.0000
-287.9411 0.0000
-286.0049 0.0000
-288.9958 0.0000
-288.0235 0.0000
-288.8303 0.0000
-286.9420 0.0000
-288.4414 0.0000
-286.5560 0.0000
-288.4246 0.0000
-287.2550 0.0000
-287.8160 0.0000
-288.0298 0.0000
-287.6868 0.0000
-285.6793 0.0000
-287.1206 0.0000
-287.2653 0.0000
-288.0096 0.0000
-287.2889 0.0000
-287.3973 0.0000
-287.4184 0.0000
-286.6179 0.0000
-288.0403 0.0000
-287.8899 0.0000
-288.0817 0.0000
-287.0092 0.0000
-286.7033 0.0000
-286.7437 0.0000
-287.9911 0.0000
-286.4123 0.0000
-286.7645 0.0000
-288.5808 0.0000
-287.3629 0.0000
-286.7404 0.0000
-286.8008 0.0000
-287.8072 0.0000
-287.6857 0.0000
-288.7870 0.0000
-288.0656 0.0000
-287.6088 0.0000
-287.1625 0.0000
-288.3481 0.0000
-287.9913 0.0000
-287.4545 0.0000
-287.6198 0.0000
-286.4581 0.0000
-287.7118 0.0000
-287.5355 0.0000
-288.6793 0.0000
-288.4538 0.0000
-288.2008 0.0000
-287.5135 0.0000
-287.0038 0.0000
-287.0771 0.0000
-287.8618 0.0000
-287.8850 0.0000
-287.1627 0.0000
-287.9336 0.0000
-287.3529 0.0000
-288.3755 0.0000
-287.1875 0.0000
-287.8772 0.0000
-286.5316 0.0000
-287.8885 0.0000
-287.4143 0.0000
-287.5666 0.0000
-288.5849 0.0000
-287.3895 0.0000
-287.8247 0.0000
-287.7430 0.0000
-288.9676 0.0000
-286.3598 0.0000
-287.6564 0.0000
-287.8959 0.0000
-287.7761 0.0000
-286.6505 0.0000
-287.0388 0.0000
-286.7264 0.0000
-286.7786 0.0000
-287.7215 0.0000
-287.7545 0.0000
-288.1962 0.0000
-287.9701 0.0000
-287.8572 0.0000
-289.4820 0.0000
-288.8168 0.0000
-287.5812 0.0000
-287.0663 0.0000
-288.8079 0.0000
-287.5230 0.0000
-288.2188 0.0000
-288.4207 0.0000
-288.9071 0.0000
-287.9256 0.0000
-286.8286 0.0000
-288.3049 0.0000
-289.4898 0.0000
-288.2979 0.0000
-289.0164 0.0000
-288.5291 0.0000
-286.4350 0.0000
-287.4299 0.0000
-288.1298 0.0000
-288.5238 0.0000
-287.0279 0.0000
-288.3341 0.0000
-287.6485 0.0000
-287.3903 0.0000
-286.8519 0.0000
-288.1984 0.0000
-286.9100 0.0000
-286.6408 0.0000
-286.7895 0.0000
-286.8433 0.0000
-288.9799 0.0000
-288.3427 0.0000
-287.6073 0.0000
-288.6683 0.0000
-288.4855 0.0000
-287.3440 0.0000
-288.1094 0.0000
-288.9367 0.0000
-287.1319 0.0000
-286.0153 0.0000
-287.6093 0.0000
-286.9078 0.0000
-289.3288 0.0000
-286.0907 0.0000
-288.2463 0.0000
-287.4864 0.0000
-287.4755 0.0000
-287.2637 0.0000
-287.3929 0.0000
-287.7407 0.0000
-286.4230 0.0000
-287.4939 0.0000
-286.8383 0.0000
-287.1810 0.0000
-288.4611 0.0000
-287.6582 0.0000
-286.2978 0.0000
-288.1848 0.0000
-288.1486 0.0000
-287.0671 0.0000
-288.5354 0.0000
-286.8275 0.0000
-287.1454 0.0000
-287.7495 0.0000
-287.2883 0.0000
-287.9898 0.0000
-288.9465 0.0000
-288.5276 0.0000
-287.8107 0.0000
-287.8227 0.0000
-288.3460 0.0000
-287.8236 0.0000
-287.1954 0.0000
-289.3307 0.0000
-288.4896 0.0000
-287.0751 0.0000
-287.5786 0.0000
-287.3121 0.0000
-288.0219 0.0000
-288.6882 0.0000
-287.2276 0.0000
-286.9177 0.0000
-287.7896 0.0000
-286.7797 0.0000
-287.6139 0.0000
-287.7460 0.0000
-288.4918 0.0000
-289.1641 0.0000
-288.7128 0.0000
-287.6251 0.0000
-287.8110 0.0000
-287.1263 0.0000
-288.3017 0.0000
-288.4835 0.0000
-288.0926 0.0000
-286.6546 0.0000
-287.3564 0.0000
-286.6123 0.0000
-287.2394 0.0000
-288.5887 0.0000
-286.5985 0.0000
-286.8742 0.0000
-286.3855 0.0000
-286.5679 0.0000
-286.8576 0.0000
-286.4532 0.0000
-287.1939 0.0000
-287.8624 0.0000
-287.2357 0.0000
-286.7866 0.0000
-287.8678 0.0000
-287.3527 0.0000
-287.6901 0.0000
-286.9437 0.0000
-287.5070 0.0000
-287.8644 0.0000
-288.2472 0.0000
-287.6699 0.0000
-288.4446 0.0000
-287.9437 0.0000
-288.9816 0.0000
-288.0046 0.0000
-288.7177 0.0000
-287.5518 0.0000
-287.2321 0.0000
-287.1309 0.0000
-287.4106 0.0000
-288.0662 0.0000
-287.2611 0.0000
-288.2589 0.0000
-287.8816 0.0000
-287.7971 0.0000
-286.3143 0.0000
-287.3713 0.0000
-288.3919 0.0000
-288.1333 0.0000
-288.5273 0.0000
-287.2579 0.0000
-288.4456 0.0000
-288.4413 0.0000
-287.5013 0.0000
-287.0088 0.0000
-286.5868 0.0000
-287.0436 0.0000
-287.4560 0.0000
-286.7693 0.0000
-286.4622 0.0000
-286.7254 0.0000
-288.4826 0.0000
-286.4522 0.0000
-287.7894 0.0000
-287.4838 0.0000
-288.1716 0.0000
-287.3148 0.0000
-287.0306 0.0000
-287.5684 0.0000
-288.9001 0.0000
-287.2972 0.0000
-287.7582 0.0000
-287.8213 0.0000
-288.5435 0.0000
-287.7093 0.0000
-287.3438 0.0000
-287.4444 0.0000
-287.6725 0.0000
-288.6966 0.0000
-287.9390 0.0000
-287.5114 0.0000
-287.5810 0.0000
-286.7597 0.0000
-287.7429 0.0000
-288.0043 0.0000
-286.9122 0.0000
-286.3210 0.0000
-287.7643 0.0000
-287.4795 0.0000
-287.9134 0.0000
-288.3497 0.0000
-288.0057 0.0000
-286.7126 0.0000
-286.3577 0.0000
-287.1253 0.0000
-287.3948 0.0000
-287.3167 0.0000
-286.3579 0.0000
-287.4479 0.0000
-287.6696 0.0000
-287.7896 0.0000
-287.5320 0.0000
-286.5863 0.0000
-288.2504 0.0000
-286.5337 0.0000
-287.4805 0.0000
-287.3181 0.0000
-287.0944 0.0000
-287.3183 0.0000
-288.2971 0.0000
-288.3192 0.0000
-287.0048 0.0000
-287.6544 0.0000
-287.4905 0.0000
-287.3610 0.0000
-287.4552 0.0000
-287.9449 0.0000
-287.3558 0.0000
-287.8689 0.0000
-287.2413 0.0000
-287.0197 0.0000
-288.6484 0.0000
-288.1091 0.0000
-286.6440 0.0000
-287.0296 0.0000
-287.3289 0.0000
-286.8179 0.0000
-287.3829 0.0000
-287.2370 0.0000
-288.2529 0.0000
-287.9761 0.0000
-287.6186 0.0000
-288.2661 0.0000
-288.0771 0.0000
-286.6328 0.0000
-288.6577 0.0000
-288.1678 0.0000
-288.3844 0.0000
-288.9217 0.0000
-286.8359 0.0000
-287.5614 0.0000
-287.0824 0.0000
-288.1941 0.0000
-286.2885 0.0000
-287.4156 0.0000
-287.7547 0.0000
-287.3592 0.0000
-286.7341 0.0000
-287.9607 0.0000
-286.5412 0.0000
-286.4777 0.0000
-288.4986 0.0000
-287.0822 0.0000
-286.6745 0.0000
-288.2288 0.0000
-287.2183 0.0000
-287.7687 0.0000
-288.0595 0.0000
-288.1236 0.0000
-286.9304 0.0000
-288.3280 0.0000
-289.3919 0.0000
-287.2720 0.0000
-288.0374 0.0000
-288.4142 0.0000
-287.7385 0.0000
-287.0788 0.0000
-288.3928 0.0000
-287.3260 0.0000
-287.6507 0.0000
-286.8004 0.0000
-288.2124 0.0000
-285.8063 0.0000
-287.6959 0.0000
-287.9491 0.0000
-286.7403 0.0000
-287.0819 0.0000
-287.8598 0.0000
-286.7653 0.0000
-287.2606 0.0000
-287.2513 0.0000
-287.7877 0.0000
-288.4136 0.0000
-287.5916 0.0000
-288.4969 0.0000
-288.6208 0.0000
-287.6137 0.0000
-287.9901 0.0000
-288.1970 0.0000
-288.1000 0.0000
-287.1035 0.0000
-289.1347 0.0000
-288.0003 0.0000
-287.5204 0.0000
-287.5887 0.0000
-287.1476 0.0000
-288.1240 0.0000
-287.4970 0.0000
-286.4806 0.0000
-287.0710 0.0000
-287.7084 0.0000
-288.8756 0.0000
-286.8695 0.0000
-288.0313 0.0000
-288.1758 0.0000
-287.6471 0.0000
-286.9941 0.0000
-287.8792 0.0000
-288.9027 0.0000
-287.3304 0.0000
-288.2958 0.0000
-287.8392 0.0000
-288.0266 0.0000
-287.5563 0.0000
-287.3047 0.0000
-287.3756 0.0000
-287.9706 0.0000
-288.7775 0.0000
-288.1951 0.0000
-287.7601 0.0000
-287.5736 0.0000
-286.0339 0.0000
-288.0370 0.0000
-288.6919 0.0000
-287.9845 0.0000
-286.8978 0.0000
-288.8568 0.0000
-286.8569 0.0000
-287.5221 0.0000
-286.8338 0.0000
-287.1731 0.0000
-287.8744 0.0000
-287.9538 0.0000
-288.5701 0.0000
-288.6339 0.0000
-286.6016 0.0000
-286.6348 0.0000
-286.5567 0.0000
-287.1475 0.0000
-287.6899 0.0000
-288.9231 0.0000
-287.2778 0.0000
-287.0206 0.0000
-287.9684 0.0000
-286.7082 0.0000
-288.0962 0.0000
-287.8700 0.0000
-287.6407 0.0000
-286.4787 0.0000
-286.2272 0.0000
-286.4620 0.0000
-286.9764 0.0000
-288.2036 0.0000
-286.2900 0.0000
-286.9164 0.0000
-287.1146 0.0000
-286.7957 0.0000
-288.0326 0.0000
-288.0959 0.0000
-288.8465 0.0000
-288.0646 0.0000
-287.3737 0.0000
-287.4862 0.0000
-286.6076 0.0000
-289.1800 0.0000
-287.1662 0.0000
-287.4873 0.0000
-288.6390 0.0000
-287.3728 0.0000
-286.5621 0.0000
-288.7974 0.0000
-288.0508 0.0000
-287.6514 0.0000
-288.3469 0.0000
-287.0997 0.0000
-287.5060 0.0000
-288.0014 0.0000
-288.3705 0.0000
-288.4445 0.0000
-287.5837 0.0000
-285.9913 0.0000
-286.7875 0.0000
-287.0937 0.0000
-286.8127 0.0000
-286.6457 0.0000
-288.0870 0.0000
-288.5684 0.0000
-286.6610 0.0000
-286.9328 0.0000
-287.2767 0.0000
-288.0785 0.0000
-287.6104 0.0000
-286.6985 0.0000
-287.3866 0.0000
-288.2720 0.0000
-287.6129 0.0000
-288.5888 0.0000
-287.5008 0.0000
-287.0764 0.0000
-288.2274 0.0000
-287.6340 0.0000
-287.6150 0.0000
-286.7058 0.0000
-287.6147 0.0000
-287.9622 0.0000
-287.4690 0.0000
-287.9158 0.0000
-288.4253 0.0000
-287.7247 0.0000
-287.2351 0.0000
-288.4587 0.0000
-287.7488 0.0000
-287.9731 0.0000
-286.5757 0.0000
-288.0700 0.0000
-287.3157 0.0000
-287.9285 0.0000
-288.5885 0.0000
-287.3732 0.0000
-287.4355 0.0000
-286.8075 0.0000
-288.2745 0.0000
-287.5114 0.0000
-287.9027 0.0000
-287.0757 0.0000
-288.3621 0.0000
-286.7237 0.0000
-288.1356 0.0000
-286.7758 0.0000
-287.1301 0.0000
-286.8948 0.0000
-287.7331 0.0000
-288.6696 0.0000
-287.5836 0.0000
-286.8488 0.0000
-288.8048 0.0000
-287.9553 0.0000
-287.6220 0.0000
-287.8026 0.0000
-287.2558 0.0000
-289.1812 0.0000
-287.5314 0.0000
-288.5712 0.0000
-287.3496 0.0000
-288.5739 0.0000
-286.9551 0.0000
-286.1948 0.0000
-287.5635 0.0000
-287.5856 0.0000
-287.9084 0.0000
-288.5133 0.0000
-287.4311 0.0000
-288.0788 0.0000
-287.9458 0.0000
-287.2219 0.0000
-288.4834 0.0000
-287.5308 0.0000
-287.7962 0.0000
-287.2218 0.0000
-286.4465 0.0000
-287.7565 0.0000
-286.7153 0.0000
-287.3946 0.0000
-286.9843 0.0000
-287.1425 0.0000
-288.3318 0.0000
-288.0629 0.0000
-287.9960 0.0000
-287.9914 0.0000
-287.7876 0.0000
-287.9973 0.0000
-288.9685 0.0000
-287.4675 0.0000
-287.0746 0.0000
-288.7149 0.0000
-287.7562 0.0000
-288.7806 0.0000
-287.7743 0.0000
-286.9264 0.0000
-286.7745 0.0000
-288.1718 0.0000
-286.8809 0.0000
-288.1599 0.0000
-288.1198 0.0000
-287.7266 0.0000
-287.6742 0.0000
-287.7267 0.0000
-287.6153 0.0000
-288.6813 0.0000
-286.3607 0.0000
-288.5142 0.0000
-289.2573 0.0000
-286.8544 0.0000
-288.4965 0.0000
-288.5275 0.0000
-287.4429 0.0000
-287.4248 0.0000
-287.6546 0.0000
-286.9012 0.0000
-287.8397 0.0000
-287.0677 0.0000
-285.5835 0.0000
-287.0059 0.0000
-287.7932 0.0000
-286.0503 0.0000
-287.2584 0.0000
-287.5490 0.0000
-287.0750 0.0000
-286.8686 0.0000
-287.3161 0.0000
-286.1017 0.0000
-287.9379 0.0000
-288.2095 0.0000
-287.2303 0.0000
-286.4873 0.0000
-287.7596 0.0000
-287.5445 0.0000
-286.8596 0.0000
-287.5066 0.0000
-287.1761 0.0000
-286.6046 0.0000
-287.9413 0.0000
-288.3298 0.0000
-286.8943 0.0000
-287.8678 0.0000
-287.3362 0.0000
-287.9938 0.0000
-287.9742 0.0000
-287.7049 0.0000
-286.1706 0.0000
-285.9884 0.0000
-286.6953 0.0000
-286.6653 0.0000
-287.1515 0.0000
-287.3086 0.0000
-286.3703 0.0000
-287.0755 0.0000
-288.1736 0.0000
-286.9417 0.0000
-287.4914 0.0000
-287.3870 0.0000
-287.3843 0.0000
-286.9225 0.0000
-287.4744 0.0000
-286.7976 0.0000
-287.0972 0.0000
-287.3276 0.0000
-288.0506 0.0000
-287.9419 0.0000
-287.0328 0.0000
-286.7973 0.0000
-287.2483 0.0000
-287.0830 0.0000
-287.5769 0.0000
-287.8397 0.0000
-287.5726 0.0000
-288.1281 0.0000
-288.4670 0.0000
-287.2930 0.0000
-287.3680 0.0000
-289.0879 0.0000
-286.6409 0.0000
-287.8833 0.0000
-286.6462 0.0000
-288.0887 0.0000
-287.3553 0.0000
-287.7252 0.0000
-287.4350 0.0000
-288.1433 0.0000
-288.2782 0.0000
-287.7880 0.0000
-288.1943 0.0000
-287.3427 0.0000
-286.8662 0.0000
-287.2208 0.0000
-287.9000 0.0000
-286.5444 0.0000
-286.8391 0.0000
-287.7382 0.0000
-287.2674 0.0000
-287.6771 0.0000
-285.9913 0.0000
-287.8950 0.0000
-287.8151 0.0000
-287.9089 0.0000
-287.4769 0.0000
-286.7617 0.0000
-287.5158 0.0000
-287.6256 0.0000
-288.3202 0.0000
-288.2802 0.0000
-287.9929 0.0000
-288.1352 0.0000
-287.5380 0.0000
-286.9997 0.0000
-289.3012 0.0000
-286.9089 0.0000
-287.8181 0.0000
-287.7261 0.0000
-287.4404 0.0000
-286.3625 0.0000
-286.5371 0.0000
-287.3300 0.0000
-287.7100 0.0000
-287.1089 0.0000
-287.0841 0.0000
-287.7508 0.0000
-287.0152 0.0000
-287.1030 0.0000
-288.6703 0.0000
-288.0257 0.0000
-286.5065 0.0000
-286.5308 0.0000
-288.3735 0.0000
-287.2178 0.0000
-288.8696 0.0000
-288.9985 0.0000
-287.5397 0.0000
-288.2476 0.0000
-289.0017 0.0000
