-100.0000 -100.0000
-329.3506 0.0000
-328.9117 0.0000
-328.7118 0.0000
-328.9148 0.0000
-329.1395 0.0000
-330.5064 0.0000
-330.6872 0.0000
-330.6376 0.0000
-328.9761 0.0000
-327.6780 0.0000
-328.2917 0.0000
-327.7819 0.0000
-328.8669 0.0000
-328.8941 0.0000
-328.8760 0.0000
-328.7156 0.0000
-328.4873 0.0000
-328.8494 0.0000
-329.3942 0.0000
-329.0178 0.0000
-329.1990 0.0000
-328.3426 0.0000
-328.1157 0.0000
-328.9886 0.0000
-329.2033 0.0000
-328.6113 0.0000
-328.8644 0.0000
-328.9927 0.0000
-328.5537 0.0000
-328.5773 0.0000
-325.2985 0.0000
-325.9583 0.0000
-325.1876 0.0000
-324.2498 0.0000
-325.7588 0.0000
-325.9022 0.0000
-325.4986 0.0000
-326.0873 0.0000
-326.5204 0.0000
-326.6645 0.0000
-326.8298 0.0000
-326.7004 0.0000
-326.3426 0.0000
-326.9165 0.0000
-325.9108 0.0000
-324.8704 0.0000
-324.2481 0.0000
-325.9130 0.0000
-324.1359 0.0000
-324.6282 0.0000
-326.5917 0.0000
-326.9453 0.0000
-326.3821 0.0000
-326.8113 0.0000
-326.8513 0.0000
-328.1268 0.0000
-328.7340 0.0000
-328.4693 0.0000
-328.4450 0.0000
-328.7923 0.0000
-329.3159 0.0000
-329.1546 0.0000
-329.4342 0.0000
-329.5015 0.0000
-331.2985 0.0000
-331.4418 0.0000
-332.3140 0.0000
-333.4027 0.0000
-332.7590 0.0000
-331.8736 0.0000
-331.0102 0.0000
-331.4306 0.0000
-332.4920 0.0000
-330.3158 0.0000
-330.8790 0.0000
-330.8259 0.0000
-331.5664 0.0000
-331.8497 0.0000
-331.1872 0.0000
-330.3591 0.0000
-331.1394 0.0000
-331.8650 0.0000
-332.4106 0.0000
-330.5246 0.0000
-329.9740 0.0000
-329.3387 0.0000
-329.6393 0.0000
-329.3644 0.0000
-329.8503 0.0000
-331.1172 0.0000
-330.8167 0.0000
-331.0925 0.0000
-330.1890 0.0000
-330.5884 0.0000
-330.3931 0.0000
-329.9649 0.0000
-330.6895 0.0000
-331.2671 0.0000
-331.2427 0.0000
-331.7889 0.0000
-351.9221 0.0000
-352.6984 0.0000
-352.5846 0.0000
-353.7544 0.0000
-353.8582 0.0000
-354.8652 0.0000
-354.5476 0.0000
-352.1818 0.0000
-352.4975 0.0000
-352.5876 0.0000
-352.0755 0.0000
-351.7882 0.0000
-351.3710 0.0000
-349.8964 0.0000
-349.3330 0.0000
-349.9525 0.0000
-349.3748 0.0000
-349.5033 0.0000
-349.5391 0.0000
-349.9087 0.0000
-349.5497 0.0000
-348.4288 0.0000
-348.7259 0.0000
-348.5442 0.0000
-349.0066 0.0000
-349.5496 0.0000
-348.6852 0.0000
-348.6097 0.0000
-348.1741 0.0000
-347.7270 0.0000
-346.7856 0.0000
-347.3474 0.0000
-347.0004 0.0000
-346.3855 0.0000
-346.2866 0.0000
-345.8435 0.0000
-346.1785 0.0000
-345.8303 0.0000
-345.9213 0.0000
-345.9506 0.0000
-346.2382 0.0000
-345.3974 0.0000
-345.6547 0.0000
-345.9599 0.0000
-345.7848 0.0000
-345.7452 0.0000
-346.3754 0.0000
-346.2350 0.0000
-346.1796 0.0000
-345.5608 0.0000
-345.4510 0.0000
-344.4897 0.0000
-345.0081 0.0000
-345.0714 0.0000
-345.6245 0.0000
-345.0397 0.0000
-344.8773 0.0000
-345.3023 0.0000
-345.3184 0.0000
-345.7490 0.0000
-346.2210 0.0000
-346.7439 0.0000
-346.7550 0.0000
-347.3758 0.0000
-346.8319 0.0000
-347.4920 0.0000
-347.7781 0.0000
-346.2821 0.0000
-346.0115 0.0000
-345.9712 0.0000
-346.7202 0.0000
-346.3948 0.0000
-346.0485 0.0000
-345.3272 0.0000
-344.5201 0.0000
-344.2584 0.0000
-344.2939 0.0000
-343.3645 0.0000
-343.3645 0.0000
-343.0646 0.0000
-343.5883 0.0000
-343.4579 0.0000
-343.0867 0.0000
-343.4328 0.0000
-342.8202 0.0000
-343.1546 0.0000
-343.3754 0.0000
-343.1122 0.0000
-342.8478 0.0000
-342.8818 0.0000
-342.5743 0.0000
-342.9987 0.0000
-343.2501 0.0000
-343.7962 0.0000
-344.3831 0.0000
-344.8921 0.0000
-343.8460 0.0000
-343.8919 0.0000
-345.2663 0.0000
-346.0145 0.0000
-335.9314 0.0000
-336.4900 0.0000
-335.5544 0.0000
-335.1712 0.0000
-334.8076 0.0000
-335.5531 0.0000
-335.2974 0.0000
-336.2498 0.0000
-335.9793 0.0000
-333.9123 0.0000
-333.6082 0.0000
-335.2342 0.0000
-332.3336 0.0000
-331.6633 0.0000
-329.9335 0.0000
-329.0540 0.0000
-329.7739 0.0000
-330.5453 0.0000
-330.5134 0.0000
-331.0918 0.0000
-329.9475 0.0000
-329.6044 0.0000
-329.3128 0.0000
-329.0911 0.0000
-329.7916 0.0000
-330.0411 0.0000
-330.0057 0.0000
-330.0733 0.0000
-328.8179 0.0000
-326.7464 0.0000
-327.7919 0.0000
-327.0483 0.0000
-326.6053 0.0000
-326.7710 0.0000
-326.7167 0.0000
-326.7316 0.0000
-327.3062 0.0000
-326.5917 0.0000
-328.0364 0.0000
-327.6334 0.0000
-327.2782 0.0000
-326.3290 0.0000
-326.7204 0.0000
-325.6858 0.0000
-326.0657 0.0000
-325.4571 0.0000
-326.2198 0.0000
-326.0873 0.0000
-327.0620 0.0000
-326.5253 0.0000
-326.7934 0.0000
-325.9186 0.0000
-325.7508 0.0000
-325.8451 0.0000
-325.0466 0.0000
-324.3932 0.0000
-325.1232 0.0000
-324.9389 0.0000
-325.4198 0.0000
-325.7730 0.0000
-326.6890 0.0000
-326.9758 0.0000
-325.2132 0.0000
-324.9166 0.0000
-325.8293 0.0000
-327.8610 0.0000
-327.2584 0.0000
-328.0410 0.0000
-327.5933 0.0000
-326.1158 0.0000
-326.6603 0.0000
-327.9462 0.0000
-328.1181 0.0000
-329.4564 0.0000
-327.5286 0.0000
-326.5443 0.0000
-326.5446 0.0000
-326.2608 0.0000
-326.8329 0.0000
-326.0930 0.0000
-326.0049 0.0000
-325.4355 0.0000
-324.9618 0.0000
-324.2239 0.0000
-325.2482 0.0000
-325.5881 0.0000
-325.4031 0.0000
-325.7376 0.0000
-327.2421 0.0000
-326.3644 0.0000
-326.9857 0.0000
-326.9559 0.0000
-327.8809 0.0000
-326.6411 0.0000
-326.9946 0.0000
-327.2091 0.0000
-326.7380 0.0000
-326.3797 0.0000
-326.1821 0.0000
-325.7226 0.0000
-346.7928 0.0000
-345.2285 0.0000
-342.5124 0.0000
-343.0921 0.0000
-343.3129 0.0000
-345.5725 0.0000
-341.2650 0.0000
-340.6068 0.0000
-343.0429 0.0000
-346.4362 0.0000
-342.4864 0.0000
-345.8451 0.0000
-344.4560 0.0000
-344.9254 0.0000
-343.0144 0.0000
-344.2370 0.0000
-345.8494 0.0000
-344.9311 0.0000
-339.3415 0.0000
-346.6634 0.0000
-340.3538 0.0000
-343.2525 0.0000
-344.6428 0.0000
-342.9269 0.0000
-344.4319 0.0000
-343.7031 0.0000
-343.0651 0.0000
-345.3641 0.0000
-344.4917 0.0000
-343.7252 0.0000
-345.5319 0.0000
-345.8148 0.0000
-342.0928 0.0000
-343.9573 0.0000
-347.8617 0.0000
-345.1010 0.0000
-343.9575 0.0000
-344.8645 0.0000
-343.1486 0.0000
-344.0227 0.0000
-344.6431 0.0000
-344.5124 0.0000
-344.5586 0.0000
-344.5699 0.0000
-343.7851 0.0000
-344.1084 0.0000
-345.3079 0.0000
-346.3787 0.0000
-345.2961 0.0000
-341.8084 0.0000
-344.9826 0.0000
-345.3452 0.0000
-345.2961 0.0000
-345.3324 0.0000
-342.3134 0.0000
-343.6102 0.0000
-343.9644 0.0000
-343.1955 0.0000
-344.4344 0.0000
-344.3790 0.0000
-344.8715 0.0000
-345.6008 0.0000
-347.0322 0.0000
-344.9598 0.0000
-347.0161 0.0000
-343.8936 0.0000
-344.1760 0.0000
-342.9497 0.0000
-346.8495 0.0000
-345.1368 0.0000
-344.3621 0.0000
-346.8100 0.0000
-346.2498 0.0000
-345.5109 0.0000
-342.4684 0.0000
-342.0144 0.0000
-345.1416 0.0000
-344.9014 0.0000
-346.1900 0.0000
-346.2833 0.0000
-345.6648 0.0000
-346.3859 0.0000
-343.9931 0.0000
-345.3928 0.0000
-343.5078 0.0000
-342.3600 0.0000
-344.3962 0.0000
-344.0275 0.0000
-345.3658 0.0000
-344.7947 0.0000
-343.7772 0.0000
-345.2808 0.0000
-344.1311 0.0000
-343.2332 0.0000
-345.1502 0.0000
-344.6898 0.0000
-347.6306 0.0000
-341.8939 0.0000
-342.3042 0.0000
-343.4827 0.0000
-294.1638 0.0000
-293.9050 0.0000
-293.3685 0.0000
-293.7458 0.0000
-293.8219 0.0000
-293.1657 0.0000
-292.5300 0.0000
-293.0099 0.0000
-292.8992 0.0000
-292.9141 0.0000
-292.8966 0.0000
-293.0820 0.0000
-292.6664 0.0000
-293.0049 0.0000
-293.5500 0.0000
-292.3007 0.0000
-291.6559 0.0000
-291.1717 0.0000
-290.8311 0.0000
-291.6009 0.0000
-291.3678 0.0000
-292.5424 0.0000
-289.6037 0.0000
-289.7873 0.0000
-290.0901 0.0000
-290.1635 0.0000
-291.2640 0.0000
-290.8402 0.0000
-290.2077 0.0000
-290.4377 0.0000
-289.5667 0.0000
-288.8879 0.0000
-288.5360 0.0000
-288.6325 0.0000
-289.6085 0.0000
-290.4587 0.0000
-291.0017 0.0000
-291.1582 0.0000
-292.1274 0.0000
-290.2437 0.0000
-290.5052 0.0000
-292.2209 0.0000
-292.5243 0.0000
-292.8386 0.0000
-293.8963 0.0000
-295.0695 0.0000
-294.1285 0.0000
-292.0473 0.0000
-291.2229 0.0000
-290.4246 0.0000
-291.0249 0.0000
-290.1859 0.0000
-288.9844 0.0000
-288.9510 0.0000
-290.0725 0.0000
-290.0638 0.0000
-290.2150 0.0000
-290.4586 0.0000
-289.5758 0.0000
-289.3483 0.0000
-288.3755 0.0000
-288.3082 0.0000
-289.0998 0.0000
-289.0186 0.0000
-288.4317 0.0000
-287.5043 0.0000
-287.1797 0.0000
-286.0974 0.0000
-285.6141 0.0000
-286.1765 0.0000
-286.0080 0.0000
-286.0459 0.0000
-285.2447 0.0000
-284.7280 0.0000
-283.3869 0.0000
-282.9528 0.0000
-282.8106 0.0000
-282.4723 0.0000
-283.9870 0.0000
-284.4094 0.0000
-283.8763 0.0000
-284.7500 0.0000
-284.1678 0.0000
-283.6109 0.0000
-283.5950 0.0000
-282.8659 0.0000
-283.2894 0.0000
-282.7483 0.0000
-281.6865 0.0000
-281.6729 0.0000
-281.6096 0.0000
-281.5249 0.0000
-281.5540 0.0000
-281.3344 0.0000
-282.0223 0.0000
-281.7131 0.0000
-282.0015 0.0000
-281.5994 0.0000
-283.1023 0.0000
-281.2675 0.0000
-337.7569 0.0000
-338.4767 0.0000
-338.6996 0.0000
-338.2131 0.0000
-338.4318 0.0000
-338.9227 0.0000
-338.9255 0.0000
-338.5915 0.0000
-337.4464 0.0000
-338.9179 0.0000
-338.1800 0.0000
-338.7873 0.0000
-337.5069 0.0000
-338.9731 0.0000
-338.8744 0.0000
-338.5930 0.0000
-337.9513 0.0000
-339.9581 0.0000
-338.0418 0.0000
-337.0901 0.0000
-339.3968 0.0000
-338.4461 0.0000
-338.0389 0.0000
-339.0077 0.0000
-338.4726 0.0000
-339.2251 0.0000
-338.5141 0.0000
-339.4129 0.0000
-338.4866 0.0000
-339.7246 0.0000
-339.7974 0.0000
-339.2375 0.0000
-339.8603 0.0000
-338.8537 0.0000
-338.5977 0.0000
-338.2667 0.0000
-340.2992 0.0000
-338.1342 0.0000
-338.4841 0.0000
-339.2452 0.0000
-339.9358 0.0000
-338.7580 0.0000
-338.6537 0.0000
-337.9838 0.0000
-338.7403 0.0000
-337.8640 0.0000
-339.7016 0.0000
-338.3616 0.0000
-338.7835 0.0000
-337.8348 0.0000
-338.3091 0.0000
-338.5495 0.0000
-339.0509 0.0000
-339.2770 0.0000
-338.0041 0.0000
-337.8036 0.0000
-338.7012 0.0000
-338.5409 0.0000
-339.1057 0.0000
-338.3413 0.0000
-337.9921 0.0000
-339.4566 0.0000
-339.6690 0.0000
-339.3097 0.0000
-336.4011 0.0000
-338.6987 0.0000
-339.4021 0.0000
-337.3186 0.0000
-337.2611 0.0000
-338.6430 0.0000
-338.6822 0.0000
-337.9526 0.0000
-337.8291 0.0000
-339.8399 0.0000
-337.9661 0.0000
-339.0308 0.0000
-339.2084 0.0000
-337.4624 0.0000
-338.2272 0.0000
-338.9207 0.0000
-339.2606 0.0000
-340.2784 0.0000
-338.8968 0.0000
-339.2990 0.0000
-338.5843 0.0000
-338.0570 0.0000
-338.0831 0.0000
-339.9891 0.0000
-340.0595 0.0000
-340.6102 0.0000
-338.6524 0.0000
-337.7286 0.0000
-337.8459 0.0000
-339.2061 0.0000
-339.6931 0.0000
-338.2552 0.0000
-339.2757 0.0000
-337.8488 0.0000
-337.9559 0.0000
-338.2742 0.0000
-259.9166 0.0000
-260.7082 0.0000
-261.5089 0.0000
-260.9530 0.0000
-261.3508 0.0000
-261.5299 0.0000
-261.9302 0.0000
-261.9594 0.0000
-261.3983 0.0000
-260.6794 0.0000
-260.6615 0.0000
-260.2303 0.0000
-260.5051 0.0000
-261.1292 0.0000
-262.3203 0.0000
-262.1518 0.0000
-262.5756 0.0000
-263.3798 0.0000
-263.6155 0.0000
-264.7612 0.0000
-264.6139 0.0000
-265.2753 0.0000
-265.4557 0.0000
-264.7317 0.0000
-264.8009 0.0000
-265.3984 0.0000
-266.0941 0.0000
-266.1357 0.0000
-267.8594 0.0000
-267.1529 0.0000
-269.0398 0.0000
-268.9307 0.0000
-268.3660 0.0000
-269.3526 0.0000
-268.6405 0.0000
-269.7070 0.0000
-268.6997 0.0000
-268.8842 0.0000
-269.3226 0.0000
-269.2052 0.0000
-268.8696 0.0000
-269.5667 0.0000
-270.0274 0.0000
-270.3271 0.0000
-269.8891 0.0000
-270.0972 0.0000
-269.7239 0.0000
-269.4993 0.0000
-269.1481 0.0000
-268.8636 0.0000
-269.5517 0.0000
-269.1852 0.0000
-269.2301 0.0000
-268.7724 0.0000
-268.4826 0.0000
-268.1815 0.0000
-269.2659 0.0000
-269.5128 0.0000
-269.7803 0.0000
-270.0347 0.0000
-270.9664 0.0000
-270.9207 0.0000
-271.2596 0.0000
-269.9630 0.0000
-270.5570 0.0000
-271.0592 0.0000
-270.4548 0.0000
-270.1518 0.0000
-269.9762 0.0000
-269.5662 0.0000
-269.2879 0.0000
-268.7929 0.0000
-268.3885 0.0000
-268.7499 0.0000
-267.4840 0.0000
-267.9660 0.0000
-267.2068 0.0000
-268.0938 0.0000
-267.8559 0.0000
-266.6511 0.0000
-266.1026 0.0000
-266.3596 0.0000
-266.8131 0.0000
-267.7596 0.0000
-267.7276 0.0000
-268.1798 0.0000
-267.5809 0.0000
-266.9628 0.0000
-265.7459 0.0000
-267.0754 0.0000
-266.5908 0.0000
-267.3819 0.0000
-267.1471 0.0000
-266.0610 0.0000
-267.0036 0.0000
-267.3199 0.0000
-266.9923 0.0000
-266.9699 0.0000
-267.7801 0.0000
-266.8887 0.0000
-335.2255 0.0000
-334.2614 0.0000
-334.4196 0.0000
-334.6961 0.0000
-334.3017 0.0000
-334.9132 0.0000
-334.3475 0.0000
-335.0899 0.0000
-333.8980 0.0000
-334.3446 0.0000
-334.6989 0.0000
-334.5958 0.0000
-335.2806 0.0000
-334.1766 0.0000
-334.4969 0.0000
-334.0060 0.0000
-334.5155 0.0000
-334.9177 0.0000
-333.4429 0.0000
-335.2599 0.0000
-334.4073 0.0000
-334.6317 0.0000
-334.2623 0.0000
-334.7613 0.0000
-335.1257 0.0000
-334.8145 0.0000
-334.0783 0.0000
-334.0609 0.0000
-334.3159 0.0000
-335.0899 0.0000
-334.2872 0.0000
-334.8693 0.0000
-334.2226 0.0000
-334.1763 0.0000
-334.0806 0.0000
-334.5122 0.0000
-334.9420 0.0000
-335.2170 0.0000
-335.1362 0.0000
-334.5179 0.0000
-334.9246 0.0000
-334.7936 0.0000
-334.7284 0.0000
-335.0755 0.0000
-333.8843 0.0000
-334.7942 0.0000
-335.4046 0.0000
-334.4446 0.0000
-334.3658 0.0000
-335.3461 0.0000
-334.2149 0.0000
-334.7230 0.0000
-335.1493 0.0000
-334.5044 0.0000
-335.2774 0.0000
-334.4532 0.0000
-334.8508 0.0000
-335.4926 0.0000
-334.6649 0.0000
-334.1134 0.0000
-334.4245 0.0000
-334.3350 0.0000
-334.9237 0.0000
-334.6192 0.0000
-334.5797 0.0000
-334.9683 0.0000
-334.7104 0.0000
-334.8005 0.0000
-334.1302 0.0000
-334.7699 0.0000
-334.4294 0.0000
-335.5244 0.0000
-334.3369 0.0000
-335.2057 0.0000
-334.5786 0.0000
-335.7731 0.0000
-333.8975 0.0000
-333.8987 0.0000
-333.9235 0.0000
-335.0762 0.0000
-335.1986 0.0000
-335.3665 0.0000
-334.7216 0.0000
-334.4145 0.0000
-334.8166 0.0000
-334.5644 0.0000
-335.0209 0.0000
-334.9179 0.0000
-334.8447 0.0000
-334.6836 0.0000
-335.0353 0.0000
-333.6835 0.0000
-334.5365 0.0000
-334.7581 0.0000
-333.9889 0.0000
-335.7565 0.0000
-334.9126 0.0000
-334.4166 0.0000
-334.4439 0.0000
-334.7630 0.0000
-324.5359 0.0000
-323.8114 0.0000
-324.2331 0.0000
-324.5872 0.0000
-323.7522 0.0000
-323.7429 0.0000
-323.9249 0.0000
-324.0455 0.0000
-324.0065 0.0000
-324.2387 0.0000
-323.7633 0.0000
-323.8702 0.0000
-324.8985 0.0000
-324.7684 0.0000
-323.3895 0.0000
-323.1870 0.0000
-324.0080 0.0000
-324.0619 0.0000
-324.5052 0.0000
-324.2759 0.0000
-324.1574 0.0000
-324.9148 0.0000
-324.0716 0.0000
-324.3807 0.0000
-324.6233 0.0000
-324.2563 0.0000
-324.8636 0.0000
-324.2173 0.0000
-324.7699 0.0000
-325.0697 0.0000
-323.7806 0.0000
-324.0578 0.0000
-323.4665 0.0000
-324.3180 0.0000
-323.7621 0.0000
-324.8756 0.0000
-323.3205 0.0000
-324.0718 0.0000
-323.3890 0.0000
-323.3559 0.0000
-324.4897 0.0000
-324.8882 0.0000
-323.6015 0.0000
-324.3789 0.0000
-324.5501 0.0000
-324.1586 0.0000
-324.4436 0.0000
-323.6118 0.0000
-324.4745 0.0000
-324.4113 0.0000
-323.8898 0.0000
-323.9442 0.0000
-323.9475 0.0000
-323.6959 0.0000
-324.2313 0.0000
-324.6013 0.0000
-324.9956 0.0000
-323.9128 0.0000
-323.6732 0.0000
-324.0760 0.0000
-324.2617 0.0000
-324.2681 0.0000
-324.3529 0.0000
-324.7329 0.0000
-324.0177 0.0000
-324.2183 0.0000
-324.6443 0.0000
-325.3981 0.0000
-323.4843 0.0000
-323.3991 0.0000
-323.4830 0.0000
-323.7534 0.0000
-324.0128 0.0000
-324.6071 0.0000
-323.7609 0.0000
-324.2648 0.0000
-323.1246 0.0000
-324.5371 0.0000
-324.1595 0.0000
-323.3776 0.0000
-325.0754 0.0000
-324.0517 0.0000
-323.3558 0.0000
-325.5524 0.0000
-324.7319 0.0000
-324.5229 0.0000
-324.0029 0.0000
-323.3869 0.0000
-324.7725 0.0000
-324.9089 0.0000
-323.2053 0.0000
-324.2402 0.0000
-324.4452 0.0000
-324.1351 0.0000
-324.2953 0.0000
-324.7600 0.0000
-325.3398 0.0000
-324.4193 0.0000
-324.1130 0.0000
-324.7507 0.0000
-277.4584 0.0000
-276.8445 0.0000
-275.8717 0.0000
-275.6087 0.0000
-276.4156 0.0000
-276.8879 0.0000
-276.1819 0.0000
-275.6437 0.0000
-274.9562 0.0000
-275.3237 0.0000
-275.2318 0.0000
-273.4185 0.0000
-274.2478 0.0000
-273.5328 0.0000
-272.2784 0.0000
-272.0626 0.0000
-271.8433 0.0000
-271.1530 0.0000
-271.3911 0.0000
-270.8813 0.0000
-270.8876 0.0000
-269.3404 0.0000
-269.4302 0.0000
-268.7768 0.0000
-270.4035 0.0000
-269.5362 0.0000
-270.8381 0.0000
-271.4872 0.0000
-270.7204 0.0000
-271.2873 0.0000
-271.4481 0.0000
-272.6590 0.0000
-274.0936 0.0000
-272.6441 0.0000
-273.7420 0.0000
-272.3293 0.0000
-273.5366 0.0000
-274.6658 0.0000
-274.6157 0.0000
-272.6874 0.0000
-272.4014 0.0000
-272.1275 0.0000
-270.7423 0.0000
-271.0844 0.0000
-270.0986 0.0000
-270.3760 0.0000
-270.7128 0.0000
-271.1676 0.0000
-272.9177 0.0000
-273.7402 0.0000
-274.5430 0.0000
-274.0927 0.0000
-274.0450 0.0000
-275.4946 0.0000
-275.0724 0.0000
-276.3058 0.0000
-277.2948 0.0000
-276.5517 0.0000
-276.3778 0.0000
-276.8417 0.0000
-277.4820 0.0000
-278.0136 0.0000
-279.5628 0.0000
-280.0010 0.0000
-280.4392 0.0000
-278.9619 0.0000
-279.2156 0.0000
-279.1109 0.0000
-278.8414 0.0000
-279.6806 0.0000
-279.5945 0.0000
-280.3056 0.0000
-281.0177 0.0000
-280.7248 0.0000
-280.6781 0.0000
-279.9282 0.0000
-279.8997 0.0000
-280.6785 0.0000
-280.8442 0.0000
-279.7166 0.0000
-281.6273 0.0000
-281.2670 0.0000
-280.9862 0.0000
-280.9238 0.0000
-281.5960 0.0000
-282.3523 0.0000
-280.1259 0.0000
-278.9214 0.0000
-280.1308 0.0000
-280.6049 0.0000
-280.2026 0.0000
-279.6067 0.0000
-279.6162 0.0000
-279.3005 0.0000
-278.8463 0.0000
-279.5874 0.0000
-279.4360 0.0000
-278.7160 0.0000
-279.9179 0.0000
-279.6985 0.0000
-323.8953 0.0000
-324.9930 0.0000
-325.8604 0.0000
-325.2936 0.0000
-325.0422 0.0000
-324.9717 0.0000
-325.9746 0.0000
-325.2138 0.0000
-323.9920 0.0000
-324.5186 0.0000
-325.1457 0.0000
-324.8060 0.0000
-323.8054 0.0000
-324.9192 0.0000
-325.0849 0.0000
-324.7937 0.0000
-324.9512 0.0000
-324.8828 0.0000
-324.0067 0.0000
-325.3908 0.0000
-325.4602 0.0000
-323.5881 0.0000
-325.2054 0.0000
-324.9130 0.0000
-325.2551 0.0000
-325.2150 0.0000
-324.3559 0.0000
-325.7625 0.0000
-326.0041 0.0000
-323.8034 0.0000
-325.7093 0.0000
-325.0047 0.0000
-325.2336 0.0000
-324.4145 0.0000
-323.9947 0.0000
-324.7679 0.0000
-325.6870 0.0000
-324.2144 0.0000
-325.0194 0.0000
-324.6843 0.0000
-325.1893 0.0000
-324.7626 0.0000
-324.3957 0.0000
-324.2562 0.0000
-324.6923 0.0000
-324.1319 0.0000
-323.9536 0.0000
-325.0570 0.0000
-324.9136 0.0000
-325.5685 0.0000
-323.5388 0.0000
-324.9087 0.0000
-325.4362 0.0000
-325.0475 0.0000
-324.9255 0.0000
-324.5239 0.0000
-324.4615 0.0000
-324.0580 0.0000
-323.8987 0.0000
-324.6370 0.0000
-325.3030 0.0000
-324.9869 0.0000
-324.7021 0.0000
-325.5160 0.0000
-324.2349 0.0000
-325.1916 0.0000
-325.0730 0.0000
-324.5498 0.0000
-323.7731 0.0000
-324.1622 0.0000
-325.1983 0.0000
-325.3093 0.0000
-325.0086 0.0000
-322.8130 0.0000
-324.4314 0.0000
-324.8977 0.0000
-325.4795 0.0000
-325.5281 0.0000
-324.2310 0.0000
-324.1954 0.0000
-323.6984 0.0000
-323.6910 0.0000
-326.7763 0.0000
-325.3625 0.0000
-323.9746 0.0000
-324.7699 0.0000
-325.0970 0.0000
-324.5898 0.0000
-324.3461 0.0000
-325.1899 0.0000
-325.2521 0.0000
-324.0485 0.0000
-323.8987 0.0000
-325.6234 0.0000
-325.3245 0.0000
-325.7361 0.0000
-325.7302 0.0000
-324.8234 0.0000
-324.5980 0.0000
-325.7909 0.0000
-346.7212 0.0000
-347.6305 0.0000
-345.8071 0.0000
-346.3305 0.0000
-345.4662 0.0000
-346.6219 0.0000
-346.7871 0.0000
-346.2798 0.0000
-345.8051 0.0000
-345.5986 0.0000
-345.9459 0.0000
-346.5960 0.0000
-345.8599 0.0000
-346.3863 0.0000
-346.0714 0.0000
-345.4883 0.0000
-345.0917 0.0000
-345.6488 0.0000
-345.8989 0.0000
-346.3997 0.0000
-345.4629 0.0000
-345.4124 0.0000
-345.3130 0.0000
-346.6480 0.0000
-345.7287 0.0000
-345.5247 0.0000
-346.1751 0.0000
-346.2311 0.0000
-345.7865 0.0000
-346.4690 0.0000
-345.1528 0.0000
-346.7862 0.0000
-346.3356 0.0000
-345.6429 0.0000
-346.1464 0.0000
-345.8375 0.0000
-345.8751 0.0000
-346.1205 0.0000
-346.5838 0.0000
-345.9736 0.0000
-346.2438 0.0000
-345.5449 0.0000
-345.3938 0.0000
-345.9092 0.0000
-345.9229 0.0000
-345.9554 0.0000
-345.5991 0.0000
-345.3611 0.0000
-345.6522 0.0000
-345.9964 0.0000
-346.4099 0.0000
-345.6952 0.0000
-346.2434 0.0000
-346.6242 0.0000
-346.1986 0.0000
-345.3090 0.0000
-346.3173 0.0000
-346.1821 0.0000
-345.0074 0.0000
-346.2496 0.0000
-345.2068 0.0000
-346.5509 0.0000
-346.7538 0.0000
-346.5296 0.0000
-345.8624 0.0000
-345.6315 0.0000
-345.9300 0.0000
-345.6695 0.0000
-346.9057 0.0000
-346.1140 0.0000
-345.9869 0.0000
-345.9303 0.0000
-346.3699 0.0000
-346.1156 0.0000
-344.9330 0.0000
-344.5162 0.0000
-346.0992 0.0000
-345.3628 0.0000
-346.4578 0.0000
-345.5287 0.0000
-345.7971 0.0000
-346.6988 0.0000
-345.2893 0.0000
-346.3106 0.0000
-346.1101 0.0000
-345.5761 0.0000
-346.1893 0.0000
-344.7257 0.0000
-345.8744 0.0000
-346.4149 0.0000
-345.2796 0.0000
-345.8310 0.0000
-346.2439 0.0000
-346.5987 0.0000
-345.7094 0.0000
-345.7021 0.0000
-346.4558 0.0000
-346.3936 0.0000
-345.4476 0.0000
-345.8878 0.0000
-311.0088 0.0000
-309.8730 0.0000
-310.7651 0.0000
-310.1507 0.0000
-310.1166 0.0000
-310.2671 0.0000
-308.9662 0.0000
-310.1227 0.0000
-310.2805 0.0000
-309.5305 0.0000
-309.8055 0.0000
-311.1810 0.0000
-309.0311 0.0000
-308.9887 0.0000
-309.7587 0.0000
-309.3800 0.0000
-309.7675 0.0000
-310.4826 0.0000
-309.8057 0.0000
-310.3342 0.0000
-311.4226 0.0000
-310.3941 0.0000
-310.7266 0.0000
-310.4211 0.0000
-310.1136 0.0000
-310.8544 0.0000
-309.6804 0.0000
-311.3347 0.0000
-311.1975 0.0000
-309.8323 0.0000
-310.3363 0.0000
-309.3681 0.0000
-310.2605 0.0000
-309.7625 0.0000
-310.4550 0.0000
-311.3032 0.0000
-310.2738 0.0000
-309.9679 0.0000
-310.2655 0.0000
-311.2422 0.0000
-310.0784 0.0000
-309.9153 0.0000
-310.9185 0.0000
-309.4971 0.0000
-310.2568 0.0000
-310.9209 0.0000
-310.1383 0.0000
-310.0756 0.0000
-309.1855 0.0000
-310.2156 0.0000
-310.4353 0.0000
-309.5669 0.0000
-310.3693 0.0000
-310.5518 0.0000
-310.5589 0.0000
-310.6838 0.0000
-309.5720 0.0000
-308.7502 0.0000
-310.2907 0.0000
-310.4202 0.0000
-310.6163 0.0000
-310.1243 0.0000
-310.8160 0.0000
-310.9633 0.0000
-310.9941 0.0000
-310.4713 0.0000
-311.0181 0.0000
-310.3084 0.0000
-310.8179 0.0000
-309.8793 0.0000
-310.7767 0.0000
-310.3749 0.0000
-311.6286 0.0000
-309.9234 0.0000
-310.1587 0.0000
-309.7540 0.0000
-311.1210 0.0000
-310.7593 0.0000
-311.3849 0.0000
-310.5584 0.0000
-310.6598 0.0000
-310.8089 0.0000
-309.3196 0.0000
-310.3028 0.0000
-310.3880 0.0000
-311.0387 0.0000
-308.9757 0.0000
-309.7167 0.0000
-309.6166 0.0000
-309.7359 0.0000
-310.4200 0.0000
-310.8327 0.0000
-310.1633 0.0000
-309.4152 0.0000
-309.7930 0.0000
-309.8756 0.0000
-309.2709 0.0000
-310.5511 0.0000
-310.5067 0.0000
-309.4290 0.0000
-301.6215 0.0000
-299.1651 0.0000
-298.0029 0.0000
-300.2888 0.0000
-299.7455 0.0000
-300.2316 0.0000
-298.7983 0.0000
-298.5117 0.0000
-298.7412 0.0000
-296.9337 0.0000
-295.9311 0.0000
-295.1834 0.0000
-296.5709 0.0000
-294.6458 0.0000
-293.3999 0.0000
-293.8599 0.0000
-293.0706 0.0000
-292.9976 0.0000
-292.8231 0.0000
-293.8977 0.0000
-293.4840 0.0000
-292.2930 0.0000
-292.5637 0.0000
-293.3618 0.0000
-292.1757 0.0000
-292.2747 0.0000
-292.3136 0.0000
-290.3196 0.0000
-290.9002 0.0000
-289.8676 0.0000
-290.0186 0.0000
-290.9279 0.0000
-290.5632 0.0000
-290.3591 0.0000
-288.7329 0.0000
-288.1292 0.0000
-288.7134 0.0000
-286.6521 0.0000
-285.3065 0.0000
-285.8105 0.0000
-285.9587 0.0000
-285.5570 0.0000
-286.0649 0.0000
-284.9227 0.0000
-284.8848 0.0000
-283.6347 0.0000
-284.2107 0.0000
-283.4725 0.0000
-283.3275 0.0000
-283.1955 0.0000
-283.6638 0.0000
-284.2908 0.0000
-282.9060 0.0000
-282.3735 0.0000
-282.9925 0.0000
-283.5246 0.0000
-284.4663 0.0000
-285.3259 0.0000
-284.9261 0.0000
-283.8850 0.0000
-283.5881 0.0000
-284.0341 0.0000
-283.1888 0.0000
-283.5888 0.0000
-284.2982 0.0000
-284.3907 0.0000
-284.0884 0.0000
-283.1272 0.0000
-282.2931 0.0000
-280.8933 0.0000
-281.6214 0.0000
-282.1688 0.0000
-281.7185 0.0000
-282.1099 0.0000
-281.2069 0.0000
-282.0487 0.0000
-283.2913 0.0000
-282.4463 0.0000
-281.8583 0.0000
-281.5428 0.0000
-281.8098 0.0000
-283.7177 0.0000
-285.4110 0.0000
-284.4389 0.0000
-284.4325 0.0000
-285.8311 0.0000
-285.1412 0.0000
-284.6261 0.0000
-285.0245 0.0000
-286.8637 0.0000
-287.5326 0.0000
-287.0284 0.0000
-286.2713 0.0000
-284.1181 0.0000
-282.8655 0.0000
-283.6626 0.0000
-284.7183 0.0000
-284.4000 0.0000
-286.1327 0.0000
-286.6933 0.0000
-289.2001 0.0000
-289.4044 0.0000
-290.0139 0.0000
-289.0687 0.0000
-289.3857 0.0000
-290.2347 0.0000
-288.9674 0.0000
-288.9568 0.0000
-289.6123 0.0000
-290.3281 0.0000
-289.5321 0.0000
-289.2609 0.0000
-290.1789 0.0000
-291.4419 0.0000
-291.3864 0.0000
-291.4319 0.0000
-290.3082 0.0000
-290.0002 0.0000
-291.2067 0.0000
-292.2834 0.0000
-292.3275 0.0000
-293.0230 0.0000
-292.7503 0.0000
-292.1414 0.0000
-292.5497 0.0000
-291.6224 0.0000
-292.0163 0.0000
-292.5347 0.0000
-291.8592 0.0000
-291.2294 0.0000
-291.1489 0.0000
-291.9007 0.0000
-292.9811 0.0000
-294.0570 0.0000
-292.7672 0.0000
-292.3844 0.0000
-292.6446 0.0000
-293.8160 0.0000
-292.9077 0.0000
-292.8751 0.0000
-294.9040 0.0000
-294.4369 0.0000
-292.9068 0.0000
-290.8111 0.0000
-291.9369 0.0000
-291.4845 0.0000
-292.3435 0.0000
-289.5791 0.0000
-288.9876 0.0000
-289.5310 0.0000
-289.0199 0.0000
-289.0009 0.0000
-287.8245 0.0000
-288.8219 0.0000
-289.2461 0.0000
-289.8061 0.0000
-289.0100 0.0000
-287.7626 0.0000
-287.6735 0.0000
-287.8157 0.0000
-286.9003 0.0000
-285.9366 0.0000
-285.2762 0.0000
-284.3691 0.0000
-284.4242 0.0000
-282.8630 0.0000
-281.9806 0.0000
-281.6154 0.0000
-280.8770 0.0000
-280.8170 0.0000
-280.2997 0.0000
-281.1860 0.0000
-280.9189 0.0000
-281.0010 0.0000
-280.4382 0.0000
-280.7819 0.0000
-280.4484 0.0000
-281.1864 0.0000
-280.5579 0.0000
-279.3669 0.0000
-280.0652 0.0000
-280.4606 0.0000
-280.9522 0.0000
-281.1991 0.0000
-281.1979 0.0000
-281.1203 0.0000
-280.9429 0.0000
-281.8746 0.0000
-281.2415 0.0000
-281.1861 0.0000
-280.6320 0.0000
-281.3782 0.0000
-281.0721 0.0000
-279.7497 0.0000
-279.8288 0.0000
-280.6444 0.0000
-281.4187 0.0000
-281.4884 0.0000
-281.0195 0.0000
-280.5662 0.0000
-339.1001 0.0000
-338.3453 0.0000
-339.4487 0.0000
-337.8517 0.0000
-339.2302 0.0000
-340.5886 0.0000
-338.4666 0.0000
-337.8770 0.0000
-337.2946 0.0000
-338.9829 0.0000
-338.6410 0.0000
-336.2288 0.0000
-338.3894 0.0000
-338.5111 0.0000
-337.9779 0.0000
-340.4740 0.0000
-339.2343 0.0000
-339.5987 0.0000
-336.4557 0.0000
-340.0446 0.0000
-339.3147 0.0000
-339.2981 0.0000
-339.5066 0.0000
-337.8814 0.0000
-336.8233 0.0000
-338.0994 0.0000
-337.3058 0.0000
-338.5517 0.0000
-337.8028 0.0000
-337.6011 0.0000
-337.7531 0.0000
-338.6325 0.0000
-340.1611 0.0000
-338.8075 0.0000
-338.5547 0.0000
-340.7215 0.0000
-337.4473 0.0000
-340.7232 0.0000
-337.9227 0.0000
-337.1643 0.0000
-337.2323 0.0000
-339.4851 0.0000
-338.1903 0.0000
-339.5314 0.0000
-336.6190 0.0000
-339.9181 0.0000
-338.7002 0.0000
-337.6137 0.0000
-340.5753 0.0000
-339.7508 0.0000
-339.4020 0.0000
-340.2867 0.0000
-337.8810 0.0000
-339.7100 0.0000
-338.2440 0.0000
-339.7202 0.0000
-338.5181 0.0000
-338.6817 0.0000
-339.7441 0.0000
-339.1491 0.0000
-338.1389 0.0000
-338.8329 0.0000
-337.7977 0.0000
-337.5691 0.0000
-339.4340 0.0000
-337.0765 0.0000
-339.5982 0.0000
-339.8124 0.0000
-338.8326 0.0000
-338.4815 0.0000
-338.7479 0.0000
-338.9350 0.0000
-339.9902 0.0000
-340.3397 0.0000
-337.6075 0.0000
-338.1173 0.0000
-337.6129 0.0000
-339.5929 0.0000
-335.6071 0.0000
-337.4829 0.0000
-338.1411 0.0000
-337.9967 0.0000
-338.1890 0.0000
-338.6352 0.0000
-337.1218 0.0000
-339.1648 0.0000
-339.4824 0.0000
-339.3679 0.0000
-339.8756 0.0000
-336.5231 0.0000
-337.7787 0.0000
-338.1571 0.0000
-338.2246 0.0000
-338.6034 0.0000
-339.5432 0.0000
-338.6506 0.0000
-340.4053 0.0000
-339.5989 0.0000
-340.0430 0.0000
-337.4654 0.0000
-276.6269 0.0000
-275.7400 0.0000
-276.0532 0.0000
-276.5107 0.0000
-275.6081 0.0000
-276.4912 0.0000
-274.6691 0.0000
-275.1591 0.0000
-275.5787 0.0000
-276.0221 0.0000
-276.6654 0.0000
-277.0064 0.0000
-277.8142 0.0000
-278.3168 0.0000
-278.7996 0.0000
-279.7224 0.0000
-277.8246 0.0000
-278.0712 0.0000
-277.8690 0.0000
-277.9027 0.0000
-278.2365 0.0000
-278.2491 0.0000
-277.9510 0.0000
-278.2813 0.0000
-277.7067 0.0000
-278.9729 0.0000
-277.9738 0.0000
-277.3487 0.0000
-279.0810 0.0000
-275.7247 0.0000
-276.5968 0.0000
-276.0676 0.0000
-277.1474 0.0000
-276.8145 0.0000
-276.6172 0.0000
-275.7744 0.0000
-275.9793 0.0000
-276.0517 0.0000
-276.0024 0.0000
-276.0002 0.0000
-274.8205 0.0000
-275.6827 0.0000
-276.0143 0.0000
-275.5662 0.0000
-275.9811 0.0000
-274.8280 0.0000
-276.0263 0.0000
-276.2197 0.0000
-276.9638 0.0000
-275.8250 0.0000
-277.4344 0.0000
-275.0215 0.0000
-275.0688 0.0000
-274.1028 0.0000
-273.8503 0.0000
-274.4860 0.0000
-275.2679 0.0000
-276.8717 0.0000
-276.6070 0.0000
-276.6509 0.0000
-276.8324 0.0000
-276.9110 0.0000
-277.6598 0.0000
-277.2686 0.0000
-277.5046 0.0000
-277.6437 0.0000
-278.1738 0.0000
-278.2675 0.0000
-278.4614 0.0000
-278.5195 0.0000
-278.7850 0.0000
-277.6082 0.0000
-276.9330 0.0000
-278.1944 0.0000
-277.2499 0.0000
-277.9104 0.0000
-277.6141 0.0000
-277.0270 0.0000
-275.9583 0.0000
-277.2031 0.0000
-277.9510 0.0000
-277.9806 0.0000
-277.8057 0.0000
-278.6442 0.0000
-277.3748 0.0000
-277.1100 0.0000
-277.0577 0.0000
-276.2645 0.0000
-275.6879 0.0000
-275.4737 0.0000
-276.0789 0.0000
-276.6833 0.0000
-276.8005 0.0000
-277.7696 0.0000
-278.4591 0.0000
-278.4410 0.0000
-278.3960 0.0000
-277.3573 0.0000
-277.8383 0.0000
-276.5456 0.0000
-328.9432 0.0000
-330.5933 0.0000
-329.1265 0.0000
-329.9548 0.0000
-330.1338 0.0000
-328.9171 0.0000
-329.0241 0.0000
-329.4319 0.0000
-329.5265 0.0000
-329.5891 0.0000
-330.2337 0.0000
-330.2310 0.0000
-329.3254 0.0000
-329.0077 0.0000
-329.5230 0.0000
-330.3085 0.0000
-330.4719 0.0000
-329.6311 0.0000
-329.3622 0.0000
-329.3736 0.0000
-329.4822 0.0000
-329.8066 0.0000
-330.2139 0.0000
-330.2423 0.0000
-328.9461 0.0000
-329.6347 0.0000
-330.0219 0.0000
-329.5215 0.0000
-329.3578 0.0000
-329.6203 0.0000
-330.1366 0.0000
-328.3770 0.0000
-330.0786 0.0000
-329.6016 0.0000
-330.4189 0.0000
-329.8133 0.0000
-329.6496 0.0000
-329.9915 0.0000
-330.7482 0.0000
-329.1959 0.0000
-329.5495 0.0000
-328.6317 0.0000
-330.3017 0.0000
-329.7221 0.0000
-329.9324 0.0000
-330.1859 0.0000
-329.5511 0.0000
-329.6285 0.0000
-329.9964 0.0000
-329.7010 0.0000
-330.0964 0.0000
-329.9313 0.0000
-329.9986 0.0000
-329.6579 0.0000
-329.3676 0.0000
-329.5457 0.0000
-329.0699 0.0000
-329.4740 0.0000
-328.8982 0.0000
-329.4712 0.0000
-330.7892 0.0000
-329.8392 0.0000
-329.7570 0.0000
-330.1712 0.0000
-329.6348 0.0000
-330.3718 0.0000
-329.9492 0.0000
-329.4698 0.0000
-329.1586 0.0000
-329.3457 0.0000
-329.4028 0.0000
-329.9187 0.0000
-330.0845 0.0000
-330.2697 0.0000
-329.7437 0.0000
-329.2559 0.0000
-329.8959 0.0000
-329.5673 0.0000
-329.8306 0.0000
-329.1980 0.0000
-330.1144 0.0000
-330.3640 0.0000
-330.2560 0.0000
-328.9113 0.0000
-329.1183 0.0000
-328.5899 0.0000
-330.0083 0.0000
-329.3357 0.0000
-329.7311 0.0000
-329.7794 0.0000
-329.3678 0.0000
-330.0647 0.0000
-328.7368 0.0000
-329.5844 0.0000
-330.1425 0.0000
-329.5685 0.0000
-330.3219 0.0000
-330.1044 0.0000
-329.3951 0.0000
-330.1508 0.0000
-314.3254 0.0000
-311.5593 0.0000
-313.0593 0.0000
-312.2069 0.0000
-312.9079 0.0000
-312.8500 0.0000
-312.7017 0.0000
-313.9277 0.0000
-311.8689 0.0000
-311.9303 0.0000
-312.0849 0.0000
-312.6174 0.0000
-311.0774 0.0000
-313.8987 0.0000
-313.0433 0.0000
-313.1036 0.0000
-312.7135 0.0000
-312.6646 0.0000
-312.9635 0.0000
-313.6349 0.0000
-313.1327 0.0000
-313.3618 0.0000
-313.3079 0.0000
-311.3767 0.0000
-313.0612 0.0000
-313.3125 0.0000
-313.1252 0.0000
-314.3661 0.0000
-312.8515 0.0000
-312.7083 0.0000
-312.4034 0.0000
-312.8231 0.0000
-314.8578 0.0000
-312.5483 0.0000
-313.9612 0.0000
-313.0419 0.0000
-312.9856 0.0000
-313.0515 0.0000
-312.7163 0.0000
-312.8252 0.0000
-311.4788 0.0000
-313.4813 0.0000
-313.4249 0.0000
-313.8482 0.0000
-312.0903 0.0000
-312.6888 0.0000
-313.1597 0.0000
-313.5469 0.0000
-313.4481 0.0000
-312.7960 0.0000
-312.9130 0.0000
-311.6640 0.0000
-313.3087 0.0000
-313.7419 0.0000
-313.1447 0.0000
-312.4928 0.0000
-312.7050 0.0000
-313.1635 0.0000
-313.3979 0.0000
-311.5563 0.0000
-313.0545 0.0000
-312.3071 0.0000
-314.5080 0.0000
-313.4198 0.0000
-312.6575 0.0000
-313.2270 0.0000
-314.3549 0.0000
-313.8858 0.0000
-310.7740 0.0000
-313.9475 0.0000
-313.4335 0.0000
-313.8274 0.0000
-312.8725 0.0000
-311.9730 0.0000
-312.0713 0.0000
-313.9170 0.0000
-313.5147 0.0000
-313.0883 0.0000
-312.5727 0.0000
-314.2561 0.0000
-311.8571 0.0000
-313.9420 0.0000
-313.6721 0.0000
-312.4965 0.0000
-312.5962 0.0000
-312.5368 0.0000
-313.2788 0.0000
-314.2206 0.0000
-313.3163 0.0000
-312.8581 0.0000
-314.6499 0.0000
-313.8111 0.0000
-312.8874 0.0000
-313.7714 0.0000
-314.3099 0.0000
-312.5286 0.0000
-312.7755 0.0000
-314.0168 0.0000
-312.1579 0.0000
-312.9222 0.0000
-254.3243 0.0000
-253.7737 0.0000
-253.1347 0.0000
-253.4597 0.0000
-254.7127 0.0000
-255.1555 0.0000
-255.7905 0.0000
-256.1568 0.0000
-255.3451 0.0000
-255.0383 0.0000
-254.2507 0.0000
-253.7514 0.0000
-253.0294 0.0000
-252.8477 0.0000
-252.0657 0.0000
-253.2986 0.0000
-251.7876 0.0000
-250.8203 0.0000
-251.6056 0.0000
-251.3374 0.0000
-251.3897 0.0000
-251.1647 0.0000
-250.7297 0.0000
-250.7483 0.0000
-253.4429 0.0000
-250.3988 0.0000
-250.7706 0.0000
-251.1448 0.0000
-250.7614 0.0000
-251.1138 0.0000
-252.3614 0.0000
-252.9986 0.0000
-253.6757 0.0000
-255.6716 0.0000
-256.0201 0.0000
-255.6759 0.0000
-255.7250 0.0000
-254.6412 0.0000
-255.5618 0.0000
-255.2748 0.0000
-254.9008 0.0000
-253.8003 0.0000
-253.5729 0.0000
-253.4108 0.0000
-252.7166 0.0000
-251.9366 0.0000
-251.4348 0.0000
-253.5729 0.0000
-252.0237 0.0000
-253.1210 0.0000
-252.5310 0.0000
-253.3860 0.0000
-253.4956 0.0000
-253.3204 0.0000
-254.0585 0.0000
-254.6420 0.0000
-254.3978 0.0000
-254.2644 0.0000
-255.3659 0.0000
-254.3712 0.0000
-254.6436 0.0000
-255.1665 0.0000
-255.0853 0.0000
-255.4209 0.0000
-254.9157 0.0000
-254.3471 0.0000
-253.8240 0.0000
-253.5370 0.0000
-253.6335 0.0000
-252.8784 0.0000
-251.3313 0.0000
-252.0609 0.0000
-251.7360 0.0000
-251.4652 0.0000
-252.3742 0.0000
-252.9837 0.0000
-253.0471 0.0000
-253.5885 0.0000
-254.4755 0.0000
-255.4479 0.0000
-255.7409 0.0000
-256.4326 0.0000
-255.1887 0.0000
-254.7837 0.0000
-255.3762 0.0000
-254.7882 0.0000
-255.1737 0.0000
-255.5061 0.0000
-256.3025 0.0000
-255.8906 0.0000
-255.3385 0.0000
-254.8039 0.0000
-255.0026 0.0000
-255.9447 0.0000
-256.3296 0.0000
-257.5684 0.0000
-257.3272 0.0000
-257.8413 0.0000
-258.3617 0.0000
-259.1216 0.0000
-325.1410 0.0000
-324.4720 0.0000
-325.5306 0.0000
-325.0165 0.0000
-325.5451 0.0000
-325.5324 0.0000
-323.7783 0.0000
-324.5120 0.0000
-327.2094 0.0000
-323.5174 0.0000
-325.8601 0.0000
-324.9707 0.0000
-325.4065 0.0000
-325.2824 0.0000
-324.1029 0.0000
-324.4174 0.0000
-324.4257 0.0000
-325.7226 0.0000
-324.3159 0.0000
-325.2928 0.0000
-323.9701 0.0000
-325.2078 0.0000
-324.3772 0.0000
-324.9440 0.0000
-324.8715 0.0000
-325.9888 0.0000
-324.8614 0.0000
-325.0171 0.0000
-324.8225 0.0000
-323.9599 0.0000
-325.3585 0.0000
-326.1726 0.0000
-324.8983 0.0000
-324.6008 0.0000
-325.3705 0.0000
-325.8658 0.0000
-325.7565 0.0000
-324.5722 0.0000
-323.9565 0.0000
-325.0361 0.0000
-324.3532 0.0000
-325.4084 0.0000
-326.5129 0.0000
-325.6616 0.0000
-324.8752 0.0000
-324.4035 0.0000
-325.8865 0.0000
-325.2015 0.0000
-325.7963 0.0000
-325.3246 0.0000
-325.6355 0.0000
-324.7274 0.0000
-324.6286 0.0000
-324.3490 0.0000
-324.5770 0.0000
-324.7105 0.0000
-324.9317 0.0000
-325.5532 0.0000
-325.3242 0.0000
-324.5330 0.0000
-324.2675 0.0000
-324.8396 0.0000
-324.2869 0.0000
-325.2931 0.0000
-324.6249 0.0000
-324.6364 0.0000
-325.0671 0.0000
-326.0977 0.0000
-323.9489 0.0000
-325.2617 0.0000
-323.9514 0.0000
-325.1096 0.0000
-325.6392 0.0000
-324.8099 0.0000
-324.4423 0.0000
-324.7394 0.0000
-324.5601 0.0000
-324.5375 0.0000
-324.4507 0.0000
-323.6629 0.0000
-325.7728 0.0000
-325.3350 0.0000
-322.7633 0.0000
-323.3641 0.0000
-324.6928 0.0000
-325.2452 0.0000
-324.2048 0.0000
-325.3675 0.0000
-324.9378 0.0000
-327.3485 0.0000
-324.4311 0.0000
-323.9512 0.0000
-325.0783 0.0000
-326.3174 0.0000
-324.9002 0.0000
-325.1294 0.0000
-326.2049 0.0000
-325.1178 0.0000
-324.4744 0.0000
-324.5251 0.0000
-345.5993 0.0000
-346.4205 0.0000
-347.0889 0.0000
-345.6172 0.0000
-345.7647 0.0000
-345.5972 0.0000
-345.9454 0.0000
-345.8309 0.0000
-345.8415 0.0000
-345.9581 0.0000
-345.8616 0.0000
-345.5886 0.0000
-345.2875 0.0000
-346.5809 0.0000
-346.3780 0.0000
-346.3654 0.0000
-346.5634 0.0000
-346.5049 0.0000
-345.9082 0.0000
-345.3614 0.0000
-346.3489 0.0000
-346.3153 0.0000
-345.5094 0.0000
-346.5240 0.0000
-346.6876 0.0000
-345.9240 0.0000
-345.8170 0.0000
-345.9195 0.0000
-346.1426 0.0000
-345.9478 0.0000
-345.7607 0.0000
-346.7130 0.0000
-345.6793 0.0000
-345.4304 0.0000
-345.6333 0.0000
-347.2226 0.0000
-346.1586 0.0000
-346.9164 0.0000
-346.5470 0.0000
-345.3917 0.0000
-345.5924 0.0000
-345.2755 0.0000
-346.3264 0.0000
-346.3025 0.0000
-345.8202 0.0000
-345.2702 0.0000
-345.8509 0.0000
-345.7865 0.0000
-347.2823 0.0000
-345.8186 0.0000
-345.7851 0.0000
-346.4383 0.0000
-346.1992 0.0000
-346.6513 0.0000
-346.5888 0.0000
-346.2177 0.0000
-347.2728 0.0000
-345.3209 0.0000
-346.0238 0.0000
-345.5320 0.0000
-345.7841 0.0000
-345.8655 0.0000
-345.6860 0.0000
-345.5758 0.0000
-346.7602 0.0000
-346.1773 0.0000
-347.0066 0.0000
-346.1255 0.0000
-345.6347 0.0000
-345.3223 0.0000
-345.2013 0.0000
-346.0722 0.0000
-346.3214 0.0000
-344.9383 0.0000
-346.0139 0.0000
-346.2770 0.0000
-345.3785 0.0000
-346.4587 0.0000
-346.1519 0.0000
-345.0026 0.0000
-346.3202 0.0000
-346.1564 0.0000
-345.7019 0.0000
-345.8462 0.0000
-346.5738 0.0000
-346.2707 0.0000
-346.8528 0.0000
-346.7752 0.0000
-345.3209 0.0000
-345.4793 0.0000
-345.7995 0.0000
-345.6882 0.0000
-346.6471 0.0000
-345.7136 0.0000
-345.6991 0.0000
-346.1232 0.0000
-346.8062 0.0000
-345.7913 0.0000
-346.0907 0.0000
-346.8621 0.0000
-288.9982 0.0000
-288.5440 0.0000
-289.6536 0.0000
-289.3086 0.0000
-290.1427 0.0000
-287.8532 0.0000
-288.1970 0.0000
-288.3894 0.0000
-288.0532 0.0000
-289.0010 0.0000
-287.5789 0.0000
-289.4485 0.0000
-288.7389 0.0000
-289.4955 0.0000
-290.0626 0.0000
-288.3670 0.0000
-288.1834 0.0000
-287.8940 0.0000
-288.5807 0.0000
-290.3665 0.0000
-288.9078 0.0000
-288.8937 0.0000
-289.1535 0.0000
-289.9824 0.0000
-289.7492 0.0000
-290.4428 0.0000
-288.4837 0.0000
-289.1579 0.0000
-289.4546 0.0000
-288.7824 0.0000
-287.4646 0.0000
-290.0591 0.0000
-288.9608 0.0000
-290.0763 0.0000
-288.0934 0.0000
-289.2335 0.0000
-288.3169 0.0000
-289.4033 0.0000
-289.1114 0.0000
-288.2788 0.0000
-287.9166 0.0000
-290.9814 0.0000
-288.8139 0.0000
-289.2842 0.0000
-289.5809 0.0000
-289.3085 0.0000
-289.2777 0.0000
-289.4034 0.0000
-288.4192 0.0000
-290.3011 0.0000
-288.9800 0.0000
-289.7852 0.0000
-289.3293 0.0000
-288.7287 0.0000
-289.2723 0.0000
-288.4637 0.0000
-290.1628 0.0000
-289.6341 0.0000
-288.0973 0.0000
-290.5473 0.0000
-290.0895 0.0000
-289.7685 0.0000
-289.6480 0.0000
-289.1156 0.0000
-290.9618 0.0000
-288.4830 0.0000
-289.8034 0.0000
-288.6421 0.0000
-288.3277 0.0000
-291.4343 0.0000
-289.2383 0.0000
-288.6334 0.0000
-289.7918 0.0000
-288.7274 0.0000
-290.4314 0.0000
-288.4494 0.0000
-289.2090 0.0000
-289.4442 0.0000
-288.9088 0.0000
-289.2545 0.0000
-289.9387 0.0000
-289.4627 0.0000
-289.1099 0.0000
-288.6470 0.0000
-288.9174 0.0000
-288.8242 0.0000
-288.3912 0.0000
-289.8617 0.0000
-288.6696 0.0000
-289.8886 0.0000
-287.1668 0.0000
-289.7773 0.0000
-289.6330 0.0000
-287.6792 0.0000
-289.3587 0.0000
-290.3386 0.0000
-290.4707 0.0000
-289.6979 0.0000
-288.5961 0.0000
-290.2947 0.0000
-279.8422 0.0000
-279.8310 0.0000
-278.2520 0.0000
-281.6954 0.0000
-279.4799 0.0000
-282.0661 0.0000
-279.1734 0.0000
-281.2942 0.0000
-278.7219 0.0000
-279.8698 0.0000
-279.9157 0.0000
-278.5958 0.0000
-280.3197 0.0000
-278.0134 0.0000
-278.4102 0.0000
-282.0407 0.0000
-279.7134 0.0000
-282.2108 0.0000
-278.0850 0.0000
-281.9100 0.0000
-279.7273 0.0000
-280.5184 0.0000
-281.6000 0.0000
-280.5327 0.0000
-281.3479 0.0000
-282.6791 0.0000
-283.1224 0.0000
-279.3419 0.0000
-280.9317 0.0000
-280.2150 0.0000
-279.1137 0.0000
-278.9416 0.0000
-279.1803 0.0000
-278.4265 0.0000
-277.2990 0.0000
-275.9654 0.0000
-274.7798 0.0000
-272.9415 0.0000
-271.9526 0.0000
-270.8435 0.0000
-270.3058 0.0000
-270.9456 0.0000
-270.0085 0.0000
-270.3134 0.0000
-270.9522 0.0000
-270.6086 0.0000
-271.3826 0.0000
-273.8281 0.0000
-270.1877 0.0000
-272.6332 0.0000
-268.8422 0.0000
-267.9646 0.0000
-268.1181 0.0000
-267.0315 0.0000
-268.0922 0.0000
-268.5744 0.0000
-268.8120 0.0000
-268.5129 0.0000
-268.8386 0.0000
-267.6159 0.0000
-266.4518 0.0000
-266.5609 0.0000
-265.2898 0.0000
-266.1910 0.0000
-265.6360 0.0000
-265.7758 0.0000
-266.6125 0.0000
-264.7997 0.0000
-264.6016 0.0000
-264.9590 0.0000
-264.3040 0.0000
-265.0967 0.0000
-265.4989 0.0000
-264.9959 0.0000
-265.1320 0.0000
-265.8604 0.0000
-265.1491 0.0000
-263.3757 0.0000
-263.6694 0.0000
-263.1137 0.0000
-263.0999 0.0000
-264.9015 0.0000
-262.8995 0.0000
-262.4530 0.0000
-261.0442 0.0000
-261.0986 0.0000
-259.5667 0.0000
-260.0832 0.0000
-260.5115 0.0000
-261.0423 0.0000
-261.0323 0.0000
-260.5647 0.0000
-259.2763 0.0000
-259.8521 0.0000
-258.5486 0.0000
-259.6180 0.0000
-260.0538 0.0000
-260.0917 0.0000
-260.8283 0.0000
-260.3888 0.0000
-275.3706 0.0000
-274.9584 0.0000
-274.8235 0.0000
-272.9274 0.0000
-273.5672 0.0000
-274.7410 0.0000
-274.5040 0.0000
-274.5817 0.0000
-274.5914 0.0000
-273.4468 0.0000
-274.3510 0.0000
-274.4358 0.0000
-275.9456 0.0000
-276.7569 0.0000
-275.9377 0.0000
-276.4575 0.0000
-275.8734 0.0000
-276.5364 0.0000
-277.2593 0.0000
-278.0216 0.0000
-277.3141 0.0000
-277.1411 0.0000
-277.2368 0.0000
-277.4293 0.0000
-277.6955 0.0000
-277.1488 0.0000
-277.3974 0.0000
-276.3257 0.0000
-277.1618 0.0000
-277.2467 0.0000
-276.8698 0.0000
-276.6294 0.0000
-275.5894 0.0000
-274.9875 0.0000
-274.4189 0.0000
-274.2907 0.0000
-273.3678 0.0000
-273.8419 0.0000
-274.1826 0.0000
-274.9243 0.0000
-275.1699 0.0000
-274.9830 0.0000
-275.5057 0.0000
-275.7630 0.0000
-277.4385 0.0000
-278.5222 0.0000
-278.6718 0.0000
-279.0955 0.0000
-280.4738 0.0000
-280.8374 0.0000
-280.8894 0.0000
-279.3670 0.0000
-279.5435 0.0000
-277.3936 0.0000
-276.8763 0.0000
-276.9097 0.0000
-275.3782 0.0000
-273.9898 0.0000
-275.1509 0.0000
-277.3591 0.0000
-277.0183 0.0000
-277.4507 0.0000
-276.6628 0.0000
-276.9856 0.0000
-275.5806 0.0000
-276.3732 0.0000
-277.6800 0.0000
-276.4832 0.0000
-276.8778 0.0000
-277.8779 0.0000
-277.0391 0.0000
-277.3233 0.0000
-277.8453 0.0000
-278.0686 0.0000
-277.6606 0.0000
-277.5514 0.0000
-278.1070 0.0000
-277.3622 0.0000
-276.7504 0.0000
-276.0793 0.0000
-276.3254 0.0000
-276.2334 0.0000
-275.1792 0.0000
-274.8450 0.0000
-274.0612 0.0000
-274.5886 0.0000
-274.7953 0.0000
-275.2533 0.0000
-275.6441 0.0000
-275.7689 0.0000
-273.6020 0.0000
-273.1842 0.0000
-272.8603 0.0000
-273.6011 0.0000
-275.0803 0.0000
-276.0205 0.0000
-275.8936 0.0000
-275.1647 0.0000
-276.3819 0.0000
-275.0121 0.0000
-327.6383 0.0000
-326.2696 0.0000
-327.4613 0.0000
-328.0778 0.0000
-328.3299 0.0000
-328.1187 0.0000
-327.7754 0.0000
-327.5628 0.0000
-328.2056 0.0000
-327.6549 0.0000
-327.2253 0.0000
-327.7814 0.0000
-327.7901 0.0000
-328.4813 0.0000
-328.9090 0.0000
-328.5756 0.0000
-329.6161 0.0000
-327.5999 0.0000
-328.1537 0.0000
-328.2524 0.0000
-328.5511 0.0000
-328.7645 0.0000
-329.5344 0.0000
-328.7041 0.0000
-327.8061 0.0000
-328.3538 0.0000
-328.3308 0.0000
-329.8588 0.0000
-328.8326 0.0000
-329.1037 0.0000
-329.8407 0.0000
-331.6736 0.0000
-328.7503 0.0000
-328.8398 0.0000
-327.7591 0.0000
-326.2834 0.0000
-327.6923 0.0000
-327.1338 0.0000
-325.7448 0.0000
-325.2091 0.0000
-324.7195 0.0000
-324.7305 0.0000
-324.6786 0.0000
-325.1508 0.0000
-325.6687 0.0000
-326.3399 0.0000
-325.7130 0.0000
-326.2979 0.0000
-325.9032 0.0000
-326.0095 0.0000
-325.1051 0.0000
-325.9851 0.0000
-324.9181 0.0000
-324.7260 0.0000
-324.6531 0.0000
-325.3500 0.0000
-324.8132 0.0000
-324.4545 0.0000
-324.4896 0.0000
-323.0251 0.0000
-324.0412 0.0000
-324.4467 0.0000
-324.2905 0.0000
-323.8923 0.0000
-324.2507 0.0000
-322.6934 0.0000
-324.2663 0.0000
-322.8173 0.0000
-322.5169 0.0000
-322.1893 0.0000
-322.4615 0.0000
-321.6743 0.0000
-322.8465 0.0000
-322.7586 0.0000
-323.1639 0.0000
-324.2360 0.0000
-325.4162 0.0000
-325.2226 0.0000
-327.2525 0.0000
-326.4353 0.0000
-325.2071 0.0000
-326.1856 0.0000
-326.4478 0.0000
-327.4860 0.0000
-328.0688 0.0000
-328.2614 0.0000
-327.5856 0.0000
-326.7455 0.0000
-325.2221 0.0000
-326.5066 0.0000
-324.5864 0.0000
-324.4349 0.0000
-324.3682 0.0000
-325.8947 0.0000
-325.1640 0.0000
-325.2352 0.0000
-326.0876 0.0000
-326.2314 0.0000
-324.6997 0.0000
-324.1412 0.0000
-228.7787 0.0000
-229.0711 0.0000
-229.5164 0.0000
-228.9127 0.0000
-229.2268 0.0000
-228.5161 0.0000
-228.5706 0.0000
-229.9994 0.0000
-229.8201 0.0000
-230.0357 0.0000
-230.7980 0.0000
-228.9146 0.0000
-228.7150 0.0000
-228.7502 0.0000
-229.8754 0.0000
-229.9442 0.0000
-229.9294 0.0000
-229.7073 0.0000
-230.9567 0.0000
-230.4421 0.0000
-229.8959 0.0000
-230.0729 0.0000
-231.3402 0.0000
-232.4447 0.0000
-231.2953 0.0000
-231.1697 0.0000
-230.7823 0.0000
-230.9816 0.0000
-230.8232 0.0000
-231.7244 0.0000
-230.1723 0.0000
-231.6145 0.0000
-229.4653 0.0000
-229.2319 0.0000
-229.8247 0.0000
-229.9241 0.0000
-229.5247 0.0000
-228.5466 0.0000
-228.7583 0.0000
-228.9674 0.0000
-229.7475 0.0000
-230.4435 0.0000
-230.1494 0.0000
-230.0949 0.0000
-230.2559 0.0000
-229.2348 0.0000
-229.8126 0.0000
-230.6013 0.0000
-229.5335 0.0000
-229.8612 0.0000
-229.6885 0.0000
-229.5792 0.0000
-230.1199 0.0000
-229.6004 0.0000
-229.3484 0.0000
-229.6207 0.0000
-229.7327 0.0000
-230.3120 0.0000
-230.5367 0.0000
-230.9445 0.0000
-229.8104 0.0000
-228.6793 0.0000
-228.5154 0.0000
-229.4053 0.0000
-228.7398 0.0000
-228.1219 0.0000
-229.4444 0.0000
-229.5031 0.0000
-229.4466 0.0000
-229.6306 0.0000
-229.5640 0.0000
-229.8951 0.0000
-229.1165 0.0000
-229.0431 0.0000
-230.0584 0.0000
-229.3944 0.0000
-230.6023 0.0000
-229.7559 0.0000
-228.5163 0.0000
-228.7118 0.0000
-227.7088 0.0000
-227.1152 0.0000
-226.2825 0.0000
-226.1422 0.0000
-227.0871 0.0000
-225.6917 0.0000
-227.1491 0.0000
-226.3762 0.0000
-226.3897 0.0000
-227.2151 0.0000
-225.9231 0.0000
-225.7370 0.0000
-225.7735 0.0000
-225.5173 0.0000
-225.1201 0.0000
-225.4031 0.0000
-224.6860 0.0000
-225.1753 0.0000
-224.4514 0.0000
-225.5714 0.0000
-325.7944 0.0000
-326.0504 0.0000
-326.6201 0.0000
-326.4022 0.0000
-326.3442 0.0000
-327.0281 0.0000
-325.5361 0.0000
-326.2629 0.0000
-326.4921 0.0000
-326.4086 0.0000
-326.2161 0.0000
-325.6388 0.0000
-325.1157 0.0000
-326.5090 0.0000
-325.5731 0.0000
-325.0738 0.0000
-325.7320 0.0000
-325.6902 0.0000
-326.0239 0.0000
-327.3872 0.0000
-326.9886 0.0000
-326.2000 0.0000
-324.8687 0.0000
-325.6646 0.0000
-325.7215 0.0000
-324.9561 0.0000
-325.5416 0.0000
-326.0014 0.0000
-325.6304 0.0000
-325.9094 0.0000
-325.6541 0.0000
-326.5575 0.0000
-325.8773 0.0000
-325.9338 0.0000
-326.3481 0.0000
-325.4478 0.0000
-325.9386 0.0000
-326.3528 0.0000
-325.1290 0.0000
-326.3209 0.0000
-326.0654 0.0000
-324.8864 0.0000
-326.0118 0.0000
-325.8440 0.0000
-325.9883 0.0000
-325.8353 0.0000
-326.4408 0.0000
-325.3108 0.0000
-325.3176 0.0000
-326.3757 0.0000
-326.2720 0.0000
-324.8455 0.0000
-326.0252 0.0000
-326.0661 0.0000
-326.1323 0.0000
-326.5105 0.0000
-325.6036 0.0000
-326.3122 0.0000
-326.1757 0.0000
-324.8182 0.0000
-325.0205 0.0000
-324.4714 0.0000
-324.6620 0.0000
-326.1830 0.0000
-325.5723 0.0000
-325.5918 0.0000
-325.3881 0.0000
-326.5092 0.0000
-326.1647 0.0000
-325.8153 0.0000
-325.2730 0.0000
-325.7077 0.0000
-325.7036 0.0000
-325.6072 0.0000
-326.7092 0.0000
-325.7594 0.0000
-326.5019 0.0000
-325.6288 0.0000
-324.8526 0.0000
-325.3959 0.0000
-325.3050 0.0000
-325.0588 0.0000
-326.0500 0.0000
-325.8605 0.0000
-325.6189 0.0000
-326.3273 0.0000
-325.6080 0.0000
-325.7252 0.0000
-325.6825 0.0000
-324.6726 0.0000
-325.4533 0.0000
-326.1200 0.0000
-325.1621 0.0000
-326.1302 0.0000
-325.7608 0.0000
-325.5889 0.0000
-325.6243 0.0000
-325.1100 0.0000
-325.4856 0.0000
-325.0570 0.0000
-287.9480 0.0000
-287.3572 0.0000
-288.4012 0.0000
-287.9244 0.0000
-287.1632 0.0000
-285.5439 0.0000
-286.9358 0.0000
-287.4968 0.0000
-287.7543 0.0000
-288.2981 0.0000
-288.9136 0.0000
-287.2480 0.0000
-287.7915 0.0000
-286.9659 0.0000
-289.1479 0.0000
-287.9072 0.0000
-287.6109 0.0000
-288.6971 0.0000
-287.5394 0.0000
-288.0108 0.0000
-288.4078 0.0000
-287.1501 0.0000
-287.7158 0.0000
-288.1501 0.0000
-287.4699 0.0000
-287.0826 0.0000
-286.4321 0.0000
-288.0928 0.0000
-287.7111 0.0000
-288.2169 0.0000
-286.5892 0.0000
-287.2001 0.0000
-287.0282 0.0000
-288.4436 0.0000
-287.7270 0.0000
-287.2288 0.0000
-286.7391 0.0000
-287.2590 0.0000
-287.2078 0.0000
-287.0483 0.0000
-287.2613 0.0000
-287.7037 0.0000
-287.8860 0.0000
-288.5772 0.0000
-287.9948 0.0000
-287.4194 0.0000
-287.9398 0.0000
-288.5298 0.0000
-287.4614 0.0000
-287.4732 0.0000
-286.1977 0.0000
-288.4399 0.0000
-287.6633 0.0000
-287.9766 0.0000
-287.7725 0.0000
-287.3393 0.0000
-288.2973 0.0000
-289.0843 0.0000
-288.2684 0.0000
-287.6166 0.0000
-286.5727 0.0000
-287.8989 0.0000
-288.8048 0.0000
-287.9389 0.0000
-287.2902 0.0000
-287.9342 0.0000
-287.9491 0.0000
-288.1377 0.0000
-287.8511 0.0000
-286.9063 0.0000
-286.5823 0.0000
-287.0728 0.0000
-287.5675 0.0000
-288.2597 0.0000
-288.0654 0.0000
-287.5780 0.0000
-288.7870 0.0000
-287.2114 0.0000
-288.6991 0.0000
-287.1237 0.0000
-288.5961 0.0000
-287.0962 0.0000
-287.3458 0.0000
-286.8886 0.0000
-287.2135 0.0000
-287.2581 0.0000
-287.7642 0.0000
-288.0872 0.0000
-287.1132 0.0000
-287.4870 0.0000
-287.7899 0.0000
-287.1590 0.0000
-288.0410 0.0000
-287.9315 0.0000
-286.1268 0.0000
-288.4009 0.0000
-287.2292 0.0000
-287.8539 0.0000
-287.5810 0.0000
-288.1706 0.0000
-252.9413 0.0000
-253.1683 0.0000
-253.3067 0.0000
-251.3718 0.0000
-252.2023 0.0000
-253.3183 0.0000
-252.3306 0.0000
-253.3903 0.0000
-252.9408 0.0000
-252.7257 0.0000
-251.0448 0.0000
-252.0348 0.0000
-251.8721 0.0000
-253.0840 0.0000
-252.3690 0.0000
-253.1623 0.0000
-252.5132 0.0000
-251.3264 0.0000
-252.1024 0.0000
-252.3106 0.0000
-252.2453 0.0000
-253.2067 0.0000
-253.0588 0.0000
-253.6141 0.0000
-251.2366 0.0000
-250.7487 0.0000
-251.9355 0.0000
-250.9823 0.0000
-251.6460 0.0000
-251.5693 0.0000
-252.5255 0.0000
-251.4816 0.0000
-254.3058 0.0000
-253.4707 0.0000
-251.3573 0.0000
-254.5705 0.0000
-252.8435 0.0000
-251.7461 0.0000
-250.9946 0.0000
-251.5467 0.0000
-252.0397 0.0000
-252.1548 0.0000
-254.1897 0.0000
-253.3098 0.0000
-251.8825 0.0000
-254.3175 0.0000
-253.3364 0.0000
-252.8791 0.0000
-251.3629 0.0000
-251.0613 0.0000
-251.8085 0.0000
-251.1171 0.0000
-253.1677 0.0000
-252.4454 0.0000
-253.5604 0.0000
-252.4953 0.0000
-251.9176 0.0000
-251.5675 0.0000
-251.7367 0.0000
-251.8405 0.0000
-251.8310 0.0000
-251.3415 0.0000
-253.1183 0.0000
-253.1822 0.0000
-252.4699 0.0000
-251.9731 0.0000
-253.1020 0.0000
-253.0502 0.0000
-253.0992 0.0000
-252.3998 0.0000
-252.9287 0.0000
-252.7353 0.0000
-252.9749 0.0000
-252.4065 0.0000
-253.3879 0.0000
-251.5805 0.0000
-251.0729 0.0000
-251.9720 0.0000
-253.3965 0.0000
-252.0319 0.0000
-252.3597 0.0000
-252.2875 0.0000
-253.7825 0.0000
-253.3017 0.0000
-252.0439 0.0000
-253.1910 0.0000
-251.0950 0.0000
-252.2491 0.0000
-251.3277 0.0000
-251.2741 0.0000
-253.1808 0.0000
-252.4538 0.0000
-251.7570 0.0000
-251.5518 0.0000
-253.3205 0.0000
-249.9413 0.0000
-251.6945 0.0000
-252.1060 0.0000
-251.7966 0.0000
-252.7772 0.0000
-275.0895 0.0000
-276.2750 0.0000
-274.1455 0.0000
-273.1769 0.0000
-274.0208 0.0000
-275.7935 0.0000
-275.1092 0.0000
-275.4135 0.0000
-276.0355 0.0000
-273.4358 0.0000
-273.1779 0.0000
-275.2219 0.0000
-275.9775 0.0000
-274.4223 0.0000
-273.2031 0.0000
-274.6924 0.0000
-276.1640 0.0000
-274.9888 0.0000
-273.1241 0.0000
-274.1548 0.0000
-275.9230 0.0000
-273.7826 0.0000
-273.6939 0.0000
-274.2399 0.0000
-275.3078 0.0000
-274.9536 0.0000
-275.2487 0.0000
-274.3836 0.0000
-276.7768 0.0000
-275.3245 0.0000
-272.3045 0.0000
-275.6647 0.0000
-275.0225 0.0000
-275.1324 0.0000
-273.1467 0.0000
-275.7906 0.0000
-274.9246 0.0000
-274.7010 0.0000
-273.7406 0.0000
-273.8333 0.0000
-274.6421 0.0000
-276.4149 0.0000
-275.7449 0.0000
-274.4641 0.0000
-275.4373 0.0000
-274.4435 0.0000
-275.0135 0.0000
-275.6388 0.0000
-274.5068 0.0000
-275.1705 0.0000
-275.2909 0.0000
-273.5537 0.0000
-275.9595 0.0000
-277.0103 0.0000
-273.4740 0.0000
-274.6674 0.0000
-274.3435 0.0000
-274.2564 0.0000
-275.2417 0.0000
-274.2753 0.0000
-274.7014 0.0000
-274.1804 0.0000
-275.7623 0.0000
-274.7009 0.0000
-273.2640 0.0000
-272.7218 0.0000
-274.9384 0.0000
-272.3313 0.0000
-274.8141 0.0000
-275.6099 0.0000
-275.4701 0.0000
-274.7051 0.0000
-274.7504 0.0000
-275.5149 0.0000
-275.1965 0.0000
-274.4634 0.0000
-272.0032 0.0000
-274.1489 0.0000
-276.5030 0.0000
-274.9145 0.0000
-273.7780 0.0000
-274.4557 0.0000
-274.9741 0.0000
-274.7894 0.0000
-273.6031 0.0000
-274.4337 0.0000
-276.3524 0.0000
-274.6162 0.0000
-275.1398 0.0000
-273.3032 0.0000
-274.2858 0.0000
-274.4537 0.0000
-274.4903 0.0000
-274.4727 0.0000
-275.6759 0.0000
-276.1690 0.0000
-272.8850 0.0000
-274.3556 0.0000
-276.9458 0.0000
-272.6716 0.0000
-275.0647 0.0000
-276.1048 0.0000
-274.3479 0.0000
-275.3848 0.0000
-274.6042 0.0000
-275.4020 0.0000
-276.0135 0.0000
-278.0488 0.0000
-272.9798 0.0000
-274.6705 0.0000
-274.2934 0.0000
-274.8541 0.0000
-277.9675 0.0000
-276.0020 0.0000
-275.7378 0.0000
-275.7881 0.0000
-274.8464 0.0000
-274.3019 0.0000
-274.5128 0.0000
-276.4321 0.0000
-276.8160 0.0000
-274.2899 0.0000
-275.7486 0.0000
-274.4253 0.0000
-274.6452 0.0000
-274.7962 0.0000
-274.3684 0.0000
-276.3161 0.0000
-275.7763 0.0000
-272.0617 0.0000
-272.9726 0.0000
-274.2267 0.0000
-274.8257 0.0000
-273.8325 0.0000
-274.5765 0.0000
-273.5163 0.0000
-274.9810 0.0000
-272.8256 0.0000
-273.3063 0.0000
-275.0497 0.0000
-273.1060 0.0000
-273.8797 0.0000
-274.3444 0.0000
-275.3106 0.0000
-274.5017 0.0000
-273.6771 0.0000
-275.0139 0.0000
-272.2301 0.0000
-273.8429 0.0000
-274.6352 0.0000
-274.8081 0.0000
-275.1172 0.0000
-274.8493 0.0000
-273.9295 0.0000
-276.7722 0.0000
-274.5578 0.0000
-275.6039 0.0000
-274.1802 0.0000
-273.1069 0.0000
-274.6333 0.0000
-276.8791 0.0000
-276.4110 0.0000
-274.0806 0.0000
-275.4310 0.0000
-275.9561 0.0000
-274.0651 0.0000
-272.7185 0.0000
-274.4257 0.0000
-274.6514 0.0000
-275.0322 0.0000
-275.2312 0.0000
-274.9481 0.0000
-274.2797 0.0000
-273.9220 0.0000
-274.0454 0.0000
-274.3837 0.0000
-274.6353 0.0000
-275.6150 0.0000
-275.7556 0.0000
-274.3925 0.0000
-274.5562 0.0000
-274.2498 0.0000
-274.9684 0.0000
-277.0054 0.0000
-274.5874 0.0000
-275.4838 0.0000
-275.0757 0.0000
-274.0890 0.0000
-275.8687 0.0000
-274.2000 0.0000
-276.7597 0.0000
-273.6012 0.0000
-274.4659 0.0000
-274.3378 0.0000
-273.6209 0.0000
-274.4976 0.0000
-274.6703 0.0000
-274.0959 0.0000
-274.1401 0.0000
-276.4306 0.0000
-272.7093 0.0000
-273.3846 0.0000
-274.6119 0.0000
-275.9546 0.0000
-277.1965 0.0000
-274.1318 0.0000
-274.5844 0.0000
-276.4337 0.0000
-273.6838 0.0000
-273.8830 0.0000
-274.3424 0.0000
-276.5292 0.0000
-273.9023 0.0000
-272.3438 0.0000
-276.1521 0.0000
-274.6242 0.0000
-272.9851 0.0000
-274.8699 0.0000
-274.3118 0.0000
-272.0711 0.0000
-274.9838 0.0000
-275.3978 0.0000
-274.1054 0.0000
-273.5097 0.0000
-274.0207 0.0000
-275.7062 0.0000
-274.5765 0.0000
-276.2022 0.0000
-273.5342 0.0000
-275.1321 0.0000
-275.1516 0.0000
-275.3363 0.0000
-275.2528 0.0000
-275.5489 0.0000
-275.8226 0.0000
-273.2431 0.0000
-274.1176 0.0000
-273.5670 0.0000
-275.8914 0.0000
-276.4268 0.0000
-277.2126 0.0000
-274.9398 0.0000
-274.5070 0.0000
-275.7979 0.0000
-275.2783 0.0000
-273.7961 0.0000
-273.7620 0.0000
-274.8922 0.0000
-275.8227 0.0000
-273.5742 0.0000
-274.1059 0.0000
-275.1949 0.0000
-275.3296 0.0000
-275.4977 0.0000
-275.3498 0.0000
-273.9418 0.0000
-276.5169 0.0000
-275.2176 0.0000
-275.1807 0.0000
-276.4195 0.0000
-275.3007 0.0000
-276.1789 0.0000
-276.2682 0.0000
-275.6626 0.0000
-274.9333 0.0000
-274.1929 0.0000
-275.0001 0.0000
-275.9740 0.0000
-276.5136 0.0000
-274.2302 0.0000
-274.0044 0.0000
-274.4398 0.0000
-273.5757 0.0000
-276.5608 0.0000
-273.5591 0.0000
-274.6960 0.0000
-275.8181 0.0000
-276.0687 0.0000
-278.1577 0.0000
-274.8281 0.0000
-274.4913 0.0000
-272.7006 0.0000
-275.2558 0.0000
-275.2941 0.0000
-274.2517 0.0000
-273.3940 0.0000
-276.5634 0.0000
-276.1008 0.0000
-274.7548 0.0000
-272.6165 0.0000
-275.3504 0.0000
-273.0144 0.0000
-276.8149 0.0000
-275.8287 0.0000
-274.5461 0.0000
-273.2600 0.0000
-272.9860 0.0000
-277.6139 0.0000
-274.4289 0.0000
-273.9686 0.0000
-274.3101 0.0000
-274.4922 0.0000
-274.1770 0.0000
-275.8761 0.0000
-275.9079 0.0000
-275.5391 0.0000
-272.9719 0.0000
-277.4631 0.0000
-275.0958 0.0000
-276.2349 0.0000
-273.9765 0.0000
-276.0084 0.0000
-275.3207 0.0000
-274.4166 0.0000
-275.2029 0.0000
-274.6136 0.0000
-274.5432 0.0000
-272.7866 0.0000
-274.0067 0.0000
-273.4887 0.0000
-274.5240 0.0000
-273.4376 0.0000
-274.5184 0.0000
-274.6101 0.0000
-274.4440 0.0000
-273.6487 0.0000
-274.2182 0.0000
-276.2995 0.0000
-273.9556 0.0000
-273.0145 0.0000
-275.9630 0.0000
-276.0505 0.0000
-275.7080 0.0000
-274.8800 0.0000
-275.1656 0.0000
-276.9900 0.0000
-277.4269 0.0000
-273.0547 0.0000
-274.6630 0.0000
-274.4705 0.0000
-274.6846 0.0000
-273.5173 0.0000
-273.9420 0.0000
-274.8524 0.0000
-273.4785 0.0000
-274.7325 0.0000
-276.2841 0.0000
-272.5709 0.0000
-274.8293 0.0000
-274.5354 0.0000
-274.8701 0.0000
-274.7757 0.0000
-274.3550 0.0000
-275.1335 0.0000
-276.1966 0.0000
-275.4443 0.0000
-274.1006 0.0000
-274.8110 0.0000
-273.0048 0.0000
-275.6174 0.0000
-275.3313 0.0000
-273.6877 0.0000
-274.6924 0.0000
-276.5412 0.0000
-275.9832 0.0000
-273.8464 0.0000
-273.6184 0.0000
-275.7522 0.0000
-274.2886 0.0000
-273.9906 0.0000
-275.6370 0.0000
-274.5157 0.0000
-275.6388 0.0000
-273.5873 0.0000
-274.1740 0.0000
-276.0084 0.0000
-274.3794 0.0000
-276.9235 0.0000
-272.6011 0.0000
-274.0596 0.0000
-275.1308 0.0000
-276.3592 0.0000
-274.8097 0.0000
-272.3875 0.0000
-272.3544 0.0000
-276.1730 0.0000
-276.6730 0.0000
-274.0741 0.0000
-273.9479 0.0000
-275.5924 0.0000
-274.1735 0.0000
-275.3573 0.0000
-273.2037 0.0000
-275.4142 0.0000
-275.2824 0.0000
-275.4110 0.0000
-275.0827 0.0000
-275.9550 0.0000
-274.4293 0.0000
-276.5742 0.0000
-252.8697 0.0000
-252.3356 0.0000
-253.1573 0.0000
-251.4597 0.0000
-253.5479 0.0000
-252.4625 0.0000
-250.7429 0.0000
-250.8602 0.0000
-251.1246 0.0000
-251.2925 0.0000
-251.5643 0.0000
-252.7241 0.0000
-252.4858 0.0000
-253.2738 0.0000
-252.5542 0.0000
-251.9682 0.0000
-252.2243 0.0000
-252.4147 0.0000
-251.9879 0.0000
-252.6990 0.0000
-252.5403 0.0000
-251.3064 0.0000
-252.8768 0.0000
-252.2790 0.0000
-251.1083 0.0000
-252.1603 0.0000
-251.6862 0.0000
-253.2010 0.0000
-251.9248 0.0000
-250.7855 0.0000
-251.6826 0.0000
-252.8984 0.0000
-251.2592 0.0000
-252.3404 0.0000
-253.1095 0.0000
-251.3715 0.0000
-252.0073 0.0000
-252.6505 0.0000
-253.4437 0.0000
-251.8087 0.0000
-251.9201 0.0000
-252.4645 0.0000
-253.0344 0.0000
-253.0601 0.0000
-250.9100 0.0000
-251.3842 0.0000
-253.7034 0.0000
-250.2136 0.0000
-252.2260 0.0000
-251.3325 0.0000
-251.1945 0.0000
-253.0060 0.0000
-252.4088 0.0000
-251.4233 0.0000
-252.8842 0.0000
-252.8099 0.0000
-252.2987 0.0000
-253.5244 0.0000
-252.4040 0.0000
-251.2962 0.0000
-251.6822 0.0000
-251.5128 0.0000
-252.8825 0.0000
-251.5126 0.0000
-251.6949 0.0000
-253.9650 0.0000
-253.5012 0.0000
-252.9920 0.0000
-252.1112 0.0000
-252.0445 0.0000
-252.5713 0.0000
-252.7865 0.0000
-253.2933 0.0000
-251.5756 0.0000
-252.8097 0.0000
-252.3222 0.0000
-251.7560 0.0000
-252.2353 0.0000
-254.1294 0.0000
-253.1962 0.0000
-251.9136 0.0000
-252.8692 0.0000
-252.6857 0.0000
-252.1125 0.0000
-252.9080 0.0000
-251.2171 0.0000
-252.8835 0.0000
-252.0889 0.0000
-251.3997 0.0000
-252.1312 0.0000
-253.0834 0.0000
-252.5807 0.0000
-252.4231 0.0000
-252.0538 0.0000
-251.8915 0.0000
-251.4096 0.0000
-252.8185 0.0000
-252.6969 0.0000
-251.4148 0.0000
-251.1809 0.0000
-253.7257 0.0000
-251.5984 0.0000
-252.1546 0.0000
-252.6859 0.0000
-250.7104 0.0000
-250.6958 0.0000
-252.1049 0.0000
-252.2764 0.0000
-251.3213 0.0000
-251.5365 0.0000
-251.6403 0.0000
-252.4104 0.0000
-251.6806 0.0000
-251.4112 0.0000
-251.6523 0.0000
-251.6609 0.0000
-251.2897 0.0000
-253.3865 0.0000
-250.9194 0.0000
-251.4060 0.0000
-251.8667 0.0000
-252.2495 0.0000
-251.6593 0.0000
-253.7442 0.0000
-252.2624 0.0000
-250.7794 0.0000
-251.0820 0.0000
-250.0684 0.0000
-252.6080 0.0000
-250.9811 0.0000
-252.9849 0.0000
-252.6802 0.0000
-250.5296 0.0000
-253.6877 0.0000
-252.8555 0.0000
-251.3278 0.0000
-252.3849 0.0000
-251.7609 0.0000
-253.2476 0.0000
-252.8280 0.0000
-250.7411 0.0000
-252.0344 0.0000
-251.8338 0.0000
-253.1324 0.0000
-253.7991 0.0000
-252.6380 0.0000
-252.8039 0.0000
-252.7319 0.0000
-252.6174 0.0000
-252.5229 0.0000
-251.0211 0.0000
-251.6662 0.0000
-252.8569 0.0000
-253.1601 0.0000
-251.2981 0.0000
-251.6437 0.0000
-250.8408 0.0000
-252.1784 0.0000
-252.2106 0.0000
-253.3647 0.0000
-252.0556 0.0000
-251.2986 0.0000
-253.3337 0.0000
-252.0767 0.0000
-253.7020 0.0000
-252.4693 0.0000
-252.1657 0.0000
-252.1677 0.0000
-251.6648 0.0000
-251.4919 0.0000
-251.6044 0.0000
-253.4900 0.0000
-253.0361 0.0000
-251.8774 0.0000
-252.4775 0.0000
-251.5944 0.0000
-251.7473 0.0000
-252.5597 0.0000
-253.6135 0.0000
-252.4607 0.0000
-253.9870 0.0000
-252.8088 0.0000
-250.7418 0.0000
-252.8076 0.0000
-251.9109 0.0000
-251.2181 0.0000
-251.5483 0.0000
-252.6428 0.0000
-252.3851 0.0000
-252.9807 0.0000
-254.2309 0.0000
-254.3159 0.0000
-253.1407 0.0000
-252.3947 0.0000
-253.1941 0.0000
-252.4866 0.0000
-252.0106 0.0000
-252.8583 0.0000
-252.9421 0.0000
-251.8363 0.0000
-275.3677 0.0000
-274.1722 0.0000
-274.2481 0.0000
-274.0793 0.0000
-274.0388 0.0000
-275.8624 0.0000
-272.7205 0.0000
-274.2596 0.0000
-276.2232 0.0000
-274.1057 0.0000
-275.1989 0.0000
-276.1170 0.0000
-274.5276 0.0000
-275.4434 0.0000
-275.8691 0.0000
-275.5332 0.0000
-274.8886 0.0000
-275.1686 0.0000
-274.4936 0.0000
-274.4109 0.0000
-276.8879 0.0000
-274.4984 0.0000
-274.6633 0.0000
-273.4682 0.0000
-274.4639 0.0000
-275.5421 0.0000
-274.5796 0.0000
-274.1835 0.0000
-275.0540 0.0000
-274.3033 0.0000
-275.3070 0.0000
-274.4630 0.0000
-275.0571 0.0000
-273.5636 0.0000
-273.0200 0.0000
-275.2315 0.0000
-277.8636 0.0000
-274.1289 0.0000
-277.1067 0.0000
-274.6123 0.0000
-274.1464 0.0000
-273.8316 0.0000
-275.5483 0.0000
-274.0050 0.0000
-276.2280 0.0000
-274.1331 0.0000
-273.2278 0.0000
-274.4456 0.0000
-274.3640 0.0000
-274.1444 0.0000
-275.2167 0.0000
-275.3670 0.0000
-273.6360 0.0000
-274.6624 0.0000
-276.5872 0.0000
-274.3218 0.0000
-272.2957 0.0000
-273.1631 0.0000
-275.9047 0.0000
-273.2628 0.0000
-276.1689 0.0000
-274.1042 0.0000
-273.9370 0.0000
-274.6556 0.0000
-273.6817 0.0000
-275.1053 0.0000
-274.6645 0.0000
-275.8420 0.0000
-275.9847 0.0000
-277.7540 0.0000
-275.3444 0.0000
-274.2091 0.0000
-276.1718 0.0000
-275.8092 0.0000
-274.6487 0.0000
-273.4333 0.0000
-273.8503 0.0000
-274.3009 0.0000
-273.7213 0.0000
-274.0864 0.0000
-274.6260 0.0000
-273.4671 0.0000
-271.6033 0.0000
-273.1512 0.0000
-273.9888 0.0000
-276.4044 0.0000
-275.4943 0.0000
-274.8400 0.0000
-274.8879 0.0000
-275.0966 0.0000
-276.1291 0.0000
-275.1537 0.0000
-276.6583 0.0000
-275.9207 0.0000
-276.0252 0.0000
-273.9279 0.0000
-274.8120 0.0000
-274.1680 0.0000
-274.0518 0.0000
-276.0766 0.0000
-274.7018 0.0000
-274.6410 0.0000
-277.1553 0.0000
-276.3873 0.0000
-276.0503 0.0000
-273.5281 0.0000
-273.5751 0.0000
-274.1049 0.0000
-274.7185 0.0000
-274.4780 0.0000
-275.1696 0.0000
-277.3171 0.0000
-274.7745 0.0000
-273.9268 0.0000
-274.9537 0.0000
-275.4407 0.0000
-273.4329 0.0000
-276.1482 0.0000
-273.6329 0.0000
-274.1412 0.0000
-276.4782 0.0000
-274.2547 0.0000
-272.1669 0.0000
-274.0977 0.0000
-275.1378 0.0000
-275.7303 0.0000
-275.4472 0.0000
-276.9622 0.0000
-272.9006 0.0000
-274.9664 0.0000
-273.2832 0.0000
-275.7423 0.0000
-275.4393 0.0000
-274.6565 0.0000
-275.8632 0.0000
-274.5881 0.0000
-273.5662 0.0000
-274.1068 0.0000
-274.4182 0.0000
-273.0504 0.0000
-272.9247 0.0000
-275.1242 0.0000
-274.3106 0.0000
-277.3155 0.0000
-274.5686 0.0000
-274.4569 0.0000
-274.3558 0.0000
-273.9102 0.0000
-275.0233 0.0000
-275.4011 0.0000
-274.2596 0.0000
-274.3622 0.0000
-274.1897 0.0000
-272.8929 0.0000
-274.8723 0.0000
-274.5934 0.0000
-276.8049 0.0000
-273.8396 0.0000
-271.6306 0.0000
-273.6513 0.0000
-277.3329 0.0000
-273.3999 0.0000
-276.5730 0.0000
-272.9701 0.0000
-275.9134 0.0000
-275.2376 0.0000
-274.4892 0.0000
-274.2124 0.0000
-273.0999 0.0000
-275.1916 0.0000
-274.4575 0.0000
-273.9591 0.0000
-272.1751 0.0000
-275.2191 0.0000
-273.5650 0.0000
-274.7981 0.0000
-272.7371 0.0000
-274.3272 0.0000
-275.3646 0.0000
-275.5302 0.0000
-274.7626 0.0000
-274.0788 0.0000
-275.5199 0.0000
-275.5450 0.0000
-275.4246 0.0000
-276.5226 0.0000
-274.6205 0.0000
-274.7337 0.0000
-275.4378 0.0000
-274.9233 0.0000
-276.0602 0.0000
-277.6416 0.0000
-274.7964 0.0000
-274.9574 0.0000
-272.7128 0.0000
-275.8448 0.0000
-275.3743 0.0000
-276.1776 0.0000
-272.8373 0.0000
-275.6075 0.0000
-275.7107 0.0000
-276.0430 0.0000
-274.2380 0.0000
-273.5353 0.0000
-274.0635 0.0000
-274.7643 0.0000
-273.3933 0.0000
-275.0635 0.0000
-273.1866 0.0000
-273.6443 0.0000
-273.4101 0.0000
-274.9431 0.0000
-276.2380 0.0000
-274.6510 0.0000
-275.3895 0.0000
-275.8493 0.0000
-274.2859 0.0000
-273.1912 0.0000
-275.0673 0.0000
-273.6679 0.0000
-275.3785 0.0000
-274.6575 0.0000
-275.6606 0.0000
-274.7786 0.0000
-272.7642 0.0000
-273.9467 0.0000
-274.2803 0.0000
-272.8637 0.0000
-275.6869 0.0000
-277.4317 0.0000
-274.6774 0.0000
-275.7642 0.0000
-274.9083 0.0000
-274.8995 0.0000
-272.6429 0.0000
-275.9299 0.0000
-274.4465 0.0000
-275.1041 0.0000
-273.6971 0.0000
-275.7856 0.0000
-273.0733 0.0000
-274.3451 0.0000
-274.4461 0.0000
-274.7924 0.0000
-276.0330 0.0000
-276.1932 0.0000
-275.4874 0.0000
-273.8176 0.0000
-274.8492 0.0000
-275.7888 0.0000
-272.2050 0.0000
-274.3684 0.0000
-273.0537 0.0000
-274.1907 0.0000
-276.8883 0.0000
-273.6359 0.0000
-275.0321 0.0000
-274.6530 0.0000
-276.5725 0.0000
-273.9412 0.0000
-273.4828 0.0000
-276.8350 0.0000
-274.4468 0.0000
-274.1161 0.0000
-274.6535 0.0000
-273.6683 0.0000
-273.9980 0.0000
-274.3428 0.0000
-274.0333 0.0000
-274.7678 0.0000
-275.0471 0.0000
-273.7940 0.0000
-274.6032 0.0000
-274.0423 0.0000
-275.8234 0.0000
-273.0055 0.0000
-274.2878 0.0000
-275.5465 0.0000
-275.7192 0.0000
-274.2098 0.0000
-272.9633 0.0000
-274.0547 0.0000
-274.1148 0.0000
-274.2913 0.0000
-273.4100 0.0000
-273.8797 0.0000
-273.5073 0.0000
-274.6114 0.0000
-273.9998 0.0000
-273.9402 0.0000
-277.4884 0.0000
-275.0011 0.0000
-276.9006 0.0000
-274.4874 0.0000
-274.3031 0.0000
-274.3802 0.0000
-273.7081 0.0000
-275.2174 0.0000
-274.1184 0.0000
-274.7896 0.0000
-273.6972 0.0000
-275.9405 0.0000
-273.6623 0.0000
-275.7896 0.0000
-275.4120 0.0000
-274.9271 0.0000
-272.6475 0.0000
-275.0082 0.0000
-275.7788 0.0000
-273.5185 0.0000
-273.2570 0.0000
-276.9765 0.0000
-274.2593 0.0000
-274.2010 0.0000
-271.3219 0.0000
-273.5980 0.0000
-275.6142 0.0000
-275.7561 0.0000
-275.4899 0.0000
-272.8197 0.0000
-277.0050 0.0000
-275.7082 0.0000
-274.6713 0.0000
-274.7107 0.0000
-274.8908 0.0000
-273.5450 0.0000
-274.3293 0.0000
-276.1643 0.0000
-276.7569 0.0000
-274.4451 0.0000
-274.2489 0.0000
-275.5590 0.0000
-273.9615 0.0000
-274.0362 0.0000
-273.4113 0.0000
-275.6766 0.0000
-277.0880 0.0000
-274.9711 0.0000
-274.4953 0.0000
-274.3715 0.0000
-274.2873 0.0000
-271.4037 0.0000
-274.7876 0.0000
-274.0455 0.0000
-272.1392 0.0000
-274.0680 0.0000
-274.8748 0.0000
-275.4171 0.0000
-274.4888 0.0000
-276.3927 0.0000
-276.4703 0.0000
-273.1982 0.0000
-274.0451 0.0000
-277.3861 0.0000
-273.7417 0.0000
-275.5094 0.0000
-275.1271 0.0000
-277.1347 0.0000
-274.8214 0.0000
-273.8457 0.0000
-273.5323 0.0000
-273.5695 0.0000
-274.3743 0.0000
-275.1571 0.0000
-275.5809 0.0000
-276.1144 0.0000
-274.2015 0.0000
-273.2062 0.0000
-273.4782 0.0000
-274.8143 0.0000
-273.5861 0.0000
-274.7271 0.0000
-274.4744 0.0000
-273.5733 0.0000
-275.5713 0.0000
-276.2918 0.0000
-273.3210 0.0000
-274.0265 0.0000
-273.6511 0.0000
-274.5401 0.0000
-274.3438 0.0000
-274.8740 0.0000
-275.9417 0.0000
-274.8476 0.0000
-271.9448 0.0000
-272.6259 0.0000
-274.2850 0.0000
-274.3079 0.0000
-274.3639 0.0000
-273.6577 0.0000
-274.1361 0.0000
-272.7415 0.0000
-273.2995 0.0000
-275.9839 0.0000
-278.0067 0.0000
-275.1117 0.0000
-274.5150 0.0000
-275.9057 0.0000
-274.5759 0.0000
-273.6928 0.0000
-273.6387 0.0000
-275.7382 0.0000
-275.3570 0.0000
-273.9365 0.0000
-275.6553 0.0000
-273.0404 0.0000
-277.5078 0.0000
-275.4466 0.0000
-272.9553 0.0000
-274.8537 0.0000
-271.0356 0.0000
-275.0374 0.0000
-276.7117 0.0000
-273.6015 0.0000
-273.3240 0.0000
-275.2262 0.0000
-274.5252 0.0000
-273.8301 0.0000
-274.8379 0.0000
-274.1220 0.0000
-274.6421 0.0000
-275.6644 0.0000
-274.4280 0.0000
-273.7670 0.0000
-274.1483 0.0000
-273.2021 0.0000
-274.3206 0.0000
-275.5225 0.0000
-275.5408 0.0000
-276.0790 0.0000
-276.1590 0.0000
-276.7346 0.0000
-275.5172 0.0000
-272.1632 0.0000
-275.2986 0.0000
-276.1927 0.0000
-276.2305 0.0000
-276.4099 0.0000
-273.0901 0.0000
-275.4228 0.0000
-274.3646 0.0000
-274.6057 0.0000
-274.0086 0.0000
-274.6629 0.0000
-275.8238 0.0000
-276.4335 0.0000
-276.8042 0.0000
-274.3397 0.0000
-274.1383 0.0000
-272.9760 0.0000
-277.4856 0.0000
-271.9847 0.0000
-274.0821 0.0000
-275.5065 0.0000
-276.5142 0.0000
-272.4870 0.0000
-272.4850 0.0000
-275.3591 0.0000
-274.7160 0.0000
-274.3725 0.0000
-272.9622 0.0000
-274.3128 0.0000
-276.4348 0.0000
-275.8893 0.0000
-274.0453 0.0000
-274.5803 0.0000
-273.8713 0.0000
-274.5625 0.0000
-274.5171 0.0000
-274.7401 0.0000
-275.5933 0.0000
-274.4981 0.0000
-275.2968 0.0000
-275.4121 0.0000
-273.1376 0.0000
-274.7771 0.0000
-273.6611 0.0000
-274.6915 0.0000
-271.7391 0.0000
-274.9603 0.0000
-275.1677 0.0000
-275.3378 0.0000
-274.1119 0.0000
-276.5513 0.0000
-275.7308 0.0000
-274.2190 0.0000
-274.6920 0.0000
-275.4930 0.0000
-273.7668 0.0000
-275.7006 0.0000
-274.0126 0.0000
-274.7954 0.0000
-273.9720 0.0000
-273.2574 0.0000
-272.1803 0.0000
-274.9944 0.0000
-274.3475 0.0000
-274.5772 0.0000
-273.5863 0.0000
-275.7433 0.0000
-272.3824 0.0000
-273.6991 0.0000
-276.0587 0.0000
-276.2061 0.0000
-274.1240 0.0000
-275.6806 0.0000
-274.2272 0.0000
-274.0764 0.0000
-276.1336 0.0000
-275.1302 0.0000
-275.0695 0.0000
-274.5758 0.0000
-274.4423 0.0000
-276.4880 0.0000
-273.8076 0.0000
-274.7516 0.0000
-272.3673 0.0000
-274.4824 0.0000
-273.6996 0.0000
-274.7346 0.0000
-274.1329 0.0000
-274.9326 0.0000
-275.1051 0.0000
-274.3460 0.0000
-276.1126 0.0000
-272.9228 0.0000
-275.6610 0.0000
-273.7723 0.0000
-275.4003 0.0000
-276.0778 0.0000
-277.4870 0.0000
-275.2590 0.0000
-274.9741 0.0000
-274.2236 0.0000
-274.3781 0.0000
-276.2486 0.0000
-274.8015 0.0000
-273.9248 0.0000
-275.9141 0.0000
-274.0299 0.0000
-275.7304 0.0000
-273.0976 0.0000
-274.4545 0.0000
-273.3625 0.0000
-277.5324 0.0000
-276.8739 0.0000
-272.5285 0.0000
-275.8791 0.0000
-274.8092 0.0000
-276.6868 0.0000
-273.9287 0.0000
-276.0547 0.0000
-272.4371 0.0000
-273.6782 0.0000
-275.4447 0.0000
-274.9134 0.0000
-274.7007 0.0000
-275.1450 0.0000
-272.1375 0.0000
-275.8270 0.0000
-274.7864 0.0000
-273.9814 0.0000
-275.2773 0.0000
-274.8596 0.0000
-273.8179 0.0000
-274.6624 0.0000
-274.8895 0.0000
-276.4915 0.0000
-276.0642 0.0000
-275.4560 0.0000
-276.6597 0.0000
-274.6101 0.0000
-274.8764 0.0000
-273.7710 0.0000
-274.6531 0.0000
-275.1047 0.0000
-275.2907 0.0000
-275.2313 0.0000
-273.7632 0.0000
-274.5039 0.0000
-277.2013 0.0000
-276.4139 0.0000
-274.5097 0.0000
-275.8050 0.0000
-275.5002 0.0000
-274.3248 0.0000
-275.1895 0.0000
-273.7642 0.0000
-275.8531 0.0000
-275.8137 0.0000
-273.4120 0.0000
-274.9860 0.0000
-274.8090 0.0000
-275.9998 0.0000
-272.5457 0.0000
-274.6655 0.0000
-272.9910 0.0000
-273.7690 0.0000
-274.4763 0.0000
-273.8747 0.0000
-251.1394 0.0000
-251.8715 0.0000
-251.1396 0.0000
-252.2148 0.0000
-252.5449 0.0000
-252.3173 0.0000
-253.0431 0.0000
-251.2325 0.0000
-251.9046 0.0000
-251.7050 0.0000
-251.9429 0.0000
-252.6191 0.0000
-251.6967 0.0000
-250.5885 0.0000
-252.2082 0.0000
-252.3914 0.0000
-252.7569 0.0000
-253.1722 0.0000
-253.4981 0.0000
-253.6348 0.0000
-252.7036 0.0000
-253.5595 0.0000
-252.9775 0.0000
-251.4082 0.0000
-252.7158 0.0000
-252.4896 0.0000
-252.7388 0.0000
-252.3178 0.0000
-253.6323 0.0000
-252.2487 0.0000
-253.1464 0.0000
-251.2341 0.0000
-252.2982 0.0000
-252.7778 0.0000
-251.4153 0.0000
-251.4240 0.0000
-251.8477 0.0000
-252.5477 0.0000
-253.0726 0.0000
-252.9462 0.0000
-252.2803 0.0000
-251.5877 0.0000
-252.9868 0.0000
-253.5751 0.0000
-252.9142 0.0000
-252.6982 0.0000
-252.6993 0.0000
-252.4285 0.0000
-253.6039 0.0000
-252.7284 0.0000
-252.2334 0.0000
-251.5320 0.0000
-251.9311 0.0000
-253.5600 0.0000
-251.5415 0.0000
-251.9281 0.0000
-250.2364 0.0000
-253.5723 0.0000
-253.4245 0.0000
-252.2131 0.0000
-252.3472 0.0000
-251.7491 0.0000
-251.4485 0.0000
-253.4570 0.0000
-251.9456 0.0000
-252.3173 0.0000
-252.6864 0.0000
-253.0935 0.0000
-251.2427 0.0000
-251.0910 0.0000
-251.0200 0.0000
-252.8475 0.0000
-251.5219 0.0000
-252.1607 0.0000
-253.4458 0.0000
-251.5047 0.0000
-253.4404 0.0000
-254.3842 0.0000
-253.3194 0.0000
-252.3508 0.0000
-252.1883 0.0000
-253.2696 0.0000
-252.3256 0.0000
-253.3796 0.0000
-251.4129 0.0000
-253.2317 0.0000
-252.2294 0.0000
-252.6264 0.0000
-251.9365 0.0000
-253.5476 0.0000
-252.8996 0.0000
-252.5466 0.0000
-252.9288 0.0000
-252.6983 0.0000
-252.2176 0.0000
-250.5696 0.0000
-251.8509 0.0000
-252.4028 0.0000
-251.8989 0.0000
-252.4291 0.0000
-251.6282 0.0000
-252.9315 0.0000
-252.2393 0.0000
-251.3196 0.0000
-252.2881 0.0000
-252.0421 0.0000
-252.6509 0.0000
-252.1179 0.0000
-250.7070 0.0000
-251.3336 0.0000
-251.8607 0.0000
-253.9271 0.0000
-252.3312 0.0000
-252.6366 0.0000
-252.7045 0.0000
-253.3042 0.0000
-253.5020 0.0000
-252.8872 0.0000
-250.8110 0.0000
-252.3049 0.0000
-252.6790 0.0000
-252.2004 0.0000
-251.0303 0.0000
-251.6101 0.0000
-252.0070 0.0000
-252.3703 0.0000
-252.0994 0.0000
-252.9126 0.0000
-251.2133 0.0000
-251.3236 0.0000
-253.2951 0.0000
-251.1462 0.0000
-251.4335 0.0000
-252.6372 0.0000
-251.2573 0.0000
-251.0391 0.0000
-252.8097 0.0000
-252.2479 0.0000
-252.4357 0.0000
-252.5790 0.0000
-252.1618 0.0000
-252.7083 0.0000
-251.5988 0.0000
-252.3656 0.0000
-252.1663 0.0000
-252.6109 0.0000
-252.9848 0.0000
-252.1934 0.0000
-251.4973 0.0000
-254.1280 0.0000
-253.4980 0.0000
-252.1786 0.0000
-252.2467 0.0000
-251.0212 0.0000
-251.9506 0.0000
-252.4974 0.0000
-252.1052 0.0000
-252.4006 0.0000
-252.0447 0.0000
-251.9275 0.0000
-252.5066 0.0000
-252.3175 0.0000
-253.2127 0.0000
-251.1754 0.0000
-253.0529 0.0000
-253.6448 0.0000
-251.4513 0.0000
-253.7266 0.0000
-252.1356 0.0000
-252.0119 0.0000
-252.3267 0.0000
-252.2898 0.0000
-251.1095 0.0000
-252.0367 0.0000
-252.0191 0.0000
-252.3606 0.0000
-251.5143 0.0000
-253.8622 0.0000
-253.1659 0.0000
-251.7801 0.0000
-251.7040 0.0000
-252.4527 0.0000
-252.7527 0.0000
-250.8589 0.0000
-252.0416 0.0000
-251.3092 0.0000
-250.7727 0.0000
-252.3067 0.0000
-252.3321 0.0000
-253.3380 0.0000
-251.7632 0.0000
-252.7473 0.0000
-253.0615 0.0000
-253.2110 0.0000
-252.4731 0.0000
-252.6730 0.0000
-251.8955 0.0000
-252.2826 0.0000
-252.7846 0.0000
-252.9583 0.0000
-251.3219 0.0000
-253.2510 0.0000
-251.8696 0.0000
-253.3470 0.0000
-254.0711 0.0000
-251.8933 0.0000
-253.1544 0.0000
-252.1871 0.0000
-252.4678 0.0000
-251.9656 0.0000
-252.9713 0.0000
-252.7287 0.0000
-251.8326 0.0000
-253.5928 0.0000
-251.5560 0.0000
-252.8322 0.0000
-251.9855 0.0000
-252.4180 0.0000
-252.7454 0.0000
-252.7973 0.0000
-252.5476 0.0000
-251.8587 0.0000
-252.5538 0.0000
-253.9124 0.0000
-251.8758 0.0000
-252.1164 0.0000
-252.6525 0.0000
-252.4323 0.0000
-253.1925 0.0000
-253.1311 0.0000
-251.3602 0.0000
-252.0868 0.0000
-251.9163 0.0000
-252.6388 0.0000
-253.2391 0.0000
-250.7306 0.0000
-252.2422 0.0000
-252.2517 0.0000
-252.6292 0.0000
-251.3721 0.0000
-252.6304 0.0000
-251.2911 0.0000
-251.9329 0.0000
-252.3270 0.0000
-253.0366 0.0000
-250.7216 0.0000
-253.1090 0.0000
-251.8633 0.0000
-252.0528 0.0000
-253.0616 0.0000
-252.4453 0.0000
-253.0864 0.0000
-251.3162 0.0000
-253.1148 0.0000
-251.6410 0.0000
-253.4649 0.0000
-251.1166 0.0000
-254.6984 0.0000
-253.1090 0.0000
-252.0010 0.0000
-253.5674 0.0000
-252.3218 0.0000
-251.4415 0.0000
-252.8033 0.0000
-251.9369 0.0000
-252.9377 0.0000
-253.2146 0.0000
-252.0577 0.0000
-251.4036 0.0000
-252.5983 0.0000
-252.5893 0.0000
-251.7257 0.0000
-251.6330 0.0000
-252.2117 0.0000
-253.2540 0.0000
-251.7963 0.0000
-252.2869 0.0000
-253.1807 0.0000
-251.4165 0.0000
-253.5138 0.0000
-253.6593 0.0000
-252.6051 0.0000
-252.7577 0.0000
-251.8720 0.0000
-252.6337 0.0000
-253.8486 0.0000
-252.4724 0.0000
-251.9997 0.0000
-251.3533 0.0000
-252.4038 0.0000
-252.1084 0.0000
-253.5197 0.0000
-251.7030 0.0000
-252.7953 0.0000
-253.2752 0.0000
-252.1034 0.0000
-253.2623 0.0000
-251.6116 0.0000
-252.0142 0.0000
-253.1515 0.0000
-252.2180 0.0000
-250.3635 0.0000
-253.6738 0.0000
-253.4021 0.0000
-251.7182 0.0000
-252.2415 0.0000
-252.8341 0.0000
-252.7141 0.0000
-252.2053 0.0000
-252.3435 0.0000
-253.3477 0.0000
-251.3209 0.0000
-252.7005 0.0000
-253.4284 0.0000
-253.2372 0.0000
-252.4047 0.0000
-252.4239 0.0000
-252.1394 0.0000
-252.3723 0.0000
-252.8588 0.0000
-252.8008 0.0000
-252.5904 0.0000
-252.2759 0.0000
-252.8327 0.0000
-251.8162 0.0000
-250.7762 0.0000
-252.6556 0.0000
-252.4855 0.0000
-253.0421 0.0000
-251.7157 0.0000
-252.8635 0.0000
-252.9105 0.0000
-252.0413 0.0000
-253.4788 0.0000
-250.0023 0.0000
-252.4121 0.0000
-252.9814 0.0000
-251.8027 0.0000
-252.6285 0.0000
-253.8103 0.0000
-251.4351 0.0000
-252.8980 0.0000
-251.6457 0.0000
-252.5043 0.0000
-253.6471 0.0000
-252.7341 0.0000
-252.0353 0.0000
-253.4648 0.0000
-253.0919 0.0000
-251.9074 0.0000
-251.9838 0.0000
-250.2765 0.0000
-252.2723 0.0000
-252.8854 0.0000
-252.6069 0.0000
-252.3897 0.0000
-253.1294 0.0000
-252.7212 0.0000
-252.9685 0.0000
-252.0812 0.0000
-251.3265 0.0000
-252.5851 0.0000
-252.1043 0.0000
-252.3426 0.0000
-252.1837 0.0000
-251.9425 0.0000
-251.8594 0.0000
-253.2671 0.0000
-251.9748 0.0000
-252.8111 0.0000
-253.0881 0.0000
-250.3616 0.0000
-252.0681 0.0000
-253.1462 0.0000
-253.1625 0.0000
-253.5558 0.0000
-251.4508 0.0000
-252.2558 0.0000
-251.8479 0.0000
-252.5949 0.0000
-252.8574 0.0000
-251.5536 0.0000
-252.9722 0.0000
-250.9943 0.0000
-252.1488 0.0000
-251.7236 0.0000
-251.8954 0.0000
-253.0663 0.0000
-252.5978 0.0000
-251.7764 0.0000
-250.8742 0.0000
-251.6985 0.0000
-251.3904 0.0000
-251.1322 0.0000
-251.5799 0.0000
-251.8767 0.0000
-252.3076 0.0000
-252.3670 0.0000
-252.6318 0.0000
-253.2577 0.0000
-253.9655 0.0000
-252.0914 0.0000
-252.2751 0.0000
-253.4906 0.0000
-252.3433 0.0000
-251.4143 0.0000
-252.6682 0.0000
-252.6376 0.0000
-253.3057 0.0000
-252.1799 0.0000
-252.3529 0.0000
-253.2109 0.0000
-252.2838 0.0000
-250.7696 0.0000
-252.1761 0.0000
-252.5068 0.0000
-252.7186 0.0000
-253.3096 0.0000
-251.5273 0.0000
-252.3887 0.0000
-252.5112 0.0000
-251.5961 0.0000
-251.0761 0.0000
-252.0127 0.0000
-252.2588 0.0000
-253.4966 0.0000
-251.3665 0.0000
-252.7834 0.0000
-252.2525 0.0000
-250.6029 0.0000
-251.6056 0.0000
-252.5894 0.0000
-252.4036 0.0000
-252.4236 0.0000
-252.4396 0.0000
-251.1372 0.0000
-253.8530 0.0000
-253.4730 0.0000
-250.9735 0.0000
-253.0018 0.0000
-254.1546 0.0000
-252.2268 0.0000
-251.7487 0.0000
-254.1223 0.0000
-252.0504 0.0000
-250.5525 0.0000
-252.0616 0.0000
-251.5483 0.0000
-253.2685 0.0000
-251.4771 0.0000
-252.0867 0.0000
-251.7819 0.0000
-252.2694 0.0000
-252.2130 0.0000
-251.2452 0.0000
-252.5285 0.0000
-253.6914 0.0000
-250.8150 0.0000
-252.2022 0.0000
-252.3469 0.0000
-253.0035 0.0000
-252.8898 0.0000
-252.6976 0.0000
-253.2029 0.0000
-253.5726 0.0000
-252.7909 0.0000
-251.5021 0.0000
-253.0405 0.0000
-252.2133 0.0000
-252.1987 0.0000
-253.2269 0.0000
-252.0934 0.0000
-252.1680 0.0000
-253.2466 0.0000
-252.8866 0.0000
-252.7824 0.0000
-251.8643 0.0000
-251.9751 0.0000
-251.8631 0.0000
-252.5907 0.0000
-253.9864 0.0000
-251.7369 0.0000
-252.8504 0.0000
-252.8445 0.0000
-251.5495 0.0000
-252.2005 0.0000
-252.8839 0.0000
-252.8406 0.0000
-251.6875 0.0000
-253.2207 0.0000
-252.8859 0.0000
-252.8006 0.0000
-252.3384 0.0000
-253.1309 0.0000
-252.0454 0.0000
-253.1980 0.0000
-252.6480 0.0000
-252.3022 0.0000
-252.7757 0.0000
-251.8084 0.0000
-250.8594 0.0000
-252.5967 0.0000
-253.2146 0.0000
-251.5792 0.0000
-252.0921 0.0000
-253.0021 0.0000
-251.0042 0.0000
-252.8888 0.0000
-252.5809 0.0000
-252.7652 0.0000
-251.9728 0.0000
-252.0281 0.0000
-253.3694 0.0000
-250.6850 0.0000
-251.5751 0.0000
-252.0317 0.0000
-251.8201 0.0000
-251.8501 0.0000
-251.9667 0.0000
-252.9614 0.0000
-251.3216 0.0000
-251.5510 0.0000
-253.4936 0.0000
-251.8977 0.0000
-252.6299 0.0000
-253.3577 0.0000
-252.4600 0.0000
-252.0154 0.0000
-251.1953 0.0000
-251.3812 0.0000
-252.3737 0.0000
-253.4616 0.0000
-252.0639 0.0000
-251.9679 0.0000
-251.6757 0.0000
-251.4556 0.0000
-253.2940 0.0000
-252.8491 0.0000
-253.4927 0.0000
-251.4676 0.0000
-252.0288 0.0000
-251.9798 0.0000
-250.2604 0.0000
-251.7739 0.0000
-250.8780 0.0000
-251.6797 0.0000
-253.5882 0.0000
-252.3380 0.0000
-251.5839 0.0000
-252.4570 0.0000
-253.1389 0.0000
-251.7991 0.0000
-251.5322 0.0000
-252.5489 0.0000
-252.5144 0.0000
-253.3085 0.0000
-251.8924 0.0000
-251.9622 0.0000
-251.8554 0.0000
-251.2870 0.0000
-252.3683 0.0000
-252.0297 0.0000
-252.9409 0.0000
-251.7256 0.0000
-252.8094 0.0000
-252.9700 0.0000
-250.4951 0.0000
-252.0713 0.0000
-251.3118 0.0000
-253.4732 0.0000
-251.4530 0.0000
-251.6839 0.0000
-251.5858 0.0000
-252.2927 0.0000
-252.4975 0.0000
-252.3734 0.0000
-252.2229 0.0000
-251.7658 0.0000
-253.9479 0.0000
-251.9457 0.0000
-252.3090 0.0000
-251.7371 0.0000
-251.8935 0.0000
-252.7005 0.0000
-252.7242 0.0000
-252.7381 0.0000
-252.4255 0.0000
-252.4182 0.0000
-252.6401 0.0000
-251.8240 0.0000
-252.0743 0.0000
-253.5136 0.0000
-250.4396 0.0000
-251.6915 0.0000
-253.2923 0.0000
-250.9526 0.0000
-253.4966 0.0000
-252.8051 0.0000
-251.6291 0.0000
-253.1045 0.0000
-252.6913 0.0000
-251.9517 0.0000
-251.7917 0.0000
-251.3222 0.0000
-251.8191 0.0000
-253.6758 0.0000
-252.7349 0.0000
-252.1280 0.0000
-252.2791 0.0000
-251.0521 0.0000
-252.3870 0.0000
-252.3021 0.0000
-252.5169 0.0000
-251.7182 0.0000
-253.0582 0.0000
-252.4839 0.0000
-252.8597 0.0000
-252.9013 0.0000
-252.2757 0.0000
-252.9906 0.0000
-252.1415 0.0000
-253.0076 0.0000
-251.0368 0.0000
-252.5335 0.0000
-251.7595 0.0000
-252.9453 0.0000
-253.3060 0.0000
-252.3720 0.0000
-253.4367 0.0000
-253.6762 0.0000
-251.6281 0.0000
-251.8314 0.0000
-252.1329 0.0000
-251.8324 0.0000
-253.2125 0.0000
-251.8882 0.0000
-252.0466 0.0000
-251.0613 0.0000
-251.8429 0.0000
-251.4886 0.0000
-252.7207 0.0000
-252.1359 0.0000
-253.2322 0.0000
-252.6681 0.0000
-253.6069 0.0000
-252.0601 0.0000
-253.1891 0.0000
-252.8453 0.0000
-251.0473 0.0000
-251.2864 0.0000
-252.1417 0.0000
-251.3768 0.0000
-251.7621 0.0000
-252.4130 0.0000
-252.8836 0.0000
-252.1936 0.0000
-252.5691 0.0000
-251.7034 0.0000
-252.9736 0.0000
-253.6948 0.0000
-251.7373 0.0000
-252.2381 0.0000
-253.7141 0.0000
-253.1501 0.0000
-252.5926 0.0000
-253.1748 0.0000
-253.2036 0.0000
-252.2297 0.0000
-252.1135 0.0000
-253.0265 0.0000
-254.5315 0.0000
-252.8408 0.0000
-252.1301 0.0000
-251.1002 0.0000
-253.1366 0.0000
-252.3307 0.0000
-251.2923 0.0000
-253.7647 0.0000
-252.3450 0.0000
-252.9119 0.0000
-252.2934 0.0000
-251.7884 0.0000
-252.6621 0.0000
-251.4358 0.0000
-252.8535 0.0000
-253.3619 0.0000
-252.3314 0.0000
-250.4488 0.0000
-252.9237 0.0000
-251.4475 0.0000
-253.7874 0.0000
-252.4000 0.0000
-251.9266 0.0000
-251.8451 0.0000
-252.1529 0.0000
-251.6602 0.0000
-253.7465 0.0000
-251.5607 0.0000
-251.6101 0.0000
-251.4369 0.0000
-251.6293 0.0000
-253.4095 0.0000
-250.7736 0.0000
-251.9638 0.0000
-252.6903 0.0000
-251.8319 0.0000
-250.6975 0.0000
-252.2777 0.0000
-251.8715 0.0000
-251.5409 0.0000
-250.9787 0.0000
-252.5107 0.0000
-253.1621 0.0000
-252.9959 0.0000
-251.2282 0.0000
-251.1401 0.0000
-252.2873 0.0000
-252.5313 0.0000
-252.1063 0.0000
-252.0342 0.0000
-251.2210 0.0000
-252.2894 0.0000
-251.8120 0.0000
-252.6820 0.0000
-252.6787 0.0000
-251.9243 0.0000
-252.4970 0.0000
-253.3155 0.0000
-252.4374 0.0000
-252.0329 0.0000
-252.4852 0.0000
-252.1200 0.0000
-252.4165 0.0000
-253.3350 0.0000
-252.1411 0.0000
-252.0423 0.0000
-251.9251 0.0000
-252.0462 0.0000
-251.0852 0.0000
-253.8270 0.0000
-251.5427 0.0000
-252.2121 0.0000
-252.7205 0.0000
-253.3760 0.0000
-253.5199 0.0000
-252.6773 0.0000
-252.6840 0.0000
-253.0136 0.0000
-253.0806 0.0000
-251.9097 0.0000
-253.0914 0.0000
-252.5828 0.0000
-252.4842 0.0000
-251.3874 0.0000
-252.1132 0.0000
-251.2227 0.0000
-251.5716 0.0000
-251.6280 0.0000
-252.6192 0.0000
-252.6732 0.0000
-250.9021 0.0000
-253.0438 0.0000
-252.2782 0.0000
-251.0891 0.0000
-251.1347 0.0000
-251.5824 0.0000
-252.5359 0.0000
-252.7975 0.0000
-253.2233 0.0000
-251.5646 0.0000
-253.1084 0.0000
-252.5711 0.0000
-252.6710 0.0000
-251.7297 0.0000
-252.5839 0.0000
-251.8339 0.0000
-252.3659 0.0000
-251.3765 0.0000
-252.6891 0.0000
-251.6664 0.0000
-251.5282 0.0000
-251.6509 0.0000
-252.4565 0.0000
-252.5152 0.0000
-252.0392 0.0000
-253.6353 0.0000
-253.1347 0.0000
-252.2384 0.0000
-252.7528 0.0000
-252.2859 0.0000
-251.2088 0.0000
-252.1264 0.0000
-252.6003 0.0000
-252.1676 0.0000
-252.5145 0.0000
-252.8154 0.0000
-253.2512 0.0000
-252.6005 0.0000
-251.8791 0.0000
