0.00
60.33
60.33
60.33
60.33
60.33
60.33
60.33
60.33
60.33
60.33
60.33
60.33
60.33
60.33
60.33
60.33
60.33
60.33
60.33
60.33
60.33
60.33
60.33
60.33
60.33
60.33
60.33
60.33
60.33
60.33
60.33
60.33
60.33
60.33
60.33
60.33
60.33
60.33
60.33
60.33
60.33
60.33
60.33
60.33
60.33
60.33
60.33
60.33
60.33
60.33
60.33
60.33
60.33
60.33
60.33
60.33
60.33
60.33
60.33
60.33
60.33
60.33
60.33
60.33
60.33
60.33
60.33
60.33
60.33
60.33
60.33
60.33
60.33
60.33
60.33
60.33
60.33
60.33
60.33
60.33
60.33
60.33
60.33
60.33
60.33
60.33
60.33
60.33
60.33
60.33
60.33
60.33
60.33
60.33
60.33
60.33
60.33
60.33
60.33
60.33
60.33
60.33
60.33
60.33
60.33
60.33
60.33
60.33
60.33
60.33
60.33
60.33
60.33
60.33
60.33
60.33
60.33
60.33
60.33
60.33
60.33
60.33
60.33
60.33
60.33
60.33
60.33
60.33
60.33
60.33
60.33
60.33
60.33
60.33
60.33
60.33
60.33
60.33
60.33
60.33
60.33
60.33
60.33
60.33
60.33
60.33
60.33
60.33
60.33
60.33
60.33
60.33
60.33
60.33
60.33
60.33
60.33
60.33
60.33
60.33
60.33
60.33
60.33
60.33
60.33
60.33
60.33
60.33
60.33
60.33
60.33
60.33
60.33
60.33
60.33
60.33
60.33
60.33
60.33
60.33
60.33
60.33
60.33
60.33
60.33
60.33
60.33
60.33
60.33
60.33
60.33
60.33
60.33
60.33
60.33
60.33
60.33
60.33
60.33
60.33
60.33
39.67
39.67
39.67
39.67
39.67
39.67
39.67
39.26
39.47
39.67
39.67
39.47
39.47
39.47
39.47
39.47
39.47
39.26
39.26
39.26
39.26
39.26
39.26
39.26
39.26
39.26
39.26
39.26
39.26
39.26
39.26
39.26
39.26
38.85
39.26
39.06
39.26
39.26
39.26
39.26
39.26
39.26
39.26
39.06
38.85
38.85
38.85
38.85
39.06
39.06
39.26
39.06
39.26
39.26
39.26
39.26
39.26
39.26
39.26
39.26
39.26
39.26
39.26
39.26
39.26
39.26
39.26
39.26
39.26
39.26
39.26
39.26
39.26
39.26
39.26
39.26
39.47
39.47
39.47
39.47
39.26
39.47
39.47
39.47
39.47
39.26
39.26
39.26
39.26
39.26
39.26
39.26
39.26
39.26
39.26
39.26
39.06
39.06
39.06
73.82
75.66
75.66
77.71
77.91
78.53
78.53
79.14
79.14
79.14
79.75
78.73
80.57
78.53
78.32
77.10
75.26
74.44
74.44
73.42
73.21
74.03
70.96
73.42
74.64
74.64
75.46
74.03
75.66
73.21
73.42
76.48
74.64
77.71
77.71
80.37
78.94
78.94
78.73
79.96
77.10
78.12
78.12
76.89
75.05
74.03
73.42
72.80
73.21
75.05
75.05
72.19
72.39
73.01
75.05
81.60
81.19
78.12
80.78
80.37
80.16
80.16
78.32
79.96
77.91
81.19
81.39
80.16
80.37
79.75
76.89
75.87
80.78
83.44
80.98
79.96
78.73
76.48
73.82
72.60
72.60
74.03
74.03
71.17
72.80
72.80
72.80
72.80
75.66
76.69
74.03
70.76
70.76
70.76
72.80
72.80
72.80
73.62
78.94
78.94
78.94
78.94
78.94
78.94
78.94
78.94
78.94
78.94
78.94
78.94
78.94
78.94
78.94
78.94
78.94
78.94
78.94
78.94
78.94
78.94
78.94
78.94
78.94
78.94
78.94
78.94
78.94
78.94
78.94
78.94
78.94
78.94
78.94
78.94
78.94
78.94
78.94
78.94
78.94
78.94
78.94
78.94
78.94
78.94
78.94
78.94
78.94
78.94
78.94
78.94
78.94
78.94
78.94
78.94
78.94
78.94
78.94
78.94
78.94
78.94
78.94
78.94
78.94
78.94
78.94
78.94
78.94
78.94
78.94
78.94
78.94
78.94
78.94
78.94
78.94
78.94
78.94
78.94
78.94
78.94
78.94
78.94
78.94
78.94
78.94
78.94
78.94
78.94
78.94
78.94
78.94
78.94
78.94
78.94
78.94
78.94
78.94
78.94
78.94
