0.00
60.33
60.33
60.33
60.33
60.33
60.33
60.33
60.33
60.33
60.33
60.33
60.33
60.33
60.33
60.33
60.33
60.33
60.33
60.33
60.33
60.33
60.33
60.33
60.33
60.33
60.33
60.33
60.33
60.33
60.33
60.33
60.33
60.33
60.33
60.33
60.33
60.33
60.33
60.33
60.33
60.33
60.33
60.33
60.33
60.33
60.33
60.33
60.33
60.33
60.33
60.33
60.33
60.33
60.33
60.33
60.33
60.33
60.33
60.33
60.33
60.33
60.33
60.33
60.33
60.33
60.33
60.33
60.33
60.33
60.33
60.33
60.33
60.33
60.33
60.33
60.33
60.33
60.33
60.33
60.33
60.33
60.33
60.33
60.33
60.33
60.33
60.33
60.33
60.33
60.33
60.33
60.33
60.33
60.33
60.33
60.33
60.33
60.33
60.33
60.33
39.67
39.67
39.67
39.67
39.67
39.67
39.67
39.67
39.67
39.67
39.67
39.67
39.47
39.67
39.67
39.67
39.67
39.67
39.67
39.67
39.47
39.47
39.47
39.47
39.47
39.47
39.26
39.26
39.26
38.85
39.26
39.26
39.26
39.26
38.85
39.26
39.26
39.26
39.26
39.26
39.26
39.26
39.26
39.67
39.47
39.67
39.26
39.67
39.67
39.67
39.47
39.67
39.67
39.67
39.67
39.67
39.67
39.67
39.67
39.67
39.67
39.67
39.67
39.67
39.67
39.67
39.67
39.67
39.67
39.67
39.67
39.67
39.67
39.67
39.67
39.67
39.67
39.67
39.67
39.67
39.67
39.67
39.67
39.67
39.67
39.67
39.67
39.67
39.67
39.67
39.67
39.67
39.67
39.67
39.67
39.67
39.67
39.67
39.67
39.67
77.91
78.32
76.69
75.46
75.05
74.03
72.60
71.17
67.48
68.92
69.73
71.17
70.35
69.73
69.73
69.12
71.57
75.26
72.39
69.33
70.35
70.14
69.53
70.76
70.14
70.76
71.78
73.42
75.66
77.51
77.71
78.73
73.62
71.57
69.53
70.96
68.92
70.55
69.94
71.98
71.98
67.69
65.64
65.64
65.64
63.60
65.85
64.42
66.87
67.48
67.48
67.28
69.12
71.78
71.78
73.01
73.01
72.39
69.94
70.35
70.35
70.76
68.71
68.71
70.35
71.98
74.44
74.23
75.87
75.87
75.66
76.48
81.60
81.60
83.64
82.82
82.41
82.82
85.48
85.48
83.84
83.23
83.44
82.82
82.21
83.84
84.05
83.23
83.23
83.23
83.23
83.23
80.16
79.75
79.75
76.48
76.07
74.23
72.39
74.03
74.03
74.03
74.03
74.03
74.03
74.03
74.03
74.03
74.03
74.03
74.03
74.03
74.03
74.03
74.03
74.03
74.03
74.03
74.03
74.03
74.03
74.03
74.03
74.03
74.03
74.03
74.03
74.03
74.03
74.03
74.03
74.03
74.03
74.03
74.03
74.03
74.03
74.03
74.03
74.03
74.03
74.03
74.03
74.03
74.03
74.03
74.03
74.03
74.03
74.03
74.03
74.03
74.03
74.03
74.03
74.03
74.03
74.03
74.03
74.03
74.03
74.03
74.03
74.03
74.03
74.03
74.03
74.03
74.03
74.03
74.03
74.03
74.03
74.03
74.03
74.03
74.03
74.03
74.03
74.03
74.03
74.03
74.03
74.03
74.03
74.03
74.03
74.03
74.03
74.03
74.03
74.03
74.03
74.03
74.03
74.03
74.03
74.03
74.03
74.03
74.03
74.03
74.03
74.03
74.03
74.03
74.03
74.03
74.03
74.03
74.03
74.03
74.03
74.03
74.03
74.03
74.03
74.03
74.03
74.03
74.03
74.03
74.03
74.03
74.03
74.03
74.03
74.03
74.03
74.03
74.03
74.03
74.03
74.03
74.03
74.03
74.03
74.03
74.03
74.03
74.03
74.03
74.03
74.03
74.03
74.03
74.03
74.03
74.03
74.03
74.03
74.03
74.03
74.03
74.03
74.03
74.03
74.03
74.03
74.03
74.03
74.03
74.03
74.03
74.03
74.03
74.03
74.03
74.03
74.03
74.03
74.03
74.03
74.03
74.03
74.03
74.03
74.03
74.03
74.03
74.03
74.03
74.03
74.03
74.03
74.03
74.03
74.03
74.03
74.03
74.03
74.03
74.03
74.03
74.03
74.03
74.03
74.03
74.03
