0.00
33.74
33.33
32.11
32.52
34.15
34.36
33.54
32.92
32.11
35.17
34.56
34.97
32.31
33.13
32.72
31.90
31.29
31.29
31.29
29.65
28.63
27.40
27.20
27.40
28.02
28.43
27.61
22.70
26.58
25.36
26.58
29.65
28.43
29.65
28.02
28.43
28.43
24.74
25.56
25.97
22.49
24.54
28.22
26.99
24.74
26.58
25.36
27.20
26.58
26.79
25.15
24.13
23.52
25.77
27.61
28.83
29.24
30.06
29.24
30.88
33.13
32.92
33.54
33.74
34.15
34.15
32.92
31.49
30.27
33.74
33.54
33.74
32.52
30.27
28.02
31.70
31.08
30.67
26.38
26.38
27.20
23.31
23.93
26.99
28.63
29.45
30.27
31.29
32.31
34.76
32.72
31.90
34.15
34.15
33.13
33.13
33.54
32.52
33.95
33.95
39.88
39.88
39.88
39.47
39.47
39.47
39.47
39.67
39.47
39.47
39.67
39.67
40.08
39.67
39.67
39.67
39.67
39.67
39.67
39.67
40.90
40.90
40.90
41.10
41.10
41.10
41.72
41.72
41.72
41.92
41.92
41.92
41.72
41.92
42.74
42.33
42.33
42.33
41.92
41.92
42.33
42.74
42.74
42.74
47.65
42.94
50.92
51.33
51.12
60.12
67.48
67.89
72.60
78.12
78.53
78.53
74.23
80.16
82.00
83.84
83.64
82.82
83.84
84.66
84.46
84.46
82.41
83.44
83.44
83.44
81.80
82.21
81.60
81.60
81.19
81.39
83.44
82.41
83.64
83.64
84.05
83.64
84.05
82.41
82.41
83.44
83.44
83.84
84.25
84.25
84.66
81.39
83.84
84.25
84.25
82.21
84.25
85.89
86.09
86.09
86.09
86.09
86.09
86.09
86.09
86.09
86.09
86.09
86.09
86.09
86.09
86.09
86.09
86.09
86.09
86.09
86.09
86.09
86.09
86.09
86.09
86.09
86.09
86.09
86.09
86.09
86.09
86.09
86.09
86.09
86.09
86.09
86.09
86.09
86.09
86.09
86.09
86.09
86.09
86.09
86.09
86.09
86.09
86.09
86.09
86.09
86.09
86.09
86.09
86.09
60.33
60.33
60.33
60.33
60.33
60.33
60.33
60.33
60.33
60.33
60.33
60.33
60.33
60.33
60.33
60.33
60.33
60.33
60.33
60.33
60.33
60.33
60.33
60.33
60.33
60.33
60.33
60.33
60.33
60.33
60.33
60.33
60.33
60.33
60.33
60.33
60.33
60.33
60.33
60.33
60.33
60.33
60.33
60.33
60.33
60.33
60.33
60.33
60.33
60.33
82.41
82.41
82.41
82.41
83.03
78.12
77.51
78.94
77.91
77.10
76.89
75.26
75.87
75.05
75.05
76.28
76.28
73.82
73.82
71.78
69.53
69.53
68.92
71.98
72.39
72.39
71.98
69.73
70.14
68.92
68.92
70.76
68.51
70.96
70.96
71.98
72.80
71.78
69.73
70.35
67.48
68.51
68.92
67.28
66.05
64.62
64.42
64.21
64.21
64.21
64.62
63.60
64.01
64.62
64.62
67.69
67.69
67.69
67.48
68.30
67.28
68.71
67.28
69.53
69.33
70.76
71.37
71.17
71.17
71.17
69.53
67.69
67.69
70.76
68.10
67.69
67.69
67.69
66.87
65.64
65.64
66.05
66.05
64.62
65.03
65.64
65.24
66.67
68.30
68.30
68.30
65.24
65.24
65.64
65.24
66.26
67.28
67.48
68.30
70.35
70.35
70.35
70.35
70.35
70.35
70.35
70.35
70.35
70.35
70.35
70.35
70.35
70.35
70.35
70.35
70.35
70.35
70.35
70.35
70.35
70.35
70.35
70.35
70.35
70.35
70.35
70.35
70.35
70.35
70.35
70.35
70.35
70.35
70.35
70.35
70.35
70.35
70.35
70.35
70.35
70.35
70.35
70.35
70.35
70.35
70.35
70.35
70.35
70.35
70.35
70.35
70.35
70.35
70.35
70.35
70.35
70.35
70.35
70.35
70.35
70.35
70.35
70.35
70.35
70.35
70.35
70.35
70.35
70.35
70.35
70.35
70.35
70.35
70.35
70.35
70.35
70.35
70.35
70.35
70.35
70.35
70.35
70.35
70.35
70.35
70.35
70.35
70.35
70.35
70.35
70.35
70.35
70.35
70.35
70.35
70.35
70.35
70.35
70.35
