0.00
60.33
60.33
60.33
60.33
60.33
60.33
60.33
60.33
60.33
60.33
60.33
60.33
60.33
60.33
60.33
60.33
60.33
60.33
60.33
60.33
60.33
60.33
60.33
60.33
60.33
60.33
60.33
60.33
60.33
60.33
60.33
60.33
60.33
60.33
60.33
60.33
60.33
60.33
60.33
60.33
60.33
60.33
60.33
60.33
60.33
60.33
60.33
60.33
60.33
60.33
60.33
60.33
60.33
60.33
60.33
60.33
60.33
60.33
60.33
60.33
60.33
60.33
60.33
60.33
60.33
60.33
60.33
60.33
60.33
60.33
60.33
60.33
60.33
60.33
60.33
60.33
60.33
60.33
60.33
60.33
60.33
60.33
60.33
60.33
60.33
60.33
60.33
60.33
60.33
60.33
60.33
60.33
60.33
60.33
60.33
60.33
60.33
60.33
60.33
60.33
60.33
60.33
60.53
60.33
60.33
60.53
60.33
60.33
60.33
60.33
60.33
60.33
60.33
60.33
60.33
60.33
60.33
60.33
60.33
60.33
60.33
60.33
60.33
60.33
60.33
60.33
60.33
60.33
60.33
60.33
60.33
60.33
60.33
60.33
60.33
60.33
60.33
60.33
60.33
60.33
60.33
60.33
60.33
60.33
60.33
60.33
60.33
60.33
60.33
60.33
60.33
60.33
60.33
60.33
60.33
60.33
60.33
60.33
60.33
60.33
60.33
60.33
60.33
60.33
60.33
60.33
60.33
60.33
60.33
60.33
60.33
60.33
60.33
60.33
60.33
60.33
60.33
60.33
60.33
60.33
60.33
60.33
60.33
60.33
60.33
60.33
60.33
60.33
60.33
60.74
60.74
60.74
60.33
60.33
60.33
60.33
60.33
60.33
60.33
60.33
60.33
60.33
60.33
60.33
60.33
60.33
60.33
60.33
60.33
60.33
60.33
60.33
60.33
60.33
60.33
60.33
60.33
60.33
60.33
60.33
60.33
60.33
60.33
60.33
60.33
60.33
60.33
60.33
60.33
60.33
60.33
60.33
60.33
60.33
60.33
60.33
60.33
60.33
60.33
60.33
60.33
60.33
60.33
60.33
60.33
60.33
60.33
60.33
60.33
60.33
39.67
39.67
39.67
39.67
39.67
39.67
39.67
39.67
39.67
39.67
39.67
39.67
39.67
39.67
39.67
39.67
39.67
39.67
39.67
39.67
39.67
39.67
39.67
39.67
39.67
39.67
39.67
39.67
39.67
39.67
39.67
39.67
39.67
39.67
39.67
39.67
39.67
39.67
39.67
39.67
39.67
39.67
39.67
39.67
39.67
39.67
39.67
39.67
39.67
39.67
60.53
60.94
61.35
61.35
61.55
61.35
61.35
61.55
61.55
61.55
61.55
61.35
61.76
61.35
61.35
61.35
61.35
61.35
61.55
61.35
61.35
61.15
61.15
61.35
61.35
61.35
61.55
61.15
61.35
61.55
61.55
61.96
61.96
61.96
61.76
62.17
62.17
62.17
62.17
61.96
61.35
61.76
61.35
61.35
60.74
60.74
60.53
60.53
60.53
60.53
60.53
60.33
60.33
60.33
60.33
60.33
60.33
60.33
60.33
60.33
60.33
60.33
60.33
60.33
60.33
60.33
60.33
60.33
60.33
60.33
60.33
60.33
60.33
60.33
60.33
60.33
60.33
60.33
60.33
60.33
60.33
60.33
60.33
60.33
60.33
60.33
60.33
60.53
60.53
60.74
60.74
60.33
60.53
60.53
60.53
60.53
61.15
60.94
61.15
62.17
62.17
62.17
62.17
62.17
62.17
62.17
62.17
62.17
62.17
62.17
62.17
62.17
62.17
62.17
62.17
62.17
62.17
62.17
62.17
62.17
62.17
62.17
62.17
62.17
62.17
62.17
62.17
62.17
62.17
62.17
62.17
62.17
62.17
62.17
62.17
62.17
62.17
62.17
62.17
62.17
62.17
62.17
62.17
62.17
62.17
62.17
62.17
62.17
62.17
62.17
62.17
62.17
62.17
62.17
62.17
62.17
62.17
62.17
62.17
62.17
62.17
62.17
62.17
62.17
62.17
62.17
62.17
62.17
62.17
62.17
62.17
62.17
62.17
62.17
62.17
62.17
62.17
62.17
62.17
62.17
62.17
62.17
62.17
62.17
62.17
62.17
62.17
62.17
62.17
62.17
62.17
62.17
62.17
62.17
62.17
62.17
62.17
62.17
62.17
