0.00
60.33
60.33
60.33
60.33
60.33
60.33
60.33
60.33
60.33
60.33
60.33
60.33
60.33
60.33
60.33
60.33
60.33
60.33
60.33
60.33
60.33
60.33
60.33
60.33
60.33
60.33
60.33
60.33
60.33
60.33
60.33
60.33
60.33
60.33
60.33
60.33
60.33
60.33
60.33
60.33
60.33
60.33
60.33
60.33
60.33
60.33
60.33
60.33
60.33
60.33
60.33
60.33
60.33
60.33
60.33
60.33
60.33
60.33
60.33
60.33
60.33
60.33
60.33
60.33
60.33
60.33
60.33
60.33
60.33
60.33
60.33
60.33
60.33
60.33
60.33
60.33
60.33
60.33
60.33
60.33
60.33
60.33
60.33
60.33
60.33
60.33
60.33
60.33
60.33
60.33
60.33
60.33
60.33
60.33
60.33
60.33
60.33
60.33
60.33
60.33
60.33
60.33
60.33
60.33
60.33
60.33
60.33
60.33
60.33
60.33
60.33
60.33
60.33
60.33
60.33
60.33
60.33
60.33
60.33
60.33
60.33
60.33
60.33
60.33
60.33
60.33
60.33
60.33
60.33
60.33
60.33
60.33
60.33
60.33
60.33
60.33
60.33
60.33
60.33
60.33
60.33
60.33
60.33
60.33
60.33
60.33
60.33
60.33
60.33
60.33
60.33
60.33
60.33
60.33
60.33
60.33
60.33
60.33
60.33
60.33
60.33
60.33
60.33
60.33
60.33
60.33
60.33
60.33
60.33
60.33
60.33
60.33
60.33
60.33
60.33
60.33
60.33
60.33
60.33
60.33
60.33
60.33
60.33
60.33
60.33
60.33
60.33
60.33
60.33
60.33
60.33
60.33
60.33
60.33
60.33
60.33
60.33
60.33
60.33
60.33
60.33
60.33
60.33
60.33
60.33
60.33
60.33
60.33
60.33
60.33
60.33
60.33
60.33
60.33
60.33
60.33
60.33
60.33
60.33
60.33
60.33
60.33
60.33
60.33
60.33
60.33
60.33
60.33
60.33
60.33
60.33
60.33
60.33
60.33
60.33
60.33
60.33
60.33
60.33
60.33
60.33
60.33
60.33
60.33
60.33
60.33
60.33
60.33
60.33
60.33
60.33
60.33
60.33
60.33
60.33
60.33
60.33
60.33
60.33
60.33
60.33
60.33
60.33
60.33
60.33
60.33
60.33
60.33
60.33
60.33
60.33
60.33
60.33
60.53
60.74
60.94
61.35
61.35
61.35
62.58
62.17
61.76
61.35
61.55
61.35
61.35
61.35
61.35
61.55
61.55
61.55
61.55
61.76
61.55
61.35
61.35
61.35
61.15
60.94
61.35
61.35
61.35
61.35
61.35
61.35
61.35
61.35
61.35
61.35
61.35
61.35
61.35
61.35
61.35
61.35
61.35
61.35
61.35
61.35
61.35
61.35
61.35
61.35
61.35
61.35
61.35
61.35
61.35
61.35
61.35
61.35
61.35
61.35
61.35
61.35
61.35
61.35
61.35
61.35
61.35
61.35
61.35
61.35
61.35
61.35
61.35
61.35
61.35
61.35
61.35
61.35
61.35
61.35
61.35
61.35
61.35
61.35
61.35
61.35
61.35
61.35
61.35
61.35
61.35
61.35
61.35
61.35
61.35
61.35
61.35
61.35
61.35
61.35
61.35
61.35
61.35
61.35
61.35
61.35
61.35
61.35
61.35
61.35
61.35
61.35
61.35
61.35
61.35
61.35
61.35
61.35
61.35
61.35
61.35
61.35
61.35
61.35
61.35
61.35
61.35
61.35
61.35
61.35
61.35
61.35
61.35
61.35
61.35
61.35
61.35
61.35
61.35
61.35
61.35
61.35
61.35
61.35
61.35
61.35
61.35
61.35
61.35
61.35
61.35
61.35
61.35
61.35
61.35
61.35
61.35
61.35
61.35
61.35
61.35
61.35
61.35
61.35
61.35
61.35
61.35
61.35
61.35
61.35
61.35
61.35
61.35
61.35
61.35
61.35
61.35
61.35
61.35
61.35
61.35
61.35
61.35
61.35
61.35
61.35
61.35
61.35
61.35
61.35
61.35
61.35
61.35
61.35
61.35
61.35
61.35
61.35
61.35
61.35
61.35
61.35
61.35
61.35
61.35
61.35
61.35
61.35
61.35
61.35
61.35
61.35
61.35
61.35
61.35
61.35
61.35
61.35
61.35
61.35
61.35
61.35
61.35
61.35
61.35
61.35
