0.00
39.67
39.67
39.67
39.67
39.67
39.67
39.67
39.67
39.67
39.67
39.67
39.67
39.67
39.67
39.67
39.67
39.67
39.67
39.67
39.67
39.88
39.47
39.67
39.67
39.67
39.67
39.26
39.47
39.47
39.26
39.26
39.26
39.26
39.26
39.26
39.26
39.47
39.47
39.47
39.47
39.47
39.47
39.47
39.47
39.47
39.47
39.47
39.47
39.47
39.47
39.47
39.26
39.47
39.26
39.26
39.47
39.47
39.47
39.26
39.26
39.26
39.26
39.06
39.06
39.06
39.47
39.47
39.47
39.67
39.67
39.67
39.67
39.67
39.26
39.26
39.26
39.26
39.67
39.47
39.47
39.47
39.47
39.47
39.67
39.67
39.67
39.67
39.67
39.67
39.67
39.47
39.47
39.47
39.47
39.47
39.47
39.88
39.47
39.67
39.88
60.33
60.33
60.33
60.33
60.33
60.33
60.33
60.33
60.33
60.33
60.33
60.33
60.33
60.33
60.33
60.33
60.33
60.33
60.33
60.33
60.33
60.33
60.33
60.33
60.33
60.33
60.33
60.33
60.33
60.33
60.33
60.33
60.33
60.33
60.33
60.33
60.33
60.33
60.33
60.33
60.33
60.33
60.33
60.33
60.33
60.33
60.33
60.33
60.33
60.33
60.33
60.33
60.33
60.33
60.33
60.33
60.33
60.33
60.33
60.33
60.33
60.33
60.33
60.33
60.33
60.33
60.33
60.33
60.33
60.33
60.33
60.33
60.33
60.33
60.33
60.33
60.33
60.33
60.33
60.33
60.33
60.33
60.33
60.33
60.33
60.33
60.33
60.33
60.33
60.33
60.33
60.33
60.33
60.33
60.33
60.33
60.33
60.33
60.33
60.33
61.35
61.55
60.94
60.94
60.74
60.74
61.55
60.53
60.33
60.33
60.33
61.76
61.96
60.94
61.15
62.17
62.37
62.58
62.17
62.58
62.58
62.37
63.39
63.39
64.83
65.03
65.03
66.05
67.69
69.12
68.10
68.92
68.30
66.26
64.83
64.62
64.62
66.05
66.87
68.30
68.92
68.10
67.48
67.48
66.67
66.05
67.69
68.92
70.96
70.14
69.12
68.92
70.76
73.01
73.01
73.42
73.62
72.19
70.35
69.33
71.57
71.57
70.55
70.55
70.55
70.14
73.62
73.62
73.62
73.62
73.62
74.85
77.10
77.71
83.03
83.44
83.44
83.23
84.05
84.05
83.84
84.25
83.64
83.64
83.64
83.44
83.84
83.84
84.05
84.25
84.46
86.09
84.66
85.48
85.48
84.46
85.07
83.84
81.39
83.64
83.64
83.64
83.64
83.64
83.64
83.64
83.64
83.64
83.64
83.64
83.64
83.64
83.64
83.64
83.64
83.64
83.64
83.64
83.64
83.64
83.64
83.64
83.64
83.64
83.64
83.64
83.64
83.64
83.64
83.64
83.64
83.64
83.64
83.64
83.64
83.64
83.64
83.64
83.64
83.64
83.64
83.64
83.64
83.64
83.64
83.64
83.64
83.64
83.64
83.64
83.64
83.64
83.64
83.64
83.64
83.64
83.64
83.64
83.64
83.64
83.64
83.64
83.64
83.64
83.64
83.64
83.64
83.64
83.64
83.64
83.64
83.64
83.64
83.64
83.64
83.64
83.64
83.64
83.64
83.64
83.64
83.64
83.64
83.64
83.64
83.64
83.64
83.64
83.64
83.64
83.64
83.64
83.64
83.64
83.64
83.64
83.64
83.64
83.64
83.64
62.17
62.17
62.17
62.17
62.17
61.55
62.17
62.17
62.37
62.17
61.76
61.76
61.76
62.17
61.35
62.17
62.17
63.60
62.99
62.99
62.99
62.99
62.99
62.58
62.17
63.80
64.42
63.19
63.19
64.21
64.21
64.21
64.21
65.03
65.44
66.67
66.87
66.87
67.69
67.69
67.28
67.28
67.08
67.28
68.30
67.28
65.03
65.03
66.26
66.26
65.44
65.24
65.03
64.62
64.62
64.62
64.42
64.21
64.62
64.83
64.83
64.83
64.83
64.83
63.80
63.80
63.80
64.21
64.62
64.62
63.60
64.21
64.21
64.21
64.62
65.24
66.26
67.48
67.48
66.87
66.87
67.48
67.48
67.89
67.48
67.89
68.92
68.71
68.51
68.51
68.71
68.51
68.51
67.69
68.51
68.51
68.71
69.12
69.94
