0.00
39.67
39.67
39.67
39.67
39.67
39.67
39.67
39.67
39.67
39.67
39.67
39.67
39.67
39.67
39.67
39.67
39.67
39.67
39.67
39.67
39.67
39.67
39.67
39.67
39.67
39.67
39.67
39.67
39.67
39.67
39.67
39.67
39.67
39.67
39.67
39.67
39.67
39.67
39.67
39.67
39.67
39.67
39.67
39.67
39.67
39.67
39.67
39.67
39.67
39.67
39.67
39.67
39.67
39.67
39.67
39.67
39.67
39.67
39.67
39.67
39.67
39.67
39.67
39.67
39.67
39.67
39.67
39.67
39.67
39.67
39.67
39.67
39.67
39.67
39.67
39.67
39.67
39.67
39.67
39.67
39.67
39.67
39.67
39.67
39.67
39.67
39.67
39.67
39.67
39.67
39.67
39.67
39.67
39.67
39.67
39.67
39.67
39.67
39.67
39.67
82.82
82.82
83.44
82.00
83.64
84.05
83.84
83.84
84.05
80.98
77.71
77.71
77.51
78.53
78.73
78.73
78.73
78.12
78.12
79.35
75.87
75.66
75.66
74.23
75.66
74.44
74.44
75.26
76.07
74.23
72.60
74.03
71.78
72.39
71.57
74.64
75.46
75.46
76.48
76.48
76.48
76.69
76.69
76.69
74.85
74.85
74.85
76.89
76.89
75.05
72.19
70.35
70.35
67.69
67.69
69.53
71.57
70.55
72.60
70.14
69.33
69.33
69.33
68.92
68.92
67.89
67.89
67.69
67.48
67.48
67.48
65.64
66.26
65.85
68.71
70.14
68.30
68.30
67.69
71.78
71.57
71.98
70.35
70.35
70.55
71.37
70.96
71.17
69.53
71.57
71.98
77.30
76.69
76.28
78.12
77.30
75.66
76.07
77.51
77.10
77.10
77.10
77.10
77.10
77.10
77.10
77.10
77.10
77.10
77.10
77.10
77.10
77.10
77.10
77.10
77.10
77.10
77.10
77.10
77.10
77.10
77.10
77.10
77.10
77.10
77.10
77.10
77.10
77.10
77.10
77.10
77.10
77.10
77.10
77.10
77.10
77.10
77.10
77.10
77.10
77.10
77.10
77.10
77.10
77.10
77.10
77.10
77.10
77.10
77.10
39.67
39.67
39.67
39.67
39.67
39.67
39.67
39.67
39.67
39.67
39.67
39.67
39.67
39.67
39.67
39.67
39.67
39.67
39.67
39.67
39.67
39.67
39.67
39.67
39.67
39.67
39.67
39.67
39.67
39.67
39.67
39.67
39.67
39.67
39.67
39.67
39.67
39.67
39.67
39.67
39.67
39.67
39.67
39.67
39.67
39.67
39.67
39.88
39.88
39.88
30.27
30.27
30.27
30.27
31.90
30.88
32.52
32.52
29.04
29.45
31.08
29.24
30.27
25.97
25.77
25.77
26.18
25.15
21.88
20.86
21.27
21.27
19.02
22.29
25.36
30.06
30.27
25.77
28.83
25.97
25.97
28.83
26.99
31.08
31.08
31.08
30.88
27.61
25.56
27.40
22.29
24.13
21.06
21.06
18.20
18.40
19.02
20.45
20.25
19.43
18.40
21.27
20.04
20.04
20.04
20.04
22.29
27.20
25.15
27.20
25.36
27.20
27.20
25.56
27.61
23.11
22.70
24.74
24.74
25.15
31.08
35.58
27.40
27.40
37.22
38.45
45.40
45.40
47.85
48.06
47.85
45.60
34.15
44.79
46.22
39.26
47.85
48.47
45.40
46.01
48.06
53.78
48.88
48.88
48.88
48.88
44.99
44.79
35.17
30.47
92.02
92.64
92.64
92.64
92.64
92.64
92.64
91.41
91.41
91.41
91.21
91.00
89.78
90.80
90.80
90.39
91.00
90.39
89.98
89.98
90.59
89.57
89.57
89.57
89.57
90.39
90.39
89.78
89.78
90.39
89.57
89.57
90.18
89.98
89.98
90.59
90.18
89.98
89.98
89.98
89.78
90.80
90.80
91.21
91.21
89.98
89.37
89.37
89.37
89.78
89.16
89.16
89.16
89.16
89.16
89.16
88.14
88.34
89.16
89.16
88.96
88.55
88.96
89.16
89.16
89.16
89.16
89.16
89.37
89.37
89.37
90.39
90.39
89.98
90.18
90.80
90.80
90.80
90.39
89.98
89.78
89.78
89.78
90.80
90.39
91.00
91.41
91.21
91.62
91.21
91.62
91.62
91.62
91.62
92.23
92.64
92.64
92.64
92.64
