0.00
39.67
39.67
39.67
39.67
39.67
39.67
39.67
39.67
39.67
39.67
39.67
39.67
39.67
39.67
39.67
39.67
39.67
39.67
39.67
39.67
39.67
39.67
39.67
39.67
39.67
39.67
39.67
39.67
39.67
39.67
39.67
39.67
39.67
39.67
39.67
39.67
39.67
39.67
39.67
39.67
39.67
39.67
39.67
39.67
39.67
39.67
39.67
39.67
39.67
39.67
39.67
39.67
39.67
39.67
39.67
39.67
39.67
39.67
39.67
39.67
39.67
39.67
39.67
39.67
39.67
39.67
39.67
39.67
39.67
39.67
39.67
39.67
39.67
39.67
39.67
39.67
39.67
39.67
39.67
39.67
39.67
39.67
39.67
39.67
39.67
39.67
39.67
39.67
39.67
39.67
39.67
39.67
39.67
39.67
39.67
39.67
39.67
39.67
39.67
39.67
34.36
34.97
35.17
34.56
35.17
36.40
36.40
34.76
35.38
33.95
30.88
31.70
30.06
30.06
30.27
29.45
30.67
30.88
33.13
32.52
26.79
26.79
26.38
26.79
26.18
25.97
26.58
28.02
27.81
28.43
27.20
27.20
25.97
27.40
26.38
26.79
26.99
26.99
26.79
27.40
27.61
27.61
26.79
26.99
27.61
25.97
26.58
25.77
25.77
25.15
25.15
25.56
24.95
28.22
28.83
24.34
24.95
24.34
23.11
25.56
25.56
23.31
21.88
22.49
21.47
23.93
22.09
21.27
21.88
21.88
21.27
22.90
22.90
25.15
23.11
23.31
22.90
22.70
24.95
23.11
23.31
22.29
23.52
21.68
21.47
21.27
20.65
20.65
21.68
21.47
21.47
21.47
21.47
21.68
23.72
23.31
21.88
23.52
24.34
24.34
85.89
85.69
85.69
85.69
86.09
86.30
86.09
86.71
86.30
87.12
86.91
87.32
87.32
87.53
87.53
87.32
87.53
87.12
87.93
88.75
88.34
88.34
88.75
88.14
88.14
88.14
88.34
88.34
88.34
88.34
88.55
88.55
89.16
89.16
89.37
89.57
89.57
89.78
89.37
89.98
90.39
90.39
89.98
89.98
89.98
89.98
90.18
90.39
91.00
91.00
91.00
89.78
90.39
90.39
90.59
90.18
90.59
90.39
91.21
89.98
90.59
91.21
91.41
91.00
91.00
91.41
91.41
92.02
92.23
92.23
92.02
92.02
92.02
92.02
92.02
91.82
92.43
92.43
92.43
92.43
91.82
91.82
92.23
92.64
92.64
92.64
92.64
92.84
93.25
93.25
93.25
93.46
93.25
93.25
93.25
93.05
93.05
93.05
93.25
93.25
93.25
93.25
93.25
93.25
93.25
93.25
93.25
93.25
93.25
93.25
93.25
93.25
93.25
93.25
93.25
93.25
93.25
93.25
93.25
93.25
93.25
93.25
93.25
93.25
93.25
93.25
93.25
93.25
93.25
93.25
93.25
93.25
93.25
93.25
93.25
93.25
93.25
93.25
93.25
93.25
93.25
93.25
93.25
93.25
93.25
93.25
93.25
93.25
93.25
93.25
93.25
93.25
93.25
93.25
93.25
93.25
93.25
93.25
93.25
93.25
93.25
93.25
93.25
93.25
93.25
93.25
93.25
93.25
93.25
93.25
93.25
93.25
93.25
93.25
93.25
93.25
93.25
93.25
93.25
93.25
93.25
93.25
93.25
93.25
93.25
93.25
93.25
93.25
93.25
93.25
93.25
93.25
93.25
93.25
93.25
93.25
93.25
93.25
93.25
93.25
93.25
93.25
93.25
93.25
93.25
93.25
93.25
93.25
93.25
93.25
93.25
93.25
93.25
93.25
93.25
93.25
93.25
93.25
93.25
93.25
93.25
93.25
93.25
93.25
93.25
93.25
93.25
93.25
93.25
93.25
93.25
93.25
93.25
93.25
93.25
93.25
93.25
93.25
93.25
93.25
93.25
93.25
93.25
93.25
93.25
93.25
93.25
93.25
93.25
93.25
93.25
93.25
93.25
93.25
93.25
93.25
93.25
93.25
93.25
93.25
93.25
93.25
93.25
93.25
93.25
93.25
93.25
93.25
93.25
93.25
93.25
93.25
93.25
93.25
93.25
93.25
93.25
93.25
93.25
93.25
93.25
93.25
93.25
93.25
93.25
93.25
93.25
93.25
93.25
93.25
93.25
93.25
93.25
93.25
93.25
93.25
93.25
93.25
93.25
