0.00
83.84
82.82
82.00
83.23
83.23
84.25
82.62
80.57
80.16
80.16
79.96
79.96
79.35
79.14
78.53
78.73
77.91
78.32
79.35
78.53
76.89
76.89
76.69
77.10
77.10
78.12
77.30
73.62
76.07
76.07
76.89
76.89
77.71
79.14
76.07
76.69
76.69
74.23
74.23
75.46
70.96
71.57
75.87
75.26
76.48
76.69
76.07
77.51
76.48
76.48
76.28
75.05
71.78
71.78
74.85
74.85
74.85
76.28
74.03
75.87
78.12
77.71
78.32
78.73
79.96
81.80
80.37
80.37
80.16
80.16
80.16
80.57
80.57
79.35
78.53
79.75
79.14
82.00
79.14
78.94
79.55
78.32
80.37
80.37
83.44
84.46
83.84
84.66
85.69
85.69
83.44
83.03
83.03
82.82
83.03
82.00
82.62
82.62
82.62
81.19
81.19
81.19
81.19
81.19
81.19
81.19
81.19
81.19
81.19
81.19
81.19
81.19
81.19
81.19
81.19
81.19
81.19
81.19
81.19
81.19
81.19
81.19
81.19
81.19
81.19
81.19
81.19
81.19
81.19
81.19
81.19
81.19
81.19
81.19
81.19
81.19
81.19
81.19
81.19
81.19
81.19
81.19
81.19
81.19
81.19
81.19
81.19
81.19
81.19
81.19
81.19
81.19
81.19
81.19
81.19
81.19
81.19
81.19
81.19
81.19
81.19
81.19
81.19
81.19
81.19
81.19
81.19
81.19
81.19
81.19
81.19
81.19
81.19
81.19
81.19
81.19
81.19
81.19
81.19
81.19
81.19
81.19
81.19
81.19
81.19
81.19
81.19
81.19
81.19
81.19
81.19
81.19
81.19
81.19
81.19
81.19
81.19
81.19
81.19
81.19
81.19
81.19
81.19
81.19
81.19
81.19
81.19
81.19
81.19
81.19
81.19
81.19
81.19
81.19
81.19
81.19
81.19
81.19
81.19
81.19
81.19
81.19
81.19
81.19
81.19
81.19
81.19
81.19
81.19
81.19
81.19
81.19
81.19
81.19
81.19
81.19
81.19
81.19
81.19
81.19
81.19
81.19
81.19
81.19
81.19
81.19
81.19
81.19
81.19
81.19
25.15
25.36
25.36
28.83
33.33
33.33
32.72
30.47
28.22
30.06
31.49
29.65
26.38
26.38
27.40
30.47
34.76
35.17
35.99
36.61
37.01
36.40
37.83
38.24
38.04
38.04
38.04
37.22
38.04
38.85
38.85
38.24
38.04
37.63
37.22
37.22
37.83
37.42
36.61
36.81
37.01
37.42
37.22
36.61
36.20
35.79
34.97
30.67
31.08
32.72
93.05
93.05
93.05
93.05
93.05
93.05
93.05
93.05
93.05
92.84
93.25
92.84
92.84
92.84
92.84
93.05
93.05
93.25
93.05
93.05
93.05
93.05
92.64
93.05
93.05
93.05
93.87
93.46
93.46
91.21
93.05
93.66
93.46
93.87
93.87
93.87
93.87
92.84
93.87
93.87
93.87
93.87
93.87
93.87
93.87
93.87
93.87
93.05
92.84
92.84
92.84
92.43
92.43
92.64
92.64
92.64
91.21
92.23
92.23
92.23
91.62
91.62
91.21
91.62
92.43
93.05
93.66
93.25
93.25
93.25
91.21
92.02
93.05
93.66
92.23
92.02
92.23
91.21
91.21
90.59
90.59
90.59
90.59
89.98
89.98
90.59
90.59
91.00
91.21
91.41
91.21
90.39
90.59
89.98
89.98
89.98
90.59
90.59
90.80
92.02
92.02
92.02
92.02
92.02
92.02
92.02
92.02
92.02
92.02
92.02
92.02
92.02
92.02
92.02
92.02
92.02
92.02
92.02
92.02
92.02
92.02
92.02
92.02
92.02
92.02
92.02
92.02
92.02
92.02
92.02
92.02
92.02
92.02
92.02
92.02
92.02
92.02
92.02
92.02
92.02
92.02
92.02
92.02
92.02
92.02
92.02
92.02
92.02
92.02
92.02
92.02
92.02
92.02
92.02
92.02
92.02
92.02
92.02
92.02
92.02
92.02
92.02
92.02
92.02
92.02
92.02
92.02
92.02
92.02
92.02
92.02
92.02
92.02
92.02
92.02
92.02
92.02
92.02
92.02
92.02
92.02
92.02
92.02
92.02
92.02
92.02
92.02
92.02
92.02
92.02
92.02
92.02
92.02
92.02
92.02
92.02
92.02
92.02
92.02
