0.00
0.78
0.78
0.78
0.78
0.78
0.78
0.78
0.78
0.78
0.78
0.78
0.78
0.78
0.78
0.78
0.78
0.78
0.78
0.78
0.78
0.78
0.78
0.78
0.78
0.78
0.78
0.78
0.78
0.78
0.78
0.78
0.78
0.78
0.78
0.78
0.78
0.78
0.78
0.78
0.78
0.78
0.78
0.78
0.78
0.78
0.78
0.78
0.78
0.78
0.78
0.78
0.78
0.78
0.78
0.78
0.78
0.78
0.78
0.78
0.78
0.78
0.78
0.78
0.78
0.78
0.78
0.78
0.78
0.78
0.78
0.78
0.78
0.78
0.78
0.78
0.78
0.78
0.78
0.78
0.78
0.78
0.78
0.78
0.78
0.78
0.78
0.78
0.78
0.78
0.78
0.78
0.78
0.78
0.78
0.78
0.78
0.78
0.78
0.78
0.78
0.63
0.63
0.63
0.63
0.63
0.63
0.63
0.63
0.63
0.63
0.63
0.63
0.63
0.63
0.63
0.63
0.63
0.63
0.63
0.63
0.63
0.63
0.63
0.63
0.63
0.63
0.63
0.63
0.63
0.63
0.63
0.63
0.63
0.63
0.63
0.63
0.63
0.63
0.63
0.63
0.63
0.63
0.63
0.63
0.63
0.63
0.63
0.63
0.63
0.63
0.63
0.63
0.63
0.63
0.63
0.63
0.63
0.63
0.63
0.63
0.63
0.63
0.63
0.63
0.63
0.63
0.63
0.63
0.63
0.63
0.63
0.63
0.63
0.63
0.63
0.63
0.63
0.63
0.63
0.63
0.63
0.63
0.63
0.63
0.63
0.63
0.63
0.63
0.63
0.63
0.63
0.63
0.63
0.63
0.63
0.63
0.63
0.63
0.63
0.63
0.62
0.62
0.62
0.62
0.63
0.63
0.62
0.63
0.63
0.63
0.63
0.62
0.62
0.62
0.62
0.62
0.61
0.61
0.62
0.61
0.61
0.61
0.61
0.61
0.59
0.59
0.59
0.58
0.57
0.56
0.56
0.56
0.56
0.58
0.59
0.59
0.59
0.58
0.58
0.56
0.56
0.56
0.57
0.57
0.58
0.58
0.57
0.56
0.54
0.55
0.56
0.56
0.54
0.52
0.52
0.52
0.51
0.53
0.54
0.55
0.53
0.53
0.54
0.54
0.54
0.55
0.51
0.51
0.51
0.51
0.51
0.50
0.48
0.47
0.41
0.41
0.41
0.41
0.40
0.40
0.40
0.40
0.40
0.40
0.40
0.41
0.40
0.40
0.40
0.40
0.39
0.37
0.39
0.38
0.38
0.39
0.39
0.40
0.43
0.40
0.40
0.40
0.40
0.40
0.40
0.40
0.40
0.40
0.40
0.40
0.40
0.40
0.40
0.40
0.40
0.40
0.40
0.40
0.40
0.40
0.40
0.40
0.40
0.40
0.40
0.40
0.40
0.40
0.40
0.40
0.40
0.40
0.40
0.40
0.40
0.40
0.40
0.40
0.40
0.40
0.40
0.40
0.40
0.40
0.40
0.40
0.40
0.40
0.40
0.40
0.40
0.40
0.40
0.40
0.40
0.40
0.40
0.40
0.40
0.40
0.40
0.40
0.40
0.40
0.40
0.40
0.40
0.40
0.40
0.40
0.40
0.40
0.40
0.40
0.40
0.40
0.40
0.40
0.40
0.40
0.40
0.40
0.40
0.40
0.40
0.40
0.40
0.40
0.40
0.40
0.40
0.40
0.40
0.40
0.40
0.40
0.40
0.40
0.40
0.40
0.62
0.62
0.62
0.62
0.62
0.62
0.62
0.62
0.61
0.62
0.62
0.62
0.62
0.62
0.62
0.62
0.62
0.60
0.61
0.61
0.61
0.61
0.61
0.61
0.62
0.60
0.60
0.61
0.61
0.60
0.60
0.60
0.60
0.59
0.59
0.58
0.58
0.58
0.57
0.57
0.57
0.57
0.57
0.57
0.56
0.57
0.59
0.59
0.58
0.58
0.59
0.59
0.59
0.59
0.59
0.59
0.60
0.60
0.59
0.59
0.59
0.59
0.59
0.59
0.60
0.60
0.60
0.60
0.59
0.59
0.60
0.60
0.60
0.60
0.59
0.59
0.58
0.57
0.57
0.58
0.58
0.57
0.57
0.57
0.57
0.57
0.56
0.56
0.56
0.56
0.56
0.56
0.56
0.57
0.56
0.56
0.56
0.56
0.55
