0.00
0.78
0.78
0.78
0.78
0.78
0.78
0.78
0.78
0.78
0.78
0.78
0.78
0.78
0.78
0.78
0.78
0.78
0.78
0.78
0.78
0.78
0.78
0.78
0.78
0.78
0.78
0.78
0.78
0.78
0.78
0.78
0.78
0.78
0.78
0.78
0.78
0.78
0.78
0.78
0.78
0.78
0.78
0.78
0.78
0.78
0.78
0.78
0.78
0.78
0.78
0.78
0.78
0.78
0.78
0.78
0.78
0.78
0.78
0.78
0.78
0.78
0.78
0.78
0.78
0.78
0.78
0.78
0.78
0.78
0.78
0.78
0.78
0.78
0.78
0.78
0.78
0.78
0.78
0.78
0.78
0.78
0.78
0.78
0.78
0.78
0.78
0.78
0.78
0.78
0.78
0.78
0.78
0.78
0.78
0.78
0.78
0.78
0.78
0.78
0.78
0.81
0.81
0.81
0.81
0.81
0.80
0.80
0.81
0.80
0.81
0.83
0.83
0.84
0.84
0.84
0.84
0.83
0.83
0.82
0.82
0.86
0.86
0.86
0.86
0.86
0.86
0.86
0.85
0.85
0.85
0.85
0.85
0.86
0.85
0.86
0.86
0.85
0.85
0.86
0.85
0.85
0.85
0.86
0.85
0.85
0.86
0.86
0.86
0.86
0.87
0.87
0.86
0.87
0.85
0.84
0.87
0.87
0.87
0.88
0.86
0.86
0.88
0.88
0.88
0.89
0.87
0.88
0.89
0.88
0.88
0.89
0.88
0.88
0.87
0.88
0.88
0.88
0.88
0.87
0.88
0.88
0.88
0.87
0.89
0.89
0.89
0.89
0.89
0.89
0.89
0.89
0.89
0.89
0.89
0.87
0.88
0.88
0.87
0.87
0.87
0.38
0.38
0.38
0.38
0.37
0.37
0.37
0.36
0.37
0.36
0.36
0.36
0.36
0.35
0.35
0.36
0.35
0.36
0.35
0.34
0.34
0.34
0.34
0.34
0.34
0.34
0.34
0.34
0.34
0.34
0.34
0.34
0.33
0.33
0.33
0.32
0.32
0.32
0.33
0.32
0.31
0.31
0.32
0.32
0.32
0.32
0.31
0.31
0.30
0.30
0.30
0.32
0.31
0.31
0.31
0.31
0.31
0.31
0.30
0.32
0.31
0.30
0.29
0.30
0.30
0.29
0.29
0.28
0.28
0.28
0.28
0.28
0.28
0.28
0.28
0.29
0.28
0.28
0.28
0.28
0.29
0.29
0.28
0.27
0.27
0.27
0.27
0.27
0.26
0.26
0.26
0.26
0.26
0.26
0.26
0.26
0.26
0.26
0.26
0.26
0.26
0.26
0.26
0.26
0.26
0.26
0.26
0.26
0.26
0.26
0.26
0.26
0.26
0.26
0.26
0.26
0.26
0.26
0.26
0.26
0.26
0.26
0.26
0.26
0.26
0.26
0.26
0.26
0.26
0.26
0.26
0.26
0.26
0.26
0.26
0.26
0.26
0.26
0.26
0.26
0.26
0.26
0.26
0.26
0.26
0.26
0.26
0.26
0.26
0.26
0.26
0.26
0.26
0.26
0.26
0.26
0.26
0.26
0.26
0.26
0.26
0.26
0.26
0.26
0.26
0.26
0.26
0.26
0.26
0.26
0.26
0.26
0.26
0.26
0.26
0.26
0.26
0.26
0.26
0.26
0.26
0.26
0.26
0.26
0.26
0.26
0.26
0.26
0.26
0.26
0.26
0.26
0.26
0.26
0.26
0.26
0.26
0.26
0.26
0.26
0.26
0.26
0.26
0.26
0.26
0.26
0.26
0.26
0.26
0.26
0.26
0.26
0.26
0.26
0.26
0.26
0.26
0.26
0.26
0.26
0.26
0.26
0.26
0.26
0.26
0.26
0.26
0.26
0.26
0.26
0.26
0.26
0.26
0.26
0.26
0.26
0.26
0.26
0.26
0.26
0.26
0.26
0.26
0.26
0.26
0.26
0.26
0.26
0.26
0.26
0.26
0.26
0.26
0.26
0.26
0.26
0.26
0.26
0.26
0.26
0.26
0.26
0.26
0.26
0.26
0.26
0.26
0.26
0.26
0.26
0.26
0.26
0.26
0.26
0.26
0.26
0.26
0.26
0.26
0.26
0.26
0.26
0.26
0.26
0.26
0.26
0.26
0.26
0.26
0.26
0.26
0.26
0.26
0.26
0.26
0.26
0.26
0.26
0.26
