0.00
0.81
0.82
0.82
0.82
0.81
0.81
0.82
0.82
0.82
0.81
0.81
0.81
0.82
0.82
0.82
0.83
0.83
0.83
0.83
0.84
0.84
0.85
0.85
0.85
0.85
0.85
0.85
0.88
0.86
0.86
0.86
0.84
0.85
0.84
0.85
0.85
0.85
0.87
0.86
0.86
0.88
0.87
0.85
0.85
0.87
0.86
0.86
0.85
0.86
0.86
0.87
0.87
0.87
0.86
0.85
0.84
0.84
0.84
0.84
0.83
0.82
0.82
0.82
0.81
0.81
0.81
0.82
0.83
0.84
0.81
0.82
0.81
0.82
0.84
0.85
0.83
0.83
0.83
0.86
0.86
0.85
0.88
0.87
0.85
0.84
0.84
0.84
0.83
0.82
0.81
0.82
0.83
0.81
0.81
0.82
0.82
0.82
0.82
0.81
0.81
0.78
0.78
0.78
0.78
0.78
0.78
0.78
0.78
0.78
0.78
0.78
0.78
0.77
0.78
0.78
0.78
0.78
0.78
0.78
0.78
0.77
0.77
0.77
0.77
0.77
0.77
0.76
0.76
0.76
0.76
0.76
0.76
0.76
0.76
0.76
0.76
0.76
0.76
0.76
0.76
0.76
0.76
0.76
0.76
0.72
0.76
0.70
0.70
0.70
0.63
0.57
0.57
0.52
0.47
0.46
0.46
0.51
0.45
0.42
0.40
0.40
0.41
0.40
0.39
0.39
0.39
0.42
0.41
0.41
0.41
0.43
0.42
0.43
0.43
0.43
0.43
0.41
0.42
0.40
0.40
0.40
0.40
0.40
0.42
0.42
0.41
0.41
0.40
0.40
0.40
0.39
0.43
0.40
0.40
0.40
0.42
0.40
0.38
0.37
0.37
0.37
0.37
0.37
0.37
0.37
0.37
0.37
0.37
0.37
0.37
0.37
0.37
0.37
0.37
0.37
0.37
0.37
0.37
0.37
0.37
0.37
0.37
0.37
0.37
0.37
0.37
0.37
0.37
0.37
0.37
0.37
0.37
0.37
0.37
0.37
0.37
0.37
0.37
0.37
0.37
0.37
0.37
0.37
0.37
0.37
0.37
0.37
0.37
0.37
0.37
0.63
0.63
0.63
0.63
0.63
0.63
0.63
0.63
0.63
0.63
0.63
0.63
0.63
0.63
0.63
0.63
0.63
0.63
0.63
0.63
0.63
0.63
0.63
0.63
0.63
0.63
0.63
0.63
0.63
0.63
0.63
0.63
0.63
0.63
0.63
0.63
0.63
0.63
0.63
0.63
0.63
0.63
0.63
0.63
0.63
0.63
0.63
0.63
0.63
0.63
0.42
0.42
0.42
0.42
0.41
0.47
0.47
0.46
0.47
0.48
0.48
0.50
0.49
0.50
0.50
0.49
0.49
0.51
0.51
0.53
0.55
0.55
0.56
0.53
0.53
0.53
0.53
0.55
0.55
0.56
0.56
0.54
0.56
0.54
0.54
0.53
0.52
0.53
0.55
0.54
0.57
0.56
0.56
0.57
0.58
0.59
0.60
0.60
0.60
0.60
0.59
0.60
0.60
0.59
0.59
0.57
0.57
0.57
0.57
0.56
0.57
0.56
0.57
0.55
0.55
0.54
0.54
0.54
0.54
0.54
0.55
0.57
0.57
0.54
0.56
0.57
0.57
0.57
0.58
0.59
0.59
0.58
0.58
0.59
0.59
0.59
0.59
0.58
0.56
0.56
0.56
0.59
0.59
0.59
0.59
0.58
0.57
0.57
0.56
0.54
0.54
0.54
0.54
0.54
0.54
0.54
0.54
0.54
0.54
0.54
0.54
0.54
0.54
0.54
0.54
0.54
0.54
0.54
0.54
0.54
0.54
0.54
0.54
0.54
0.54
0.54
0.54
0.54
0.54
0.54
0.54
0.54
0.54
0.54
0.54
0.54
0.54
0.54
0.54
0.54
0.54
0.54
0.54
0.54
0.54
0.54
0.54
0.54
0.54
0.54
0.54
0.54
0.54
0.54
0.54
0.54
0.54
0.54
0.54
0.54
0.54
0.54
0.54
0.54
0.54
0.54
0.54
0.54
0.54
0.54
0.54
0.54
0.54
0.54
0.54
0.54
0.54
0.54
0.54
0.54
0.54
0.54
0.54
0.54
0.54
0.54
0.54
0.54
0.54
0.54
0.54
0.54
0.54
0.54
0.54
0.54
0.54
0.54
0.54
