0.00
0.78
0.78
0.78
0.78
0.78
0.78
0.78
0.78
0.78
0.78
0.78
0.78
0.78
0.78
0.78
0.78
0.78
0.78
0.78
0.78
0.78
0.78
0.78
0.78
0.78
0.78
0.78
0.78
0.78
0.78
0.78
0.78
0.78
0.78
0.78
0.78
0.78
0.78
0.78
0.78
0.78
0.78
0.78
0.78
0.78
0.78
0.78
0.78
0.78
0.78
0.78
0.78
0.78
0.78
0.78
0.78
0.78
0.78
0.78
0.78
0.78
0.78
0.78
0.78
0.78
0.78
0.78
0.78
0.78
0.78
0.78
0.78
0.78
0.78
0.78
0.78
0.78
0.78
0.78
0.78
0.78
0.78
0.78
0.78
0.78
0.78
0.78
0.78
0.78
0.78
0.78
0.78
0.78
0.78
0.78
0.78
0.78
0.78
0.78
0.78
0.41
0.41
0.41
0.42
0.40
0.40
0.40
0.40
0.40
0.44
0.47
0.47
0.47
0.46
0.46
0.46
0.46
0.47
0.47
0.45
0.49
0.49
0.49
0.51
0.49
0.51
0.51
0.50
0.49
0.51
0.52
0.51
0.53
0.53
0.53
0.50
0.50
0.50
0.48
0.48
0.48
0.48
0.48
0.48
0.50
0.50
0.50
0.48
0.48
0.50
0.53
0.54
0.54
0.57
0.57
0.55
0.53
0.54
0.52
0.55
0.55
0.55
0.55
0.56
0.56
0.57
0.57
0.57
0.57
0.57
0.57
0.59
0.58
0.58
0.56
0.55
0.56
0.56
0.57
0.53
0.53
0.53
0.54
0.54
0.54
0.54
0.54
0.54
0.55
0.53
0.53
0.48
0.48
0.49
0.47
0.48
0.49
0.49
0.47
0.48
0.48
0.48
0.48
0.48
0.48
0.48
0.48
0.48
0.48
0.48
0.48
0.48
0.48
0.48
0.48
0.48
0.48
0.48
0.48
0.48
0.48
0.48
0.48
0.48
0.48
0.48
0.48
0.48
0.48
0.48
0.48
0.48
0.48
0.48
0.48
0.48
0.48
0.48
0.48
0.48
0.48
0.48
0.48
0.48
0.48
0.48
0.48
0.48
0.48
0.48
0.78
0.78
0.78
0.78
0.78
0.78
0.78
0.78
0.78
0.78
0.78
0.78
0.78
0.78
0.78
0.78
0.78
0.78
0.78
0.78
0.78
0.78
0.78
0.78
0.78
0.78
0.78
0.78
0.78
0.78
0.78
0.78
0.78
0.78
0.78
0.78
0.78
0.78
0.78
0.78
0.78
0.78
0.78
0.78
0.78
0.78
0.78
0.78
0.78
0.78
0.84
0.84
0.84
0.84
0.83
0.83
0.82
0.82
0.84
0.84
0.83
0.84
0.84
0.86
0.86
0.86
0.86
0.87
0.88
0.89
0.89
0.89
0.90
0.88
0.86
0.84
0.84
0.86
0.84
0.86
0.86
0.84
0.85
0.83
0.83
0.83
0.83
0.85
0.86
0.85
0.88
0.87
0.89
0.89
0.90
0.90
0.90
0.89
0.89
0.90
0.90
0.89
0.89
0.89
0.89
0.89
0.88
0.85
0.87
0.85
0.86
0.85
0.85
0.86
0.85
0.88
0.88
0.87
0.87
0.87
0.83
0.80
0.85
0.85
0.79
0.78
0.74
0.74
0.72
0.72
0.72
0.74
0.81
0.74
0.73
0.78
0.72
0.72
0.74
0.73
0.72
0.68
0.72
0.72
0.72
0.72
0.74
0.74
0.81
0.83
0.28
0.27
0.27
0.27
0.27
0.27
0.27
0.29
0.29
0.29
0.30
0.30
0.32
0.30
0.30
0.31
0.30
0.31
0.32
0.32
0.31
0.32
0.32
0.32
0.32
0.31
0.31
0.32
0.32
0.31
0.32
0.32
0.31
0.32
0.32
0.31
0.31
0.32
0.32
0.32
0.32
0.30
0.30
0.30
0.30
0.32
0.33
0.33
0.33
0.32
0.33
0.33
0.33
0.33
0.33
0.33
0.34
0.34
0.33
0.33
0.33
0.34
0.33
0.33
0.33
0.33
0.33
0.33
0.33
0.33
0.33
0.31
0.31
0.32
0.31
0.30
0.30
0.30
0.31
0.32
0.32
0.32
0.32
0.30
0.31
0.30
0.29
0.30
0.29
0.30
0.29
0.29
0.29
0.29
0.28
0.27
0.27
0.27
0.27
