0.00
0.40
0.41
0.42
0.41
0.41
0.40
0.42
0.44
0.45
0.45
0.45
0.45
0.45
0.46
0.46
0.46
0.47
0.47
0.45
0.46
0.48
0.48
0.48
0.48
0.48
0.47
0.48
0.51
0.49
0.49
0.48
0.48
0.47
0.46
0.49
0.48
0.48
0.51
0.51
0.50
0.54
0.53
0.49
0.50
0.48
0.48
0.49
0.47
0.48
0.48
0.49
0.50
0.53
0.53
0.50
0.50
0.50
0.49
0.51
0.49
0.47
0.47
0.47
0.46
0.45
0.43
0.44
0.44
0.45
0.45
0.45
0.44
0.44
0.45
0.46
0.45
0.46
0.42
0.46
0.46
0.45
0.47
0.44
0.44
0.41
0.39
0.40
0.39
0.38
0.38
0.41
0.41
0.41
0.41
0.41
0.42
0.42
0.42
0.42
0.43
0.43
0.43
0.43
0.43
0.43
0.43
0.43
0.43
0.43
0.43
0.43
0.43
0.43
0.43
0.43
0.43
0.43
0.43
0.43
0.43
0.43
0.43
0.43
0.43
0.43
0.43
0.43
0.43
0.43
0.43
0.43
0.43
0.43
0.43
0.43
0.43
0.43
0.43
0.43
0.43
0.43
0.43
0.43
0.43
0.43
0.43
0.43
0.43
0.43
0.43
0.43
0.43
0.43
0.43
0.43
0.43
0.43
0.43
0.43
0.43
0.43
0.43
0.43
0.43
0.43
0.43
0.43
0.43
0.43
0.43
0.43
0.43
0.43
0.43
0.43
0.43
0.43
0.43
0.43
0.43
0.43
0.43
0.43
0.43
0.43
0.43
0.43
0.43
0.43
0.43
0.43
0.43
0.43
0.43
0.43
0.43
0.43
0.43
0.43
0.43
0.43
0.43
0.43
0.43
0.43
0.43
0.43
0.43
0.43
0.43
0.43
0.43
0.43
0.43
0.43
0.43
0.43
0.43
0.43
0.43
0.43
0.43
0.43
0.43
0.43
0.43
0.43
0.43
0.43
0.43
0.43
0.43
0.43
0.43
0.43
0.43
0.43
0.43
0.43
0.43
0.43
0.43
0.43
0.43
0.43
0.43
0.43
0.43
0.43
0.43
0.87
0.86
0.86
0.84
0.82
0.82
0.82
0.83
0.85
0.84
0.83
0.84
0.86
0.86
0.85
0.83
0.81
0.81
0.80
0.80
0.79
0.80
0.79
0.79
0.79
0.79
0.79
0.79
0.79
0.78
0.78
0.79
0.79
0.79
0.79
0.79
0.79
0.79
0.80
0.79
0.79
0.79
0.79
0.80
0.80
0.80
0.81
0.83
0.83
0.82
0.26
0.26
0.26
0.26
0.26
0.26
0.26
0.26
0.26
0.27
0.26
0.27
0.27
0.27
0.27
0.26
0.26
0.26
0.26
0.26
0.26
0.26
0.27
0.26
0.26
0.26
0.25
0.26
0.26
0.30
0.26
0.25
0.26
0.25
0.25
0.25
0.25
0.27
0.25
0.25
0.25
0.25
0.25
0.25
0.25
0.25
0.25
0.26
0.27
0.27
0.27
0.28
0.28
0.27
0.27
0.27
0.30
0.28
0.28
0.28
0.29
0.29
0.30
0.29
0.28
0.26
0.25
0.26
0.26
0.26
0.30
0.28
0.26
0.25
0.28
0.28
0.28
0.30
0.30
0.31
0.31
0.31
0.31
0.32
0.32
0.31
0.31
0.30
0.30
0.29
0.30
0.31
0.31
0.32
0.32
0.32
0.31
0.31
0.30
0.28
0.28
0.28
0.28
0.28
0.28
0.28
0.28
0.28
0.28
0.28
0.28
0.28
0.28
0.28
0.28
0.28
0.28
0.28
0.28
0.28
0.28
0.28
0.28
0.28
0.28
0.28
0.28
0.28
0.28
0.28
0.28
0.28
0.28
0.28
0.28
0.28
0.28
0.28
0.28
0.28
0.28
0.28
0.28
0.28
0.28
0.28
0.28
0.28
0.28
0.28
0.28
0.28
0.28
0.28
0.28
0.28
0.28
0.28
0.28
0.28
0.28
0.28
0.28
0.28
0.28
0.28
0.28
0.28
0.28
0.28
0.28
0.28
0.28
0.28
0.28
0.28
0.28
0.28
0.28
0.28
0.28
0.28
0.28
0.28
0.28
0.28
0.28
0.28
0.28
0.28
0.28
0.28
0.28
0.28
0.28
0.28
0.28
0.28
0.28
