0.00
59.51
59.92
61.76
61.15
59.10
60.33
58.49
61.55
64.01
62.78
61.96
61.76
62.37
65.24
65.44
65.44
65.44
64.42
62.37
61.96
61.76
61.55
61.55
61.55
61.55
61.35
61.15
61.15
61.35
60.94
61.15
60.94
60.94
60.53
60.53
60.53
60.53
60.53
60.74
60.53
60.33
60.53
60.53
60.53
60.53
60.53
60.33
60.33
60.33
60.33
60.74
60.53
60.74
60.53
60.33
60.94
60.94
60.53
60.53
60.53
60.33
60.33
60.33
60.33
60.33
60.33
60.33
60.33
60.33
60.33
60.33
60.53
60.33
60.33
60.33
60.33
60.74
60.94
60.94
60.94
60.94
60.74
60.94
60.94
61.15
61.15
61.15
61.15
61.15
61.15
61.15
61.15
60.94
60.94
60.74
60.74
60.74
60.94
60.74
60.74
60.74
60.74
60.74
60.74
60.74
60.74
60.74
60.74
60.74
60.74
60.74
60.74
60.74
60.74
60.74
60.74
60.74
60.74
60.74
60.74
60.74
60.74
60.74
60.74
60.74
60.74
60.74
60.74
60.74
60.74
60.74
60.74
60.74
60.74
60.74
60.74
60.74
60.74
60.74
60.74
60.74
60.74
60.74
60.74
60.74
60.74
60.74
60.74
60.74
60.74
60.74
60.74
60.74
60.74
60.74
60.74
60.74
60.74
60.74
60.74
60.74
60.74
60.74
60.74
60.74
60.74
60.74
60.74
60.74
60.74
60.74
60.74
60.74
60.74
60.74
60.74
60.74
60.74
60.74
60.74
60.74
60.74
60.74
60.74
60.74
60.74
60.74
60.74
60.74
60.74
60.74
60.74
60.74
60.74
60.74
60.74
60.74
60.74
60.74
60.74
60.33
60.33
60.33
60.33
60.33
60.33
60.33
60.33
60.33
60.33
60.33
60.33
60.33
60.33
60.33
60.33
60.33
60.33
60.33
60.33
60.33
60.33
60.33
60.33
60.33
60.33
60.33
60.33
60.33
60.33
60.33
60.33
60.33
60.33
60.33
60.33
60.33
60.33
60.33
60.33
60.33
60.33
60.33
60.33
60.33
60.33
60.33
60.33
60.33
60.33
60.33
60.33
60.33
60.33
60.33
60.33
60.33
60.33
60.33
60.33
60.33
60.33
60.33
60.33
60.33
60.33
60.33
60.33
60.33
60.33
60.33
60.33
60.33
60.33
60.33
60.33
60.33
60.33
60.33
60.33
60.33
60.33
60.33
60.33
60.33
60.33
60.33
60.33
60.33
60.33
60.33
60.33
60.33
60.33
60.33
60.33
60.33
60.33
60.33
60.33
60.33
60.33
60.33
60.33
60.33
60.33
60.33
60.33
60.33
60.33
60.33
60.33
60.33
60.33
60.33
60.33
60.33
60.33
60.33
60.33
60.33
60.33
60.33
60.33
60.33
60.33
60.33
60.33
60.33
60.33
60.33
60.33
60.33
60.33
60.33
60.33
60.33
60.33
60.33
60.33
60.33
60.33
60.33
60.33
60.33
60.33
60.33
60.33
60.33
60.33
60.33
60.33
60.33
60.33
60.33
60.33
60.33
60.33
60.33
60.33
60.33
60.33
60.33
60.33
60.33
60.33
60.33
60.33
60.33
60.33
60.33
60.33
60.33
60.33
60.33
60.33
60.33
60.33
60.33
60.33
60.33
60.33
60.33
60.33
60.33
60.33
60.33
60.33
60.33
60.33
60.33
60.33
60.33
60.33
60.33
60.33
60.33
60.33
60.33
60.33
60.33
60.33
60.33
60.33
60.33
60.33
60.33
60.33
60.33
60.33
60.33
60.33
60.33
60.33
60.33
60.33
60.33
60.33
60.33
60.33
60.33
60.33
60.33
60.33
60.33
60.33
60.33
60.33
60.33
60.33
60.33
60.33
60.33
60.33
60.33
60.33
60.33
60.33
60.33
60.33
60.33
60.33
60.33
60.33
60.33
60.33
60.33
60.33
60.33
60.33
60.33
60.33
60.33
60.33
60.33
60.33
60.33
60.33
60.33
60.33
60.33
60.33
60.33
60.33
60.33
60.33
60.33
60.33
60.33
60.33
60.33
60.33
60.33
60.33
60.33
60.33
60.33
60.33
60.33
60.33
60.33
60.33
60.33
60.33
60.33
60.33
60.33
60.33
60.33
60.33
60.33
60.33
60.33
60.33
60.33
60.33
60.33
60.33
60.33
