0.00
77.71
78.12
77.51
76.48
78.53
78.53
78.53
78.32
78.12
77.51
74.85
74.85
74.85
75.46
75.87
75.26
75.66
74.23
73.62
73.01
72.19
70.96
68.51
68.51
68.71
67.89
65.64
64.42
66.26
64.62
64.42
62.58
62.99
61.96
62.78
61.55
60.33
60.33
61.55
60.33
60.33
60.33
60.33
60.33
60.33
60.33
60.33
60.33
60.33
60.33
60.33
60.33
60.33
60.33
60.33
60.53
63.60
62.37
62.78
61.76
60.74
60.74
60.33
60.33
60.33
60.33
60.33
60.33
60.33
60.33
60.33
60.33
60.33
60.33
60.33
60.33
60.33
60.33
60.33
60.33
60.33
60.33
60.33
60.33
60.33
60.33
60.33
60.33
60.33
60.33
60.33
60.33
60.33
60.33
60.33
60.33
60.33
60.33
60.33
60.33
75.87
68.30
67.89
67.89
61.76
76.69
77.30
74.03
74.03
74.64
76.07
76.07
75.87
75.46
68.30
63.39
63.19
75.46
79.14
78.94
77.30
80.57
78.94
76.07
77.51
77.71
75.26
67.48
75.46
78.12
81.39
82.62
81.39
81.60
82.82
82.62
82.62
81.60
81.80
80.98
80.78
81.80
81.80
80.16
80.37
81.60
81.60
80.16
83.03
83.03
82.00
83.44
83.44
82.62
82.62
81.39
83.23
81.60
82.82
83.23
84.46
83.64
82.82
83.44
83.03
82.62
82.21
83.23
83.64
83.64
83.44
83.44
83.44
84.46
84.46
83.23
83.84
84.25
83.44
84.05
83.23
83.03
81.60
81.60
81.80
81.80
81.19
81.60
80.78
81.19
83.23
84.66
84.66
84.05
83.03
84.46
84.05
84.25
83.84
83.64
83.64
83.64
83.64
83.64
83.64
83.64
83.64
83.64
65.64
65.24
65.85
65.85
65.44
65.03
63.60
61.15
59.51
60.53
61.96
62.17
60.94
61.35
60.12
57.67
59.92
60.74
60.74
61.76
60.12
65.24
66.26
62.37
62.37
62.78
62.99
57.06
60.53
52.35
50.31
53.78
57.67
56.65
55.21
54.81
58.49
60.94
63.60
62.17
64.21
62.99
62.99
63.19
65.44
64.62
64.62
67.48
67.48
67.48
69.12
75.26
70.35
71.37
71.17
72.39
71.98
71.98
71.98
71.98
71.98
72.80
69.73
69.73
69.33
69.33
67.28
66.46
66.46
66.46
67.48
67.28
68.30
67.08
66.87
66.67
64.83
64.21
64.21
64.42
62.78
62.78
62.58
63.80
62.78
63.80
62.17
63.19
65.03
65.03
64.21
66.05
66.05
66.05
66.05
66.05
66.05
66.05
66.05
66.05
66.05
66.05
66.05
66.05
66.05
66.05
66.05
66.05
66.87
88.14
87.32
85.48
85.48
80.78
82.41
82.82
82.82
82.82
85.07
88.75
89.16
89.16
86.71
88.34
88.34
87.93
88.96
88.75
86.50
85.89
83.44
80.78
80.78
80.78
75.87
70.55
69.94
75.87
77.91
78.12
76.89
77.30
77.30
77.10
77.10
72.39
69.73
78.53
78.53
73.21
70.14
67.48
67.48
67.48
67.08
67.08
64.62
64.62
66.46
66.46
67.28
67.08
67.08
70.96
68.10
73.21
76.28
76.28
71.17
68.92
65.85
66.46
60.94
61.76
60.94
60.53
60.33
60.53
60.33
60.33
60.33
60.53
61.55
60.94
60.33
60.74
60.33
60.94
63.39
63.39
65.85
65.85
65.85
69.73
64.01
64.01
65.03
69.12
71.17
75.66
72.80
72.80
65.64
65.44
69.33
69.33
67.08
64.83
62.17
62.17
62.17
63.80
63.80
63.60
66.26
66.26
66.26
66.26
73.62
69.12
61.96
61.96
60.74
60.94
62.17
65.85
63.80
63.80
63.80
61.55
61.55
61.55
61.55
60.94
61.76
60.74
61.35
61.35
60.53
60.74
61.15
61.15
64.21
64.01
68.92
65.24
65.24
62.17
65.64
67.28
63.19
63.39
63.80
64.42
64.21
64.21
64.21
67.08
63.19
65.03
67.08
63.60
65.24
65.24
63.19
65.44
64.01
66.87
67.69
71.98
79.35
79.35
80.16
84.25
83.03
82.41
82.82
81.19
82.21
80.16
82.62
83.64
83.44
83.44
83.44
85.48
83.64
80.78
83.44
83.44
82.41
