0.00
38.85
38.45
38.24
37.83
37.42
37.63
37.63
37.01
37.22
36.81
36.40
36.40
36.20
36.40
36.40
36.61
36.40
36.40
36.20
35.79
35.99
35.58
35.79
35.58
36.20
35.99
35.58
35.58
35.58
36.20
35.99
35.99
35.99
35.17
34.97
35.99
35.79
38.24
38.85
40.29
47.24
55.42
50.72
58.28
65.03
76.07
76.69
77.91
76.48
75.46
73.21
63.39
50.51
73.82
74.64
59.51
45.60
43.97
45.81
46.01
61.96
52.35
61.55
56.03
59.71
75.87
74.64
75.66
76.28
75.87
77.30
78.73
77.91
76.07
75.66
77.71
75.05
75.05
54.19
67.28
66.46
73.62
68.10
73.62
74.64
57.67
56.65
47.65
54.40
41.51
38.45
40.29
43.56
43.97
67.69
60.74
73.01
60.74
73.42
73.62
73.62
73.62
73.62
73.62
73.62
73.62
73.62
73.62
73.62
73.62
31.29
46.63
43.97
45.19
41.10
42.33
34.15
42.13
40.70
38.24
38.85
40.08
38.85
44.58
45.40
49.90
43.35
38.85
41.92
41.31
51.94
56.03
48.26
54.81
52.76
48.88
47.85
47.85
52.15
52.15
53.37
58.08
55.21
53.17
52.15
55.62
57.46
57.46
62.99
61.76
59.10
63.19
63.60
63.39
62.58
60.12
63.60
64.21
65.24
65.64
65.24
66.05
66.05
67.28
66.05
66.26
67.69
69.73
72.39
70.35
68.30
69.94
68.51
67.89
71.98
69.33
70.76
71.98
72.80
72.39
73.42
72.80
77.10
74.44
75.66
74.44
70.76
69.73
71.78
70.35
68.10
67.28
67.89
66.87
67.28
66.87
66.87
66.46
65.03
66.26
54.60
43.76
47.65
72.19
47.65
62.17
50.92
43.76
41.31
43.56
43.35
42.13
42.13
40.70
40.49
39.88
39.88
40.49
39.88
41.10
40.49
39.88
39.67
39.67
39.67
39.67
39.67
39.88
39.67
40.90
39.88
39.88
39.88
40.49
40.70
40.70
40.29
39.67
39.67
39.88
40.90
40.49
41.31
40.29
42.74
53.37
52.56
42.33
46.01
62.58
56.03
45.19
46.22
44.58
41.10
41.51
41.51
40.29
41.31
41.31
46.22
41.31
40.49
43.56
46.63
79.55
53.78
53.78
44.58
44.58
71.37
51.94
46.22
43.76
76.07
73.82
73.82
53.17
53.17
58.08
58.08
79.14
86.71
87.12
87.93
85.69
87.53
88.75
83.44
83.44
83.23
85.28
83.84
87.12
84.66
88.96
84.66
83.64
83.64
58.90
58.90
58.90
58.90
58.90
58.90
58.90
58.90
58.90
58.90
58.90
58.90
58.90
58.90
58.90
58.90
58.90
58.90
58.90
58.90
58.90
58.90
58.90
58.90
58.90
58.90
58.90
58.90
58.90
58.90
58.90
58.90
58.90
58.90
58.90
58.90
58.90
58.90
58.90
58.90
58.90
58.90
58.90
58.90
58.90
58.90
58.90
58.90
58.90
58.90
58.90
58.90
58.90
58.90
58.90
58.90
58.90
58.90
58.90
58.90
58.90
58.90
58.90
58.90
58.90
58.90
58.90
58.90
58.90
58.90
58.90
58.90
58.90
58.90
58.90
58.90
58.90
58.90
58.90
58.90
58.90
58.90
58.90
58.90
58.90
58.90
58.90
58.90
58.90
58.90
58.90
58.90
58.90
58.90
58.90
58.90
58.90
58.90
58.90
58.90
58.90
58.90
58.90
58.90
58.90
58.90
58.90
58.90
58.90
58.90
58.90
58.90
58.90
58.90
58.90
58.90
58.90
58.90
58.90
58.90
58.90
58.90
58.90
58.90
58.90
58.90
58.90
58.90
58.90
58.90
58.90
58.90
58.90
58.90
58.90
58.90
58.90
58.90
58.90
58.90
58.90
58.90
58.90
58.90
58.90
58.90
58.90
58.90
58.90
58.90
58.90
58.90
58.90
58.90
58.90
58.90
58.90
58.90
58.90
58.90
58.90
58.90
58.90
58.90
58.90
58.90
58.90
58.90
58.90
58.90
58.90
58.90
58.90
58.90
58.90
58.90
58.90
58.90
58.90
58.90
58.90
58.90
58.90
58.90
58.90
58.90
58.90
58.90
58.90
58.90
58.90
58.90
58.90
58.90
58.90
58.90
58.90
58.90
58.90
58.90
