0.00
0.00
39.67
39.67
39.67
39.67
39.67
39.67
39.67
39.67
39.67
39.67
39.67
39.67
39.67
39.67
39.67
39.67
39.67
39.67
39.67
39.67
39.67
39.67
39.67
39.67
39.67
39.67
39.67
39.67
39.67
39.67
39.67
39.67
39.67
39.67
39.67
39.67
39.67
39.67
39.67
39.67
39.67
39.67
39.67
39.67
39.67
39.67
39.67
39.67
39.67
39.67
39.67
39.67
39.67
39.67
39.67
39.67
39.67
39.67
39.67
39.67
39.67
39.67
39.67
39.67
39.67
39.67
39.67
39.67
39.67
39.67
39.67
39.67
39.67
39.67
39.67
39.67
39.67
39.67
39.67
39.67
39.67
39.67
39.67
39.67
39.67
39.67
39.67
39.67
39.67
39.67
39.67
39.67
39.67
39.67
39.67
39.67
39.67
39.67
39.67
60.33
60.33
60.33
60.33
62.99
61.15
61.15
61.96
64.21
64.01
65.03
61.15
62.58
62.37
64.21
63.19
62.78
61.15
61.76
61.15
62.37
61.15
61.15
61.55
61.55
61.55
61.55
62.17
61.96
61.55
60.94
60.53
62.37
61.55
62.37
62.99
64.62
65.03
65.03
68.30
66.05
66.05
66.05
66.05
68.30
68.30
68.10
68.30
67.89
68.30
69.12
68.30
66.67
68.51
68.30
68.30
67.28
68.30
68.71
68.30
68.30
70.55
72.19
73.01
73.21
73.21
73.01
73.01
73.62
73.62
72.39
71.98
71.17
70.96
74.03
74.03
74.44
74.23
75.87
76.07
76.07
75.66
77.91
76.48
76.07
75.87
75.87
75.26
75.66
74.03
73.42
72.60
72.19
73.21
73.21
72.19
70.14
69.94
70.35
72.19
83.23
83.44
82.41
83.23
80.98
81.39
81.39
80.78
79.96
79.14
79.75
80.16
76.89
72.80
65.64
54.81
51.74
51.74
50.31
53.17
45.19
44.99
49.49
47.85
57.26
57.26
64.42
73.62
73.01
78.73
71.98
71.78
71.37
76.69
69.53
71.78
76.48
65.03
64.83
72.19
71.57
64.62
70.96
64.62
71.78
78.94
79.35
71.37
71.98
71.78
71.78
71.78
71.78
71.78
71.78
70.96
70.96
77.91
78.12
71.17
78.32
78.32
78.32
79.75
80.78
83.03
82.21
82.41
82.41
82.21
81.60
81.60
81.60
80.78
82.82
82.21
82.62
82.62
82.62
83.23
83.23
83.23
84.05
83.84
82.21
81.80
83.64
83.84
82.62
83.64
83.23
83.64
83.64
83.64
82.21
82.21
82.21
82.21
82.41
82.00
82.00
82.00
82.00
82.00
82.00
82.00
82.00
82.00
82.00
82.00
82.00
82.00
82.00
82.00
82.00
82.00
82.00
82.00
82.00
82.00
82.00
82.00
82.00
82.00
82.00
82.00
82.00
82.00
82.00
82.00
82.00
82.00
82.00
82.00
82.00
82.00
82.00
82.00
82.00
82.00
82.00
82.00
82.00
82.00
82.00
82.00
82.00
82.00
82.00
82.00
82.00
82.00
82.00
82.00
82.00
82.00
82.00
82.00
82.00
82.00
82.00
82.00
82.00
82.00
82.00
82.00
82.00
82.00
82.00
82.00
82.00
82.00
82.00
82.00
82.00
82.00
82.00
82.00
82.00
82.00
82.00
82.00
82.00
82.00
82.00
82.00
82.00
82.00
82.00
82.00
82.00
82.00
82.00
82.00
82.00
82.00
82.00
82.00
82.00
82.00
82.00
82.00
82.00
82.00
82.00
82.00
82.00
82.00
82.00
82.00
82.00
82.00
82.00
82.00
82.00
82.00
82.00
82.00
82.00
82.00
82.00
82.00
82.00
82.00
82.00
82.00
82.00
82.00
82.00
82.00
82.00
82.00
82.00
82.00
82.00
82.00
82.00
82.00
82.00
82.00
82.00
82.00
82.00
82.00
82.00
82.00
82.00
82.00
82.00
82.00
82.00
82.00
82.00
82.00
82.00
82.00
82.00
82.00
82.00
82.00
82.00
82.00
82.00
82.00
82.00
82.00
82.00
82.00
82.00
82.00
82.00
82.00
82.00
82.00
82.00
82.00
82.00
82.00
82.00
82.00
82.00
82.00
82.00
82.00
82.00
82.00
82.00
82.00
82.00
82.00
82.00
82.00
82.00
82.00
82.00
82.00
82.00
82.00
82.00
