0.00
0.00
39.67
39.67
39.67
39.67
39.67
39.67
39.67
39.67
39.67
39.67
39.67
39.67
39.67
39.67
39.67
39.67
39.67
39.67
39.67
39.67
39.67
39.67
39.67
39.67
39.67
39.67
39.67
39.67
39.67
39.67
39.67
39.67
39.67
39.67
39.67
39.67
39.67
39.67
39.67
39.67
39.67
39.67
39.67
39.67
39.67
39.67
39.67
39.67
39.67
39.67
39.67
39.67
39.67
39.67
39.67
39.67
39.67
39.67
39.67
39.67
39.67
39.67
39.67
39.67
39.67
39.67
39.67
39.67
39.67
39.67
39.67
39.67
39.67
39.67
39.67
39.67
39.67
39.67
39.67
39.67
39.67
39.67
39.67
39.67
39.67
39.67
39.67
39.67
39.67
39.67
39.67
39.67
39.67
39.67
39.67
39.67
39.67
39.67
39.67
66.46
69.12
72.60
76.69
74.44
75.26
75.05
74.44
77.91
77.10
76.48
72.60
76.89
76.48
76.28
76.48
76.48
75.26
77.10
79.14
77.71
81.39
79.96
79.96
79.35
78.73
76.48
66.87
71.17
71.98
75.87
75.05
78.12
77.51
77.10
79.55
79.75
79.14
80.16
72.39
72.39
73.01
66.87
61.15
54.81
63.39
63.39
54.81
77.51
68.71
64.83
64.83
80.37
72.39
64.21
64.21
81.19
65.44
66.05
79.14
82.21
82.41
82.41
83.03
76.48
75.46
79.96
79.75
73.82
74.03
73.62
75.46
79.96
82.62
82.62
82.62
82.21
81.60
82.41
82.21
82.82
82.62
79.96
79.35
79.96
79.75
75.87
75.46
74.44
78.73
79.96
82.00
81.60
81.60
81.80
78.32
76.69
71.37
75.05
73.62
64.83
66.26
67.28
67.28
67.28
65.44
65.44
65.44
65.03
62.99
64.01
65.44
64.62
65.64
65.64
67.08
67.08
65.64
65.64
65.44
70.96
72.19
72.19
73.01
74.64
74.85
73.21
73.21
73.82
74.03
76.89
76.89
77.51
77.51
77.51
77.51
77.51
78.73
79.35
78.32
77.71
77.71
76.89
79.14
77.91
75.05
74.64
75.66
75.66
75.66
75.66
76.69
76.48
76.48
81.19
80.16
82.00
82.00
84.05
84.66
84.66
85.89
87.73
85.69
85.69
81.60
82.82
82.82
82.82
84.25
82.00
82.41
82.62
83.03
77.51
77.30
77.30
78.12
78.12
76.28
77.51
77.51
74.03
74.03
73.01
73.01
74.03
72.39
69.73
72.60
72.39
73.01
74.03
74.03
68.92
68.92
71.78
74.03
73.21
74.23
74.23
74.23
74.23
74.23
74.23
74.23
74.23
74.23
74.23
74.23
74.23
74.23
74.23
74.23
74.23
74.23
74.23
74.23
74.23
74.23
74.23
74.23
74.23
74.23
74.23
74.23
74.23
74.23
74.23
74.23
74.23
74.23
74.23
74.23
74.23
74.23
74.23
74.23
74.23
74.23
74.23
74.23
74.23
74.23
74.23
74.23
74.23
74.23
74.23
74.23
74.23
74.23
74.23
74.23
74.23
74.23
74.23
74.23
74.23
74.23
74.23
74.23
74.23
74.23
74.23
74.23
74.23
74.23
74.23
74.23
74.23
74.23
74.23
74.23
74.23
74.23
74.23
74.23
74.23
74.23
74.23
74.23
74.23
74.23
74.23
74.23
74.23
74.23
74.23
74.23
74.23
74.23
74.23
74.23
74.23
74.23
74.23
74.23
74.23
74.23
60.33
60.33
60.33
60.33
60.33
60.33
60.33
60.33
60.33
60.33
60.33
60.33
60.33
60.33
60.33
60.33
60.33
60.33
60.33
60.33
60.33
60.33
60.33
60.33
60.33
60.33
60.33
60.33
60.33
60.33
60.33
60.33
60.33
60.33
60.33
60.33
60.33
60.33
60.33
60.33
60.33
60.33
60.33
60.33
60.33
60.33
60.33
60.33
60.33
60.33
60.33
60.33
60.33
60.33
60.33
60.33
60.33
60.33
60.33
60.33
60.33
60.33
60.33
60.74
60.74
60.94
60.33
60.33
60.33
60.33
60.33
60.33
60.33
60.33
60.33
60.33
60.33
60.33
60.33
60.33
60.33
60.94
60.74
60.53
60.53
60.53
60.33
60.33
60.33
60.33
60.33
60.33
60.33
60.53
60.33
60.33
60.33
60.33
60.33
