0.00
60.33
60.33
60.33
60.33
60.33
60.33
60.33
60.33
60.33
60.33
60.33
60.33
60.33
60.33
60.33
60.33
60.33
60.33
60.33
60.33
60.33
60.33
60.33
60.33
60.33
60.33
60.33
60.33
60.33
60.33
60.33
60.33
60.33
60.33
60.33
60.33
60.33
60.33
60.33
60.33
60.33
60.33
60.33
60.33
60.33
60.33
60.33
60.33
60.33
60.33
60.33
60.33
60.33
60.33
60.33
60.33
60.33
60.33
60.33
60.33
60.33
60.33
60.33
60.33
60.33
60.33
60.33
60.33
60.33
60.33
60.33
60.33
60.33
60.33
60.33
60.33
60.33
60.33
60.33
60.33
60.33
60.33
60.33
60.33
60.33
60.33
60.33
60.33
60.33
60.33
60.33
60.33
60.33
60.33
60.33
60.33
60.33
60.33
60.33
60.33
60.33
60.33
60.33
60.33
60.33
60.33
60.33
60.33
60.33
60.33
60.33
60.33
60.33
60.33
60.33
60.33
60.33
60.33
60.33
60.33
60.33
60.33
60.33
60.33
60.33
60.33
60.33
60.33
60.33
60.33
60.33
60.33
60.33
60.33
60.33
60.33
60.33
60.33
60.33
60.33
60.33
60.33
60.33
60.33
60.33
60.33
60.33
60.33
60.33
60.33
60.33
60.33
60.33
60.33
60.33
60.33
60.33
60.33
60.33
60.33
60.33
60.33
60.33
60.33
60.33
60.33
60.33
60.33
60.33
60.33
60.33
60.33
60.33
60.33
60.33
60.33
60.33
60.33
60.33
60.33
60.33
60.33
60.33
60.33
60.33
60.33
60.33
60.33
60.33
60.33
60.33
60.33
60.33
60.33
60.33
60.33
60.33
60.33
60.33
60.33
60.33
60.33
60.33
60.33
60.33
60.33
60.33
60.33
60.33
60.33
60.33
60.33
60.33
60.33
60.33
60.33
60.33
60.33
60.33
60.33
60.33
60.33
60.33
60.33
60.33
60.33
60.33
60.33
60.33
60.33
60.33
60.33
60.33
60.33
60.33
60.33
60.33
60.33
60.33
60.33
60.33
60.33
60.33
60.33
60.33
60.33
60.33
60.33
60.33
60.33
39.67
39.67
39.67
39.67
39.67
39.67
39.67
39.67
39.67
39.67
39.67
39.67
39.67
39.67
39.67
39.67
39.67
39.67
39.67
39.67
39.67
39.67
39.67
39.67
39.67
39.67
39.67
39.67
39.67
39.67
39.67
39.67
39.67
39.67
39.67
39.67
39.67
39.67
39.67
39.67
39.67
39.67
39.67
39.67
39.67
39.67
39.67
39.67
39.67
39.67
66.05
66.05
68.71
68.30
66.05
68.10
68.51
67.48
66.46
68.10
68.92
67.28
69.12
69.12
69.94
67.89
66.26
64.83
64.83
62.58
65.24
62.58
62.58
63.19
65.24
65.85
67.69
67.69
67.48
70.55
71.57
71.37
71.37
71.37
71.57
71.37
69.33
69.33
67.69
66.26
65.44
66.26
62.99
62.58
62.17
65.24
64.62
65.64
67.89
64.83
67.28
67.89
67.89
68.51
65.64
65.64
67.28
63.19
61.96
61.96
61.55
62.17
61.96
62.37
62.37
61.55
61.55
61.35
61.55
61.96
61.96
61.96
61.35
61.55
61.76
61.76
61.55
60.94
60.94
60.94
60.33
60.33
60.33
60.33
60.33
60.33
60.33
60.33
60.33
60.33
60.33
60.33
60.33
60.33
60.33
60.33
60.33
60.33
60.33
60.33
73.01
73.21
73.01
73.01
73.01
74.44
75.05
75.05
75.05
75.66
73.82
73.62
73.62
74.44
73.21
73.21
73.42
73.62
75.46
75.87
77.10
77.10
77.71
78.53
79.35
79.35
79.35
79.35
79.35
79.96
79.75
79.75
79.75
79.75
79.75
78.73
77.30
77.30
77.10
77.10
77.10
77.10
77.30
77.30
76.89
76.48
76.48
76.48
76.28
75.46
77.71
77.71
77.91
77.91
76.48
76.48
77.91
79.35
77.51
76.28
76.07
75.87
76.28
76.69
78.53
79.14
78.32
78.32
78.32
77.91
77.51
78.32
78.32
78.53
78.53
79.35
79.55
79.55
79.55
79.14
79.96
79.96
79.96
79.96
80.16
78.73
77.91
76.69
76.89
76.89
76.89
77.91
77.91
77.71
77.71
77.30
77.30
78.12
77.71
