0.00
38.65
37.42
37.83
35.79
37.63
37.01
38.65
37.01
37.01
37.01
33.54
33.74
33.74
34.97
37.42
35.38
35.38
32.92
33.33
26.99
22.29
21.06
18.61
22.09
25.77
23.52
18.20
25.77
21.68
28.83
31.70
55.83
51.53
58.69
50.10
52.35
60.53
57.67
51.94
59.51
62.99
62.78
62.78
61.76
61.15
61.15
60.33
60.33
60.33
60.53
61.15
60.74
60.74
60.53
60.33
60.53
61.55
61.35
61.76
58.90
62.17
62.37
61.15
61.15
61.35
60.94
61.76
61.15
60.74
61.55
61.55
61.76
61.76
61.76
61.55
61.76
62.99
63.60
64.42
63.39
63.60
62.99
63.60
63.60
64.01
64.21
63.60
63.80
63.19
63.19
62.78
62.58
63.80
66.87
64.01
66.46
67.28
67.69
64.83
67.08
60.53
60.53
60.53
60.74
61.15
60.94
60.94
61.15
61.55
61.55
62.37
61.15
61.15
61.15
62.17
62.17
61.76
61.76
62.58
62.58
62.78
61.15
61.15
61.15
61.15
61.15
62.37
62.58
61.76
61.76
61.15
60.94
61.35
61.15
61.15
61.55
61.15
61.15
61.15
61.15
61.15
60.94
61.15
61.15
61.15
61.15
61.15
61.15
60.94
60.94
60.94
60.94
60.94
60.94
60.94
60.94
60.94
60.94
60.94
60.74
60.53
60.53
60.94
61.15
61.15
61.15
60.94
61.76
61.76
61.55
61.15
61.15
61.15
61.15
62.37
61.35
61.76
62.17
61.96
61.96
62.17
61.96
65.85
66.05
65.85
66.87
66.26
66.26
66.26
65.24
62.37
62.17
62.37
62.37
62.99
61.55
61.96
61.35
61.76
62.78
62.78
62.78
62.78
62.78
62.78
62.78
62.78
62.78
62.78
62.78
62.78
62.78
62.78
62.78
62.78
62.78
62.78
62.78
62.78
62.78
62.78
62.78
62.78
62.78
62.78
62.78
62.78
62.78
62.78
62.78
62.78
62.78
62.78
62.78
62.78
62.78
62.78
62.78
62.78
62.78
62.78
62.78
62.78
62.78
62.78
62.78
62.78
62.78
62.78
62.78
39.67
39.67
39.67
39.67
39.67
39.67
39.67
39.67
39.67
39.67
39.67
39.67
39.67
39.67
39.67
39.67
39.67
39.67
39.67
39.67
39.67
39.67
39.67
39.67
39.67
39.67
39.67
39.67
39.67
39.67
39.67
39.67
39.67
39.67
39.67
39.67
39.67
39.67
39.67
39.67
39.67
39.67
39.67
39.67
39.67
39.67
39.67
39.67
39.67
39.67
60.33
60.33
60.33
60.33
60.33
60.33
60.33
60.33
60.33
60.33
60.33
60.33
60.33
60.33
60.33
60.33
60.33
60.33
60.33
60.33
60.33
60.33
60.33
60.33
60.33
60.33
60.33
60.33
60.33
60.33
60.33
60.33
60.33
60.33
60.33
60.33
60.33
60.33
60.33
60.33
60.33
60.33
60.33
60.33
60.33
60.33
60.33
60.33
60.33
60.33
60.33
60.33
60.33
60.33
60.33
60.33
60.33
60.33
60.33
60.33
60.33
60.33
60.33
60.33
60.33
60.33
60.33
60.33
60.33
60.33
60.33
60.33
60.33
60.33
60.33
60.33
60.33
60.33
60.33
60.33
60.33
60.33
60.33
60.33
60.33
60.33
60.33
60.33
60.33
60.33
60.33
60.33
60.33
60.33
60.33
60.33
60.33
60.33
60.33
60.33
60.33
60.33
60.33
60.33
60.33
60.33
60.33
60.33
60.33
60.33
60.33
60.33
60.33
60.33
60.33
60.33
60.33
60.33
60.33
60.33
60.33
60.33
60.33
60.33
60.33
60.33
60.33
60.33
60.33
60.33
60.33
60.33
60.33
60.33
60.33
60.33
60.33
60.33
60.33
60.33
60.33
60.33
60.33
60.33
60.33
60.33
60.33
60.33
60.33
60.33
60.33
60.33
60.33
60.33
60.33
60.33
60.33
60.33
60.33
60.33
60.33
60.33
60.33
60.33
60.33
60.33
60.33
60.33
60.33
60.33
60.33
60.33
60.33
60.33
60.33
60.33
60.33
60.33
60.33
60.33
60.33
60.33
60.33
60.33
60.33
60.33
60.33
60.33
60.33
60.33
60.33
60.33
60.33
60.33
60.33
60.33
60.33
60.33
60.33
