0.00
60.33
60.33
60.33
60.33
60.33
60.33
60.33
60.33
60.33
60.33
60.33
60.33
60.33
60.33
60.33
60.33
60.33
60.33
60.33
60.33
60.33
60.33
60.33
60.33
60.33
60.33
60.33
60.33
60.33
60.33
60.33
60.33
60.33
60.33
60.33
60.33
60.33
60.33
60.33
60.33
60.33
60.33
60.33
60.33
60.33
60.33
60.33
60.33
60.33
60.33
60.33
60.33
60.33
60.33
60.33
60.33
60.33
60.33
60.33
60.33
60.33
60.33
60.33
60.33
60.33
60.33
60.33
60.33
60.33
60.33
60.33
60.33
60.33
60.33
60.33
60.33
60.33
60.33
60.33
60.33
60.33
60.33
60.33
60.33
60.33
60.33
60.33
60.33
60.33
60.33
60.33
60.33
60.33
60.33
60.33
60.33
60.33
60.33
60.33
60.33
60.33
60.33
60.33
60.33
60.33
60.33
60.33
60.33
60.33
60.33
60.33
60.33
60.33
60.33
60.33
60.33
60.33
60.33
60.33
60.33
60.33
60.33
60.33
60.33
60.33
60.33
60.33
60.33
60.33
60.33
60.33
60.33
60.33
60.33
60.33
60.33
60.33
60.33
60.33
60.33
60.33
60.33
60.33
60.33
60.33
60.33
60.33
60.33
60.33
60.33
60.33
60.33
60.33
60.33
60.33
60.33
60.33
60.33
60.33
60.33
60.33
60.33
60.33
60.33
60.33
60.33
60.33
60.33
60.33
60.33
60.33
60.33
60.33
60.33
60.33
60.33
60.33
60.33
60.33
60.33
60.33
60.33
60.33
60.33
60.33
60.33
60.33
60.33
60.33
60.33
60.33
60.33
60.33
60.33
60.33
60.33
60.33
60.33
60.33
60.33
60.33
60.33
60.33
60.33
60.33
60.33
60.33
60.33
60.33
60.33
60.33
60.33
60.33
72.80
72.60
72.60
72.60
72.60
72.60
72.19
74.85
76.28
76.28
77.51
77.91
77.71
76.48
75.87
76.07
75.87
76.89
76.89
77.51
77.10
77.10
77.30
76.07
76.89
77.71
75.46
75.26
75.66
73.82
73.82
73.01
70.55
70.76
70.96
70.55
67.89
67.89
70.14
70.14
67.89
70.76
69.12
70.14
70.76
71.17
71.57
70.55
70.55
71.17
69.12
67.48
62.58
64.83
64.21
65.24
67.48
62.58
65.03
64.62
64.42
60.74
60.94
61.55
63.19
67.28
65.44
67.89
63.80
61.76
61.76
60.94
60.74
60.74
60.53
60.53
61.35
60.94
62.37
62.37
64.42
60.74
61.35
64.21
64.21
65.24
67.28
80.98
81.19
81.39
80.16
80.16
80.16
79.96
78.53
78.53
78.94
78.73
76.28
76.28
76.28
74.85
73.82
73.62
72.60
72.60
71.98
71.98
70.96
71.37
71.98
71.98
71.37
71.37
72.39
72.39
72.39
72.39
72.39
72.39
71.98
72.39
72.39
72.39
71.78
71.78
71.78
71.98
72.19
72.19
72.60
73.62
73.62
73.82
74.64
77.51
75.46
75.05
74.64
75.26
74.23
74.23
75.05
74.64
73.82
73.42
73.42
73.42
73.82
73.62
73.62
73.01
72.39
72.39
72.80
73.21
73.21
74.23
74.23
74.23
74.85
75.87
78.73
77.91
75.66
76.48
75.66
73.42
71.98
71.57
71.57
71.37
71.57
71.57
71.17
69.94
70.55
72.19
71.17
70.14
70.96
70.96
72.19
72.19
72.19
72.80
72.80
72.80
72.80
72.80
72.80
72.80
72.80
72.80
72.80
72.80
72.80
72.80
72.80
72.80
72.80
72.80
72.80
72.80
72.80
72.80
72.80
72.80
72.80
72.80
72.80
72.80
72.80
72.80
72.80
72.80
72.80
72.80
72.80
72.80
72.80
72.80
72.80
72.80
72.80
72.80
72.80
72.80
72.80
72.80
72.80
72.80
72.80
72.80
72.80
72.80
72.80
72.80
72.80
72.80
72.80
72.80
72.80
72.80
72.80
72.80
72.80
72.80
72.80
72.80
72.80
72.80
72.80
72.80
72.80
72.80
72.80
72.80
72.80
72.80
72.80
72.80
72.80
72.80
72.80
72.80
72.80
72.80
72.80
72.80
72.80
72.80
72.80
72.80
72.80
72.80
72.80
72.80
72.80
72.80
72.80
72.80
72.80
72.80
72.80
72.80
