0.00
0.00
39.67
39.67
39.67
39.67
39.67
39.67
39.67
39.67
39.67
39.67
39.67
39.67
39.67
39.67
39.67
39.67
39.67
39.67
39.67
39.67
39.67
39.67
39.67
39.67
39.67
39.67
39.47
39.67
39.47
39.47
39.47
39.47
39.47
39.47
39.06
39.06
38.65
38.65
38.04
38.04
38.04
38.04
38.04
38.04
37.42
36.40
34.97
35.79
35.79
35.79
35.79
36.61
36.20
35.99
35.99
35.99
35.79
35.58
35.17
33.74
33.74
34.15
33.54
33.95
34.15
34.15
34.15
33.54
33.54
33.33
32.92
33.74
32.11
32.11
31.49
33.33
34.36
34.36
32.52
31.70
28.63
28.63
28.63
29.24
29.24
28.63
29.04
31.08
28.63
28.63
30.27
31.90
29.45
33.95
30.27
34.56
34.56
37.01
30.88
39.67
39.67
39.67
39.67
39.67
39.67
39.67
39.67
39.67
39.67
39.67
39.67
39.67
39.67
39.67
39.67
39.67
39.67
39.67
39.67
39.67
39.67
39.67
39.67
39.67
39.67
39.67
39.67
39.67
39.67
39.67
39.67
39.67
39.67
39.67
39.67
39.67
39.67
39.67
39.67
39.67
39.67
39.67
39.67
39.67
39.67
39.67
39.67
39.67
39.67
39.67
39.67
39.67
39.67
39.67
39.67
39.67
39.67
39.67
39.67
39.67
39.67
39.67
39.67
39.67
39.67
39.67
39.67
39.67
39.67
39.67
39.67
39.67
39.67
39.67
39.67
39.67
39.67
39.67
39.67
39.67
39.67
39.67
39.67
39.67
39.67
39.67
39.67
39.67
39.67
40.29
59.51
61.55
61.55
55.62
68.71
79.55
83.84
80.37
73.01
73.01
73.01
73.21
70.35
70.35
68.92
68.92
71.37
73.01
71.17
69.73
71.17
73.82
75.05
77.30
79.55
78.73
77.91
79.96
78.94
78.94
79.55
79.55
78.53
79.75
79.75
79.55
79.75
78.53
76.48
76.48
75.87
74.64
72.19
72.19
72.39
72.60
76.28
77.10
71.78
71.98
71.98
71.37
74.03
71.57
69.33
70.14
70.14
70.76
68.51
70.96
74.64
73.21
74.03
74.03
72.60
72.80
72.80
70.55
70.55
67.69
69.94
69.94
69.94
69.73
67.89
68.30
68.92
68.92
68.92
64.42
67.08
66.87
67.89
66.26
65.24
65.24
66.87
66.87
65.03
67.08
67.08
64.62
66.26
66.26
64.42
64.62
63.60
62.99
63.60
63.19
63.80
62.99
62.99
62.99
63.80
65.24
65.64
65.85
65.64
74.23
76.48
79.35
78.94
77.71
77.71
80.16
80.16
81.19
81.80
83.23
80.78
82.82
82.00
83.44
83.64
81.19
80.37
79.14
76.69
80.16
78.73
79.35
79.35
81.39
80.37
80.37
82.21
82.21
84.05
83.84
83.84
86.50
86.50
85.07
84.46
83.84
83.03
81.39
81.39
79.96
79.75
77.10
77.10
79.35
79.55
79.55
80.16
81.19
79.96
79.96
79.96
80.98
80.37
80.37
83.03
82.62
81.19
79.96
80.16
80.16
80.16
80.16
79.96
78.53
77.91
78.73
78.53
78.53
78.53
80.57
81.39
81.39
81.80
82.21
82.21
80.57
78.94
80.16
80.16
76.07
76.69
76.69
75.26
73.42
75.26
75.26
74.64
73.42
75.26
75.66
75.66
73.21
73.42
73.42
77.10
79.55
80.16
82.41
81.19
81.60
84.46
83.03
80.37
79.96
81.80
82.21
84.46
82.62
84.46
82.62
82.00
82.21
83.03
79.35
79.35
78.32
80.57
80.57
80.16
80.78
79.55
79.96
80.37
80.98
82.00
84.25
82.62
82.62
83.44
83.44
84.46
86.50
87.12
89.98
88.96
88.96
87.32
87.32
87.32
87.32
87.53
87.53
87.12
86.91
86.91
86.30
86.91
86.91
83.03
85.07
85.07
86.30
84.25
84.05
83.03
84.05
84.66
83.64
83.64
84.25
84.25
85.48
85.48
87.53
88.14
85.69
86.09
85.28
84.25
84.05
85.89
85.07
85.89
85.89
85.89
86.91
86.91
88.75
87.12
87.53
89.98
89.98
89.78
89.98
89.98
89.37
87.32
88.75
88.96
88.14
89.37
89.37
89.16
88.96
86.30
86.30
86.71
85.48
