0.00
0.78
0.79
0.79
0.80
0.79
0.79
0.78
0.79
0.79
0.79
0.82
0.81
0.81
0.81
0.79
0.80
0.80
0.82
0.82
0.85
0.88
0.89
0.90
0.88
0.86
0.87
0.90
0.86
0.89
0.84
0.83
0.66
0.70
0.64
0.71
0.69
0.63
0.65
0.69
0.64
0.61
0.61
0.61
0.62
0.62
0.62
0.63
0.63
0.63
0.63
0.62
0.63
0.63
0.63
0.63
0.63
0.62
0.62
0.62
0.64
0.62
0.61
0.62
0.62
0.62
0.62
0.62
0.62
0.63
0.62
0.62
0.62
0.62
0.62
0.62
0.62
0.61
0.60
0.60
0.61
0.60
0.61
0.60
0.60
0.60
0.60
0.60
0.60
0.61
0.61
0.61
0.61
0.60
0.58
0.60
0.58
0.57
0.57
0.59
0.57
0.63
0.63
0.63
0.63
0.62
0.62
0.62
0.62
0.62
0.62
0.61
0.62
0.62
0.62
0.62
0.62
0.62
0.62
0.61
0.61
0.61
0.62
0.62
0.62
0.62
0.62
0.61
0.61
0.62
0.62
0.62
0.62
0.62
0.62
0.62
0.62
0.62
0.62
0.62
0.62
0.62
0.62
0.62
0.62
0.62
0.62
0.62
0.62
0.62
0.62
0.62
0.62
0.62
0.62
0.62
0.62
0.62
0.62
0.62
0.63
0.63
0.63
0.62
0.62
0.62
0.62
0.62
0.62
0.62
0.62
0.62
0.62
0.62
0.62
0.61
0.62
0.62
0.62
0.62
0.62
0.62
0.62
0.58
0.58
0.58
0.58
0.58
0.58
0.58
0.59
0.61
0.62
0.61
0.61
0.61
0.62
0.62
0.62
0.62
0.61
0.61
0.61
0.61
0.61
0.61
0.61
0.61
0.61
0.61
0.61
0.61
0.61
0.61
0.61
0.61
0.61
0.61
0.61
0.61
0.61
0.61
0.61
0.61
0.61
0.61
0.61
0.61
0.61
0.61
0.61
0.61
0.61
0.61
0.61
0.61
0.61
0.61
0.61
0.61
0.61
0.61
0.61
0.61
0.61
0.61
0.61
0.61
0.61
0.61
0.61
0.78
0.78
0.78
0.78
0.78
0.78
0.78
0.78
0.78
0.78
0.78
0.78
0.78
0.78
0.78
0.78
0.78
0.78
0.78
0.78
0.78
0.78
0.78
0.78
0.78
0.78
0.78
0.78
0.78
0.78
0.78
0.78
0.78
0.78
0.78
0.78
0.78
0.78
0.78
0.78
0.78
0.78
0.78
0.78
0.78
0.78
0.78
0.78
0.78
0.78
0.63
0.63
0.63
0.63
0.63
0.63
0.63
0.63
0.63
0.63
0.63
0.63
0.63
0.63
0.63
0.63
0.63
0.63
0.63
0.63
0.63
0.63
0.63
0.63
0.63
0.63
0.63
0.63
0.63
0.63
0.63
0.63
0.63
0.63
0.63
0.63
0.63
0.63
0.63
0.63
0.63
0.63
0.63
0.63
0.63
0.63
0.63
0.63
0.63
0.63
0.63
0.63
0.63
0.63
0.63
0.63
0.63
0.63
0.63
0.63
0.63
0.63
0.63
0.63
0.63
0.63
0.63
0.63
0.63
0.63
0.63
0.63
0.63
0.63
0.63
0.63
0.63
0.63
0.63
0.63
0.63
0.63
0.63
0.63
0.63
0.63
0.63
0.63
0.63
0.63
0.63
0.63
0.63
0.63
0.63
0.63
0.63
0.63
0.63
0.63
0.63
0.63
0.63
0.63
0.63
0.63
0.63
0.63
0.63
0.63
0.63
0.63
0.63
0.63
0.63
0.63
0.63
0.63
0.63
0.63
0.63
0.63
0.63
0.63
0.63
0.63
0.63
0.63
0.63
0.63
0.63
0.63
0.63
0.63
0.63
0.63
0.63
0.63
0.63
0.63
0.63
0.63
0.63
0.63
0.63
0.63
0.63
0.63
0.63
0.63
0.63
0.63
0.63
0.63
0.63
0.63
0.63
0.63
0.63
0.63
0.63
0.63
0.63
0.63
0.63
0.63
0.63
0.63
0.63
0.63
0.63
0.63
0.63
0.63
0.63
0.63
0.63
0.63
0.63
0.63
0.63
0.63
0.63
0.63
0.63
0.63
0.63
0.63
0.63
0.63
0.63
0.63
0.63
0.63
0.63
0.63
0.63
0.63
0.63
