0.00
0.00
0.78
0.78
0.78
0.78
0.78
0.78
0.78
0.78
0.78
0.78
0.78
0.78
0.78
0.78
0.78
0.78
0.78
0.78
0.78
0.78
0.78
0.78
0.78
0.78
0.78
0.78
0.78
0.78
0.78
0.78
0.78
0.78
0.78
0.78
0.78
0.78
0.78
0.78
0.78
0.78
0.78
0.78
0.78
0.78
0.78
0.78
0.78
0.78
0.78
0.78
0.78
0.78
0.78
0.78
0.78
0.78
0.78
0.78
0.78
0.78
0.78
0.78
0.78
0.78
0.78
0.78
0.78
0.78
0.78
0.78
0.78
0.78
0.78
0.78
0.78
0.78
0.78
0.78
0.78
0.78
0.78
0.78
0.78
0.78
0.78
0.78
0.78
0.78
0.78
0.78
0.78
0.78
0.78
0.78
0.78
0.78
0.78
0.78
0.78
0.63
0.63
0.63
0.63
0.61
0.62
0.62
0.62
0.60
0.60
0.59
0.62
0.61
0.61
0.60
0.61
0.61
0.62
0.62
0.62
0.61
0.62
0.62
0.62
0.62
0.62
0.62
0.62
0.62
0.62
0.62
0.63
0.61
0.62
0.61
0.61
0.59
0.59
0.59
0.56
0.58
0.58
0.58
0.58
0.56
0.56
0.56
0.56
0.57
0.56
0.56
0.56
0.58
0.56
0.56
0.56
0.57
0.56
0.56
0.56
0.56
0.54
0.53
0.52
0.52
0.52
0.52
0.52
0.51
0.51
0.53
0.53
0.54
0.54
0.51
0.51
0.51
0.51
0.49
0.49
0.49
0.49
0.47
0.48
0.49
0.49
0.49
0.50
0.49
0.51
0.52
0.52
0.53
0.52
0.52
0.53
0.55
0.55
0.54
0.53
0.41
0.41
0.42
0.41
0.44
0.43
0.43
0.44
0.45
0.46
0.45
0.45
0.48
0.52
0.59
0.67
0.69
0.69
0.70
0.68
0.74
0.74
0.71
0.72
0.65
0.65
0.60
0.51
0.52
0.46
0.53
0.53
0.54
0.48
0.55
0.53
0.48
0.59
0.59
0.53
0.53
0.59
0.54
0.59
0.53
0.46
0.45
0.54
0.53
0.53
0.53
0.53
0.53
0.53
0.53
0.54
0.54
0.47
0.47
0.54
0.47
0.47
0.47
0.45
0.44
0.41
0.42
0.42
0.42
0.42
0.43
0.43
0.43
0.44
0.41
0.42
0.42
0.42
0.42
0.41
0.41
0.41
0.40
0.40
0.42
0.43
0.40
0.40
0.42
0.40
0.41
0.40
0.40
0.40
0.42
0.42
0.42
0.42
0.42
0.42
0.42
0.42
0.42
0.42
0.42
0.42
0.42
0.42
0.42
0.42
0.42
0.42
0.42
0.42
0.42
0.42
0.42
0.42
0.42
0.42
0.42
0.42
0.42
0.42
0.42
0.42
0.42
0.42
0.42
0.42
0.42
0.42
0.42
0.42
0.42
0.42
0.42
0.42
0.42
0.42
0.42
0.42
0.42
0.42
0.42
0.42
0.42
0.42
0.42
0.42
0.42
0.42
0.42
0.42
0.42
0.42
0.42
0.42
0.42
0.42
0.42
0.42
0.42
0.42
0.42
0.42
0.42
0.42
0.42
0.42
0.42
0.42
0.42
0.42
0.42
0.42
0.42
0.42
0.42
0.42
0.42
0.42
0.42
0.42
0.42
0.42
0.42
0.42
0.42
0.42
0.42
0.42
0.42
0.42
0.42
0.42
0.42
0.42
0.42
0.42
0.42
0.42
0.42
0.42
0.42
0.42
0.42
0.42
0.42
0.42
0.42
0.42
0.42
0.42
0.42
0.42
0.42
0.42
0.42
0.42
0.42
0.42
0.42
0.42
0.42
0.42
0.42
0.42
0.42
0.42
0.42
0.42
0.42
0.42
0.42
0.42
0.42
0.42
0.42
0.42
0.42
0.42
0.42
0.42
0.42
0.42
0.42
0.42
0.42
0.42
0.42
0.42
0.42
0.42
0.42
0.42
0.42
0.42
0.42
0.42
0.42
0.42
0.42
0.42
0.42
0.42
0.42
0.42
0.42
0.42
0.42
0.42
0.42
0.42
0.42
0.42
0.42
0.42
0.42
0.42
0.42
0.42
0.42
0.42
0.42
0.42
0.42
0.42
0.42
0.42
0.42
0.42
0.42
0.42
0.42
0.42
0.42
0.42
0.42
