0.00
0.47
0.47
0.47
0.48
0.46
0.46
0.46
0.47
0.47
0.47
0.50
0.50
0.50
0.50
0.49
0.50
0.49
0.51
0.51
0.52
0.53
0.54
0.56
0.56
0.56
0.57
0.59
0.60
0.58
0.59
0.60
0.61
0.61
0.62
0.61
0.62
0.63
0.63
0.62
0.63
0.63
0.63
0.63
0.63
0.63
0.63
0.63
0.63
0.63
0.63
0.63
0.63
0.63
0.63
0.63
0.63
0.60
0.61
0.61
0.62
0.63
0.63
0.63
0.63
0.63
0.63
0.63
0.63
0.63
0.63
0.63
0.63
0.63
0.63
0.63
0.63
0.63
0.63
0.63
0.63
0.63
0.63
0.63
0.63
0.63
0.63
0.63
0.63
0.63
0.63
0.63
0.63
0.63
0.63
0.63
0.63
0.63
0.63
0.63
0.63
0.49
0.56
0.57
0.57
0.62
0.48
0.48
0.51
0.51
0.50
0.49
0.49
0.49
0.50
0.56
0.61
0.61
0.50
0.46
0.46
0.48
0.44
0.46
0.49
0.47
0.47
0.50
0.57
0.50
0.47
0.43
0.42
0.43
0.43
0.41
0.42
0.42
0.43
0.43
0.44
0.44
0.43
0.43
0.45
0.44
0.43
0.43
0.45
0.41
0.41
0.42
0.41
0.41
0.42
0.42
0.43
0.41
0.43
0.41
0.41
0.39
0.40
0.41
0.41
0.41
0.42
0.42
0.41
0.40
0.40
0.41
0.41
0.41
0.39
0.39
0.41
0.40
0.40
0.41
0.40
0.41
0.41
0.43
0.43
0.43
0.43
0.43
0.43
0.44
0.43
0.41
0.39
0.39
0.40
0.41
0.39
0.40
0.40
0.40
0.40
0.40
0.40
0.40
0.40
0.40
0.40
0.40
0.40
0.59
0.59
0.58
0.58
0.59
0.59
0.60
0.62
0.64
0.63
0.62
0.62
0.62
0.62
0.63
0.65
0.63
0.63
0.63
0.62
0.63
0.59
0.58
0.61
0.61
0.61
0.61
0.66
0.63
0.69
0.70
0.68
0.65
0.66
0.67
0.67
0.64
0.62
0.60
0.62
0.60
0.61
0.61
0.61
0.59
0.59
0.59
0.57
0.57
0.57
0.56
0.50
0.54
0.54
0.54
0.53
0.53
0.53
0.53
0.53
0.53
0.52
0.55
0.55
0.55
0.55
0.57
0.58
0.58
0.58
0.57
0.57
0.56
0.57
0.58
0.58
0.59
0.60
0.60
0.60
0.61
0.61
0.61
0.60
0.61
0.60
0.62
0.61
0.59
0.59
0.60
0.58
0.58
0.58
0.58
0.58
0.58
0.58
0.58
0.58
0.58
0.58
0.58
0.58
0.58
0.58
0.58
0.58
0.58
0.34
0.36
0.38
0.38
0.44
0.42
0.41
0.41
0.41
0.39
0.34
0.33
0.33
0.36
0.34
0.34
0.35
0.33
0.34
0.37
0.38
0.41
0.44
0.44
0.44
0.49
0.54
0.55
0.49
0.47
0.47
0.48
0.48
0.48
0.48
0.48
0.53
0.55
0.46
0.46
0.52
0.55
0.57
0.57
0.57
0.57
0.57
0.59
0.59
0.58
0.58
0.57
0.57
0.57
0.54
0.56
0.52
0.49
0.49
0.54
0.56
0.58
0.58
0.62
0.62
0.62
0.63
0.63
0.63
0.63
0.63
0.63
0.63
0.62
0.62
0.63
0.63
0.63
0.62
0.61
0.61
0.58
0.58
0.58
0.55
0.60
0.60
0.59
0.56
0.54
0.49
0.52
0.52
0.59
0.59
0.55
0.55
0.57
0.59
0.62
0.62
0.62
0.60
0.60
0.60
0.58
0.58
0.58
0.58
0.51
0.56
0.62
0.62
0.63
0.62
0.62
0.58
0.60
0.60
0.60
0.62
0.62
0.62
0.62
0.62
0.62
0.63
0.62
0.62
0.63
0.63
0.62
0.62
0.60
0.60
0.56
0.59
0.59
0.62
0.59
0.57
0.61
0.61
0.60
0.60
0.60
0.60
0.60
0.57
0.61
0.59
0.57
0.60
0.59
0.59
0.61
0.59
0.60
0.58
0.57
0.53
0.45
0.45
0.45
0.40
0.41
0.42
0.41
0.43
0.42
0.45
0.42
0.40
0.41
0.41
0.41
0.38
0.40
0.44
0.41
0.41
0.42
