0.00
0.00
0.78
0.78
0.78
0.78
0.78
0.78
0.78
0.78
0.78
0.78
0.78
0.78
0.78
0.78
0.78
0.78
0.78
0.78
0.78
0.78
0.78
0.78
0.78
0.78
0.78
0.78
0.78
0.78
0.78
0.78
0.78
0.78
0.78
0.78
0.78
0.78
0.78
0.78
0.79
0.79
0.79
0.79
0.79
0.79
0.79
0.80
0.81
0.80
0.80
0.80
0.80
0.80
0.80
0.80
0.80
0.80
0.80
0.80
0.81
0.81
0.81
0.81
0.82
0.81
0.81
0.81
0.81
0.82
0.82
0.82
0.82
0.81
0.82
0.82
0.83
0.82
0.81
0.81
0.82
0.83
0.84
0.84
0.84
0.84
0.84
0.84
0.84
0.83
0.84
0.84
0.84
0.83
0.84
0.81
0.84
0.81
0.81
0.79
0.83
0.78
0.78
0.78
0.78
0.78
0.78
0.78
0.78
0.78
0.78
0.78
0.78
0.78
0.78
0.78
0.78
0.78
0.78
0.78
0.78
0.78
0.78
0.78
0.78
0.78
0.78
0.78
0.78
0.78
0.78
0.78
0.78
0.78
0.78
0.78
0.78
0.78
0.78
0.78
0.78
0.78
0.78
0.78
0.78
0.78
0.78
0.78
0.78
0.78
0.78
0.78
0.78
0.78
0.78
0.78
0.78
0.78
0.78
0.78
0.78
0.78
0.78
0.78
0.78
0.78
0.78
0.78
0.78
0.78
0.78
0.78
0.78
0.78
0.78
0.78
0.78
0.78
0.78
0.78
0.78
0.78
0.78
0.78
0.78
0.78
0.78
0.78
0.78
0.78
0.78
0.77
0.64
0.62
0.62
0.67
0.56
0.45
0.40
0.44
0.52
0.52
0.52
0.52
0.54
0.54
0.56
0.56
0.54
0.52
0.54
0.55
0.54
0.51
0.50
0.48
0.45
0.46
0.47
0.45
0.46
0.46
0.45
0.45
0.46
0.45
0.45
0.45
0.45
0.46
0.48
0.48
0.49
0.50
0.53
0.53
0.53
0.52
0.49
0.48
0.53
0.53
0.53
0.54
0.51
0.53
0.55
0.55
0.55
0.54
0.56
0.54
0.50
0.52
0.51
0.51
0.52
0.52
0.52
0.54
0.54
0.57
0.55
0.55
0.55
0.55
0.57
0.56
0.56
0.56
0.56
0.60
0.57
0.58
0.57
0.58
0.59
0.59
0.58
0.58
0.59
0.57
0.57
0.59
0.58
0.58
0.60
0.59
0.60
0.61
0.60
0.61
0.60
0.61
0.61
0.61
0.60
0.59
0.59
0.58
0.59
0.51
0.48
0.45
0.46
0.47
0.47
0.45
0.45
0.43
0.43
0.41
0.44
0.41
0.42
0.41
0.40
0.43
0.44
0.46
0.48
0.45
0.46
0.45
0.45
0.43
0.44
0.44
0.42
0.42
0.40
0.40
0.40
0.37
0.37
0.39
0.39
0.40
0.41
0.43
0.43
0.45
0.45
0.48
0.48
0.45
0.45
0.45
0.45
0.43
0.45
0.45
0.45
0.44
0.44
0.44
0.41
0.42
0.43
0.45
0.45
0.45
0.45
0.45
0.45
0.46
0.47
0.46
0.46
0.46
0.46
0.44
0.43
0.43
0.43
0.42
0.42
0.44
0.46
0.45
0.45
0.49
0.48
0.48
0.50
0.52
0.50
0.50
0.50
0.52
0.50
0.49
0.49
0.52
0.52
0.52
0.48
0.45
0.45
0.42
0.43
0.43
0.39
0.41
0.44
0.45
0.43
0.42
0.39
0.42
0.39
0.42
0.42
0.42
0.41
0.45
0.45
0.47
0.44
0.44
0.45
0.44
0.45
0.45
0.44
0.44
0.42
0.40
0.42
0.42
0.41
0.41
0.39
0.37
0.36
0.32
0.33
0.33
0.36
0.36
0.36
0.36
0.35
0.35
0.36
0.36
0.36
0.37
0.36
0.36
0.41
0.39
0.39
0.37
0.40
0.40
0.41
0.40
0.39
0.40
0.40
0.40
0.40
0.38
0.38
0.35
0.34
0.38
0.37
0.38
0.40
0.40
0.38
0.39
0.38
0.38
0.38
0.36
0.36
0.34
0.36
0.35
0.32
0.32
0.32
0.32
0.32
0.33
0.36
0.34
0.33
0.34
0.33
0.33
0.33
0.33
0.37
0.37
0.36
0.38
