0.00
0.00
0.78
0.78
0.78
0.78
0.78
0.78
0.78
0.78
0.78
0.78
0.78
0.78
0.78
0.78
0.78
0.78
0.78
0.78
0.78
0.78
0.78
0.78
0.78
0.78
0.78
0.78
0.78
0.78
0.78
0.78
0.78
0.78
0.78
0.78
0.78
0.78
0.78
0.78
0.78
0.78
0.78
0.78
0.78
0.78
0.78
0.78
0.78
0.78
0.78
0.78
0.78
0.78
0.78
0.78
0.78
0.78
0.78
0.78
0.78
0.78
0.78
0.78
0.78
0.78
0.78
0.78
0.78
0.78
0.78
0.78
0.78
0.78
0.78
0.78
0.78
0.78
0.78
0.78
0.78
0.78
0.78
0.78
0.78
0.78
0.78
0.78
0.78
0.78
0.78
0.78
0.78
0.78
0.78
0.78
0.78
0.78
0.78
0.78
0.78
0.58
0.56
0.52
0.48
0.51
0.50
0.50
0.51
0.47
0.48
0.48
0.52
0.48
0.48
0.49
0.48
0.48
0.50
0.48
0.46
0.47
0.43
0.45
0.45
0.45
0.46
0.48
0.58
0.54
0.53
0.49
0.50
0.47
0.47
0.48
0.45
0.45
0.46
0.45
0.53
0.53
0.52
0.58
0.62
0.67
0.61
0.61
0.67
0.47
0.56
0.59
0.59
0.44
0.53
0.60
0.60
0.43
0.59
0.58
0.46
0.42
0.42
0.42
0.41
0.48
0.50
0.45
0.45
0.51
0.51
0.51
0.50
0.45
0.42
0.42
0.42
0.42
0.43
0.42
0.42
0.41
0.42
0.45
0.45
0.45
0.45
0.49
0.50
0.51
0.46
0.45
0.42
0.43
0.43
0.43
0.47
0.48
0.54
0.50
0.51
0.59
0.58
0.57
0.57
0.57
0.59
0.59
0.59
0.59
0.61
0.60
0.59
0.59
0.59
0.59
0.57
0.57
0.59
0.59
0.59
0.54
0.53
0.53
0.52
0.50
0.50
0.52
0.52
0.51
0.51
0.48
0.48
0.47
0.47
0.47
0.47
0.47
0.46
0.45
0.47
0.47
0.47
0.48
0.46
0.47
0.50
0.50
0.49
0.49
0.49
0.49
0.48
0.48
0.48
0.43
0.45
0.42
0.42
0.40
0.39
0.39
0.38
0.35
0.38
0.38
0.43
0.41
0.41
0.41
0.40
0.42
0.42
0.42
0.41
0.47
0.48
0.48
0.47
0.47
0.49
0.47
0.47
0.51
0.51
0.52
0.52
0.51
0.53
0.55
0.52
0.53
0.52
0.51
0.51
0.56
0.56
0.53
0.51
0.52
0.51
0.51
0.51
0.51
0.51
0.51
0.51
0.51
0.51
0.51
0.51
0.51
0.51
0.51
0.51
0.51
0.51
0.51
0.51
0.51
0.51
0.51
0.51
0.51
0.51
0.51
0.51
0.51
0.51
0.51
0.51
0.51
0.51
0.51
0.51
0.51
0.51
0.51
0.51
0.51
0.51
0.51
0.51
0.51
0.51
0.51
0.51
0.51
0.51
0.51
0.51
0.51
0.51
0.51
0.51
0.51
0.51
0.51
0.51
0.51
0.51
0.51
0.51
0.51
0.51
0.51
0.51
0.51
0.51
0.51
0.51
0.51
0.51
0.51
0.51
0.51
0.51
0.51
0.51
0.51
0.51
0.51
0.51
0.51
0.51
0.51
0.51
0.51
0.51
0.51
0.51
0.51
0.51
0.51
0.51
0.51
0.51
0.51
0.51
0.51
0.51
0.63
0.63
0.63
0.63
0.63
0.63
0.63
0.63
0.63
0.63
0.63
0.63
0.63
0.63
0.63
0.63
0.63
0.63
0.63
0.63
0.63
0.63
0.63
0.63
0.63
0.63
0.63
0.63
0.63
0.63
0.63
0.63
0.63
0.63
0.63
0.63
0.63
0.63
0.63
0.63
0.63
0.63
0.63
0.63
0.63
0.63
0.63
0.63
0.63
0.63
0.63
0.63
0.63
0.63
0.63
0.63
0.63
0.63
0.63
0.63
0.63
0.63
0.63
0.63
0.63
0.62
0.63
0.63
0.63
0.63
0.63
0.63
0.63
0.63
0.63
0.63
0.63
0.63
0.63
0.63
0.63
0.62
0.63
0.63
0.63
0.63
0.63
0.63
0.63
0.63
0.63
0.63
0.63
0.63
0.63
0.63
0.63
0.63
0.63
