0.00
0.78
0.78
0.79
0.79
0.79
0.79
0.79
0.79
0.79
0.79
0.80
0.80
0.80
0.80
0.80
0.80
0.80
0.80
0.80
0.80
0.80
0.80
0.80
0.80
0.80
0.80
0.80
0.80
0.80
0.80
0.80
0.80
0.80
0.81
0.81
0.80
0.80
0.79
0.78
0.77
0.73
0.67
0.70
0.65
0.59
0.49
0.48
0.47
0.48
0.50
0.52
0.61
0.70
0.51
0.50
0.64
0.74
0.75
0.74
0.73
0.62
0.69
0.62
0.66
0.63
0.49
0.50
0.49
0.49
0.49
0.48
0.46
0.47
0.49
0.49
0.47
0.50
0.50
0.68
0.57
0.58
0.51
0.56
0.51
0.50
0.65
0.66
0.72
0.68
0.76
0.78
0.77
0.75
0.75
0.57
0.63
0.52
0.63
0.52
0.51
0.51
0.51
0.51
0.51
0.51
0.51
0.51
0.51
0.51
0.51
0.83
0.73
0.75
0.74
0.77
0.76
0.81
0.76
0.77
0.79
0.78
0.77
0.78
0.74
0.74
0.71
0.75
0.78
0.76
0.77
0.69
0.66
0.72
0.67
0.69
0.72
0.72
0.72
0.69
0.69
0.68
0.65
0.67
0.68
0.69
0.67
0.65
0.65
0.61
0.62
0.64
0.61
0.60
0.61
0.61
0.63
0.60
0.60
0.59
0.59
0.59
0.58
0.58
0.57
0.58
0.58
0.57
0.55
0.53
0.54
0.56
0.55
0.56
0.57
0.53
0.55
0.54
0.53
0.52
0.53
0.52
0.52
0.48
0.51
0.49
0.51
0.54
0.55
0.53
0.54
0.56
0.57
0.57
0.58
0.57
0.58
0.58
0.58
0.59
0.58
0.67
0.75
0.72
0.53
0.72
0.62
0.70
0.75
0.77
0.75
0.75
0.76
0.76
0.77
0.77
0.78
0.78
0.77
0.78
0.77
0.77
0.78
0.78
0.78
0.78
0.78
0.78
0.78
0.78
0.77
0.78
0.78
0.78
0.77
0.77
0.77
0.77
0.78
0.78
0.78
0.77
0.77
0.77
0.77
0.76
0.68
0.69
0.76
0.73
0.61
0.66
0.74
0.73
0.74
0.77
0.76
0.76
0.77
0.77
0.77
0.73
0.77
0.77
0.75
0.73
0.45
0.68
0.68
0.74
0.74
0.54
0.69
0.73
0.75
0.49
0.51
0.51
0.68
0.68
0.65
0.65
0.46
0.36
0.36
0.35
0.38
0.35
0.34
0.41
0.41
0.41
0.38
0.40
0.36
0.39
0.33
0.39
0.40
0.40
0.64
0.64
0.64
0.64
0.64
0.64
0.64
0.64
0.64
0.64
0.64
0.64
0.64
0.64
0.64
0.64
0.64
0.64
0.64
0.64
0.64
0.64
0.64
0.64
0.64
0.64
0.64
0.64
0.64
0.64
0.64
0.64
0.64
0.64
0.64
0.64
0.64
0.64
0.64
0.64
0.64
0.64
0.64
0.64
0.64
0.64
0.64
0.64
0.64
0.64
0.64
0.64
0.64
0.64
0.64
0.64
0.64
0.64
0.64
0.64
0.64
0.64
0.64
0.64
0.64
0.64
0.64
0.64
0.64
0.64
0.64
0.64
0.64
0.64
0.64
0.64
0.64
0.64
0.64
0.64
0.64
0.64
0.64
0.64
0.64
0.64
0.64
0.64
0.64
0.64
0.64
0.64
0.64
0.64
0.64
0.64
0.64
0.64
0.64
0.64
0.64
0.64
0.64
0.64
0.64
0.64
0.64
0.64
0.64
0.64
0.64
0.64
0.64
0.64
0.64
0.64
0.64
0.64
0.64
0.64
0.64
0.64
0.64
0.64
0.64
0.64
0.64
0.64
0.64
0.64
0.64
0.64
0.64
0.64
0.64
0.64
0.64
0.64
0.64
0.64
0.64
0.64
0.64
0.64
0.64
0.64
0.64
0.64
0.64
0.64
0.64
0.64
0.64
0.64
0.64
0.64
0.64
0.64
0.64
0.64
0.64
0.64
0.64
0.64
0.64
0.64
0.64
0.64
0.64
0.64
0.64
0.64
0.64
0.64
0.64
0.64
0.64
0.64
0.64
0.64
0.64
0.64
0.64
0.64
0.64
0.64
0.64
0.64
0.64
0.64
0.64
0.64
0.64
0.64
0.64
0.64
0.64
0.64
0.64
0.64
