3.00 50000.00 10.00 100.00 1.00 0.01 97.32 0.92 99.05 96.76 0.96 99.10 51.77 97.55 2.09 iris_0 
4.00 50000.00 10.00 100.00 1.00 0.01 98.55 0.55 99.59 92.19 2.92 98.17 51.77 92.40 5.07 Ionosphere_0 
5.00 50000.00 10.00 100.00 1.00 0.01 97.00 0.29 97.75 98.77 0.32 99.52 49.25 94.67 5.09 Cancer_0 
6.00 50000.00 10.00 100.00 1.00 0.01 80.75 1.45 85.41 79.96 0.81 82.61 50.00 31.50 86.94 bank-additional_0 
7.00 50000.00 10.00 100.00 1.00 0.01 84.98 7.42 96.02 81.24 6.82 91.25 51.08 25.09 86.62 PenDigit_0 
8.00 50000.00 10.00 100.00 1.00 0.01 100.00 0.00 100.00 100.00 0.00 100.00 50.12 88.87 323.10 chess_0 
3.00 50000.00 10.00 300.00 1.00 0.01 97.97 2.64 99.05 96.42 9.57 100.00 51.02 97.64 1.90 iris_1 
4.00 50000.00 10.00 300.00 1.00 0.01 98.62 0.51 99.59 94.04 2.25 98.17 50.34 93.08 4.60 Ionosphere_1 
5.00 50000.00 10.00 300.00 1.00 0.01 96.92 0.26 97.75 98.85 0.33 100.00 44.27 96.95 5.15 Cancer_1 
6.00 50000.00 10.00 300.00 1.00 0.01 80.28 6.66 87.34 78.49 4.76 83.15 50.34 34.18 78.75 bank-additional_1 
7.00 50000.00 10.00 300.00 1.00 0.01 89.27 5.94 99.45 84.55 5.96 96.63 51.68 29.10 88.96 PenDigit_1 
8.00 50000.00 10.00 300.00 1.00 0.01 100.00 0.00 100.00 100.00 0.00 100.00 48.57 88.11 342.42 chess_1 
3.00 50000.00 10.00 500.00 1.00 0.01 97.23 0.81 99.05 97.34 0.84 99.19 49.43 97.69 2.15 iris_2 
4.00 50000.00 10.00 500.00 1.00 0.01 98.75 0.37 99.59 92.62 3.58 98.17 48.24 92.74 4.56 Ionosphere_2 
5.00 50000.00 10.00 500.00 1.00 0.01 97.12 0.26 97.75 98.52 0.39 99.52 51.65 94.88 5.17 Cancer_2 
6.00 50000.00 10.00 500.00 1.00 0.01 80.75 1.42 85.43 79.95 0.81 82.93 54.64 31.61 89.56 bank-additional_2 
7.00 50000.00 10.00 500.00 1.00 0.01 88.62 8.31 99.55 84.07 8.10 96.40 50.56 27.07 90.01 PenDigit_2 
