-100.0000 -100.0000
-317.4718 0.0000
-317.4198 0.0000
-315.9518 0.0000
-317.2136 0.0000
-318.4514 0.0000
-317.6195 0.0000
-316.5881 0.0000
-317.0073 0.0000
-318.5345 0.0000
-317.8713 0.0000
-318.1927 0.0000
-317.9006 0.0000
-319.3718 0.0000
-319.1765 0.0000
-319.6329 0.0000
-320.4435 0.0000
-323.4085 0.0000
-324.9977 0.0000
-325.3947 0.0000
-324.7993 0.0000
-325.8122 0.0000
-324.7502 0.0000
-326.5443 0.0000
-326.7567 0.0000
-327.7345 0.0000
-330.0624 0.0000
-331.8107 0.0000
-330.6933 0.0000
-329.6317 0.0000
-327.9901 0.0000
-328.0110 0.0000
-326.7231 0.0000
-326.9145 0.0000
-326.4642 0.0000
-323.0187 0.0000
-321.3111 0.0000
-321.4800 0.0000
-322.4290 0.0000
-322.5693 0.0000
-323.0504 0.0000
-321.8207 0.0000
-322.6685 0.0000
-323.9841 0.0000
-325.1257 0.0000
-324.2379 0.0000
-326.1645 0.0000
-325.4890 0.0000
-324.4611 0.0000
-323.4772 0.0000
-321.8958 0.0000
-321.7014 0.0000
-324.1943 0.0000
-322.7523 0.0000
-323.3329 0.0000
-322.2549 0.0000
-323.1647 0.0000
-323.3780 0.0000
-323.0282 0.0000
-323.2873 0.0000
-323.9334 0.0000
-323.7243 0.0000
-322.2733 0.0000
-322.3956 0.0000
-323.4534 0.0000
-323.6814 0.0000
-322.7084 0.0000
-322.4976 0.0000
-323.5438 0.0000
-323.9785 0.0000
-325.6349 0.0000
-327.2834 0.0000
-327.2886 0.0000
-329.1439 0.0000
-327.6894 0.0000
-328.2243 0.0000
-328.2555 0.0000
-329.5905 0.0000
-328.8160 0.0000
-326.9496 0.0000
-329.2280 0.0000
-329.5929 0.0000
-329.9932 0.0000
-329.5397 0.0000
-329.3413 0.0000
-330.2915 0.0000
-331.4158 0.0000
-334.1050 0.0000
-330.5687 0.0000
-331.8755 0.0000
-332.2162 0.0000
-332.3243 0.0000
-331.9190 0.0000
-328.6999 0.0000
-330.5323 0.0000
-333.0425 0.0000
-332.4150 0.0000
-332.0631 0.0000
-333.4075 0.0000
-330.8312 0.0000
-331.4247 0.0000
-377.9167 0.0000
-375.9081 0.0000
-372.9535 0.0000
-376.5638 0.0000
-374.9692 0.0000
-374.7260 0.0000
-375.9726 0.0000
-374.6062 0.0000
-373.1671 0.0000
-375.1244 0.0000
-374.6166 0.0000
-376.1049 0.0000
-376.3724 0.0000
-374.6840 0.0000
-375.2847 0.0000
-376.4216 0.0000
-373.9974 0.0000
-375.1831 0.0000
-376.6490 0.0000
-375.5140 0.0000
-373.9396 0.0000
-376.8361 0.0000
-375.9516 0.0000
-376.7218 0.0000
-374.5227 0.0000
-373.0631 0.0000
-375.9675 0.0000
-375.3771 0.0000
-377.1749 0.0000
-375.4895 0.0000
-374.1416 0.0000
-373.5564 0.0000
-375.7458 0.0000
-376.8074 0.0000
-374.7667 0.0000
-375.1977 0.0000
-376.1545 0.0000
-374.8595 0.0000
-376.5918 0.0000
-376.1606 0.0000
-375.3653 0.0000
-378.6715 0.0000
-374.9224 0.0000
-375.7315 0.0000
-375.6340 0.0000
-374.5836 0.0000
-373.3567 0.0000
-376.6034 0.0000
-375.8156 0.0000
-374.7638 0.0000
-376.8603 0.0000
-376.1987 0.0000
-375.7045 0.0000
-377.1183 0.0000
-375.9169 0.0000
-377.6060 0.0000
-376.7123 0.0000
-375.3508 0.0000
-376.9971 0.0000
-374.9321 0.0000
-376.9432 0.0000
-376.3287 0.0000
-374.0291 0.0000
-378.1313 0.0000
-377.0483 0.0000
-375.7315 0.0000
-376.2948 0.0000
-374.2757 0.0000
-377.0960 0.0000
-376.5040 0.0000
-376.0910 0.0000
-375.3411 0.0000
-377.5436 0.0000
-375.6485 0.0000
-375.5937 0.0000
-376.1980 0.0000
-375.9470 0.0000
-375.4250 0.0000
-376.8964 0.0000
-374.7648 0.0000
-377.1779 0.0000
-376.5976 0.0000
-375.5972 0.0000
-377.1898 0.0000
-375.7805 0.0000
-373.2494 0.0000
-376.8858 0.0000
-376.4766 0.0000
-375.3995 0.0000
-375.6780 0.0000
-375.1874 0.0000
-376.6802 0.0000
-378.3987 0.0000
-378.6085 0.0000
-379.3835 0.0000
-382.0478 0.0000
-383.8418 0.0000
-383.4302 0.0000
-385.2789 0.0000
-386.3895 0.0000
-309.6743 0.0000
-309.5131 0.0000
-309.8294 0.0000
-308.8223 0.0000
-307.4327 0.0000
-305.5694 0.0000
-304.6532 0.0000
-303.9529 0.0000
-304.7367 0.0000
-303.2689 0.0000
-301.5918 0.0000
-299.4919 0.0000
-300.3773 0.0000
-302.1016 0.0000
-302.8130 0.0000
-304.7558 0.0000
-302.3859 0.0000
-304.2447 0.0000
-303.8554 0.0000
-303.9225 0.0000
-303.8775 0.0000
-304.5123 0.0000
-305.2775 0.0000
-306.7294 0.0000
-307.2949 0.0000
-307.4854 0.0000
-308.1395 0.0000
-307.8673 0.0000
-306.8467 0.0000
-307.7077 0.0000
-306.8783 0.0000
-305.3919 0.0000
-305.6527 0.0000
-305.7835 0.0000
-307.1088 0.0000
-303.8988 0.0000
-305.2453 0.0000
-304.6654 0.0000
-306.3950 0.0000
-305.5714 0.0000
-305.1388 0.0000
-306.9869 0.0000
-309.0076 0.0000
-309.9590 0.0000
-310.8477 0.0000
-309.6649 0.0000
-310.8594 0.0000
-311.3960 0.0000
-310.3899 0.0000
-310.6792 0.0000
-313.2512 0.0000
-310.9523 0.0000
-309.7017 0.0000
-309.9348 0.0000
-309.8077 0.0000
-309.8587 0.0000
-310.2705 0.0000
-309.8586 0.0000
-309.7708 0.0000
-309.2245 0.0000
-307.9697 0.0000
-306.6671 0.0000
-306.6451 0.0000
-307.3749 0.0000
-306.7737 0.0000
-307.3886 0.0000
-306.7397 0.0000
-306.0447 0.0000
-307.8489 0.0000
-306.4573 0.0000
-307.0610 0.0000
-308.6645 0.0000
-305.3018 0.0000
-306.9030 0.0000
-305.0973 0.0000
-303.1912 0.0000
-302.9284 0.0000
-303.4164 0.0000
-303.7329 0.0000
-302.2331 0.0000
-301.5865 0.0000
-301.4126 0.0000
-301.9999 0.0000
-301.9879 0.0000
-301.7498 0.0000
-301.5052 0.0000
-301.6233 0.0000
-301.7049 0.0000
-303.4523 0.0000
-302.0425 0.0000
-302.2335 0.0000
-302.0127 0.0000
-302.1868 0.0000
-302.0549 0.0000
-302.1035 0.0000
-302.0335 0.0000
-302.5197 0.0000
-302.3060 0.0000
-302.6002 0.0000
-302.3341 0.0000
-318.9954 0.0000
-318.9491 0.0000
-318.6411 0.0000
-318.7269 0.0000
-317.9737 0.0000
-318.9301 0.0000
-319.4549 0.0000
-317.2378 0.0000
-319.3849 0.0000
-318.2839 0.0000
-318.2939 0.0000
-319.2137 0.0000
-318.6094 0.0000
-317.6275 0.0000
-319.4050 0.0000
-318.2747 0.0000
-318.4187 0.0000
-317.6106 0.0000
-317.8322 0.0000
-319.5483 0.0000
-319.6957 0.0000
-319.5573 0.0000
-318.9550 0.0000
-318.7321 0.0000
-317.9153 0.0000
-317.7021 0.0000
-318.4279 0.0000
-318.5311 0.0000
-319.1340 0.0000
-317.9433 0.0000
-319.8540 0.0000
-319.2305 0.0000
-317.2145 0.0000
-317.7156 0.0000
-317.4313 0.0000
-318.2060 0.0000
-318.7020 0.0000
-318.2782 0.0000
-319.0554 0.0000
-319.5970 0.0000
-318.5850 0.0000
-317.6653 0.0000
-317.2874 0.0000
-317.4660 0.0000
-318.5453 0.0000
-318.8150 0.0000
-318.0079 0.0000
-319.8579 0.0000
-318.7279 0.0000
-317.0861 0.0000
-319.4104 0.0000
-318.4556 0.0000
-318.1642 0.0000
-318.2989 0.0000
-318.7793 0.0000
-318.6366 0.0000
-318.1002 0.0000
-318.2030 0.0000
-318.9966 0.0000
-318.1566 0.0000
-318.5689 0.0000
-320.2718 0.0000
-319.5399 0.0000
-317.8111 0.0000
-318.9131 0.0000
-316.9985 0.0000
-319.1783 0.0000
-318.2952 0.0000
-317.6170 0.0000
-318.6185 0.0000
-318.1513 0.0000
-318.5456 0.0000
-319.1134 0.0000
-318.8643 0.0000
-318.5401 0.0000
-318.5221 0.0000
-318.5764 0.0000
-318.9859 0.0000
-318.8140 0.0000
-318.8934 0.0000
-317.6612 0.0000
-317.9392 0.0000
-317.8564 0.0000
-317.9877 0.0000
-318.4653 0.0000
-318.0007 0.0000
-318.9920 0.0000
-318.5694 0.0000
-319.6715 0.0000
-319.3381 0.0000
-319.6240 0.0000
-318.8677 0.0000
-317.1361 0.0000
-318.5028 0.0000
-318.5730 0.0000
-318.2282 0.0000
-317.1203 0.0000
-316.2883 0.0000
-318.5642 0.0000
-318.7937 0.0000
-358.5411 0.0000
-357.5665 0.0000
-357.3287 0.0000
-358.7139 0.0000
-359.1783 0.0000
-356.0948 0.0000
-358.1919 0.0000
-358.3866 0.0000
-357.3756 0.0000
-357.6137 0.0000
-357.7026 0.0000
-358.0225 0.0000
-358.7899 0.0000
-359.1743 0.0000
-358.7652 0.0000
-358.2685 0.0000
-356.3952 0.0000
-358.9095 0.0000
-356.7919 0.0000
-357.9524 0.0000
-357.2339 0.0000
-356.8827 0.0000
-358.1272 0.0000
-357.3737 0.0000
-358.5126 0.0000
-357.1418 0.0000
-358.3566 0.0000
-359.5733 0.0000
-358.2412 0.0000
-358.3829 0.0000
-358.0373 0.0000
-357.9789 0.0000
-357.6600 0.0000
-358.7048 0.0000
-357.2031 0.0000
-357.8879 0.0000
-358.9050 0.0000
-357.3130 0.0000
-358.4624 0.0000
-358.4628 0.0000
-358.6711 0.0000
-359.9851 0.0000
-359.4613 0.0000
-358.2947 0.0000
-359.7943 0.0000
-358.0921 0.0000
-359.5276 0.0000
-356.8926 0.0000
-359.1573 0.0000
-356.6937 0.0000
-359.3053 0.0000
-357.2869 0.0000
-359.0125 0.0000
-358.2973 0.0000
-360.9470 0.0000
-357.4388 0.0000
-358.9349 0.0000
-356.8934 0.0000
-358.3475 0.0000
-357.4578 0.0000
-357.5801 0.0000
-357.6529 0.0000
-358.7715 0.0000
-357.9039 0.0000
-359.8507 0.0000
-357.2262 0.0000
-357.1020 0.0000
-358.0657 0.0000
-359.1187 0.0000
-357.4725 0.0000
-356.2733 0.0000
-359.8760 0.0000
-357.8233 0.0000
-356.9954 0.0000
-358.6249 0.0000
-357.6767 0.0000
-357.6068 0.0000
-356.7470 0.0000
-358.9961 0.0000
-358.6046 0.0000
-358.6325 0.0000
-359.3318 0.0000
-358.2179 0.0000
-357.2109 0.0000
-356.6729 0.0000
-358.1835 0.0000
-358.0263 0.0000
-358.0135 0.0000
-358.6257 0.0000
-359.3451 0.0000
-358.9698 0.0000
-357.6319 0.0000
-357.6200 0.0000
-358.2917 0.0000
-357.5957 0.0000
-358.0148 0.0000
-357.6152 0.0000
-359.1320 0.0000
-356.3786 0.0000
