-100.0000 -100.0000
-342.2684 0.0000
-341.5654 0.0000
-339.5285 0.0000
-340.6985 0.0000
-340.4941 0.0000
-338.6581 0.0000
-338.3625 0.0000
-339.1198 0.0000
-339.1303 0.0000
-338.5043 0.0000
-339.2515 0.0000
-339.2586 0.0000
-339.7033 0.0000
-339.0513 0.0000
-339.2235 0.0000
-337.9266 0.0000
-339.4320 0.0000
-338.9917 0.0000
-338.3280 0.0000
-338.5263 0.0000
-338.3053 0.0000
-339.2221 0.0000
-339.8348 0.0000
-339.8985 0.0000
-340.4319 0.0000
-341.0648 0.0000
-341.9773 0.0000
-340.9417 0.0000
-339.6966 0.0000
-337.8721 0.0000
-338.3321 0.0000
-337.3557 0.0000
-337.1396 0.0000
-337.1601 0.0000
-335.4380 0.0000
-335.7533 0.0000
-335.6212 0.0000
-336.4219 0.0000
-336.2121 0.0000
-336.5253 0.0000
-336.4686 0.0000
-337.1367 0.0000
-337.7659 0.0000
-337.8250 0.0000
-337.4205 0.0000
-336.4071 0.0000
-336.8353 0.0000
-336.1456 0.0000
-336.7815 0.0000
-337.5757 0.0000
-337.7651 0.0000
-339.3221 0.0000
-338.8679 0.0000
-339.4692 0.0000
-339.4944 0.0000
-339.8640 0.0000
-339.1640 0.0000
-338.3017 0.0000
-338.7281 0.0000
-338.0450 0.0000
-337.0689 0.0000
-337.4160 0.0000
-337.8291 0.0000
-339.1902 0.0000
-337.7060 0.0000
-338.0945 0.0000
-336.5673 0.0000
-336.6533 0.0000
-336.7553 0.0000
-336.6367 0.0000
-337.7913 0.0000
-336.9962 0.0000
-337.3586 0.0000
-336.1443 0.0000
-336.8844 0.0000
-335.9415 0.0000
-336.3011 0.0000
-335.8709 0.0000
-336.0971 0.0000
-336.1569 0.0000
-336.0338 0.0000
-335.9567 0.0000
-336.8334 0.0000
-338.0477 0.0000
-337.5342 0.0000
-337.1753 0.0000
-338.7320 0.0000
-338.6543 0.0000
-338.5173 0.0000
-339.7242 0.0000
-338.3518 0.0000
-337.6679 0.0000
-337.7101 0.0000
-339.0040 0.0000
-336.4313 0.0000
-336.0293 0.0000
-336.2491 0.0000
-336.2463 0.0000
-337.2153 0.0000
-336.7532 0.0000
-342.6362 0.0000
-343.2513 0.0000
-341.7699 0.0000
-341.8941 0.0000
-342.2105 0.0000
-343.0229 0.0000
-341.9234 0.0000
-341.8668 0.0000
-341.9064 0.0000
-342.9217 0.0000
-341.6091 0.0000
-342.1658 0.0000
-342.9798 0.0000
-341.8866 0.0000
-342.9940 0.0000
-343.0686 0.0000
-342.4118 0.0000
-342.7469 0.0000
-343.1903 0.0000
-343.6519 0.0000
-342.7869 0.0000
-342.9799 0.0000
-342.2276 0.0000
-342.0343 0.0000
-342.2860 0.0000
-340.8261 0.0000
-341.0719 0.0000
-340.5204 0.0000
-340.8998 0.0000
-341.7513 0.0000
-341.3338 0.0000
-339.9333 0.0000
-339.8212 0.0000
-339.5755 0.0000
-339.9803 0.0000
-340.5039 0.0000
-340.3303 0.0000
-340.2511 0.0000
-340.4528 0.0000
-340.1791 0.0000
-340.5486 0.0000
-340.9390 0.0000
-341.0195 0.0000
-341.0506 0.0000
-340.8377 0.0000
-341.4803 0.0000
-340.8829 0.0000
-340.8264 0.0000
-339.8080 0.0000
-339.6752 0.0000
-340.2379 0.0000
-339.8859 0.0000
-340.0274 0.0000
-340.9443 0.0000
-340.7663 0.0000
-341.1061 0.0000
-341.6609 0.0000
-341.1681 0.0000
-341.7876 0.0000
-340.9319 0.0000
-340.3652 0.0000
-340.4770 0.0000
-340.4006 0.0000
-341.0752 0.0000
-340.7978 0.0000
-341.0173 0.0000
-340.0776 0.0000
-339.9721 0.0000
-339.4594 0.0000
-340.2250 0.0000
-339.4378 0.0000
-339.4760 0.0000
-340.1072 0.0000
-340.3067 0.0000
-340.6399 0.0000
-340.5306 0.0000
-341.5291 0.0000
-340.9056 0.0000
-341.3212 0.0000
-341.1509 0.0000
-341.6436 0.0000
-342.1434 0.0000
-341.8614 0.0000
-342.4877 0.0000
-342.6301 0.0000
-341.6881 0.0000
-342.3337 0.0000
-341.9957 0.0000
-342.2731 0.0000
-342.8739 0.0000
-342.2247 0.0000
-342.7504 0.0000
-342.6305 0.0000
-342.8501 0.0000
-342.9115 0.0000
-343.4687 0.0000
-344.0568 0.0000
-344.3818 0.0000
-343.6900 0.0000
-344.6625 0.0000
-351.7541 0.0000
-350.4120 0.0000
-351.7175 0.0000
-349.0560 0.0000
-350.3752 0.0000
-349.5301 0.0000
-350.0869 0.0000
-351.9536 0.0000
-351.6361 0.0000
-349.8251 0.0000
-350.6653 0.0000
-348.2847 0.0000
-351.8645 0.0000
-351.3767 0.0000
-351.2994 0.0000
-351.3928 0.0000
-351.0929 0.0000
-351.2313 0.0000
-350.8727 0.0000
-351.7491 0.0000
-349.6062 0.0000
-351.2871 0.0000
-351.1413 0.0000
-350.7897 0.0000
-351.2564 0.0000
-352.0557 0.0000
-352.2074 0.0000
-350.6298 0.0000
-349.4055 0.0000
-350.3013 0.0000
-349.0646 0.0000
-348.0010 0.0000
-349.1137 0.0000
-348.1733 0.0000
-349.5908 0.0000
-348.7226 0.0000
-349.3338 0.0000
-348.2287 0.0000
-347.9697 0.0000
-347.9198 0.0000
-347.5004 0.0000
-349.1855 0.0000
-348.4523 0.0000
-348.6981 0.0000
-349.5374 0.0000
-348.4883 0.0000
-348.6494 0.0000
-349.3286 0.0000
-347.8607 0.0000
-349.2117 0.0000
-349.3070 0.0000
-348.9620 0.0000
-348.8438 0.0000
-349.1247 0.0000
-349.3726 0.0000
-348.7326 0.0000
-348.7239 0.0000
-348.3316 0.0000
-348.3126 0.0000
-347.0302 0.0000
-346.8848 0.0000
-347.2309 0.0000
-346.4961 0.0000
-346.4499 0.0000
-347.4798 0.0000
-346.3157 0.0000
-345.5839 0.0000
-345.5118 0.0000
-346.4115 0.0000
-346.4085 0.0000
-344.9453 0.0000
-344.8487 0.0000
-345.4306 0.0000
-345.3893 0.0000
-345.2065 0.0000
-343.8152 0.0000
-343.0922 0.0000
-342.5459 0.0000
-342.6543 0.0000
-342.7338 0.0000
-342.7167 0.0000
-342.5261 0.0000
-343.6234 0.0000
-341.2685 0.0000
-341.2691 0.0000
-341.1085 0.0000
-340.7194 0.0000
-341.2547 0.0000
-341.7844 0.0000
-341.8965 0.0000
-340.9419 0.0000
-341.4215 0.0000
-340.8728 0.0000
-341.3249 0.0000
-340.5742 0.0000
-339.4682 0.0000
-340.4450 0.0000
-338.7516 0.0000
-338.2005 0.0000
-337.7564 0.0000
-308.8535 0.0000
-309.4236 0.0000
-310.0030 0.0000
-310.3788 0.0000
-310.5953 0.0000
-311.4959 0.0000
-310.9015 0.0000
-310.9834 0.0000
-311.5615 0.0000
-310.6523 0.0000
-310.7486 0.0000
-309.8790 0.0000
-310.2862 0.0000
-310.9294 0.0000
-311.0033 0.0000
-310.6637 0.0000
-311.3510 0.0000
-311.6143 0.0000
-312.4386 0.0000
-311.4425 0.0000
-312.4171 0.0000
-311.8478 0.0000
-310.9455 0.0000
-310.9820 0.0000
-311.8377 0.0000
-312.3670 0.0000
-311.2325 0.0000
-311.3827 0.0000
-312.8116 0.0000
-310.7659 0.0000
-311.8396 0.0000
-311.1294 0.0000
-310.9180 0.0000
-311.8014 0.0000
-311.1319 0.0000
-311.6633 0.0000
-310.9878 0.0000
-311.7145 0.0000
-311.2952 0.0000
-311.0228 0.0000
-310.3802 0.0000
-310.2839 0.0000
-310.2631 0.0000
-310.1530 0.0000
-310.9202 0.0000
-311.3282 0.0000
-311.6557 0.0000
-311.5178 0.0000
-311.3087 0.0000
-311.8817 0.0000
-311.4491 0.0000
-311.4889 0.0000
-311.4771 0.0000
-311.2341 0.0000
-310.7916 0.0000
-309.4561 0.0000
-309.1039 0.0000
-308.9232 0.0000
-309.3403 0.0000
-308.7040 0.0000
-308.3101 0.0000
-308.9013 0.0000
-307.8615 0.0000
-307.9720 0.0000
-308.0272 0.0000
-307.8251 0.0000
-308.2661 0.0000
-307.7083 0.0000
-306.9849 0.0000
-306.2308 0.0000
-306.9342 0.0000
-305.9105 0.0000
-306.0011 0.0000
-306.2112 0.0000
-305.5496 0.0000
-305.5730 0.0000
-305.2203 0.0000
-304.6307 0.0000
-304.5685 0.0000
-304.5791 0.0000
-303.7550 0.0000
-303.2863 0.0000
-302.5589 0.0000
-303.2361 0.0000
-303.2515 0.0000
-303.6997 0.0000
-303.2507 0.0000
-303.0201 0.0000
-303.4250 0.0000
-303.1035 0.0000
-302.5344 0.0000
-301.9367 0.0000
-302.4548 0.0000
-301.7578 0.0000
-301.9398 0.0000
-302.1737 0.0000
-302.6473 0.0000
-301.1621 0.0000
-301.1712 0.0000
-301.9306 0.0000
-337.9816 0.0000
-337.6659 0.0000
-337.5133 0.0000
-337.6247 0.0000
-338.4577 0.0000
-337.5887 0.0000
-337.4875 0.0000
-338.2270 0.0000
-339.3575 0.0000
-337.5404 0.0000
-337.7832 0.0000
-336.9906 0.0000
-338.0975 0.0000
-337.9525 0.0000
-337.9766 0.0000
-339.3594 0.0000
-336.9867 0.0000
-336.8001 0.0000
-337.8135 0.0000
-337.6051 0.0000
-337.5322 0.0000
-337.6589 0.0000
-338.0990 0.0000
-338.3271 0.0000
-338.2556 0.0000
-336.7978 0.0000
-337.1529 0.0000
-338.2899 0.0000
-337.7837 0.0000
-337.9676 0.0000
-336.9507 0.0000
-337.8796 0.0000
-337.9156 0.0000
-337.9107 0.0000
-337.9090 0.0000
-337.9416 0.0000
-337.4941 0.0000
-338.1528 0.0000
-339.0316 0.0000
-337.8578 0.0000
-338.0006 0.0000
-338.2398 0.0000
-337.3840 0.0000
-337.8487 0.0000
-337.6057 0.0000
-337.8902 0.0000
-338.5566 0.0000
-336.7590 0.0000
-338.0899 0.0000
-337.0379 0.0000
-337.6142 0.0000
-337.4838 0.0000
-337.3750 0.0000
-338.2072 0.0000
-338.2050 0.0000
-337.9281 0.0000
-337.5855 0.0000
-336.9600 0.0000
-337.6643 0.0000
-338.0283 0.0000
-337.7534 0.0000
-338.2672 0.0000
-337.1703 0.0000
-337.7146 0.0000
-338.0910 0.0000
-337.0071 0.0000
-337.6752 0.0000
-338.0876 0.0000
-338.0489 0.0000
-338.2236 0.0000
-337.3327 0.0000
-337.7434 0.0000
-337.5129 0.0000
-337.8341 0.0000
-338.3233 0.0000
-338.0750 0.0000
-338.3978 0.0000
-337.5225 0.0000
-337.7141 0.0000
-338.4360 0.0000
-337.3543 0.0000
-338.6052 0.0000
-337.7431 0.0000
-337.9152 0.0000
-337.2254 0.0000
-337.4142 0.0000
-338.0479 0.0000
-337.4129 0.0000
-337.9832 0.0000
-338.1391 0.0000
-338.1760 0.0000
-337.9651 0.0000
-337.1884 0.0000
-337.5508 0.0000
-338.2137 0.0000
-338.0057 0.0000
-338.3417 0.0000
-338.3768 0.0000
-337.4995 0.0000
