-100.0000 -100.0000
-346.4597 0.0000
-346.0556 0.0000
-346.1418 0.0000
-346.8241 0.0000
-346.4807 0.0000
-345.8197 0.0000
-346.0100 0.0000
-346.4534 0.0000
-346.1905 0.0000
-345.5470 0.0000
-345.2384 0.0000
-344.9502 0.0000
-345.6603 0.0000
-345.9705 0.0000
-346.8509 0.0000
-347.3610 0.0000
-348.4159 0.0000
-348.9469 0.0000
-349.2648 0.0000
-348.2026 0.0000
-347.2262 0.0000
-347.1846 0.0000
-347.8142 0.0000
-348.8418 0.0000
-349.2999 0.0000
-350.6626 0.0000
-351.8097 0.0000
-352.6858 0.0000
-350.9245 0.0000
-350.0828 0.0000
-350.3663 0.0000
-348.9472 0.0000
-349.3967 0.0000
-349.6160 0.0000
-347.9863 0.0000
-348.7991 0.0000
-348.9823 0.0000
-350.7272 0.0000
-349.5911 0.0000
-349.8170 0.0000
-349.1216 0.0000
-350.5633 0.0000
-351.1564 0.0000
-352.1437 0.0000
-351.5734 0.0000
-352.8401 0.0000
-352.6408 0.0000
-351.6216 0.0000
-351.8023 0.0000
-350.3102 0.0000
-351.0627 0.0000
-353.3635 0.0000
-351.4347 0.0000
-353.1121 0.0000
-351.3599 0.0000
-351.5698 0.0000
-352.2011 0.0000
-352.8311 0.0000
-351.4442 0.0000
-352.4009 0.0000
-351.4684 0.0000
-350.0999 0.0000
-350.4984 0.0000
-351.9112 0.0000
-350.2599 0.0000
-349.4661 0.0000
-349.4929 0.0000
-350.2763 0.0000
-350.3234 0.0000
-350.6037 0.0000
-351.2545 0.0000
-350.9366 0.0000
-351.6751 0.0000
-349.9695 0.0000
-350.2886 0.0000
-349.8196 0.0000
-350.3067 0.0000
-349.8108 0.0000
-349.3661 0.0000
-351.2230 0.0000
-350.9363 0.0000
-351.8375 0.0000
-350.8896 0.0000
-349.3573 0.0000
-351.0943 0.0000
-351.7108 0.0000
-353.0912 0.0000
-351.9714 0.0000
-352.7437 0.0000
-353.6965 0.0000
-353.8675 0.0000
-354.7195 0.0000
-351.8071 0.0000
-352.8556 0.0000
-354.6228 0.0000
-352.2912 0.0000
-351.2832 0.0000
-352.2195 0.0000
-349.8467 0.0000
-349.7704 0.0000
-342.1294 0.0000
-342.7152 0.0000
-340.9454 0.0000
-340.7836 0.0000
-339.5910 0.0000
-341.3903 0.0000
-340.7393 0.0000
-341.1974 0.0000
-339.0224 0.0000
-340.4862 0.0000
-340.0661 0.0000
-338.3208 0.0000
-337.5306 0.0000
-337.8898 0.0000
-339.5459 0.0000
-337.9983 0.0000
-337.6633 0.0000
-337.7870 0.0000
-337.7305 0.0000
-337.5701 0.0000
-336.9499 0.0000
-338.8524 0.0000
-337.6637 0.0000
-338.7386 0.0000
-339.5946 0.0000
-337.8687 0.0000
-338.8216 0.0000
-337.8131 0.0000
-339.4223 0.0000
-337.4969 0.0000
-335.8163 0.0000
-334.5503 0.0000
-335.6132 0.0000
-336.2743 0.0000
-336.6838 0.0000
-337.2849 0.0000
-336.1691 0.0000
-334.8304 0.0000
-335.0572 0.0000
-334.7415 0.0000
-334.1697 0.0000
-335.5552 0.0000
-335.2471 0.0000
-335.7956 0.0000
-335.4992 0.0000
-336.1803 0.0000
-336.0087 0.0000
-336.1550 0.0000
-336.8972 0.0000
-335.7420 0.0000
-336.1564 0.0000
-335.7752 0.0000
-336.2353 0.0000
-336.8079 0.0000
-336.8741 0.0000
-337.4864 0.0000
-338.5423 0.0000
-337.5839 0.0000
-337.9164 0.0000
-336.7908 0.0000
-336.1868 0.0000
-336.3897 0.0000
-337.2117 0.0000
-338.4978 0.0000
-339.4987 0.0000
-341.3359 0.0000
-341.2430 0.0000
-340.2639 0.0000
-339.6445 0.0000
-340.2647 0.0000
-340.4906 0.0000
-339.1641 0.0000
-340.7773 0.0000
-338.1089 0.0000
-338.1341 0.0000
-337.7436 0.0000
-338.6078 0.0000
-337.8476 0.0000
-337.8525 0.0000
-335.9063 0.0000
-337.4860 0.0000
-336.5965 0.0000
-335.8238 0.0000
-336.5502 0.0000
-336.6068 0.0000
-333.8997 0.0000
-334.9167 0.0000
-335.4873 0.0000
-335.2510 0.0000
-335.3801 0.0000
-335.1697 0.0000
-336.8772 0.0000
-335.1780 0.0000
-334.8363 0.0000
-334.5424 0.0000
-336.7407 0.0000
-336.4593 0.0000
-336.0555 0.0000
-335.7964 0.0000
-337.1226 0.0000
-370.9791 0.0000
-370.9908 0.0000
-371.2334 0.0000
-370.2602 0.0000
-368.7363 0.0000
-369.0928 0.0000
-369.0962 0.0000
-371.2200 0.0000
-371.6155 0.0000
-370.2699 0.0000
-369.3702 0.0000
-368.3874 0.0000
-370.9823 0.0000
-370.6456 0.0000
-370.3786 0.0000
-369.5036 0.0000
-370.0773 0.0000
-369.3620 0.0000
-369.5898 0.0000
-370.3586 0.0000
-370.1397 0.0000
-370.0381 0.0000
-371.6907 0.0000
-371.1207 0.0000
-370.2641 0.0000
-371.2675 0.0000
-369.2813 0.0000
-369.8397 0.0000
-370.2065 0.0000
-371.2618 0.0000
-370.8081 0.0000
-369.5725 0.0000
-369.9856 0.0000
-370.3193 0.0000
-371.1698 0.0000
-371.0501 0.0000
-370.2670 0.0000
-369.6172 0.0000
-368.9845 0.0000
-368.9168 0.0000
-373.1901 0.0000
-371.6493 0.0000
-371.1841 0.0000
-371.5559 0.0000
-369.7884 0.0000
-367.9059 0.0000
-369.1766 0.0000
-369.9936 0.0000
-370.1006 0.0000
-370.5030 0.0000
-370.0160 0.0000
-370.7817 0.0000
-369.4841 0.0000
-369.2001 0.0000
-368.7305 0.0000
-367.6724 0.0000
-366.7801 0.0000
-367.1281 0.0000
-368.0710 0.0000
-366.3036 0.0000
-365.9742 0.0000
-364.3630 0.0000
-363.2575 0.0000
-365.1234 0.0000
-364.9369 0.0000
-363.6858 0.0000
-363.5591 0.0000
-362.0812 0.0000
-363.1481 0.0000
-363.8121 0.0000
-363.6973 0.0000
-364.7296 0.0000
-363.3021 0.0000
-365.6569 0.0000
-363.9067 0.0000
-363.8054 0.0000
-362.6749 0.0000
-360.3522 0.0000
-360.9370 0.0000
-360.4610 0.0000
-360.8442 0.0000
-360.8329 0.0000
-363.1581 0.0000
-360.2995 0.0000
-360.4933 0.0000
-360.8290 0.0000
-361.6983 0.0000
-362.2846 0.0000
-361.6345 0.0000
-360.4350 0.0000
-360.1627 0.0000
-361.3686 0.0000
-360.5930 0.0000
-361.0067 0.0000
-358.7215 0.0000
-357.8615 0.0000
-357.2482 0.0000
-357.4525 0.0000
-356.3301 0.0000
-354.7724 0.0000
-316.1934 0.0000
-315.9975 0.0000
-316.8401 0.0000
-316.2818 0.0000
-317.1525 0.0000
-316.4339 0.0000
-316.6849 0.0000
-316.4114 0.0000
-317.6170 0.0000
-316.2050 0.0000
-315.8807 0.0000
-316.5107 0.0000
-316.2681 0.0000
-316.7133 0.0000
-317.0589 0.0000
-317.3510 0.0000
-317.9417 0.0000
-317.3593 0.0000
-318.1868 0.0000
-318.0723 0.0000
-317.1135 0.0000
-316.5628 0.0000
-316.2288 0.0000
-316.4408 0.0000
-316.3557 0.0000
-316.4419 0.0000
-316.2172 0.0000
-316.3134 0.0000
-316.8516 0.0000
-315.9857 0.0000
-316.8447 0.0000
-317.3056 0.0000
-317.5969 0.0000
-317.3449 0.0000
-316.9905 0.0000
-316.5984 0.0000
-317.2202 0.0000
-315.9135 0.0000
-315.8123 0.0000
-316.1153 0.0000
-316.5133 0.0000
-317.1110 0.0000
-316.8784 0.0000
-317.1013 0.0000
-316.9040 0.0000
-317.0264 0.0000
-317.3971 0.0000
-316.9703 0.0000
-316.8050 0.0000
-317.3849 0.0000
-316.6225 0.0000
-316.1657 0.0000
-316.4788 0.0000
-317.1134 0.0000
-316.0638 0.0000
-316.1201 0.0000
-315.7985 0.0000
-316.4412 0.0000
-315.8592 0.0000
-316.2387 0.0000
-316.4966 0.0000
-316.0740 0.0000
-317.5047 0.0000
-316.3302 0.0000
-315.8027 0.0000
-315.6335 0.0000
-315.4465 0.0000
-315.2377 0.0000
-315.1285 0.0000
-315.8299 0.0000
-316.7228 0.0000
-316.7283 0.0000
-316.2020 0.0000
-316.3494 0.0000
-316.7434 0.0000
-316.8367 0.0000
-317.7772 0.0000
-316.8924 0.0000
-316.3897 0.0000
-315.9987 0.0000
-315.4970 0.0000
-315.7511 0.0000
-315.3186 0.0000
-315.6362 0.0000
-315.5242 0.0000
-315.5399 0.0000
-315.5551 0.0000
-315.5906 0.0000
-315.9476 0.0000
-316.3117 0.0000
-316.0702 0.0000
-317.0494 0.0000
-318.5367 0.0000
-317.4101 0.0000
-317.3437 0.0000
-318.1439 0.0000
-317.2887 0.0000
-316.5307 0.0000
-315.6553 0.0000
-315.7921 0.0000
-302.8479 0.0000
-302.9898 0.0000
-303.7476 0.0000
-302.8428 0.0000
-303.0249 0.0000
-302.6106 0.0000
-304.2453 0.0000
-303.2279 0.0000
-301.0826 0.0000
-302.0868 0.0000
-300.7572 0.0000
-301.3045 0.0000
-300.9722 0.0000
-300.4306 0.0000
-301.0568 0.0000
-300.1300 0.0000
-299.5786 0.0000
-299.8168 0.0000
-298.7195 0.0000
-297.3794 0.0000
-296.8379 0.0000
-296.6994 0.0000
-297.2658 0.0000
-297.8363 0.0000
-297.0479 0.0000
-297.2623 0.0000
-296.9885 0.0000
-297.2322 0.0000
-297.1337 0.0000
-297.1327 0.0000
-297.3995 0.0000
-297.3071 0.0000
-297.2315 0.0000
-297.5298 0.0000
-297.4278 0.0000
-295.3852 0.0000
-295.5756 0.0000
-295.5704 0.0000
-295.1220 0.0000
-294.7575 0.0000
-295.7224 0.0000
-294.1340 0.0000
-295.1522 0.0000
-293.9639 0.0000
-294.4882 0.0000
-295.1108 0.0000
-295.6665 0.0000
-294.2237 0.0000
-294.9600 0.0000
-293.8509 0.0000
-293.7543 0.0000
-294.3238 0.0000
-294.8625 0.0000
-293.7430 0.0000
-293.8073 0.0000
-292.4398 0.0000
-292.4439 0.0000
-292.0343 0.0000
-291.7490 0.0000
-292.6009 0.0000
-292.3935 0.0000
-292.5710 0.0000
-293.2706 0.0000
-291.3437 0.0000
-290.4533 0.0000
-289.7502 0.0000
-290.1825 0.0000
-289.7184 0.0000
-289.2109 0.0000
-289.2165 0.0000
-288.4042 0.0000
-288.8138 0.0000
-288.7881 0.0000
-287.3880 0.0000
-286.5993 0.0000
-286.4670 0.0000
-286.7818 0.0000
-287.1735 0.0000
-287.4096 0.0000
-287.5134 0.0000
-287.3815 0.0000
-287.1728 0.0000
-287.8544 0.0000
-287.3820 0.0000
-287.4452 0.0000
-286.9379 0.0000
-287.5406 0.0000
-286.7662 0.0000
-287.5908 0.0000
-287.1765 0.0000
-287.5535 0.0000
-287.9423 0.0000
-286.9249 0.0000
-286.2272 0.0000
-286.2406 0.0000
-286.5656 0.0000
-286.4751 0.0000
-286.9385 0.0000
-287.2129 0.0000
