-100.0000 -100.0000
-331.3690 0.0000
-330.7047 0.0000
-330.4157 0.0000
-329.7641 0.0000
-329.5628 0.0000
-329.7529 0.0000
-329.4003 0.0000
-328.4178 0.0000
-327.7427 0.0000
-327.7958 0.0000
-326.9663 0.0000
-326.2516 0.0000
-326.0499 0.0000
-326.9420 0.0000
-326.0640 0.0000
-326.1271 0.0000
-326.1464 0.0000
-326.0671 0.0000
-325.8000 0.0000
-325.8960 0.0000
-326.2371 0.0000
-326.1462 0.0000
-325.8071 0.0000
-326.6907 0.0000
-325.4449 0.0000
-325.5695 0.0000
-325.7392 0.0000
-325.4145 0.0000
-325.9659 0.0000
-326.2172 0.0000
-325.1473 0.0000
-325.2743 0.0000
-324.9880 0.0000
-324.7504 0.0000
-324.5503 0.0000
-324.7853 0.0000
-324.8273 0.0000
-325.0301 0.0000
-324.4987 0.0000
-324.5921 0.0000
-323.9266 0.0000
-323.4418 0.0000
-322.9702 0.0000
-322.9734 0.0000
-323.5210 0.0000
-324.1408 0.0000
-322.7780 0.0000
-322.3074 0.0000
-322.1756 0.0000
-322.6654 0.0000
-322.6292 0.0000
-321.8334 0.0000
-322.6329 0.0000
-322.4982 0.0000
-322.1538 0.0000
-321.9478 0.0000
-321.8079 0.0000
-322.0311 0.0000
-321.9297 0.0000
-321.6209 0.0000
-321.7266 0.0000
-321.3992 0.0000
-320.9905 0.0000
-320.7237 0.0000
-320.5097 0.0000
-320.6185 0.0000
-320.1032 0.0000
-319.2906 0.0000
-318.7603 0.0000
-318.3795 0.0000
-317.6501 0.0000
-317.2158 0.0000
-316.7948 0.0000
-316.4304 0.0000
-316.4369 0.0000
-316.1899 0.0000
-316.8970 0.0000
-317.5170 0.0000
-318.0731 0.0000
-317.1655 0.0000
-317.1672 0.0000
-317.4899 0.0000
-317.4310 0.0000
-316.9540 0.0000
-316.7641 0.0000
-316.0696 0.0000
-315.5033 0.0000
-316.1509 0.0000
-315.5131 0.0000
-315.7200 0.0000
-316.1851 0.0000
-316.4839 0.0000
-315.6177 0.0000
-315.5745 0.0000
-315.2917 0.0000
-315.0534 0.0000
-314.7145 0.0000
-314.2981 0.0000
-314.0067 0.0000
-314.3612 0.0000
-330.7771 0.0000
-330.2916 0.0000
-331.6354 0.0000
-330.9864 0.0000
-330.5431 0.0000
-331.1279 0.0000
-330.6698 0.0000
-331.1004 0.0000
-331.1518 0.0000
-331.4231 0.0000
-330.8960 0.0000
-330.2373 0.0000
-330.6873 0.0000
-330.8181 0.0000
-331.0974 0.0000
-331.0731 0.0000
-331.3144 0.0000
-330.3277 0.0000
-330.1424 0.0000
-331.3833 0.0000
-331.1476 0.0000
-331.2251 0.0000
-331.3956 0.0000
-330.3318 0.0000
-331.0494 0.0000
-331.0382 0.0000
-330.5630 0.0000
-331.4534 0.0000
-330.3538 0.0000
-331.0658 0.0000
-330.5965 0.0000
-331.2537 0.0000
-330.7872 0.0000
-330.7682 0.0000
-332.7386 0.0000
-330.9421 0.0000
-331.4658 0.0000
-330.5782 0.0000
-330.8313 0.0000
-331.4514 0.0000
-330.9103 0.0000
-330.6795 0.0000
-330.8583 0.0000
-330.8693 0.0000
-331.2917 0.0000
-331.3119 0.0000
-330.7936 0.0000
-330.4387 0.0000
-331.3417 0.0000
-331.2110 0.0000
-331.0210 0.0000
-330.6605 0.0000
-330.8887 0.0000
-331.9330 0.0000
-330.9488 0.0000
-330.5384 0.0000
-330.7272 0.0000
-331.2285 0.0000
-330.1465 0.0000
-330.4323 0.0000
-330.1902 0.0000
-330.5702 0.0000
-331.4406 0.0000
-330.3352 0.0000
-330.9046 0.0000
-331.4729 0.0000
-331.0729 0.0000
-332.3668 0.0000
-331.1884 0.0000
-330.5540 0.0000
-330.2873 0.0000
-330.0361 0.0000
-329.2676 0.0000
-329.0880 0.0000
-328.8812 0.0000
-328.8316 0.0000
-328.3961 0.0000
-328.0839 0.0000
-328.3736 0.0000
-328.6849 0.0000
-328.7750 0.0000
-328.8151 0.0000
-329.4220 0.0000
-329.2529 0.0000
-328.8635 0.0000
-328.6775 0.0000
-327.8928 0.0000
-327.7842 0.0000
-327.4079 0.0000
-327.8367 0.0000
-327.4337 0.0000
-327.8770 0.0000
-327.4516 0.0000
-327.2499 0.0000
-326.6608 0.0000
-326.7544 0.0000
-327.4692 0.0000
-326.1723 0.0000
-326.6417 0.0000
-327.1596 0.0000
-337.9566 0.0000
-339.1490 0.0000
-337.7571 0.0000
-335.8325 0.0000
-335.7701 0.0000
-335.5547 0.0000
-336.0420 0.0000
-337.9046 0.0000
-340.9353 0.0000
-337.4722 0.0000
-336.9398 0.0000
-334.7698 0.0000
-336.2865 0.0000
-335.8362 0.0000
-336.9473 0.0000
-336.5595 0.0000
-336.1514 0.0000
-336.6740 0.0000
-335.3542 0.0000
-336.6285 0.0000
-336.1565 0.0000
-337.9450 0.0000
-336.6625 0.0000
-336.9291 0.0000
-338.1408 0.0000
-338.7689 0.0000
-339.2680 0.0000
-338.0651 0.0000
-337.5146 0.0000
-340.1150 0.0000
-339.3532 0.0000
-338.3225 0.0000
-340.7082 0.0000
-340.9227 0.0000
-343.0870 0.0000
-340.4571 0.0000
-340.9698 0.0000
-339.2417 0.0000
-338.2142 0.0000
-338.4966 0.0000
-340.8132 0.0000
-340.0630 0.0000
-338.7534 0.0000
-340.9473 0.0000
-341.6691 0.0000
-338.6408 0.0000
-337.2569 0.0000
-337.0278 0.0000
-336.1227 0.0000
-338.4088 0.0000
-335.4010 0.0000
-335.4674 0.0000
-334.5977 0.0000
-334.7531 0.0000
-335.4592 0.0000
-334.1289 0.0000
-333.6364 0.0000
-334.0865 0.0000
-333.6619 0.0000
-332.1661 0.0000
-330.8342 0.0000
-329.1011 0.0000
-327.5987 0.0000
-329.3891 0.0000
-328.2874 0.0000
-328.3177 0.0000
-326.0200 0.0000
-324.4257 0.0000
-325.2948 0.0000
-324.7670 0.0000
-324.0761 0.0000
-324.5437 0.0000
-323.6400 0.0000
-325.8073 0.0000
-322.4037 0.0000
-320.6828 0.0000
-318.7399 0.0000
-317.5123 0.0000
-318.9269 0.0000
-316.9002 0.0000
-317.6482 0.0000
-315.1011 0.0000
-315.6172 0.0000
-314.3727 0.0000
-314.4379 0.0000
-314.3053 0.0000
-313.9629 0.0000
-314.5389 0.0000
-315.8562 0.0000
-314.4737 0.0000
-313.2460 0.0000
-313.5279 0.0000
-312.8328 0.0000
-312.5014 0.0000
-312.3805 0.0000
-310.4774 0.0000
-311.0760 0.0000
-310.3263 0.0000
-310.0849 0.0000
-309.4550 0.0000
-356.2271 0.0000
-354.5681 0.0000
-355.0260 0.0000
-354.1131 0.0000
-353.0454 0.0000
-355.9254 0.0000
-353.4594 0.0000
-354.5516 0.0000
-353.6683 0.0000
-354.0612 0.0000
-354.1039 0.0000
-354.9615 0.0000
-354.5515 0.0000
-355.2114 0.0000
-354.2895 0.0000
-355.1770 0.0000
-353.6682 0.0000
-355.2595 0.0000
-354.4146 0.0000
-353.8546 0.0000
-355.4376 0.0000
-355.9834 0.0000
-354.1195 0.0000
-356.4631 0.0000
-354.9837 0.0000
-356.4347 0.0000
-355.8928 0.0000
-354.4759 0.0000
-354.8172 0.0000
-354.7679 0.0000
-354.8929 0.0000
-354.1211 0.0000
-355.4048 0.0000
-355.6359 0.0000
-354.1034 0.0000
-355.6209 0.0000
-354.7719 0.0000
-357.0362 0.0000
-353.8993 0.0000
-354.0682 0.0000
-355.3078 0.0000
-353.6615 0.0000
-355.8136 0.0000
-353.8133 0.0000
-353.5690 0.0000
-354.7319 0.0000
-355.9250 0.0000
-355.1601 0.0000
-356.1312 0.0000
-354.6511 0.0000
-354.1448 0.0000
-355.8832 0.0000
-355.7850 0.0000
-354.1096 0.0000
-354.7254 0.0000
-354.3388 0.0000
-355.7827 0.0000
-354.9799 0.0000
-354.4039 0.0000
-352.6959 0.0000
-353.6527 0.0000
-355.1285 0.0000
-353.3811 0.0000
-355.1655 0.0000
-356.3330 0.0000
-355.0225 0.0000
-354.9012 0.0000
-353.5998 0.0000
-355.3878 0.0000
-355.5162 0.0000
-356.3218 0.0000
-352.8997 0.0000
-355.4811 0.0000
-355.2957 0.0000
-352.9839 0.0000
-354.9990 0.0000
-353.6247 0.0000
-354.2776 0.0000
-356.0596 0.0000
-354.6853 0.0000
-355.5277 0.0000
-355.6082 0.0000
-353.7153 0.0000
-353.8077 0.0000
-354.7269 0.0000
-354.5371 0.0000
-354.8677 0.0000
-355.5008 0.0000
-353.9803 0.0000
-355.2686 0.0000
-353.9888 0.0000
-355.7863 0.0000
-355.7780 0.0000
-355.0607 0.0000
-355.6320 0.0000
-355.5810 0.0000
-355.3061 0.0000
-355.9294 0.0000
-356.0549 0.0000
-355.0382 0.0000
-287.5579 0.0000
-287.8971 0.0000
-288.2176 0.0000
-287.3375 0.0000
-287.3064 0.0000
-287.2629 0.0000
-286.2550 0.0000
-286.5356 0.0000
-287.2711 0.0000
-288.3934 0.0000
-287.7869 0.0000
-288.2536 0.0000
-287.3443 0.0000
-287.7195 0.0000
-288.5392 0.0000
-289.4521 0.0000
-290.3418 0.0000
-287.8460 0.0000
-288.9116 0.0000
-289.3380 0.0000
-288.1637 0.0000
-288.5923 0.0000
-288.5869 0.0000
-287.7685 0.0000
-287.0385 0.0000
-286.4029 0.0000
-287.9101 0.0000
-285.6254 0.0000
-285.9793 0.0000
-286.6847 0.0000
-286.8333 0.0000
-287.1731 0.0000
-286.8938 0.0000
-288.6505 0.0000
-287.5079 0.0000
-287.4917 0.0000
-286.5356 0.0000
-287.0587 0.0000
-288.3140 0.0000
-288.3022 0.0000
-287.1797 0.0000
-287.3479 0.0000
-287.6984 0.0000
-288.6057 0.0000
-288.3647 0.0000
-287.1909 0.0000
-287.3104 0.0000
-287.4885 0.0000
-288.6923 0.0000
-286.7115 0.0000
-286.3439 0.0000
-286.9624 0.0000
-285.6207 0.0000
-286.4909 0.0000
-286.6535 0.0000
-287.2859 0.0000
-287.8142 0.0000
-286.4582 0.0000
-287.0020 0.0000
-286.1015 0.0000
-287.5026 0.0000
-287.7847 0.0000
-287.2729 0.0000
-287.6209 0.0000
-287.2030 0.0000
-289.0020 0.0000
-285.7596 0.0000
-286.9079 0.0000
-285.6826 0.0000
-285.1530 0.0000
-285.5358 0.0000
-286.0730 0.0000
-285.5260 0.0000
-284.6420 0.0000
-285.6881 0.0000
-284.5442 0.0000
-285.2860 0.0000
-284.3616 0.0000
-283.7119 0.0000
-283.2642 0.0000
-282.8265 0.0000
-282.1326 0.0000
-283.6437 0.0000
-285.4848 0.0000
-284.0821 0.0000
-284.1547 0.0000
-284.5306 0.0000
-285.1053 0.0000
-283.7013 0.0000
-283.9606 0.0000
-284.3198 0.0000
-282.9729 0.0000
-283.3360 0.0000
-282.6264 0.0000
-282.7980 0.0000
-283.2697 0.0000
-282.9296 0.0000
-282.1361 0.0000
-281.8592 0.0000
