-100.0000 -100.0000
-352.3502 0.0000
-351.4390 0.0000
-350.5466 0.0000
-352.5323 0.0000
-353.9831 0.0000
-352.8766 0.0000
-351.5579 0.0000
-351.0242 0.0000
-352.0551 0.0000
-350.8657 0.0000
-350.4814 0.0000
-350.3388 0.0000
-351.2700 0.0000
-351.3636 0.0000
-352.5119 0.0000
-352.5191 0.0000
-354.3380 0.0000
-353.6467 0.0000
-353.6846 0.0000
-352.3025 0.0000
-352.8639 0.0000
-352.5601 0.0000
-352.4397 0.0000
-352.5959 0.0000
-352.9968 0.0000
-353.4947 0.0000
-353.7721 0.0000
-354.8907 0.0000
-353.3306 0.0000
-352.8446 0.0000
-352.2426 0.0000
-351.8747 0.0000
-352.1206 0.0000
-351.4946 0.0000
-350.1039 0.0000
-348.7978 0.0000
-348.5308 0.0000
-349.0331 0.0000
-350.0031 0.0000
-349.5183 0.0000
-348.5391 0.0000
-349.0999 0.0000
-348.1025 0.0000
-348.4448 0.0000
-347.7617 0.0000
-349.5050 0.0000
-347.2972 0.0000
-347.1818 0.0000
-346.4699 0.0000
-345.6843 0.0000
-344.9845 0.0000
-346.1807 0.0000
-343.6149 0.0000
-343.6095 0.0000
-344.0102 0.0000
-344.9243 0.0000
-345.5836 0.0000
-345.5449 0.0000
-344.8089 0.0000
-344.9368 0.0000
-344.3142 0.0000
-342.7874 0.0000
-342.2575 0.0000
-342.7059 0.0000
-343.0528 0.0000
-342.4091 0.0000
-342.7721 0.0000
-343.1929 0.0000
-342.8661 0.0000
-344.1141 0.0000
-344.2516 0.0000
-343.1158 0.0000
-343.9153 0.0000
-342.0667 0.0000
-342.2012 0.0000
-342.6283 0.0000
-343.7900 0.0000
-343.5044 0.0000
-342.0682 0.0000
-343.5510 0.0000
-342.2137 0.0000
-342.2898 0.0000
-341.9677 0.0000
-341.3279 0.0000
-341.8497 0.0000
-342.1397 0.0000
-342.4349 0.0000
-341.5758 0.0000
-342.1632 0.0000
-343.0916 0.0000
-342.8993 0.0000
-343.0038 0.0000
-341.9294 0.0000
-341.8461 0.0000
-343.2785 0.0000
-343.7174 0.0000
-343.6166 0.0000
-344.2789 0.0000
-342.6777 0.0000
-342.4102 0.0000
-348.8637 0.0000
-351.0568 0.0000
-348.2394 0.0000
-350.1310 0.0000
-348.9203 0.0000
-351.8527 0.0000
-348.8957 0.0000
-349.7104 0.0000
-348.3210 0.0000
-350.1558 0.0000
-348.9871 0.0000
-349.8927 0.0000
-350.0311 0.0000
-349.8691 0.0000
-351.4888 0.0000
-350.9072 0.0000
-349.9823 0.0000
-350.6595 0.0000
-350.1714 0.0000
-349.4443 0.0000
-350.8230 0.0000
-350.8298 0.0000
-349.0634 0.0000
-350.9749 0.0000
-349.5330 0.0000
-349.0254 0.0000
-350.9643 0.0000
-349.5576 0.0000
-350.9152 0.0000
-350.0159 0.0000
-348.6666 0.0000
-347.7600 0.0000
-349.0171 0.0000
-349.7719 0.0000
-349.8806 0.0000
-350.6307 0.0000
-347.9380 0.0000
-349.1376 0.0000
-349.9138 0.0000
-349.1443 0.0000
-349.9855 0.0000
-349.4333 0.0000
-349.2969 0.0000
-349.7967 0.0000
-349.1833 0.0000
-350.4798 0.0000
-349.1222 0.0000
-350.1154 0.0000
-351.2726 0.0000
-349.3779 0.0000
-349.7047 0.0000
-350.2588 0.0000
-350.2950 0.0000
-350.7847 0.0000
-351.8446 0.0000
-351.0956 0.0000
-351.3193 0.0000
-350.1538 0.0000
-351.3667 0.0000
-350.0556 0.0000
-350.8241 0.0000
-349.3081 0.0000
-350.3834 0.0000
-351.7122 0.0000
-348.8806 0.0000
-350.4859 0.0000
-348.7604 0.0000
-348.4286 0.0000
-348.2220 0.0000
-351.7681 0.0000
-350.7024 0.0000
-349.7635 0.0000
-350.2375 0.0000
-349.8132 0.0000
-349.7953 0.0000
-350.1886 0.0000
-350.3003 0.0000
-348.6130 0.0000
-350.5547 0.0000
-349.1131 0.0000
-351.2898 0.0000
-350.3418 0.0000
-348.6546 0.0000
-351.4486 0.0000
-350.2381 0.0000
-349.3613 0.0000
-352.5072 0.0000
-350.6128 0.0000
-349.3742 0.0000
-349.4512 0.0000
-348.2729 0.0000
-347.8550 0.0000
-349.3603 0.0000
-349.7514 0.0000
-350.8706 0.0000
-350.5520 0.0000
-352.0158 0.0000
-351.5572 0.0000
-349.9652 0.0000
-350.8806 0.0000
-335.3132 0.0000
-336.1985 0.0000
-336.3640 0.0000
-336.8432 0.0000
-335.9569 0.0000
-334.3173 0.0000
-333.5089 0.0000
-332.8903 0.0000
-335.0251 0.0000
-332.6994 0.0000
-332.9326 0.0000
-332.0209 0.0000
-332.9483 0.0000
-333.5294 0.0000
-334.6448 0.0000
-334.0132 0.0000
-333.6213 0.0000
-333.3133 0.0000
-332.8263 0.0000
-333.5159 0.0000
-332.7528 0.0000
-333.1577 0.0000
-334.5052 0.0000
-333.7047 0.0000
-333.8197 0.0000
-335.3220 0.0000
-333.7183 0.0000
-333.7168 0.0000
-333.8005 0.0000
-334.3167 0.0000
-334.0544 0.0000
-331.7995 0.0000
-332.7930 0.0000
-333.0747 0.0000
-333.0826 0.0000
-332.0806 0.0000
-333.4769 0.0000
-330.9927 0.0000
-329.8962 0.0000
-328.6340 0.0000
-330.6694 0.0000
-330.2730 0.0000
-329.3456 0.0000
-330.4292 0.0000
-329.8925 0.0000
-327.8151 0.0000
-327.8084 0.0000
-327.4368 0.0000
-327.0042 0.0000
-327.6921 0.0000
-327.5892 0.0000
-326.6438 0.0000
-326.5008 0.0000
-326.5971 0.0000
-325.9856 0.0000
-325.3740 0.0000
-323.7142 0.0000
-324.8446 0.0000
-323.7424 0.0000
-322.5895 0.0000
-321.9023 0.0000
-320.9020 0.0000
-320.1073 0.0000
-321.1787 0.0000
-322.2979 0.0000
-321.2176 0.0000
-320.7317 0.0000
-318.2116 0.0000
-319.0834 0.0000
-317.6537 0.0000
-317.3046 0.0000
-318.2571 0.0000
-317.0089 0.0000
-318.2936 0.0000
-317.5260 0.0000
-315.7869 0.0000
-314.4573 0.0000
-314.0850 0.0000
-313.4880 0.0000
-313.3945 0.0000
-312.9238 0.0000
-312.7785 0.0000
-313.3612 0.0000
-314.1421 0.0000
-312.8323 0.0000
-313.2951 0.0000
-312.3707 0.0000
-312.4190 0.0000
-313.7695 0.0000
-311.6149 0.0000
-312.0087 0.0000
-310.9885 0.0000
-310.8289 0.0000
-310.8368 0.0000
-310.7651 0.0000
-309.9652 0.0000
-309.4837 0.0000
-309.2337 0.0000
-308.7284 0.0000
-308.3775 0.0000
-338.4532 0.0000
-338.2763 0.0000
-338.0845 0.0000
-337.6513 0.0000
-337.4500 0.0000
-336.8423 0.0000
-337.0846 0.0000
-336.8690 0.0000
-337.5292 0.0000
-337.4437 0.0000
-338.0387 0.0000
-338.2301 0.0000
-337.7156 0.0000
-338.3327 0.0000
-337.8941 0.0000
-337.8481 0.0000
-337.6077 0.0000
-337.8438 0.0000
-336.6102 0.0000
-337.9003 0.0000
-338.4617 0.0000
-339.2255 0.0000
-338.2367 0.0000
-337.7634 0.0000
-338.2261 0.0000
-338.4208 0.0000
-337.6306 0.0000
-337.9709 0.0000
-337.8678 0.0000
-337.1073 0.0000
-337.8422 0.0000
-337.8171 0.0000
-337.3674 0.0000
-337.6189 0.0000
-336.6928 0.0000
-338.8837 0.0000
-337.4731 0.0000
-338.1521 0.0000
-338.2394 0.0000
-337.3148 0.0000
-337.8200 0.0000
-337.5094 0.0000
-338.0877 0.0000
-337.4948 0.0000
-337.7714 0.0000
-336.7617 0.0000
-337.4933 0.0000
-338.1391 0.0000
-337.8782 0.0000
-336.7262 0.0000
-337.7391 0.0000
-338.5082 0.0000
-337.0638 0.0000
-337.7993 0.0000
-336.9909 0.0000
-337.0392 0.0000
-337.4899 0.0000
-338.0341 0.0000
-337.5483 0.0000
-337.1341 0.0000
-337.6518 0.0000
-338.2546 0.0000
-337.8581 0.0000
-337.0921 0.0000
-338.7617 0.0000
-337.8006 0.0000
-337.4257 0.0000
-337.1786 0.0000
-337.6094 0.0000
-338.0013 0.0000
-337.7273 0.0000
-337.1714 0.0000
-337.5819 0.0000
-337.1829 0.0000
-337.2120 0.0000
-337.6936 0.0000
-336.2130 0.0000
-337.1297 0.0000
-338.3776 0.0000
-337.3944 0.0000
-337.9334 0.0000
-337.9757 0.0000
-337.6359 0.0000
-336.6032 0.0000
-337.3358 0.0000
-337.9865 0.0000
-337.6130 0.0000
-336.9410 0.0000
-338.1428 0.0000
-338.8102 0.0000
-337.7088 0.0000
-338.7688 0.0000
-337.9110 0.0000
-337.3887 0.0000
-338.3125 0.0000
-339.1835 0.0000
-337.8309 0.0000
-336.6782 0.0000
-338.3137 0.0000
-337.3590 0.0000
-315.2291 0.0000
-316.3435 0.0000
-316.0797 0.0000
-316.1825 0.0000
-316.2701 0.0000
-314.7884 0.0000
-316.4322 0.0000
-316.4736 0.0000
-314.6200 0.0000
-315.4785 0.0000
-316.7475 0.0000
-315.3674 0.0000
-314.8480 0.0000
-315.2188 0.0000
-315.8359 0.0000
-315.4693 0.0000
-316.4002 0.0000
-316.4332 0.0000
-314.7310 0.0000
-315.0139 0.0000
-315.0149 0.0000
-315.8630 0.0000
-315.9311 0.0000
-316.1970 0.0000
-315.1206 0.0000
-315.6335 0.0000
-315.8265 0.0000
-316.5077 0.0000
-316.3256 0.0000
-315.5955 0.0000
-316.0193 0.0000
-315.1018 0.0000
-316.0775 0.0000
-315.9045 0.0000
-316.3545 0.0000
-314.7987 0.0000
-316.0997 0.0000
-315.9046 0.0000
-315.3317 0.0000
-315.5689 0.0000
-315.9950 0.0000
-315.5313 0.0000
-315.9538 0.0000
-315.0216 0.0000
-316.5654 0.0000
-315.4348 0.0000
-316.4686 0.0000
-316.3788 0.0000
-316.6937 0.0000
-315.5652 0.0000
-315.7365 0.0000
-315.3023 0.0000
-316.4169 0.0000
-314.8935 0.0000
-316.5092 0.0000
-315.3224 0.0000
-315.5846 0.0000
-315.7847 0.0000
-316.2885 0.0000
-316.6870 0.0000
-315.7301 0.0000
-315.2022 0.0000
-316.9003 0.0000
-314.8734 0.0000
-315.2575 0.0000
-316.2151 0.0000
-315.7139 0.0000
-315.7039 0.0000
-315.6366 0.0000
-315.6439 0.0000
-314.5094 0.0000
-315.8777 0.0000
-315.9575 0.0000
-315.1387 0.0000
-315.8259 0.0000
-315.6034 0.0000
-315.9227 0.0000
-316.3256 0.0000
-315.3571 0.0000
-315.7038 0.0000
-315.9303 0.0000
-316.2922 0.0000
-316.1869 0.0000
-315.7532 0.0000
-315.8779 0.0000
-316.1428 0.0000
-316.6430 0.0000
-316.5665 0.0000
-317.0123 0.0000
-316.6096 0.0000
-315.4827 0.0000
-315.7953 0.0000
-316.2599 0.0000
-315.2017 0.0000
-316.4991 0.0000
-316.1835 0.0000
-315.4975 0.0000
-316.0553 0.0000
-314.3745 0.0000
