-100.0000 -100.0000
-334.2900 0.0000
-334.0848 0.0000
-334.9328 0.0000
-335.0939 0.0000
-334.7743 0.0000
-334.7624 0.0000
-334.6295 0.0000
-334.0905 0.0000
-333.4616 0.0000
-334.3051 0.0000
-333.7730 0.0000
-333.8975 0.0000
-333.1612 0.0000
-333.5258 0.0000
-333.5445 0.0000
-333.0734 0.0000
-331.7479 0.0000
-331.8383 0.0000
-332.0063 0.0000
-332.5723 0.0000
-332.2352 0.0000
-332.3726 0.0000
-331.5698 0.0000
-331.2489 0.0000
-330.7491 0.0000
-330.2804 0.0000
-330.2668 0.0000
-329.9223 0.0000
-330.6065 0.0000
-330.2010 0.0000
-330.4974 0.0000
-330.3180 0.0000
-330.7446 0.0000
-330.4105 0.0000
-330.7034 0.0000
-331.2718 0.0000
-330.8234 0.0000
-331.2907 0.0000
-331.6444 0.0000
-331.0710 0.0000
-331.4641 0.0000
-332.0449 0.0000
-331.8660 0.0000
-331.9038 0.0000
-332.0380 0.0000
-331.1741 0.0000
-331.9032 0.0000
-332.0906 0.0000
-332.2940 0.0000
-333.0405 0.0000
-332.8168 0.0000
-332.0587 0.0000
-332.5270 0.0000
-332.3600 0.0000
-332.6704 0.0000
-332.9016 0.0000
-332.8728 0.0000
-332.6655 0.0000
-332.4672 0.0000
-331.5928 0.0000
-331.3795 0.0000
-331.6506 0.0000
-331.8180 0.0000
-331.6796 0.0000
-331.9173 0.0000
-332.0505 0.0000
-332.0174 0.0000
-331.8687 0.0000
-331.6651 0.0000
-330.5188 0.0000
-330.2192 0.0000
-330.4475 0.0000
-330.5805 0.0000
-330.6252 0.0000
-330.3295 0.0000
-329.9672 0.0000
-330.6109 0.0000
-330.2910 0.0000
-329.9349 0.0000
-329.8987 0.0000
-329.8764 0.0000
-329.6206 0.0000
-329.5705 0.0000
-329.8682 0.0000
-329.3089 0.0000
-329.3408 0.0000
-329.6607 0.0000
-329.8257 0.0000
-330.3008 0.0000
-330.1955 0.0000
-330.2100 0.0000
-329.7245 0.0000
-330.9318 0.0000
-330.7548 0.0000
-329.8857 0.0000
-330.5557 0.0000
-330.7857 0.0000
-330.1461 0.0000
-330.9804 0.0000
-330.9890 0.0000
-332.5999 0.0000
-334.4904 0.0000
-332.9574 0.0000
-334.0209 0.0000
-332.5493 0.0000
-333.4240 0.0000
-333.3326 0.0000
-332.4962 0.0000
-330.7535 0.0000
-331.1189 0.0000
-329.9824 0.0000
-330.2851 0.0000
-330.9892 0.0000
-330.9819 0.0000
-331.4192 0.0000
-331.9408 0.0000
-331.1336 0.0000
-331.5136 0.0000
-332.2141 0.0000
-331.7268 0.0000
-330.3884 0.0000
-331.1992 0.0000
-330.7225 0.0000
-331.8494 0.0000
-330.2134 0.0000
-328.7611 0.0000
-329.4551 0.0000
-328.9659 0.0000
-330.8901 0.0000
-329.0918 0.0000
-327.8026 0.0000
-325.7949 0.0000
-326.2949 0.0000
-326.2331 0.0000
-325.8949 0.0000
-325.2462 0.0000
-324.5431 0.0000
-324.0287 0.0000
-325.3100 0.0000
-324.2353 0.0000
-324.5870 0.0000
-325.5080 0.0000
-325.0415 0.0000
-324.9377 0.0000
-324.4253 0.0000
-324.1109 0.0000
-324.3001 0.0000
-325.0833 0.0000
-325.6475 0.0000
-325.3550 0.0000
-326.0054 0.0000
-325.7785 0.0000
-325.3865 0.0000
-326.5631 0.0000
-325.8791 0.0000
-327.6760 0.0000
-328.8159 0.0000
-328.6976 0.0000
-330.4541 0.0000
-330.4041 0.0000
-330.8344 0.0000
-330.9068 0.0000
-330.2611 0.0000
-331.6741 0.0000
-330.5226 0.0000
-330.0871 0.0000
-329.4833 0.0000
-328.3994 0.0000
-328.0226 0.0000
-328.7588 0.0000
-328.7302 0.0000
-328.9664 0.0000
-329.7927 0.0000
-330.5794 0.0000
-331.5993 0.0000
-330.6443 0.0000
-330.9615 0.0000
-330.1836 0.0000
-330.7715 0.0000
-329.5749 0.0000
-330.9132 0.0000
-331.5743 0.0000
-331.5601 0.0000
-333.0545 0.0000
-333.7487 0.0000
-331.1727 0.0000
-333.2853 0.0000
-334.4970 0.0000
-334.2674 0.0000
-334.7741 0.0000
-334.0953 0.0000
-334.8401 0.0000
-334.5494 0.0000
-334.8824 0.0000
-335.6918 0.0000
-337.0637 0.0000
-336.9082 0.0000
-336.3277 0.0000
-335.8690 0.0000
-337.4172 0.0000
-387.4329 0.0000
-387.9664 0.0000
-385.9705 0.0000
-385.8559 0.0000
-384.4557 0.0000
-383.9326 0.0000
-385.7605 0.0000
-386.8741 0.0000
-387.1998 0.0000
-386.8498 0.0000
-386.1503 0.0000
-384.4529 0.0000
-387.0188 0.0000
-386.4459 0.0000
-386.1047 0.0000
-386.8343 0.0000
-385.8519 0.0000
-387.2588 0.0000
-386.7900 0.0000
-386.8604 0.0000
-386.7073 0.0000
-388.4669 0.0000
-386.8542 0.0000
-386.9441 0.0000
-385.4727 0.0000
-388.2290 0.0000
-384.4122 0.0000
-385.1417 0.0000
-385.6869 0.0000
-387.7911 0.0000
-385.4093 0.0000
-383.7797 0.0000
-386.7281 0.0000
-385.7122 0.0000
-387.8714 0.0000
-385.2992 0.0000
-387.6139 0.0000
-387.1607 0.0000
-386.1928 0.0000
-385.1835 0.0000
-389.3055 0.0000
-387.6274 0.0000
-387.1058 0.0000
-387.0334 0.0000
-386.6343 0.0000
-385.9937 0.0000
-386.4331 0.0000
-386.5189 0.0000
-384.4218 0.0000
-388.0444 0.0000
-387.4785 0.0000
-388.1229 0.0000
-386.2987 0.0000
-385.9613 0.0000
-386.3673 0.0000
-385.3474 0.0000
-384.7080 0.0000
-386.3342 0.0000
-383.4134 0.0000
-382.2325 0.0000
-381.6999 0.0000
-378.4085 0.0000
-378.7385 0.0000
-379.8862 0.0000
-379.1826 0.0000
-379.1188 0.0000
-378.3947 0.0000
-376.3956 0.0000
-377.0069 0.0000
-376.7341 0.0000
-376.7556 0.0000
-378.1499 0.0000
-376.8645 0.0000
-378.9396 0.0000
-375.7025 0.0000
-375.6494 0.0000
-373.5188 0.0000
-371.7191 0.0000
-373.0894 0.0000
-369.8723 0.0000
-369.7038 0.0000
-367.4442 0.0000
-367.9679 0.0000
-367.6739 0.0000
-369.6937 0.0000
-366.6903 0.0000
-365.6529 0.0000
-366.1114 0.0000
-367.9840 0.0000
-367.1137 0.0000
-364.6597 0.0000
-363.6073 0.0000
-362.9090 0.0000
-361.8326 0.0000
-361.1459 0.0000
-359.2299 0.0000
-360.2739 0.0000
-359.4262 0.0000
-358.1870 0.0000
-358.3762 0.0000
-303.7805 0.0000
-303.4910 0.0000
-302.9388 0.0000
-303.7571 0.0000
-304.6648 0.0000
-305.3728 0.0000
-304.9599 0.0000
-304.4681 0.0000
-305.0776 0.0000
-305.4341 0.0000
-303.2336 0.0000
-304.2228 0.0000
-303.2737 0.0000
-304.3934 0.0000
-301.4631 0.0000
-301.3693 0.0000
-301.8394 0.0000
-302.1942 0.0000
-302.8213 0.0000
-302.0253 0.0000
-302.5387 0.0000
-302.1278 0.0000
-300.8139 0.0000
-301.0648 0.0000
-300.6719 0.0000
-301.7980 0.0000
-300.5186 0.0000
-302.0591 0.0000
-301.2795 0.0000
-300.3550 0.0000
-299.8679 0.0000
-300.6032 0.0000
-300.2284 0.0000
-301.1255 0.0000
-299.5906 0.0000
-299.9819 0.0000
-298.7970 0.0000
-299.2286 0.0000
-299.3470 0.0000
-298.5590 0.0000
-299.4027 0.0000
-299.7180 0.0000
-300.0222 0.0000
-300.5666 0.0000
-299.9354 0.0000
-299.0839 0.0000
-299.3000 0.0000
-298.9165 0.0000
-299.3946 0.0000
-299.2277 0.0000
-299.7054 0.0000
-298.9159 0.0000
-298.2954 0.0000
-299.1465 0.0000
-298.9504 0.0000
-299.3559 0.0000
-300.3636 0.0000
-299.0875 0.0000
-297.6964 0.0000
-297.6423 0.0000
-297.4377 0.0000
-296.3225 0.0000
-296.3199 0.0000
-297.2766 0.0000
-297.0004 0.0000
-296.4430 0.0000
-296.9660 0.0000
-296.6436 0.0000
-297.2482 0.0000
-296.7773 0.0000
-296.1644 0.0000
-294.8407 0.0000
-294.2263 0.0000
-294.0015 0.0000
-292.5974 0.0000
-292.5612 0.0000
-291.9610 0.0000
-291.2500 0.0000
-291.2373 0.0000
-290.4227 0.0000
-289.8204 0.0000
-290.8575 0.0000
-288.6958 0.0000
-288.1646 0.0000
-288.1385 0.0000
-287.7406 0.0000
-286.9244 0.0000
-287.2486 0.0000
-286.5456 0.0000
-285.8776 0.0000
-286.3136 0.0000
-287.0304 0.0000
-287.5435 0.0000
-287.9087 0.0000
-286.9629 0.0000
-288.0656 0.0000
-289.8995 0.0000
-288.2577 0.0000
-288.1707 0.0000
-287.1762 0.0000
-318.6003 0.0000
-317.3058 0.0000
-318.9618 0.0000
-318.3758 0.0000
-318.4513 0.0000
-318.5089 0.0000
-320.5051 0.0000
-318.9221 0.0000
-318.0956 0.0000
-318.5738 0.0000
-318.4288 0.0000
-318.1230 0.0000
-319.2921 0.0000
-318.1264 0.0000
-318.7895 0.0000
-318.9543 0.0000
-316.7859 0.0000
-318.8680 0.0000
-318.1856 0.0000
-319.1578 0.0000
-317.3453 0.0000
-317.3050 0.0000
-319.1246 0.0000
-319.2301 0.0000
-318.8772 0.0000
-318.2355 0.0000
-317.3213 0.0000
-319.6500 0.0000
-318.7540 0.0000
-317.8698 0.0000
-318.2642 0.0000
-319.3204 0.0000
-318.7233 0.0000
-318.6268 0.0000
-318.5867 0.0000
-317.9855 0.0000
-318.5840 0.0000
-317.6952 0.0000
-318.8274 0.0000
-319.1560 0.0000
-319.5189 0.0000
-318.7214 0.0000
-318.6318 0.0000
-318.6528 0.0000
-320.2594 0.0000
-319.4194 0.0000
-319.5146 0.0000
-317.6297 0.0000
-319.1817 0.0000
-318.4272 0.0000
-318.8441 0.0000
-317.8771 0.0000
-319.1532 0.0000
-317.8344 0.0000
-318.6254 0.0000
-317.7063 0.0000
-318.4345 0.0000
-318.9419 0.0000
-318.6566 0.0000
-319.6661 0.0000
-318.1879 0.0000
-318.1740 0.0000
-318.1988 0.0000
-317.9834 0.0000
-319.1537 0.0000
-317.9071 0.0000
-318.9092 0.0000
-316.8487 0.0000
-320.1690 0.0000
-318.6982 0.0000
-317.3801 0.0000
-317.7433 0.0000
-318.2622 0.0000
-317.9469 0.0000
-318.8921 0.0000
-318.9338 0.0000
-318.5486 0.0000
-318.2146 0.0000
-318.9590 0.0000
-317.9680 0.0000
-319.3976 0.0000
-319.5445 0.0000
-317.6730 0.0000
-316.8884 0.0000
-317.6960 0.0000
-317.8870 0.0000
-317.8883 0.0000
-317.6232 0.0000
-320.0083 0.0000
-319.0030 0.0000
-319.6176 0.0000
-318.5273 0.0000
-318.0044 0.0000
-318.1899 0.0000
-319.3427 0.0000
-318.3278 0.0000
-320.0762 0.0000
-319.0500 0.0000
-319.0894 0.0000
