-100.0000 -100.0000
-383.0877 0.0000
-382.3056 0.0000
-380.8193 0.0000
-383.2909 0.0000
-381.1647 0.0000
-379.1338 0.0000
-378.3070 0.0000
-378.9663 0.0000
-379.9929 0.0000
-377.9461 0.0000
-377.7722 0.0000
-378.1574 0.0000
-379.7442 0.0000
-380.8136 0.0000
-382.1542 0.0000
-382.2645 0.0000
-382.5514 0.0000
-385.2776 0.0000
-383.3146 0.0000
-381.9225 0.0000
-382.2152 0.0000
-383.4073 0.0000
-384.2885 0.0000
-383.9374 0.0000
-385.5858 0.0000
-386.7521 0.0000
-386.8977 0.0000
-386.3954 0.0000
-385.2692 0.0000
-383.3013 0.0000
-384.1127 0.0000
-383.9732 0.0000
-383.9401 0.0000
-384.1153 0.0000
-383.2950 0.0000
-382.8482 0.0000
-384.0623 0.0000
-384.7289 0.0000
-385.6136 0.0000
-384.9386 0.0000
-383.8785 0.0000
-383.7575 0.0000
-383.9474 0.0000
-383.8481 0.0000
-382.6958 0.0000
-383.3415 0.0000
-383.0746 0.0000
-382.3800 0.0000
-381.8027 0.0000
-380.2150 0.0000
-379.6944 0.0000
-381.5678 0.0000
-378.7574 0.0000
-377.4839 0.0000
-377.0746 0.0000
-379.1756 0.0000
-375.9919 0.0000
-376.3272 0.0000
-375.9109 0.0000
-375.1619 0.0000
-374.8092 0.0000
-372.8700 0.0000
-370.8290 0.0000
-371.3506 0.0000
-371.4917 0.0000
-370.0031 0.0000
-370.8649 0.0000
-370.9776 0.0000
-370.7664 0.0000
-372.5453 0.0000
-373.8236 0.0000
-372.7950 0.0000
-372.8379 0.0000
-372.3635 0.0000
-372.8197 0.0000
-373.0543 0.0000
-373.9455 0.0000
-372.3342 0.0000
-369.8696 0.0000
-372.5949 0.0000
-370.8032 0.0000
-370.9378 0.0000
-370.7102 0.0000
-369.7973 0.0000
-371.0749 0.0000
-372.1271 0.0000
-374.2892 0.0000
-373.2867 0.0000
-374.9627 0.0000
-374.4831 0.0000
-372.8185 0.0000
-372.9290 0.0000
-372.4970 0.0000
-372.4153 0.0000
-375.0842 0.0000
-372.6473 0.0000
-372.6012 0.0000
-374.9326 0.0000
-370.4167 0.0000
-370.1920 0.0000
-314.4831 0.0000
-314.0085 0.0000
-313.1793 0.0000
-313.4521 0.0000
-313.6768 0.0000
-313.0813 0.0000
-313.5246 0.0000
-313.5948 0.0000
-313.5023 0.0000
-313.1640 0.0000
-312.5927 0.0000
-312.7928 0.0000
-313.2578 0.0000
-312.9673 0.0000
-312.5758 0.0000
-312.6420 0.0000
-311.5839 0.0000
-311.2634 0.0000
-311.8137 0.0000
-311.5693 0.0000
-311.9945 0.0000
-312.2608 0.0000
-312.0908 0.0000
-311.5987 0.0000
-311.5090 0.0000
-311.2852 0.0000
-311.1349 0.0000
-311.5654 0.0000
-311.8373 0.0000
-311.5849 0.0000
-311.8270 0.0000
-311.3627 0.0000
-310.9951 0.0000
-310.9088 0.0000
-311.0596 0.0000
-311.4214 0.0000
-311.8214 0.0000
-311.8397 0.0000
-311.7955 0.0000
-312.6050 0.0000
-312.2518 0.0000
-312.9012 0.0000
-313.1518 0.0000
-313.6102 0.0000
-314.1344 0.0000
-314.5351 0.0000
-313.0717 0.0000
-313.4958 0.0000
-313.5926 0.0000
-313.4851 0.0000
-313.8777 0.0000
-314.0222 0.0000
-313.4213 0.0000
-313.7183 0.0000
-314.1291 0.0000
-315.3063 0.0000
-315.4569 0.0000
-315.4478 0.0000
-315.7070 0.0000
-315.8441 0.0000
-316.6674 0.0000
-316.9705 0.0000
-316.5048 0.0000
-317.2969 0.0000
-317.7687 0.0000
-317.7965 0.0000
-318.2350 0.0000
-317.2640 0.0000
-317.5026 0.0000
-318.2975 0.0000
-318.6731 0.0000
-319.4249 0.0000
-318.5077 0.0000
-317.9372 0.0000
-318.2980 0.0000
-318.9195 0.0000
-318.1183 0.0000
-317.0313 0.0000
-317.5241 0.0000
-317.8021 0.0000
-318.9386 0.0000
-319.8792 0.0000
-319.7009 0.0000
-319.3244 0.0000
-319.3681 0.0000
-319.2939 0.0000
-319.4987 0.0000
-319.2750 0.0000
-318.6894 0.0000
-318.3654 0.0000
-317.7350 0.0000
-317.9633 0.0000
-318.1017 0.0000
-318.4985 0.0000
-319.1495 0.0000
-320.2245 0.0000
-320.2031 0.0000
-320.1400 0.0000
-320.7722 0.0000
-321.1308 0.0000
-326.8893 0.0000
-327.4188 0.0000
-327.5127 0.0000
-329.1375 0.0000
-327.8598 0.0000
-327.7345 0.0000
-328.7380 0.0000
-327.8490 0.0000
-327.7527 0.0000
-329.1430 0.0000
-328.9681 0.0000
-329.6405 0.0000
-328.6497 0.0000
-329.1663 0.0000
-329.9418 0.0000
-329.9180 0.0000
-329.7485 0.0000
-328.5775 0.0000
-328.7707 0.0000
-327.9365 0.0000
-328.2767 0.0000
-328.0112 0.0000
-328.5213 0.0000
-329.7622 0.0000
-329.5091 0.0000
-329.2211 0.0000
-328.0529 0.0000
-328.5183 0.0000
-328.1852 0.0000
-327.8818 0.0000
-327.7247 0.0000
-326.9163 0.0000
-326.1026 0.0000
-326.7749 0.0000
-326.5716 0.0000
-324.8498 0.0000
-325.1868 0.0000
-325.0622 0.0000
-325.5128 0.0000
-323.3588 0.0000
-323.7514 0.0000
-324.5048 0.0000
-325.7244 0.0000
-324.4464 0.0000
-324.8485 0.0000
-326.6747 0.0000
-326.7237 0.0000
-327.4553 0.0000
-326.1281 0.0000
-326.4283 0.0000
-326.8836 0.0000
-326.1366 0.0000
-325.6736 0.0000
-325.8123 0.0000
-325.2000 0.0000
-325.3837 0.0000
-324.3932 0.0000
-324.4942 0.0000
-324.2590 0.0000
-323.6489 0.0000
-323.9061 0.0000
-324.4401 0.0000
-324.5768 0.0000
-323.5036 0.0000
-322.5081 0.0000
-321.6902 0.0000
-322.0112 0.0000
-321.0222 0.0000
-321.9490 0.0000
-319.7831 0.0000
-319.6990 0.0000
-320.5413 0.0000
-319.2732 0.0000
-319.7431 0.0000
-320.5281 0.0000
-317.6640 0.0000
-316.9008 0.0000
-316.6572 0.0000
-315.6321 0.0000
-315.0501 0.0000
-314.9496 0.0000
-315.4060 0.0000
-315.2688 0.0000
-315.7126 0.0000
-315.6045 0.0000
-314.9522 0.0000
-313.6332 0.0000
-313.6489 0.0000
-315.0221 0.0000
-313.7428 0.0000
-314.3445 0.0000
-313.6871 0.0000
-313.4508 0.0000
-312.4732 0.0000
-313.5706 0.0000
-310.8256 0.0000
-310.1251 0.0000
-310.2456 0.0000
-309.6564 0.0000
-309.5372 0.0000
-311.5046 0.0000
-309.6604 0.0000
-310.4555 0.0000
-310.8906 0.0000
-310.7376 0.0000
-311.3750 0.0000
-310.3585 0.0000
-307.8151 0.0000
-308.4727 0.0000
-307.9145 0.0000
-307.4768 0.0000
-307.6947 0.0000
-307.0308 0.0000
-307.8242 0.0000
-307.4780 0.0000
-306.5160 0.0000
-305.8082 0.0000
-305.3806 0.0000
-304.9561 0.0000
-306.0336 0.0000
-305.3648 0.0000
-307.0140 0.0000
-305.4159 0.0000
-305.9491 0.0000
-305.6790 0.0000
-305.6685 0.0000
-305.4227 0.0000
-305.2021 0.0000
-307.0099 0.0000
-304.5385 0.0000
-305.8989 0.0000
-304.0320 0.0000
-303.5118 0.0000
-303.3117 0.0000
-302.0695 0.0000
-302.8706 0.0000
-302.7894 0.0000
-303.6499 0.0000
-304.1821 0.0000
-301.9951 0.0000
-301.5116 0.0000
-301.1802 0.0000
-300.7738 0.0000
-300.5084 0.0000
-301.0926 0.0000
-300.4156 0.0000
-300.7865 0.0000
-300.6312 0.0000
-300.4428 0.0000
-299.5669 0.0000
-299.8586 0.0000
-301.0669 0.0000
-299.8967 0.0000
-300.5068 0.0000
-300.0575 0.0000
-300.1532 0.0000
-299.9889 0.0000
-300.5981 0.0000
-299.8585 0.0000
-298.7640 0.0000
-298.4945 0.0000
-299.6260 0.0000
-299.9606 0.0000
-299.7101 0.0000
-300.1260 0.0000
-299.6449 0.0000
-300.1294 0.0000
-299.5139 0.0000
-298.6047 0.0000
-298.8137 0.0000
-299.0936 0.0000
-298.5256 0.0000
-298.6414 0.0000
-299.0580 0.0000
-299.2036 0.0000
-298.5075 0.0000
-298.0315 0.0000
-297.2503 0.0000
-297.3098 0.0000
-297.5151 0.0000
-298.0132 0.0000
-298.1105 0.0000
-297.1251 0.0000
-296.8985 0.0000
-296.5419 0.0000
-295.9045 0.0000
-296.2718 0.0000
-296.2847 0.0000
-296.3863 0.0000
-297.4611 0.0000
-296.8474 0.0000
-297.2954 0.0000
-296.2274 0.0000
-296.4382 0.0000
-297.3108 0.0000
-297.1598 0.0000
-295.8967 0.0000
-294.7960 0.0000
-295.4653 0.0000
-294.9622 0.0000
-353.3436 0.0000
-355.4275 0.0000
-354.2622 0.0000
-354.5297 0.0000
-356.1258 0.0000
-353.0562 0.0000
-354.6526 0.0000
-355.6311 0.0000
-355.2466 0.0000
-354.9846 0.0000
-354.5297 0.0000
-353.4311 0.0000
-353.9139 0.0000
-355.1655 0.0000
-355.0083 0.0000
-353.8897 0.0000
-352.9679 0.0000
-353.2558 0.0000
-353.6266 0.0000
-354.6615 0.0000
-355.1367 0.0000
-354.4385 0.0000
-352.6238 0.0000
-356.3483 0.0000
-354.9181 0.0000
-353.2902 0.0000
-355.7597 0.0000
-354.4888 0.0000
-355.3003 0.0000
-354.5225 0.0000
-354.9073 0.0000
-355.6858 0.0000
-354.5959 0.0000
-354.6703 0.0000
-354.6715 0.0000
-353.7794 0.0000
-354.9511 0.0000
-355.5135 0.0000
-355.8079 0.0000
-355.9468 0.0000
-354.4146 0.0000
-355.9651 0.0000
-355.3652 0.0000
-354.8492 0.0000
-356.2569 0.0000
-354.5174 0.0000
-355.7350 0.0000
-353.8568 0.0000
-355.0038 0.0000
-354.4232 0.0000
-355.0962 0.0000
-356.1437 0.0000
-354.9648 0.0000
-354.5599 0.0000
-354.1509 0.0000
-353.9845 0.0000
-355.5223 0.0000
-354.1267 0.0000
-355.1556 0.0000
-354.9471 0.0000
-354.7250 0.0000
-355.3240 0.0000
-353.8945 0.0000
-354.3212 0.0000
-354.6451 0.0000
-353.1947 0.0000
-354.1449 0.0000
-353.3846 0.0000
-354.0143 0.0000
-354.3669 0.0000
-353.8697 0.0000
-355.7301 0.0000
-355.5910 0.0000
-355.1040 0.0000
-355.4321 0.0000
-354.2924 0.0000
-355.8004 0.0000
-354.1953 0.0000
-353.5755 0.0000
-355.0267 0.0000
-354.4874 0.0000
-357.0247 0.0000
-353.1253 0.0000
-355.3527 0.0000
-355.4403 0.0000
-354.8288 0.0000
-355.8624 0.0000
-355.5773 0.0000
-356.0433 0.0000
-355.5988 0.0000
-356.5959 0.0000
-355.3119 0.0000
-353.3441 0.0000
-355.6690 0.0000
-354.6456 0.0000
-353.5505 0.0000
-354.6459 0.0000
-355.3919 0.0000
-355.1174 0.0000
