-100.0000 -100.0000
-344.7766 0.0000
-343.8572 0.0000
-342.5390 0.0000
-345.1141 0.0000
-343.9911 0.0000
-341.9410 0.0000
-340.3501 0.0000
-340.4034 0.0000
-343.4794 0.0000
-340.3563 0.0000
-341.0190 0.0000
-341.3236 0.0000
-343.5984 0.0000
-340.9624 0.0000
-342.2411 0.0000
-342.3589 0.0000
-345.0482 0.0000
-346.0615 0.0000
-347.2828 0.0000
-347.7026 0.0000
-348.0547 0.0000
-348.9163 0.0000
-349.3885 0.0000
-350.2026 0.0000
-350.7350 0.0000
-353.1035 0.0000
-353.1432 0.0000
-353.1653 0.0000
-353.8063 0.0000
-350.3425 0.0000
-352.1965 0.0000
-350.8851 0.0000
-350.5174 0.0000
-349.4840 0.0000
-346.9248 0.0000
-346.4880 0.0000
-346.8955 0.0000
-347.7397 0.0000
-348.5724 0.0000
-348.4701 0.0000
-346.9984 0.0000
-346.9745 0.0000
-347.4476 0.0000
-347.6422 0.0000
-346.2225 0.0000
-347.9939 0.0000
-346.6989 0.0000
-345.3339 0.0000
-345.0074 0.0000
-343.5999 0.0000
-342.7384 0.0000
-344.9269 0.0000
-340.8740 0.0000
-340.2090 0.0000
-340.3768 0.0000
-340.9514 0.0000
-341.0585 0.0000
-341.8359 0.0000
-342.4054 0.0000
-343.5651 0.0000
-342.1697 0.0000
-339.6910 0.0000
-338.5848 0.0000
-339.5940 0.0000
-339.2891 0.0000
-337.2595 0.0000
-338.0086 0.0000
-338.6985 0.0000
-338.7160 0.0000
-339.7635 0.0000
-341.3390 0.0000
-340.3792 0.0000
-342.9124 0.0000
-339.0322 0.0000
-339.9647 0.0000
-339.8888 0.0000
-341.0652 0.0000
-339.1052 0.0000
-336.4585 0.0000
-339.2507 0.0000
-340.2045 0.0000
-341.0758 0.0000
-340.4783 0.0000
-340.7867 0.0000
-341.4001 0.0000
-342.9458 0.0000
-345.4273 0.0000
-344.5462 0.0000
-346.1707 0.0000
-345.9485 0.0000
-343.9606 0.0000
-344.0163 0.0000
-342.3717 0.0000
-343.3043 0.0000
-345.6041 0.0000
-342.8442 0.0000
-342.0419 0.0000
-343.7249 0.0000
-342.5954 0.0000
-342.6552 0.0000
-370.8750 0.0000
-372.8009 0.0000
-369.3313 0.0000
-370.2152 0.0000
-369.2608 0.0000
-370.4654 0.0000
-368.4915 0.0000
-370.4892 0.0000
-368.2567 0.0000
-370.3366 0.0000
-370.9066 0.0000
-368.6027 0.0000
-369.7155 0.0000
-370.3926 0.0000
-371.0178 0.0000
-370.0097 0.0000
-369.0400 0.0000
-372.0927 0.0000
-371.8239 0.0000
-369.6336 0.0000
-369.6677 0.0000
-370.2180 0.0000
-368.7798 0.0000
-369.8001 0.0000
-369.2086 0.0000
-368.3273 0.0000
-371.0285 0.0000
-369.9236 0.0000
-370.1552 0.0000
-371.4349 0.0000
-369.7118 0.0000
-366.8541 0.0000
-369.8629 0.0000
-370.5677 0.0000
-370.0248 0.0000
-370.2306 0.0000
-369.5339 0.0000
-371.1379 0.0000
-371.3975 0.0000
-369.2398 0.0000
-370.6529 0.0000
-370.2660 0.0000
-370.0170 0.0000
-370.2248 0.0000
-369.3643 0.0000
-371.0761 0.0000
-368.6104 0.0000
-370.8471 0.0000
-368.6950 0.0000
-369.6482 0.0000
-371.0967 0.0000
-369.0571 0.0000
-370.6094 0.0000
-371.7023 0.0000
-369.3665 0.0000
-370.1588 0.0000
-371.4467 0.0000
-370.1357 0.0000
-373.0533 0.0000
-369.5457 0.0000
-370.0412 0.0000
-368.9934 0.0000
-370.3812 0.0000
-371.6000 0.0000
-371.8742 0.0000
-370.4576 0.0000
-370.5967 0.0000
-369.2750 0.0000
-370.1087 0.0000
-371.6318 0.0000
-369.9146 0.0000
-369.0535 0.0000
-371.7137 0.0000
-369.7337 0.0000
-371.3260 0.0000
-370.2336 0.0000
-371.1758 0.0000
-370.3441 0.0000
-369.6042 0.0000
-370.8598 0.0000
-370.7103 0.0000
-370.5303 0.0000
-371.6840 0.0000
-371.5048 0.0000
-370.1044 0.0000
-368.0890 0.0000
-371.8041 0.0000
-369.7914 0.0000
-371.5024 0.0000
-369.9954 0.0000
-369.7564 0.0000
-371.3675 0.0000
-371.1014 0.0000
-370.4773 0.0000
-371.4253 0.0000
-371.6241 0.0000
-372.0297 0.0000
-369.7501 0.0000
-370.2645 0.0000
-372.3435 0.0000
-320.8510 0.0000
-321.1472 0.0000
-321.5228 0.0000
-321.2399 0.0000
-321.0190 0.0000
-320.3535 0.0000
-320.3747 0.0000
-319.8737 0.0000
-319.3759 0.0000
-319.1836 0.0000
-319.8013 0.0000
-319.3615 0.0000
-319.8448 0.0000
-320.1879 0.0000
-319.9917 0.0000
-320.4424 0.0000
-320.2134 0.0000
-319.9705 0.0000
-320.3381 0.0000
-320.1144 0.0000
-320.4921 0.0000
-321.1693 0.0000
-320.5125 0.0000
-320.7678 0.0000
-320.9114 0.0000
-321.2416 0.0000
-320.0219 0.0000
-319.3379 0.0000
-318.8650 0.0000
-319.2837 0.0000
-319.2646 0.0000
-318.3692 0.0000
-317.6001 0.0000
-317.6470 0.0000
-318.3146 0.0000
-317.5694 0.0000
-317.8185 0.0000
-317.8949 0.0000
-318.3051 0.0000
-317.5551 0.0000
-318.5073 0.0000
-319.1964 0.0000
-319.1165 0.0000
-318.4470 0.0000
-318.8870 0.0000
-320.0665 0.0000
-318.8082 0.0000
-318.7895 0.0000
-318.3046 0.0000
-319.6673 0.0000
-319.0400 0.0000
-318.3587 0.0000
-318.4969 0.0000
-319.0461 0.0000
-318.6412 0.0000
-319.2952 0.0000
-320.1200 0.0000
-320.1222 0.0000
-319.8812 0.0000
-320.0728 0.0000
-320.4949 0.0000
-319.6871 0.0000
-320.2258 0.0000
-319.5371 0.0000
-318.8250 0.0000
-319.1482 0.0000
-319.3326 0.0000
-319.1839 0.0000
-319.5202 0.0000
-319.0439 0.0000
-318.4417 0.0000
-319.2110 0.0000
-318.0631 0.0000
-318.5740 0.0000
-318.2973 0.0000
-318.2704 0.0000
-318.1966 0.0000
-318.3682 0.0000
-317.8263 0.0000
-317.6421 0.0000
-317.4753 0.0000
-317.5079 0.0000
-317.4273 0.0000
-318.6175 0.0000
-318.9848 0.0000
-318.5157 0.0000
-318.0670 0.0000
-317.5507 0.0000
-317.9261 0.0000
-317.6288 0.0000
-317.5591 0.0000
-317.3949 0.0000
-316.7632 0.0000
-315.8803 0.0000
-316.1641 0.0000
-315.6770 0.0000
-315.6897 0.0000
-315.9348 0.0000
-316.2332 0.0000
-316.7890 0.0000
-308.9384 0.0000
-308.8443 0.0000
-309.2344 0.0000
-309.3343 0.0000
-309.0507 0.0000
-309.7717 0.0000
-308.6791 0.0000
-308.4085 0.0000
-309.5917 0.0000
-309.2502 0.0000
-308.9160 0.0000
-309.4846 0.0000
-309.4214 0.0000
-309.5325 0.0000
-310.5034 0.0000
-310.7304 0.0000
-311.1330 0.0000
-310.4146 0.0000
-310.6802 0.0000
-311.1181 0.0000
-311.5610 0.0000
-309.8700 0.0000
-309.1057 0.0000
-309.0731 0.0000
-309.1586 0.0000
-309.7723 0.0000
-308.8308 0.0000
-309.9671 0.0000
-310.9857 0.0000
-307.7166 0.0000
-308.9315 0.0000
-308.9447 0.0000
-308.3009 0.0000
-308.3931 0.0000
-308.3601 0.0000
-307.4813 0.0000
-308.1763 0.0000
-307.9863 0.0000
-307.0398 0.0000
-307.9591 0.0000
-306.8807 0.0000
-307.0162 0.0000
-306.6339 0.0000
-305.3368 0.0000
-305.8754 0.0000
-307.1004 0.0000
-307.5628 0.0000
-308.1118 0.0000
-308.6432 0.0000
-308.1372 0.0000
-309.2513 0.0000
-308.7691 0.0000
-309.5265 0.0000
-307.7677 0.0000
-308.0379 0.0000
-308.0151 0.0000
-307.5524 0.0000
-307.9653 0.0000
-308.7536 0.0000
-307.1064 0.0000
-307.1405 0.0000
-307.5522 0.0000
-307.4360 0.0000
-307.8984 0.0000
-308.1770 0.0000
-307.3063 0.0000
-308.2567 0.0000
-308.2335 0.0000
-307.1453 0.0000
-307.5257 0.0000
-308.3460 0.0000
-308.6207 0.0000
-309.4702 0.0000
-309.4993 0.0000
-309.2975 0.0000
-309.6350 0.0000
-310.6385 0.0000
-310.3621 0.0000
-310.1721 0.0000
-310.1922 0.0000
-308.6087 0.0000
-307.2467 0.0000
-306.1029 0.0000
-306.4472 0.0000
-307.0726 0.0000
-306.6773 0.0000
-305.9961 0.0000
-305.7212 0.0000
-306.6072 0.0000
-306.4345 0.0000
-306.3653 0.0000
-306.0715 0.0000
-306.5400 0.0000
-305.8298 0.0000
-306.3638 0.0000
-305.8541 0.0000
-305.7042 0.0000
-304.0206 0.0000
-303.7667 0.0000
-304.7236 0.0000
-294.8962 0.0000
-293.8683 0.0000
-293.1632 0.0000
-292.5688 0.0000
-292.3106 0.0000
-291.6355 0.0000
-292.0982 0.0000
-292.8118 0.0000
-292.1890 0.0000
-293.1676 0.0000
-292.9583 0.0000
-291.9715 0.0000
-292.9898 0.0000
-292.0884 0.0000
-292.7037 0.0000
-292.8103 0.0000
-291.7683 0.0000
-291.6234 0.0000
-291.9400 0.0000
-292.3035 0.0000
-291.3624 0.0000
-291.0902 0.0000
-291.2768 0.0000
-291.4520 0.0000
-291.7408 0.0000
-291.7649 0.0000
-291.4008 0.0000
-291.9888 0.0000
-292.2607 0.0000
-291.8126 0.0000
-292.2813 0.0000
-292.5184 0.0000
-292.0652 0.0000
-291.7716 0.0000
-291.0359 0.0000
-290.9122 0.0000
-290.5441 0.0000
-290.1458 0.0000
-290.6238 0.0000
-290.5729 0.0000
-291.2818 0.0000
-290.5715 0.0000
-290.3242 0.0000
-290.4158 0.0000
-291.3014 0.0000
-291.1223 0.0000
-292.8260 0.0000
-290.6733 0.0000
-291.2805 0.0000
-291.7096 0.0000
-291.8978 0.0000
-292.0735 0.0000
-292.0757 0.0000
-291.3731 0.0000
-292.0244 0.0000
-290.8974 0.0000
-291.4035 0.0000
-291.4776 0.0000
-291.2800 0.0000
-290.6639 0.0000
-290.8032 0.0000
-291.3521 0.0000
-291.8728 0.0000
-292.1539 0.0000
-291.8468 0.0000
-292.0975 0.0000
-292.6805 0.0000
-291.9259 0.0000
-292.6619 0.0000
-293.1053 0.0000
-292.8330 0.0000
-292.0096 0.0000
-292.3878 0.0000
-292.0329 0.0000
-291.5791 0.0000
-291.9804 0.0000
-291.3437 0.0000
-291.3883 0.0000
-292.4005 0.0000
-290.7508 0.0000
-291.5204 0.0000
-292.0411 0.0000
-290.6218 0.0000
-290.4033 0.0000
-290.5222 0.0000
-289.9718 0.0000
-290.6193 0.0000
-288.9251 0.0000
-289.6669 0.0000
-289.1456 0.0000
-289.8136 0.0000
-288.9458 0.0000
-288.2261 0.0000
-287.9435 0.0000
-288.4031 0.0000
-288.2924 0.0000
-288.9811 0.0000
-287.7811 0.0000
-288.8632 0.0000
