-100.0000 -100.0000
-333.8476 0.0000
-331.1694 0.0000
-329.2151 0.0000
-333.1321 0.0000
-329.0948 0.0000
-328.0944 0.0000
-325.7825 0.0000
-325.6239 0.0000
-326.7454 0.0000
-326.0617 0.0000
-324.6066 0.0000
-324.6216 0.0000
-326.2964 0.0000
-324.8581 0.0000
-326.4263 0.0000
-327.1041 0.0000
-328.1816 0.0000
-326.6155 0.0000
-326.5122 0.0000
-324.3919 0.0000
-323.8396 0.0000
-324.2227 0.0000
-323.7028 0.0000
-325.3935 0.0000
-325.1959 0.0000
-327.1684 0.0000
-329.5873 0.0000
-327.3955 0.0000
-328.6997 0.0000
-323.9230 0.0000
-324.3528 0.0000
-322.2844 0.0000
-322.4576 0.0000
-321.2369 0.0000
-317.3058 0.0000
-314.8344 0.0000
-314.5716 0.0000
-315.4682 0.0000
-313.1991 0.0000
-312.7484 0.0000
-310.3105 0.0000
-312.2082 0.0000
-311.3114 0.0000
-310.9102 0.0000
-311.2245 0.0000
-314.3087 0.0000
-309.9000 0.0000
-308.7618 0.0000
-308.8754 0.0000
-307.2112 0.0000
-307.7794 0.0000
-308.3747 0.0000
-307.2300 0.0000
-308.1587 0.0000
-309.2060 0.0000
-308.4115 0.0000
-308.0670 0.0000
-307.9928 0.0000
-307.2520 0.0000
-308.6994 0.0000
-307.2284 0.0000
-306.3839 0.0000
-306.0638 0.0000
-305.9805 0.0000
-304.8197 0.0000
-304.5977 0.0000
-304.7962 0.0000
-306.7543 0.0000
-304.9666 0.0000
-305.0876 0.0000
-306.2135 0.0000
-303.7352 0.0000
-303.4419 0.0000
-301.7311 0.0000
-302.4341 0.0000
-302.8995 0.0000
-303.7778 0.0000
-303.6163 0.0000
-303.3280 0.0000
-305.3851 0.0000
-302.2619 0.0000
-303.4280 0.0000
-302.4300 0.0000
-302.5426 0.0000
-302.3342 0.0000
-303.9958 0.0000
-303.1851 0.0000
-303.9774 0.0000
-304.8386 0.0000
-302.5793 0.0000
-303.0449 0.0000
-303.0858 0.0000
-301.8909 0.0000
-301.6427 0.0000
-301.6800 0.0000
-300.6000 0.0000
-300.9278 0.0000
-300.2014 0.0000
-300.2843 0.0000
-299.0371 0.0000
-337.2404 0.0000
-336.8920 0.0000
-336.6454 0.0000
-337.4197 0.0000
-335.6534 0.0000
-336.6910 0.0000
-337.5481 0.0000
-336.9532 0.0000
-337.0919 0.0000
-337.1747 0.0000
-336.2072 0.0000
-337.2380 0.0000
-336.5805 0.0000
-336.7586 0.0000
-336.4402 0.0000
-337.2917 0.0000
-337.7819 0.0000
-336.0833 0.0000
-336.2609 0.0000
-337.2382 0.0000
-337.5810 0.0000
-337.0072 0.0000
-337.4652 0.0000
-336.1678 0.0000
-336.5101 0.0000
-337.1173 0.0000
-334.5524 0.0000
-336.6987 0.0000
-337.6243 0.0000
-337.0992 0.0000
-335.8287 0.0000
-335.8220 0.0000
-337.4196 0.0000
-336.9473 0.0000
-338.4253 0.0000
-336.3000 0.0000
-337.0765 0.0000
-336.5976 0.0000
-337.2407 0.0000
-335.3223 0.0000
-337.6470 0.0000
-337.6788 0.0000
-337.3981 0.0000
-336.4404 0.0000
-336.0337 0.0000
-336.5045 0.0000
-336.8474 0.0000
-337.1527 0.0000
-338.0602 0.0000
-336.4071 0.0000
-336.5264 0.0000
-336.7482 0.0000
-336.8770 0.0000
-338.0552 0.0000
-336.6433 0.0000
-336.9084 0.0000
-336.8604 0.0000
-337.1443 0.0000
-337.9580 0.0000
-336.6954 0.0000
-336.8424 0.0000
-336.9757 0.0000
-336.0627 0.0000
-337.4143 0.0000
-336.5571 0.0000
-337.8293 0.0000
-336.4832 0.0000
-336.5802 0.0000
-336.6168 0.0000
-336.3641 0.0000
-337.3259 0.0000
-336.3812 0.0000
-336.4485 0.0000
-336.6170 0.0000
-336.5309 0.0000
-336.8153 0.0000
-336.1325 0.0000
-335.9878 0.0000
-337.6676 0.0000
-336.5454 0.0000
-337.7319 0.0000
-336.9050 0.0000
-338.0380 0.0000
-336.7575 0.0000
-336.5227 0.0000
-336.4991 0.0000
-336.8761 0.0000
-336.3288 0.0000
-337.4232 0.0000
-336.9011 0.0000
-335.9944 0.0000
-337.6654 0.0000
-336.5242 0.0000
-336.6104 0.0000
-336.1530 0.0000
-336.7097 0.0000
-338.0592 0.0000
-336.6671 0.0000
-337.0008 0.0000
-336.9720 0.0000
-343.8108 0.0000
-344.8760 0.0000
-344.7246 0.0000
-344.5164 0.0000
-343.7475 0.0000
-344.1186 0.0000
-344.2104 0.0000
-344.9606 0.0000
-345.9905 0.0000
-345.0228 0.0000
-344.0916 0.0000
-343.5491 0.0000
-345.9380 0.0000
-344.9871 0.0000
-344.8871 0.0000
-344.3999 0.0000
-344.9090 0.0000
-345.0766 0.0000
-343.8293 0.0000
-345.3730 0.0000
-345.3113 0.0000
-345.2717 0.0000
-344.7628 0.0000
-345.0850 0.0000
-344.6848 0.0000
-345.2403 0.0000
-345.1161 0.0000
-345.0461 0.0000
-344.4577 0.0000
-345.2870 0.0000
-344.3670 0.0000
-344.1335 0.0000
-345.4834 0.0000
-344.1485 0.0000
-345.1621 0.0000
-344.3050 0.0000
-345.3820 0.0000
-344.5097 0.0000
-344.3281 0.0000
-343.2772 0.0000
-345.7596 0.0000
-345.5911 0.0000
-344.6828 0.0000
-346.1993 0.0000
-345.8024 0.0000
-343.8723 0.0000
-344.0685 0.0000
-344.5395 0.0000
-343.7832 0.0000
-345.0773 0.0000
-345.4202 0.0000
-345.8908 0.0000
-345.8085 0.0000
-345.2636 0.0000
-345.7780 0.0000
-345.2344 0.0000
-344.0798 0.0000
-343.8840 0.0000
-344.5806 0.0000
-343.2950 0.0000
-342.6138 0.0000
-342.2945 0.0000
-341.8463 0.0000
-342.7221 0.0000
-343.4527 0.0000
-342.6836 0.0000
-343.0549 0.0000
-341.6608 0.0000
-341.3497 0.0000
-341.9214 0.0000
-341.8127 0.0000
-341.2104 0.0000
-340.2431 0.0000
-341.2096 0.0000
-340.4782 0.0000
-339.5599 0.0000
-339.1105 0.0000
-338.5384 0.0000
-339.0723 0.0000
-338.7990 0.0000
-339.7778 0.0000
-338.9557 0.0000
-338.9176 0.0000
-338.5079 0.0000
-338.5267 0.0000
-337.9512 0.0000
-337.7674 0.0000
-337.9208 0.0000
-339.2134 0.0000
-338.3759 0.0000
-338.2253 0.0000
-338.3982 0.0000
-338.1074 0.0000
-338.4255 0.0000
-338.4841 0.0000
-337.9919 0.0000
-338.0413 0.0000
-337.9395 0.0000
-337.5717 0.0000
-336.8073 0.0000
-337.3590 0.0000
-338.1645 0.0000
-337.1296 0.0000
-337.0471 0.0000
-336.6906 0.0000
-336.9956 0.0000
-335.5671 0.0000
-335.2107 0.0000
-334.5702 0.0000
-334.1213 0.0000
-333.8001 0.0000
-333.5173 0.0000
-333.3491 0.0000
-333.9256 0.0000
-333.1300 0.0000
-332.9800 0.0000
-333.1897 0.0000
-333.5870 0.0000
-333.6398 0.0000
-333.5718 0.0000
-333.3916 0.0000
-334.3895 0.0000
-333.6181 0.0000
-334.2719 0.0000
-333.7942 0.0000
-334.4846 0.0000
-333.6924 0.0000
-333.5142 0.0000
-334.4431 0.0000
-332.6229 0.0000
-332.9052 0.0000
-332.8132 0.0000
-332.6031 0.0000
-333.2903 0.0000
-331.7781 0.0000
-333.0539 0.0000
-332.8343 0.0000
-333.8897 0.0000
-333.6173 0.0000
-333.3075 0.0000
-332.9166 0.0000
-333.0022 0.0000
-332.8038 0.0000
-332.6480 0.0000
-332.7935 0.0000
-331.5921 0.0000
-332.2802 0.0000
-331.8251 0.0000
-331.6357 0.0000
-331.2197 0.0000
-331.1969 0.0000
-332.0040 0.0000
-331.2245 0.0000
-330.7719 0.0000
-330.0780 0.0000
-329.4283 0.0000
-328.8458 0.0000
-329.1960 0.0000
-328.8811 0.0000
-328.5835 0.0000
-328.6671 0.0000
-329.4350 0.0000
-329.3009 0.0000
-329.2144 0.0000
-329.9458 0.0000
-329.7634 0.0000
-330.2569 0.0000
-329.9768 0.0000
-330.5122 0.0000
-330.7528 0.0000
-330.7055 0.0000
-330.4315 0.0000
-331.4331 0.0000
-330.0477 0.0000
-329.6043 0.0000
-330.1252 0.0000
-329.3782 0.0000
-328.8917 0.0000
-329.1960 0.0000
-329.2324 0.0000
-329.1969 0.0000
-329.0374 0.0000
-329.0582 0.0000
-328.8202 0.0000
-329.9410 0.0000
-328.8332 0.0000
-329.0593 0.0000
-328.6436 0.0000
-328.5746 0.0000
-329.1963 0.0000
-328.9541 0.0000
-329.0372 0.0000
-329.1964 0.0000
-329.5403 0.0000
-329.6479 0.0000
-330.6205 0.0000
-330.9028 0.0000
-330.2687 0.0000
-330.3639 0.0000
-330.0673 0.0000
-302.0387 0.0000
-301.9539 0.0000
-301.4140 0.0000
-300.5026 0.0000
-300.1011 0.0000
-300.0038 0.0000
-300.7425 0.0000
-301.3144 0.0000
-300.3261 0.0000
-301.0249 0.0000
-300.3761 0.0000
-300.9389 0.0000
-300.4686 0.0000
-300.0796 0.0000
-300.3594 0.0000
-300.7452 0.0000
-301.0011 0.0000
-300.2724 0.0000
-300.1612 0.0000
-299.2818 0.0000
-299.2368 0.0000
-298.9849 0.0000
-298.6930 0.0000
-299.7655 0.0000
-298.5836 0.0000
-299.1048 0.0000
-298.7715 0.0000
-298.3359 0.0000
-298.7730 0.0000
-299.2670 0.0000
-299.3171 0.0000
-299.5219 0.0000
-298.9902 0.0000
-297.9780 0.0000
-298.4412 0.0000
-297.4320 0.0000
-297.7401 0.0000
-297.6622 0.0000
-297.7872 0.0000
-297.6401 0.0000
-298.0646 0.0000
-298.2311 0.0000
-298.5404 0.0000
-298.5505 0.0000
-298.3226 0.0000
-298.5107 0.0000
-299.4709 0.0000
-299.0960 0.0000
-299.0613 0.0000
-298.6860 0.0000
-298.2965 0.0000
-298.6979 0.0000
-298.8721 0.0000
-298.2194 0.0000
-298.1773 0.0000
-297.5279 0.0000
-297.7355 0.0000
-296.7714 0.0000
-296.5578 0.0000
-296.3117 0.0000
-296.1692 0.0000
-296.7820 0.0000
-295.8946 0.0000
-294.9962 0.0000
-294.8452 0.0000
-293.8230 0.0000
-293.5096 0.0000
-293.7554 0.0000
-292.6252 0.0000
-292.3291 0.0000
-292.0336 0.0000
-292.9008 0.0000
-292.8823 0.0000
-291.9573 0.0000
-290.6876 0.0000
-290.6377 0.0000
-290.8568 0.0000
-290.5303 0.0000
-290.9035 0.0000
-290.4669 0.0000
-290.1927 0.0000
-289.7601 0.0000
-290.1978 0.0000
-290.3296 0.0000
-290.6568 0.0000
-290.1207 0.0000
-291.1071 0.0000
-289.9474 0.0000
-290.2887 0.0000
-288.7534 0.0000
-288.7026 0.0000
-289.0025 0.0000
-288.2162 0.0000
-287.6305 0.0000
-287.3467 0.0000
-287.9169 0.0000
-287.1271 0.0000
-287.7450 0.0000
-287.6621 0.0000
