-100.0000 -100.0000
-392.5784 0.0000
-392.3448 0.0000
-389.9420 0.0000
-390.9058 0.0000
-391.7041 0.0000
-389.8747 0.0000
-388.4214 0.0000
-388.8603 0.0000
-388.8354 0.0000
-388.8254 0.0000
-389.5824 0.0000
-389.2378 0.0000
-391.6028 0.0000
-389.0455 0.0000
-390.4543 0.0000
-390.0403 0.0000
-393.2801 0.0000
-391.9873 0.0000
-391.3956 0.0000
-390.9888 0.0000
-391.0615 0.0000
-390.2652 0.0000
-390.1520 0.0000
-392.1908 0.0000
-391.7027 0.0000
-395.0414 0.0000
-396.4958 0.0000
-396.7261 0.0000
-396.7196 0.0000
-393.9022 0.0000
-393.3829 0.0000
-392.8811 0.0000
-392.1085 0.0000
-390.4544 0.0000
-387.3062 0.0000
-386.7521 0.0000
-387.4639 0.0000
-388.3501 0.0000
-386.3511 0.0000
-386.8935 0.0000
-385.0708 0.0000
-384.4201 0.0000
-383.8080 0.0000
-384.3834 0.0000
-383.4965 0.0000
-385.2356 0.0000
-382.9231 0.0000
-380.0815 0.0000
-380.6968 0.0000
-379.5501 0.0000
-379.4070 0.0000
-379.6853 0.0000
-378.5940 0.0000
-378.7021 0.0000
-377.9804 0.0000
-379.0964 0.0000
-377.0493 0.0000
-376.1262 0.0000
-376.9023 0.0000
-377.5747 0.0000
-376.5628 0.0000
-375.8688 0.0000
-375.6789 0.0000
-376.5401 0.0000
-376.6829 0.0000
-374.9264 0.0000
-375.0303 0.0000
-374.8362 0.0000
-374.4458 0.0000
-376.1743 0.0000
-376.9612 0.0000
-376.3360 0.0000
-377.5013 0.0000
-376.5966 0.0000
-377.5654 0.0000
-377.0477 0.0000
-378.7588 0.0000
-377.8390 0.0000
-376.0891 0.0000
-379.5891 0.0000
-376.4691 0.0000
-376.7025 0.0000
-376.3454 0.0000
-377.0925 0.0000
-376.3126 0.0000
-377.1265 0.0000
-378.6954 0.0000
-377.7488 0.0000
-379.3892 0.0000
-379.3638 0.0000
-379.0856 0.0000
-378.3567 0.0000
-375.0760 0.0000
-374.6651 0.0000
-376.2624 0.0000
-375.3855 0.0000
-375.7150 0.0000
-376.9360 0.0000
-375.1710 0.0000
-375.7185 0.0000
-298.3871 0.0000
-298.4466 0.0000
-296.6681 0.0000
-296.2119 0.0000
-295.9727 0.0000
-297.2813 0.0000
-296.7185 0.0000
-295.7846 0.0000
-295.3000 0.0000
-295.4223 0.0000
-293.7753 0.0000
-293.7089 0.0000
-294.8104 0.0000
-294.6407 0.0000
-295.5670 0.0000
-294.9844 0.0000
-293.8706 0.0000
-294.1081 0.0000
-294.2891 0.0000
-294.6849 0.0000
-295.8699 0.0000
-295.7561 0.0000
-295.8022 0.0000
-296.8004 0.0000
-297.6596 0.0000
-297.4308 0.0000
-298.3589 0.0000
-298.5046 0.0000
-298.5425 0.0000
-298.9893 0.0000
-298.9070 0.0000
-298.7658 0.0000
-297.9735 0.0000
-297.4757 0.0000
-297.8773 0.0000
-298.5209 0.0000
-297.2854 0.0000
-297.2886 0.0000
-296.4874 0.0000
-296.2214 0.0000
-295.8842 0.0000
-295.9818 0.0000
-295.5843 0.0000
-295.3187 0.0000
-296.4485 0.0000
-297.4115 0.0000
-295.5759 0.0000
-295.1197 0.0000
-295.1328 0.0000
-294.7488 0.0000
-295.1737 0.0000
-295.4307 0.0000
-295.5498 0.0000
-295.1131 0.0000
-295.3998 0.0000
-297.1494 0.0000
-297.3475 0.0000
-297.1042 0.0000
-297.7699 0.0000
-298.1260 0.0000
-298.9774 0.0000
-298.8599 0.0000
-299.8062 0.0000
-301.5223 0.0000
-300.0113 0.0000
-300.3007 0.0000
-299.6044 0.0000
-298.7584 0.0000
-299.0074 0.0000
-300.6117 0.0000
-301.6921 0.0000
-302.6143 0.0000
-302.4868 0.0000
-303.1227 0.0000
-302.5193 0.0000
-303.8436 0.0000
-303.4900 0.0000
-302.3334 0.0000
-303.2552 0.0000
-303.0199 0.0000
-305.9937 0.0000
-307.8337 0.0000
-304.5091 0.0000
-304.1906 0.0000
-304.4864 0.0000
-304.6655 0.0000
-305.0814 0.0000
-306.7525 0.0000
-306.5990 0.0000
-306.1004 0.0000
-305.2205 0.0000
-305.2179 0.0000
-305.3136 0.0000
-306.0054 0.0000
-306.7623 0.0000
-308.4305 0.0000
-309.4226 0.0000
-308.4251 0.0000
-307.6912 0.0000
-309.5534 0.0000
-336.8547 0.0000
-337.4648 0.0000
-337.0650 0.0000
-338.0671 0.0000
-336.0144 0.0000
-336.1139 0.0000
-337.8176 0.0000
-336.8983 0.0000
-337.5975 0.0000
-337.5384 0.0000
-337.9393 0.0000
-338.1216 0.0000
-337.5813 0.0000
-337.1200 0.0000
-337.5732 0.0000
-337.2053 0.0000
-336.7825 0.0000
-335.6907 0.0000
-335.5918 0.0000
-335.6301 0.0000
-335.2646 0.0000
-335.1196 0.0000
-335.8824 0.0000
-336.3417 0.0000
-336.7154 0.0000
-338.2976 0.0000
-338.3108 0.0000
-338.2652 0.0000
-338.6336 0.0000
-338.3397 0.0000
-338.1886 0.0000
-337.5505 0.0000
-337.7594 0.0000
-338.0549 0.0000
-338.7113 0.0000
-337.8256 0.0000
-337.9098 0.0000
-338.2291 0.0000
-338.1070 0.0000
-336.0118 0.0000
-337.0277 0.0000
-338.1753 0.0000
-338.3272 0.0000
-338.2005 0.0000
-338.4128 0.0000
-337.5180 0.0000
-336.6144 0.0000
-337.9923 0.0000
-337.2996 0.0000
-337.5848 0.0000
-337.2157 0.0000
-336.7141 0.0000
-335.3889 0.0000
-335.2106 0.0000
-334.9269 0.0000
-334.3076 0.0000
-333.3851 0.0000
-334.2145 0.0000
-334.1098 0.0000
-333.0025 0.0000
-332.1710 0.0000
-331.9573 0.0000
-332.3032 0.0000
-333.1499 0.0000
-330.9721 0.0000
-329.4046 0.0000
-328.5753 0.0000
-327.7420 0.0000
-328.7344 0.0000
-327.6122 0.0000
-327.1275 0.0000
-326.8664 0.0000
-326.9691 0.0000
-327.0948 0.0000
-327.1882 0.0000
-325.1906 0.0000
-324.5733 0.0000
-323.4752 0.0000
-323.3377 0.0000
-322.1812 0.0000
-323.0808 0.0000
-322.6599 0.0000
-323.2276 0.0000
-322.2018 0.0000
-322.0914 0.0000
-323.0801 0.0000
-322.1983 0.0000
-322.9628 0.0000
-323.4969 0.0000
-322.7651 0.0000
-321.9871 0.0000
-321.9814 0.0000
-321.9037 0.0000
-320.7273 0.0000
-321.0486 0.0000
-319.7432 0.0000
-319.2729 0.0000
-318.4612 0.0000
-318.2275 0.0000
-318.4328 0.0000
-360.7097 0.0000
-358.2904 0.0000
-358.4147 0.0000
-357.8203 0.0000
-358.2657 0.0000
-358.3364 0.0000
-358.2739 0.0000
-356.3594 0.0000
-358.7170 0.0000
-357.2617 0.0000
-358.0694 0.0000
-359.7340 0.0000
-357.8967 0.0000
-359.1252 0.0000
-359.9459 0.0000
-356.6340 0.0000
-357.9245 0.0000
-358.2673 0.0000
-359.2412 0.0000
-359.8685 0.0000
-358.0401 0.0000
-358.8151 0.0000
-357.5264 0.0000
-358.6966 0.0000
-358.8671 0.0000
-358.3670 0.0000
-358.8637 0.0000
-357.8414 0.0000
-359.9568 0.0000
-357.2260 0.0000
-358.0521 0.0000
-357.4083 0.0000
-357.8406 0.0000
-357.8841 0.0000
-357.6759 0.0000
-358.5847 0.0000
-359.5797 0.0000
-358.5969 0.0000
-359.5629 0.0000
-358.2807 0.0000
-358.0973 0.0000
-356.8067 0.0000
-357.7104 0.0000
-358.0898 0.0000
-357.9501 0.0000
-357.6094 0.0000
-358.2029 0.0000
-358.9858 0.0000
-357.3410 0.0000
-358.0654 0.0000
-357.4786 0.0000
-358.8102 0.0000
-357.7850 0.0000
-358.1526 0.0000
-356.8470 0.0000
-357.1199 0.0000
-359.1858 0.0000
-358.1600 0.0000
-358.5953 0.0000
-358.8107 0.0000
-358.1241 0.0000
-360.0937 0.0000
-359.4919 0.0000
-358.3684 0.0000
-357.1135 0.0000
-357.6251 0.0000
-358.0473 0.0000
-357.6211 0.0000
-357.3075 0.0000
-357.9230 0.0000
-358.8036 0.0000
-356.9667 0.0000
-359.1564 0.0000
-359.5901 0.0000
-357.8410 0.0000
-357.7621 0.0000
-356.8673 0.0000
-357.9326 0.0000
-357.5858 0.0000
-357.8876 0.0000
-358.2738 0.0000
-358.8073 0.0000
-358.7195 0.0000
-358.2612 0.0000
-356.9890 0.0000
-357.5628 0.0000
-358.4806 0.0000
-356.9782 0.0000
-359.8106 0.0000
-360.3158 0.0000
-357.3216 0.0000
-359.5397 0.0000
-358.6459 0.0000
-359.2807 0.0000
-358.6486 0.0000
-359.2659 0.0000
-357.7770 0.0000
-356.7739 0.0000
-358.3981 0.0000
-358.6067 0.0000
-330.0444 0.0000
-330.0490 0.0000
-329.7510 0.0000
-329.6833 0.0000
-330.5349 0.0000
-329.9492 0.0000
-330.0715 0.0000
-330.9316 0.0000
-331.3731 0.0000
-330.3885 0.0000
-329.7637 0.0000
-329.6266 0.0000
-329.2317 0.0000
-330.0229 0.0000
-329.8096 0.0000
-330.6874 0.0000
-329.9878 0.0000
-329.4817 0.0000
-330.0541 0.0000
-329.8569 0.0000
-330.6909 0.0000
-329.2978 0.0000
-330.3625 0.0000
-330.4756 0.0000
-330.2791 0.0000
-329.7001 0.0000
-330.2998 0.0000
-330.0315 0.0000
-329.6600 0.0000
-329.6684 0.0000
-330.1346 0.0000
-330.5795 0.0000
-330.0954 0.0000
-330.4419 0.0000
-330.3414 0.0000
-329.3766 0.0000
-330.0366 0.0000
-329.9632 0.0000
-330.4322 0.0000
-329.6945 0.0000
-330.3843 0.0000
-330.2528 0.0000
-330.1606 0.0000
-330.4597 0.0000
-329.2230 0.0000
-329.7912 0.0000
-331.0036 0.0000
-329.7856 0.0000
-330.2768 0.0000
-329.2421 0.0000
-329.7743 0.0000
-329.9683 0.0000
-329.9868 0.0000
-330.1104 0.0000
-330.1084 0.0000
-329.7194 0.0000
-329.5032 0.0000
-329.5383 0.0000
-329.7259 0.0000
-330.2966 0.0000
-330.1184 0.0000
-330.6386 0.0000
-328.6839 0.0000
-329.6405 0.0000
-330.4051 0.0000
-329.2598 0.0000
-329.9971 0.0000
-330.0219 0.0000
-329.1580 0.0000
-330.3690 0.0000
-329.5316 0.0000
-330.5542 0.0000
-330.5370 0.0000
-330.7134 0.0000
-329.8144 0.0000
-329.6242 0.0000
-330.6041 0.0000
-329.1687 0.0000
-328.9544 0.0000
-329.9209 0.0000
-330.7043 0.0000
-330.6947 0.0000
-330.4805 0.0000
-330.5710 0.0000
-329.2630 0.0000
-330.3695 0.0000
-330.3409 0.0000
-329.8597 0.0000
-330.1161 0.0000
-330.1037 0.0000
-329.6893 0.0000
-330.0537 0.0000
-328.9381 0.0000
-330.5089 0.0000
-330.6209 0.0000
-330.2144 0.0000
-330.1527 0.0000
-330.0063 0.0000
-330.6698 0.0000
