0.00
90.18
86.09
83.64
89.78
90.59
86.71
84.25
81.80
84.87
81.19
75.87
75.46
81.80
83.03
86.09
91.41
88.75
79.55
74.85
77.30
77.30
77.30
77.30
63.80
57.26
40.49
40.49
39.67
39.88
43.56
43.35
56.24
44.38
51.53
74.85
87.53
84.87
82.00
83.03
83.03
88.55
82.41
75.87
67.69
77.10
60.74
65.85
74.03
82.62
89.98
89.98
84.25
90.18
89.78
91.21
89.57
89.98
88.96
89.78
87.32
87.32
89.16
89.57
89.98
89.98
85.07
90.59
88.96
88.96
80.78
67.28
73.21
64.62
72.80
67.28
67.28
59.71
65.85
82.62
65.24
59.71
56.44
59.71
64.83
57.26
42.94
42.94
44.17
39.88
39.88
39.88
39.88
56.03
43.97
39.88
39.88
39.88
39.88
43.35
41.72
41.72
41.72
41.72
41.72
41.72
41.72
41.72
41.72
41.72
41.72
41.72
41.72
41.72
41.72
41.72
41.72
41.72
41.72
41.72
41.72
41.72
41.72
41.72
41.72
41.72
41.72
41.72
41.72
41.72
41.72
41.72
41.72
41.72
41.72
41.72
41.72
41.72
41.72
41.72
41.72
41.72
41.72
41.72
41.72
41.72
41.72
41.72
41.72
41.72
41.72
41.72
41.72
41.72
41.72
41.72
41.72
41.72
41.72
41.72
41.72
41.72
41.72
41.72
41.72
41.72
41.72
41.72
41.72
41.72
41.72
41.72
41.72
41.72
41.72
41.72
41.72
41.72
41.72
41.72
41.72
41.72
41.72
41.72
41.72
41.72
41.72
41.72
41.72
41.72
41.72
12.88
18.81
19.84
19.02
19.22
22.49
28.83
25.36
21.68
24.34
88.96
87.93
86.30
88.75
91.82
92.84
93.25
93.46
92.84
92.64
92.84
93.25
93.46
93.25
92.43
92.43
92.43
91.62
92.43
92.02
92.43
91.82
90.59
88.14
86.09
81.39
81.39
83.84
85.89
83.03
85.69
90.18
88.14
86.71
86.71
89.57
85.89
87.32
85.69
87.73
85.69
79.96
79.96
57.46
52.76
65.03
62.78
56.03
64.83
62.99
62.99
62.99
71.17
70.76
63.60
68.30
68.30
64.42
65.44
75.66
83.23
88.14
90.59
87.53
88.14
87.93
90.18
92.23
92.23
92.23
92.23
92.23
92.43
92.43
92.84
92.84
93.25
91.82
92.23
91.82
91.82
90.80
90.80
90.39
90.59
91.41
92.02
92.02
92.02
91.82
90.39
90.59
90.39
90.18
90.18
88.34
89.37
88.34
88.34
87.93
87.93
87.93
87.93
87.93
87.93
87.93
87.93
87.93
87.93
87.93
87.93
87.93
87.93
87.93
87.93
87.93
87.93
87.93
87.93
87.93
87.93
87.93
87.93
87.93
87.93
87.93
87.93
87.93
87.93
87.93
87.93
87.93
87.93
87.93
87.93
87.93
87.93
87.93
87.93
87.93
87.93
87.93
87.93
87.93
87.93
87.93
87.93
87.93
87.93
87.93
87.93
87.93
87.93
87.93
87.93
87.93
87.93
87.93
87.93
87.93
87.93
87.93
87.93
87.93
87.93
87.93
87.93
87.93
87.93
87.93
87.93
87.93
87.93
87.93
87.93
87.93
87.93
87.93
87.93
87.93
87.93
87.93
87.93
87.93
87.93
87.93
87.93
87.93
87.93
87.93
87.93
87.93
87.93
87.93
87.93
87.93
87.93
87.93
87.93
87.93
87.93
87.93
87.93
87.93
87.93
87.93
87.93
87.93
87.93
87.93
87.93
87.93
87.93
87.93
87.93
87.93
87.93
87.93
87.93
87.93
87.93
87.93
87.93
87.93
87.93
87.93
87.93
87.93
87.93
87.93
87.93
87.93
87.93
87.93
87.93
87.93
87.93
87.93
87.93
87.93
87.93
87.93
87.93
87.93
87.93
87.93
87.93
87.93
87.93
87.93
87.93
87.93
87.93
87.93
87.93
87.93
87.93
87.93
87.93
87.93
87.93
87.93
87.93
87.93
87.93
87.93
87.93
87.93
87.93
87.93
87.93
87.93
87.93
87.93
87.93
87.93
87.93
87.93
87.93
87.93
87.93
87.93
87.93
87.93
87.93
87.93
87.93
87.93
87.93
87.93
87.93
87.93
87.93
87.93
87.93
87.93
87.93
87.93
87.93
