0.00
39.26
39.26
39.26
39.26
39.26
39.47
39.06
39.06
39.06
39.06
39.06
38.65
38.65
38.45
38.45
38.24
39.26
39.26
39.26
39.26
39.26
39.26
39.26
39.26
39.26
39.26
39.67
39.67
39.67
39.47
39.47
39.26
39.26
39.26
39.26
38.04
38.24
38.24
38.04
38.04
37.01
37.22
37.22
37.22
37.22
38.65
38.04
37.63
37.42
37.01
36.81
36.81
37.01
37.63
37.22
37.63
37.01
36.61
36.20
35.17
35.99
44.17
52.35
52.35
50.92
62.17
56.85
52.15
50.92
50.92
34.97
37.83
37.83
49.49
38.04
40.49
34.97
42.33
60.12
37.83
35.38
35.58
35.38
34.97
34.97
35.79
37.83
37.83
37.83
37.83
37.83
37.42
34.76
36.20
36.20
35.79
35.79
35.79
34.15
34.15
34.15
34.15
34.15
34.15
34.15
34.15
34.15
34.15
34.15
34.15
34.15
34.15
34.15
34.15
34.15
34.15
34.15
34.15
34.15
34.15
34.15
34.15
34.15
34.15
34.15
34.15
34.15
34.15
34.15
34.15
34.15
34.15
34.15
34.15
34.15
34.15
34.15
34.15
34.15
34.15
34.15
34.15
34.15
34.15
34.15
34.15
34.15
34.15
34.15
34.15
34.15
34.15
34.15
34.15
34.15
34.15
34.15
34.15
34.15
34.15
34.15
34.15
34.15
34.15
34.15
34.15
34.15
34.15
34.15
34.15
34.15
34.15
34.15
34.15
34.15
34.15
34.15
34.15
34.15
34.15
34.15
34.15
34.15
34.15
34.15
34.15
34.15
34.15
34.15
34.15
34.15
34.15
34.15
34.15
34.15
34.15
34.15
34.15
34.15
34.15
60.12
60.12
60.12
60.12
60.12
60.12
60.33
60.33
60.12
60.12
60.12
60.33
60.33
60.33
60.33
60.12
60.12
60.12
60.12
60.12
60.12
60.12
60.12
60.33
60.12
60.12
60.12
60.12
60.12
60.12
60.12
60.33
60.12
60.12
60.12
60.12
60.33
60.33
60.33
60.33
60.74
60.74
60.74
60.94
60.33
60.33
60.33
60.33
60.12
60.12
60.12
60.33
60.12
60.12
60.12
60.12
60.12
60.12
60.12
60.12
60.12
60.12
60.12
60.12
60.12
60.12
60.12
60.12
60.12
60.12
60.12
60.12
60.12
60.12
60.12
60.12
60.33
60.33
60.12
60.33
60.12
60.33
60.33
60.33
60.33
60.12
60.12
60.12
60.12
60.12
60.12
60.12
60.12
60.12
60.12
60.33
60.12
60.12
60.12
60.12
71.98
72.60
72.60
72.60
71.17
71.17
69.53
68.92
68.10
67.69
67.48
67.48
66.87
68.10
67.28
66.46
66.46
66.26
66.26
66.26
66.26
68.71
67.08
68.10
68.10
68.10
68.92
68.92
68.92
69.12
69.12
67.08
67.08
67.08
65.24
68.10
68.10
68.71
70.14
70.14
70.96
70.96
70.96
72.39
70.96
68.71
69.33
69.94
69.94
69.73
68.71
70.55
70.55
71.17
69.53
68.51
69.94
69.73
69.73
71.78
71.37
71.37
72.39
72.19
73.82
75.26
74.64
74.03
73.82
73.82
75.66
72.19
72.19
70.55
69.94
69.94
68.51
67.48
67.28
66.05
66.87
68.92
69.33
69.33
69.33
69.33
69.12
68.92
68.51
69.33
69.33
70.96
70.96
73.21
73.21
75.05
75.05
75.26
76.28
76.28
72.80
74.03
73.21
74.03
77.71
74.64
72.39
72.39
74.64
74.64
74.64
73.42
73.42
73.82
73.82
76.48
76.48
78.32
77.91
77.91
78.12
76.89
73.82
74.85
73.82
71.37
72.19
73.01
73.01
71.57
71.57
71.57
70.76
72.80
72.80
72.80
71.98
73.01
73.01
73.82
73.82
77.51
78.53
79.35
79.35
77.30
77.30
76.89
77.51
77.51
78.32
77.91
78.12
78.53
78.53
78.53
78.53
76.28
77.10
76.28
76.48
75.66
71.78
71.78
75.05
71.57
71.57
71.78
70.96
70.96
69.12
70.35
69.53
68.92
70.55
69.12
71.17
69.12
69.12
69.73
69.94
69.94
71.37
72.80
69.73
70.96
70.96
71.17
71.17
73.01
74.03
74.44
73.01
75.05
74.44
73.21
73.21
74.64
74.64
