0.00
39.67
39.67
39.67
39.67
39.67
39.67
39.67
39.67
39.67
39.67
39.67
39.67
39.67
39.67
39.67
39.67
39.67
39.67
39.67
39.67
39.67
39.67
39.67
39.67
39.67
39.67
39.67
39.67
39.67
39.67
39.67
39.67
39.67
39.67
39.67
39.67
39.67
39.67
39.67
39.67
39.67
39.67
39.67
39.67
39.67
39.67
39.67
39.67
39.67
39.67
39.67
39.67
39.67
39.67
39.67
39.67
39.67
39.67
39.67
39.67
39.67
39.47
39.67
39.67
39.67
39.26
39.26
39.47
39.67
39.67
39.67
39.67
39.67
39.67
39.67
39.67
39.67
39.67
39.47
39.67
39.67
39.67
39.67
39.67
39.67
39.67
39.67
39.67
39.67
39.67
39.67
39.67
39.67
39.67
39.67
39.67
39.67
39.67
39.67
39.67
35.58
35.58
35.99
37.01
38.65
35.79
36.61
36.61
49.49
37.01
43.15
50.92
51.74
50.72
50.72
50.51
54.81
53.17
51.74
51.94
58.28
49.49
52.56
45.60
44.79
55.42
50.51
55.21
55.21
56.03
68.92
69.12
68.51
66.26
66.05
65.85
65.44
65.24
67.28
65.85
67.28
68.10
67.28
67.28
67.08
65.44
67.48
67.69
67.69
68.10
67.48
67.89
66.26
63.39
64.01
55.21
55.21
55.01
53.17
58.69
58.69
55.42
56.85
42.74
38.65
37.22
36.81
43.97
48.06
48.06
48.06
50.51
50.51
53.37
51.74
52.76
42.33
51.53
47.65
60.74
60.74
60.74
61.15
61.15
61.15
74.03
66.26
60.53
60.74
60.53
62.17
62.17
60.33
60.53
58.90
58.90
41.72
43.15
44.17
44.17
44.17
44.17
44.17
44.17
44.17
44.17
44.17
44.17
44.17
44.17
44.17
44.17
44.17
44.17
44.17
44.17
44.17
44.17
44.17
44.17
44.17
44.17
44.17
44.17
44.17
44.17
44.17
44.17
44.17
44.17
44.17
44.17
44.17
44.17
44.17
44.17
44.17
44.17
44.17
44.17
44.17
44.17
44.17
44.17
44.17
44.17
44.17
44.17
44.17
44.17
44.17
44.17
34.15
35.38
35.58
35.38
34.56
35.79
35.79
35.17
33.13
31.90
29.65
29.65
29.65
31.29
29.04
25.15
25.36
24.34
22.90
22.90
21.27
21.27
21.27
21.27
20.25
20.45
20.65
20.25
20.86
20.25
20.25
20.25
20.25
20.45
20.45
20.45
20.45
21.06
20.25
19.43
18.61
18.61
18.61
18.20
18.20
18.00
18.61
18.81
60.12
60.12
60.12
60.12
60.12
60.12
60.12
60.12
60.12
60.12
60.12
60.12
60.33
60.33
60.12
60.33
60.33
60.12
60.12
60.12
60.33
60.12
60.12
60.12
60.12
60.12
60.12
60.12
60.12
60.12
60.12
60.12
60.12
60.12
60.12
60.12
60.12
60.12
60.12
60.12
60.12
60.12
60.12
60.12
60.12
60.12
60.12
60.12
60.12
60.12
60.12
60.12
60.12
60.12
60.12
60.12
60.12
60.12
60.12
60.12
60.12
60.12
60.12
60.12
60.12
60.12
60.12
60.12
60.12
60.12
60.12
60.12
60.12
60.12
60.12
60.12
60.12
60.12
60.12
60.12
60.12
60.12
60.12
60.12
60.12
60.12
60.12
60.12
60.12
60.12
60.12
60.12
60.12
60.12
60.12
60.12
60.12
60.12
60.12
60.12
76.89
77.51
75.26
75.87
78.53
75.66
75.66
75.66
78.94
78.94
78.94
76.89
76.69
78.53
78.53
79.35
78.53
78.53
78.73
79.35
78.94
78.94
77.30
76.89
76.89
74.23
74.23
75.26
75.26
74.03
73.62
74.44
74.03
74.03
72.60
74.64
73.62
74.23
75.26
77.10
77.10
78.12
78.12
79.35
80.57
80.57
80.57
79.75
79.75
78.12
79.96
78.94
78.94
79.35
80.37
81.39
83.03
81.39
81.80
80.78
80.78
80.37
80.37
80.16
84.46
83.84
80.57
81.39
81.80
81.19
78.94
78.94
78.94
78.73
81.19
80.37
81.19
79.55
77.10
77.30
79.35
80.98
81.39
84.87
82.00
82.82
81.39
81.39
81.19
84.46
84.66
83.44
81.80
84.05
84.25
82.82
82.21
82.41
80.98
