0.00
9.20
7.77
7.16
9.61
9.41
7.98
7.16
7.16
8.18
7.36
7.57
7.57
7.57
7.36
8.38
9.20
9.20
10.02
11.04
10.43
9.61
10.43
10.22
10.84
10.63
12.27
14.11
14.93
14.31
11.86
12.07
11.04
10.84
10.43
8.18
7.36
7.16
7.16
8.18
6.95
5.93
5.93
5.93
6.75
5.93
6.95
6.54
6.13
5.93
5.32
5.32
6.13
5.32
5.32
5.52
5.93
6.13
5.52
5.52
6.13
5.93
5.32
5.32
5.73
5.11
4.91
4.91
5.93
5.73
5.93
7.16
6.75
8.18
6.13
6.75
7.57
8.59
7.98
6.34
6.34
6.75
6.54
6.95
6.75
6.75
7.98
10.22
10.22
14.11
15.95
13.09
12.88
10.02
10.84
13.50
12.68
13.29
16.97
14.11
13.09
91.21
92.02
90.80
91.21
89.98
90.39
90.18
89.57
87.73
88.96
87.73
86.09
88.34
88.75
89.16
89.57
88.55
89.78
89.78
89.57
87.93
89.37
88.34
88.75
87.53
84.25
85.48
83.84
86.30
86.09
83.03
78.32
80.37
80.57
80.57
80.16
79.96
76.28
78.53
77.30
75.05
75.05
74.03
75.66
74.23
74.23
75.05
77.30
78.73
78.73
80.98
79.55
78.94
82.21
82.41
84.87
86.30
86.30
88.34
88.34
86.91
88.14
86.50
88.96
88.96
89.37
89.37
88.75
88.14
89.37
89.37
88.75
89.57
89.57
89.98
90.18
90.80
89.78
90.39
90.39
90.80
90.80
90.59
90.80
92.02
90.80
91.62
91.62
91.41
91.82
92.02
92.02
91.21
91.00
91.00
91.82
91.62
91.41
92.02
89.98
89.98
89.98
89.98
89.98
89.98
89.98
89.98
89.98
89.98
66.05
64.42
62.58
62.78
65.64
66.67
67.08
67.08
68.71
67.89
68.51
67.28
68.30
68.71
67.89
66.87
62.58
62.17
64.62
64.83
62.99
65.24
63.60
65.44
65.24
51.53
53.37
54.19
54.60
57.46
66.67
57.06
50.51
50.92
45.40
44.38
50.92
55.01
51.74
54.81
52.76
52.76
52.97
57.87
60.94
64.42
69.53
72.60
69.73
69.94
71.57
72.39
68.51
65.85
65.85
67.28
69.53
69.33
66.05
67.69
68.71
68.92
69.73
69.12
72.19
71.78
69.94
68.92
67.89
69.12
69.12
68.92
67.08
67.89
68.51
68.30
68.71
69.12
69.12
69.12
68.92
69.12
69.12
68.71
68.30
68.30
66.46
67.28
67.48
66.26
66.05
66.05
66.05
66.05
66.05
66.05
66.05
66.05
66.05
66.05
66.05
66.05
66.05
66.05
66.05
66.05
66.05
66.05
66.05
66.05
66.05
66.05
66.05
66.05
66.05
66.05
66.05
66.05
66.05
66.05
66.05
66.05
66.05
66.05
66.05
66.05
66.05
66.05
66.05
66.05
66.05
66.05
66.05
66.05
66.05
66.05
66.05
66.05
66.05
66.05
66.05
66.05
66.05
66.05
66.05
66.05
66.05
66.05
66.05
66.05
66.05
66.05
66.05
66.05
66.05
66.05
66.05
66.05
66.05
66.05
66.05
66.05
66.05
66.05
66.05
66.05
66.05
66.05
66.05
66.05
66.05
66.05
66.05
66.05
66.05
66.05
66.05
66.05
66.05
66.05
66.05
66.05
66.05
66.05
66.05
66.05
66.05
66.05
66.05
66.05
66.05
66.05
66.05
66.05
66.05
66.05
66.05
66.05
66.05
66.05
66.05
66.05
66.05
66.05
66.05
66.05
66.05
66.05
66.05
66.05
66.05
66.05
66.05
66.05
66.05
66.05
66.05
66.05
66.05
66.05
66.05
66.05
66.05
66.05
66.05
66.05
66.05
66.05
66.05
66.05
66.05
66.05
66.05
66.05
66.05
66.05
66.05
66.05
66.05
66.05
66.05
66.05
66.05
66.05
66.05
66.05
66.05
66.05
66.05
66.05
66.05
66.05
66.05
66.05
66.05
66.05
66.05
66.05
66.05
66.05
66.05
66.05
66.05
66.05
66.05
66.05
66.05
66.05
66.05
66.05
66.05
66.05
66.05
66.05
66.05
66.05
66.05
66.05
66.05
66.05
66.05
66.05
66.05
66.05
66.05
66.05
66.05
66.05
66.05
66.05
