0.00
18.81
17.59
17.38
17.38
18.81
18.40
18.40
16.56
17.38
16.77
16.16
14.93
15.75
15.75
16.56
17.38
21.06
21.06
21.47
21.88
24.13
24.74
24.74
27.81
27.81
31.49
35.38
35.38
36.61
34.97
34.76
31.90
34.15
34.15
30.06
27.40
26.38
28.63
28.63
27.40
23.72
26.38
27.61
29.24
26.79
30.06
30.67
29.45
28.02
26.18
26.18
26.18
20.86
22.90
21.47
21.47
20.86
21.88
22.09
22.49
20.65
19.84
19.63
19.63
19.63
19.43
19.43
20.04
19.63
21.47
21.47
20.65
25.36
22.90
23.72
23.31
28.02
25.97
22.49
22.49
24.54
25.97
25.97
24.95
25.97
30.27
34.76
35.17
35.17
35.17
35.17
34.97
31.90
34.76
34.76
34.76
34.76
34.76
31.90
32.72
60.33
60.33
60.33
60.33
60.33
60.33
60.33
60.33
60.33
60.33
60.33
60.33
60.33
60.33
60.33
60.33
60.33
60.33
60.33
60.33
60.33
60.33
60.33
60.33
60.33
60.33
60.33
60.33
60.33
60.33
60.33
60.33
60.33
60.33
60.33
60.33
60.33
60.33
60.33
60.33
60.33
60.33
60.33
60.33
60.33
60.33
60.33
60.33
60.33
60.33
60.33
60.33
60.33
60.33
60.33
60.33
60.33
60.33
60.33
60.33
60.33
60.33
60.33
60.33
60.33
60.33
60.33
60.33
60.33
60.33
60.33
60.33
60.33
60.33
60.33
60.33
60.33
60.33
60.33
60.33
60.33
60.33
60.33
60.33
60.33
60.33
60.33
60.33
60.33
60.33
60.33
60.33
60.33
60.33
60.33
60.33
60.33
60.33
60.33
60.12
60.12
60.33
60.33
60.33
60.33
60.33
60.33
60.33
60.33
60.33
60.33
60.33
60.33
60.33
60.33
60.33
60.33
60.33
60.33
60.33
60.33
60.53
60.94
60.94
60.94
60.94
60.94
60.53
60.53
61.15
60.94
60.94
61.15
61.15
61.76
61.96
61.96
62.58
62.37
62.37
65.03
66.05
66.05
67.48
67.48
65.44
64.62
64.62
64.83
67.69
68.10
68.30
67.89
67.89
68.51
68.30
68.30
68.30
68.10
68.10
67.89
67.89
67.89
68.92
69.53
70.35
70.14
68.30
68.30
68.71
69.33
69.33
68.51
70.55
70.55
70.55
69.94
68.51
70.55
69.53
70.14
68.92
68.71
68.10
69.12
68.92
69.33
69.33
69.33
70.14
68.92
70.35
69.73
69.94
69.94
69.33
70.14
70.14
70.14
69.33
69.33
89.37
89.57
89.57
89.37
89.37
89.37
87.53
87.53
85.48
85.07
84.87
84.46
86.50
85.48
84.25
83.23
84.25
84.46
84.46
83.23
83.23
81.80
83.23
85.89
85.89
85.69
85.07
85.07
85.28
85.28
83.23
82.62
83.03
80.78
80.78
80.37
80.37
80.37
78.94
78.73
76.07
76.69
76.69
74.44
71.37
71.37
71.57
72.19
72.19
71.37
71.37
70.14
70.14
68.30
66.26
68.10
68.10
67.28
68.92
68.92
69.53
69.94
69.12
71.37
72.39
72.39
71.78
71.37
72.80
75.26
74.23
75.05
75.05
75.05
74.23
71.17
71.78
70.55
69.33
69.53
69.94
70.35
69.53
69.12
70.14
69.53
69.33
69.94
69.94
67.69
69.94
70.35
72.60
72.60
72.60
73.21
74.23
74.23
73.42
73.42
73.42
73.42
73.42
73.42
73.42
73.42
73.42
73.42
73.42
73.42
73.42
73.42
73.42
73.42
73.42
73.42
73.42
73.42
73.42
73.42
73.42
73.42
73.42
73.42
73.42
73.42
73.42
73.42
73.42
73.42
73.42
73.42
73.42
73.42
73.42
73.42
73.42
73.42
73.42
73.42
73.42
73.42
73.42
73.42
73.42
73.42
73.42
73.42
73.42
73.42
73.42
73.42
73.42
73.42
73.42
73.42
73.42
73.42
73.42
73.42
73.42
73.42
73.42
73.42
73.42
73.42
73.42
73.42
73.42
73.42
73.42
73.42
73.42
73.42
73.42
73.42
73.42
73.42
73.42
73.42
73.42
73.42
73.42
73.42
73.42
73.42
73.42
73.42
73.42
73.42
73.42
73.42
73.42
73.42
73.42
73.42
73.42
73.42
