0.00
60.33
60.33
60.33
60.33
60.33
60.33
60.33
60.33
60.33
60.33
60.33
60.33
60.33
60.33
60.33
60.33
60.33
60.33
60.33
60.33
60.33
60.33
60.33
60.33
60.33
60.33
60.33
60.33
60.33
60.33
60.33
60.33
60.33
60.33
60.33
60.33
60.33
60.33
60.33
60.33
60.33
60.33
60.33
60.33
60.33
60.33
60.33
60.33
60.33
60.33
60.33
60.33
60.33
60.33
60.33
60.33
60.33
60.33
60.33
60.33
60.33
60.33
60.33
60.33
60.33
60.33
60.33
60.33
60.33
60.33
60.33
60.33
60.33
60.33
60.33
60.33
60.33
60.33
60.33
60.33
60.33
60.33
60.33
60.33
60.33
60.33
60.33
60.33
60.33
60.33
60.33
60.33
60.33
60.33
60.33
60.33
60.33
60.33
60.33
60.33
60.33
60.33
60.33
60.33
60.33
60.33
60.33
60.33
60.33
60.33
60.33
60.33
60.33
60.33
60.33
60.33
60.33
60.33
60.33
60.33
60.33
60.33
60.33
60.33
60.33
60.33
60.33
60.33
60.33
60.33
60.33
60.33
60.33
60.33
60.33
60.33
60.33
60.33
60.33
60.33
60.33
60.33
60.33
60.33
60.33
60.33
60.33
60.33
60.33
60.33
60.33
60.33
60.33
60.33
60.33
60.33
60.33
60.33
60.33
60.33
60.33
60.33
60.33
60.33
60.33
60.33
60.33
60.33
60.33
60.33
60.33
60.33
60.33
60.33
60.33
60.33
60.33
60.33
60.33
60.33
60.33
60.33
60.33
60.33
60.33
60.33
60.33
60.33
60.33
60.33
60.33
60.33
60.33
60.33
60.33
60.33
60.33
60.33
60.33
60.33
60.33
60.33
60.33
60.33
60.33
60.33
60.33
39.67
39.67
39.67
39.67
39.88
39.88
39.67
39.67
39.67
39.67
39.67
39.67
39.67
39.67
39.67
39.67
39.67
39.67
39.67
39.67
39.67
39.67
39.67
39.67
39.67
39.67
39.67
39.67
39.67
39.67
39.67
39.67
39.67
39.67
39.67
39.67
39.67
39.67
39.67
39.67
39.67
39.67
39.67
39.67
39.67
39.67
39.67
39.67
39.67
39.67
39.67
39.67
39.67
39.67
39.88
39.88
39.88
39.88
39.88
40.49
42.94
42.94
42.94
42.94
42.94
44.17
44.17
56.65
65.44
73.62
77.91
77.91
81.60
81.60
86.71
85.89
89.16
86.71
86.71
84.05
84.05
84.05
81.19
85.48
84.66
86.30
86.50
87.93
89.57
89.57
89.57
89.16
89.37
89.37
89.37
89.37
89.37
89.37
89.37
89.37
89.37
89.37
89.37
89.37
89.37
89.37
89.37
89.37
89.37
89.37
89.37
89.37
89.37
89.37
89.37
89.37
89.37
89.37
89.37
89.37
89.37
89.37
89.37
89.37
89.37
89.37
89.37
89.37
89.37
89.37
89.37
89.37
89.37
89.37
89.37
89.37
89.37
89.37
89.37
89.37
89.37
89.37
89.37
89.37
89.37
89.37
89.37
89.37
89.37
89.37
89.37
89.37
89.37
89.37
89.37
89.37
89.37
89.37
89.37
89.37
89.37
89.37
89.37
89.37
89.37
89.37
89.37
89.37
89.37
89.37
89.37
89.37
89.37
89.37
89.37
89.37
89.37
89.37
89.37
89.37
89.37
89.37
89.37
89.37
89.37
89.37
89.37
89.37
89.37
89.37
89.37
89.37
89.37
89.57
89.37
88.96
88.96
90.39
88.75
88.55
90.39
90.59
90.39
89.78
88.96
89.37
89.78
89.98
89.98
89.98
90.39
90.39
90.39
90.39
88.75
88.75
88.96
88.75
87.53
87.53
89.57
88.96
88.96
89.78
90.80
90.80
90.80
90.39
89.98
90.18
90.39
90.39
90.39
90.59
91.21
91.41
91.41
91.41
91.62
91.62
90.80
90.80
88.96
89.98
89.98
90.18
90.18
90.80
90.80
91.00
90.18
90.18
90.39
89.78
89.37
88.55
87.32
89.37
89.37
88.96
88.96
88.55
88.14
86.91
86.91
86.91
86.91
86.91
86.09
86.09
83.84
83.64
83.03
84.66
86.71
85.69
85.69
85.69
86.09
86.30
86.30
86.50
87.73
87.73
87.73
85.28
86.71
87.53
87.12
87.32
88.14
88.55
