0.00
60.33
60.33
60.33
60.33
60.33
60.33
60.33
60.33
60.33
60.33
60.33
60.33
60.33
60.33
60.33
60.33
60.33
60.33
60.33
60.33
60.33
60.33
60.33
60.33
60.33
60.33
60.33
60.33
60.33
60.33
60.33
60.33
60.33
60.33
60.33
60.33
60.33
60.33
60.33
60.33
60.33
60.33
60.33
60.33
60.33
60.33
60.33
60.33
60.33
60.33
60.33
60.33
60.33
60.33
60.33
60.33
60.33
60.33
60.33
60.33
60.33
60.33
60.33
60.33
60.33
60.33
60.33
60.33
60.33
60.33
60.33
60.33
60.33
60.33
60.33
60.33
60.33
60.33
60.33
60.33
60.33
60.33
60.33
60.33
60.33
60.33
60.33
60.33
60.33
60.33
60.33
60.33
60.33
60.33
60.33
60.33
60.33
60.33
60.33
60.33
39.88
39.88
39.88
39.88
40.70
39.88
39.88
42.13
56.85
56.85
64.83
66.05
60.12
62.37
58.28
58.28
65.44
59.71
56.03
56.44
65.64
61.35
64.42
64.42
66.26
75.05
66.87
66.87
66.87
66.05
74.64
82.21
81.80
82.62
83.84
84.87
85.48
83.84
84.66
85.48
85.48
85.48
85.69
85.89
85.89
86.30
85.69
86.09
85.28
84.87
82.00
84.05
85.28
85.28
83.84
75.66
66.46
67.28
60.12
60.53
59.92
61.55
65.24
65.24
61.96
66.46
72.39
80.37
82.62
75.66
76.89
77.91
67.28
58.28
58.28
57.87
45.19
56.44
45.40
58.90
44.99
40.90
43.15
40.29
40.29
44.79
40.29
40.29
40.29
39.88
39.88
39.88
39.88
39.88
39.67
39.67
39.67
39.67
39.67
39.67
39.67
39.67
39.67
39.67
39.67
39.67
39.67
39.67
39.67
39.67
39.67
39.67
39.67
39.67
39.67
39.67
39.67
39.67
39.67
39.67
39.67
39.67
39.67
39.67
39.67
39.67
39.67
39.67
39.67
39.67
39.67
39.67
39.67
39.67
39.67
39.67
39.67
39.67
39.67
39.67
39.67
39.67
39.67
39.67
39.67
39.67
39.67
39.67
39.67
39.67
27.61
25.97
22.90
22.29
20.65
18.40
14.72
14.72
15.34
13.50
12.47
9.41
9.41
10.02
10.84
10.63
9.61
7.98
8.59
8.38
8.79
8.79
7.98
7.98
7.57
6.54
6.54
6.54
6.54
7.98
8.59
10.22
8.79
9.82
9.82
9.82
10.43
10.22
10.22
10.43
14.31
17.59
21.68
23.93
37.22
54.40
54.40
53.17
58.28
58.28
90.39
90.18
90.39
90.59
89.78
89.78
89.57
86.50
86.50
86.50
83.64
83.64
83.23
83.23
82.41
78.73
77.30
77.71
77.71
82.00
82.00
86.71
84.87
85.28
86.91
86.91
88.34
87.93
89.57
88.96
89.37
89.37
88.96
88.96
86.71
86.71
87.32
88.96
89.16
89.98
90.39
90.39
90.59
90.59
89.37
86.71
87.93
89.57
89.37
87.32
87.12
89.98
88.55
86.71
85.89
85.89
86.30
85.69
86.71
86.09
86.09
88.14
88.34
88.34
88.34
87.93
89.37
88.96
87.93
87.93
89.78
88.34
89.78
90.59
88.75
88.75
87.53
87.32
87.73
86.91
86.91
86.91
86.50
86.09
86.91
86.71
86.91
86.91
87.53
88.55
88.14
88.55
87.93
88.34
88.75
89.78
89.78
88.96
90.18
89.37
89.37
89.37
89.37
89.37
89.37
89.37
89.37
89.37
89.37
89.37
89.37
89.37
89.37
89.37
89.37
89.37
89.37
89.37
89.37
89.37
89.37
89.37
89.37
89.37
89.37
89.37
89.37
89.37
89.37
89.37
89.37
89.37
89.37
89.37
89.37
89.37
89.37
89.37
89.37
89.37
89.37
89.37
89.37
89.37
89.37
89.37
89.37
89.37
89.37
89.37
89.37
89.37
89.37
89.37
89.37
89.37
89.37
89.37
89.37
89.37
89.37
89.37
89.37
89.37
89.37
89.37
89.37
89.37
89.37
89.37
89.37
89.37
89.37
89.37
89.37
89.37
89.37
89.37
89.37
89.37
89.37
89.37
89.37
89.37
89.37
89.37
89.37
89.37
89.37
89.37
89.37
89.37
89.37
89.37
89.37
89.37
89.37
89.37
89.37
