0.00
39.67
39.67
39.67
39.67
39.67
39.67
39.67
39.67
39.67
39.67
39.67
39.67
39.67
39.67
39.67
39.67
39.67
39.67
39.67
39.67
39.67
39.67
39.67
39.67
39.67
39.67
39.67
39.67
39.67
39.67
39.67
39.67
39.67
39.67
39.67
39.67
39.67
39.67
39.67
39.67
39.67
39.67
39.67
39.67
39.67
39.67
39.67
39.26
39.26
39.26
39.47
39.47
39.47
39.47
39.47
39.47
39.47
39.47
39.47
39.47
39.47
38.65
38.04
38.85
38.24
37.63
37.01
37.01
37.22
37.22
38.24
38.24
38.24
36.61
37.22
36.40
38.04
37.22
34.56
34.56
34.97
35.79
35.17
35.38
35.38
35.38
35.38
35.38
37.63
37.63
38.04
37.22
34.36
35.17
36.20
35.79
34.76
34.36
33.54
32.72
32.72
32.72
32.72
32.72
32.72
32.72
32.72
32.72
32.72
32.72
32.72
32.72
32.72
32.72
32.72
32.72
32.72
32.72
32.72
32.72
32.72
32.72
32.72
32.72
32.72
32.72
32.72
32.72
32.72
32.72
32.72
32.72
32.72
32.72
32.72
32.72
32.72
32.72
32.72
32.72
32.72
32.72
32.72
32.72
32.72
32.72
32.72
32.72
32.72
32.72
32.72
32.72
32.72
32.72
32.72
32.72
32.72
32.72
32.72
32.72
32.72
32.72
32.72
32.72
32.72
32.72
32.72
32.72
32.72
32.72
32.72
32.72
32.72
32.72
32.72
32.72
32.72
32.72
32.72
32.72
32.72
32.72
32.72
32.72
32.72
32.72
32.72
32.72
39.67
39.67
39.67
39.47
39.67
39.67
39.67
39.67
39.67
39.67
39.67
39.67
43.76
40.70
40.70
40.70
43.76
57.46
62.99
62.99
62.99
69.73
66.87
73.21
73.21
68.51
61.35
64.21
68.71
63.60
69.94
63.80
65.03
64.83
64.83
64.83
58.08
44.17
57.26
58.49
59.51
57.06
57.26
66.26
58.49
58.08
57.26
59.10
59.10
65.24
66.87
74.44
74.44
74.44
73.42
66.67
66.67
76.69
76.69
76.89
78.53
72.60
69.33
72.60
76.28
74.85
74.85
78.32
85.48
85.48
85.69
89.98
87.93
84.87
79.35
87.12
87.12
85.48
79.35
71.57
71.57
68.71
70.35
70.35
67.89
67.89
64.42
62.99
61.15
60.53
61.15
60.53
60.94
60.53
60.53
60.53
60.53
60.53
60.74
61.15
61.15
61.15
60.53
60.94
60.74
60.94
60.94
60.53
60.53
60.53
60.53
60.53
60.53
60.53
60.53
60.53
60.53
60.53
60.53
60.53
60.53
60.53
60.53
60.53
60.53
60.53
60.53
60.53
60.53
60.53
60.53
60.53
60.53
60.53
60.53
60.53
60.53
60.53
60.53
60.53
60.53
60.53
60.53
60.53
60.53
60.53
60.53
60.53
60.53
60.53
60.53
60.53
60.53
60.53
60.53
60.53
60.53
60.53
60.53
60.53
60.53
60.53
60.53
60.53
60.53
60.53
60.53
60.53
60.53
60.53
60.53
60.53
60.53
60.53
60.53
60.53
60.53
60.53
60.53
60.53
60.53
60.53
60.53
60.53
60.53
60.53
60.53
60.53
60.53
60.53
60.53
60.53
60.53
60.53
60.53
60.53
60.53
60.53
60.53
60.53
60.53
60.53
60.53
60.53
60.53
60.53
60.53
60.53
60.53
60.53
60.53
60.53
60.53
60.53
60.53
60.53
60.53
60.53
60.53
60.53
60.53
60.53
60.53
60.53
60.53
60.53
60.53
60.53
60.53
60.53
60.53
60.53
60.53
60.53
60.53
60.53
60.53
60.53
60.53
60.53
60.53
60.53
60.53
60.53
60.53
60.53
60.53
60.53
60.53
60.53
60.53
60.53
60.53
60.53
60.53
60.53
60.53
60.53
60.53
60.53
60.53
60.53
60.53
60.53
60.53
60.53
60.53
60.53
60.53
60.53
60.53
60.53
60.53
60.53
60.53
60.53
60.53
60.53
60.53
60.53
60.53
60.53
60.53
60.53
60.53
60.53
60.53
60.53
60.53
60.53
60.53
60.53
60.53
60.53
60.53
60.53
60.53
60.53
60.53
60.53
60.53
60.53
60.53
60.53
60.53
60.53
60.53
60.53
60.53
60.53
60.53
