0.00
0.00
48.26
63.19
63.19
63.19
64.21
63.39
63.39
63.39
61.76
61.76
62.17
62.58
63.39
63.19
62.58
62.58
62.58
57.67
63.19
61.15
54.19
54.19
50.92
47.85
42.94
42.94
44.58
48.67
53.78
51.12
54.40
55.62
54.19
67.69
67.08
67.28
66.87
66.46
65.64
65.03
65.85
65.85
65.85
62.99
67.08
65.64
62.99
63.39
61.15
61.55
61.35
61.15
61.15
61.15
61.15
60.94
60.94
60.94
61.35
61.55
60.94
60.94
60.94
60.94
60.94
60.94
61.35
61.15
61.35
61.35
61.35
61.35
61.15
61.35
61.35
61.55
61.15
60.94
61.55
61.55
62.78
61.96
61.55
61.76
64.62
64.62
62.99
64.21
64.21
64.62
65.85
62.99
62.99
68.30
67.89
67.89
68.71
68.71
67.48
67.48
67.48
67.48
67.48
67.48
67.48
67.48
67.48
67.48
67.48
67.48
67.48
67.48
67.48
67.48
67.48
30.47
30.27
33.13
33.13
32.52
32.52
32.31
32.11
31.70
31.08
31.08
32.11
32.72
33.74
31.90
30.67
31.90
32.31
40.08
30.67
29.65
29.86
30.06
30.06
30.47
30.06
29.04
28.43
29.24
28.43
28.02
29.65
30.27
32.31
29.45
30.27
30.47
31.90
31.08
33.74
33.74
33.74
34.56
34.56
35.58
35.38
33.95
35.38
35.58
34.97
34.76
34.15
34.15
34.15
34.15
33.95
34.76
34.56
35.79
35.99
36.61
36.61
36.81
36.20
38.24
38.24
38.24
38.24
38.24
37.42
37.42
38.24
38.24
38.24
38.45
38.24
38.45
39.06
39.06
39.26
39.67
39.67
39.67
39.67
39.67
39.67
39.67
39.67
39.67
39.67
39.67
39.67
39.67
39.67
39.67
39.67
39.67
39.67
39.67
39.67
39.67
39.67
39.67
39.67
39.67
39.67
39.67
39.67
39.67
39.67
39.67
39.67
39.67
39.67
39.67
39.67
39.67
39.67
39.67
39.67
39.67
39.67
39.67
39.67
39.67
39.67
39.67
39.67
39.67
39.67
39.67
39.67
39.67
39.67
39.67
39.67
39.67
39.67
39.67
39.67
39.67
39.67
39.67
39.67
39.67
39.67
39.67
39.67
39.67
39.67
39.67
39.67
39.67
39.67
39.67
39.67
39.67
39.67
39.67
39.67
39.67
39.67
39.67
39.67
39.67
39.67
39.67
39.67
39.67
39.67
39.67
39.67
39.67
39.67
39.67
39.67
39.67
39.67
39.67
39.67
39.67
39.67
39.67
39.67
60.94
60.94
60.94
60.94
60.53
60.74
60.53
60.53
60.53
60.33
60.33
60.33
60.33
60.33
60.33
60.33
60.33
60.33
60.33
60.33
60.33
60.33
60.33
60.33
60.33
60.33
60.33
60.33
60.33
60.33
60.33
60.33
60.33
60.33
60.33
60.33
60.33
60.33
60.33
60.33
60.33
60.33
60.33
60.33
60.33
60.33
60.33
60.33
60.33
60.33
60.33
60.33
60.33
60.33
60.33
60.33
60.33
60.33
60.33
60.33
60.33
60.33
60.33
60.33
60.33
60.33
60.33
60.33
60.33
60.33
60.33
60.33
60.33
60.33
60.33
60.33
60.33
60.33
60.33
60.33
60.33
60.33
60.33
60.33
60.33
60.33
60.33
60.33
60.33
60.33
60.33
60.33
60.33
60.33
60.33
60.33
60.33
60.33
60.33
60.33
60.33
60.33
60.33
60.33
60.33
60.33
60.33
60.33
60.33
60.33
60.33
60.33
60.33
60.33
60.33
60.33
60.33
60.33
60.33
60.33
60.33
60.33
60.33
60.33
60.33
60.33
60.33
60.33
60.33
60.33
60.33
60.33
60.33
60.33
60.33
60.33
60.33
60.33
60.33
60.33
60.33
60.33
60.33
60.33
60.33
60.33
60.33
60.33
60.33
60.33
60.33
60.33
60.33
60.33
60.33
60.33
60.33
60.33
60.33
60.33
60.33
60.33
60.33
60.33
60.33
60.33
60.33
60.33
60.33
60.33
60.33
60.33
60.33
60.33
60.33
60.33
60.33
60.33
60.33
60.33
60.33
60.33
60.33
60.33
60.33
60.33
60.33
60.33
60.33
60.33
60.33
60.33
60.33
60.33
60.33
60.33
60.33
60.33
60.33
