0.00
40.08
40.29
40.29
40.29
40.29
40.29
40.08
40.29
40.49
40.29
40.29
40.49
40.49
40.29
40.29
40.29
40.29
40.29
40.29
40.49
40.49
40.29
40.08
40.29
40.49
40.49
40.49
40.08
40.08
40.29
40.29
40.90
40.90
41.51
65.64
86.09
86.09
86.09
87.53
88.14
90.18
90.18
90.18
90.18
90.18
90.18
91.21
91.62
91.62
91.41
91.41
91.62
91.41
91.41
91.41
91.41
91.21
91.21
91.00
91.00
91.21
91.41
91.21
91.41
91.62
89.98
89.98
89.98
90.80
91.21
91.21
91.21
91.82
91.00
91.62
91.00
91.00
90.80
89.78
89.78
89.98
89.98
89.78
89.78
89.78
89.78
92.23
92.23
92.23
92.02
91.82
91.41
89.98
90.18
91.21
91.41
92.02
92.02
91.62
91.00
91.00
91.00
91.00
91.00
91.00
91.00
91.00
91.00
91.00
91.00
91.00
91.00
91.00
91.00
91.00
91.00
91.00
91.00
91.00
91.00
91.00
91.00
91.00
91.00
91.00
91.00
91.00
91.00
91.00
91.00
91.00
91.00
91.00
91.00
91.00
91.00
91.00
91.00
91.00
91.00
91.00
91.00
91.00
91.00
91.00
91.00
91.00
91.00
91.00
91.00
91.00
91.00
91.00
91.00
91.00
91.00
91.00
91.00
91.00
91.00
91.00
91.00
91.00
91.00
91.00
91.00
91.00
91.00
91.00
91.00
91.00
91.00
91.00
91.00
91.00
91.00
91.00
91.00
91.00
91.00
91.00
91.00
91.00
91.00
91.00
91.00
91.00
91.00
91.00
91.00
91.00
91.00
91.00
91.00
91.00
91.00
91.00
91.00
91.00
91.00
91.00
91.00
91.00
91.00
91.00
91.00
91.00
91.00
91.00
91.00
91.00
91.00
91.00
91.00
91.00
91.00
91.00
91.00
91.00
91.00
91.00
91.00
91.00
91.00
91.00
91.00
91.00
91.00
91.00
91.00
91.00
91.00
91.00
91.00
91.00
91.00
91.00
91.00
91.00
91.00
91.00
91.00
91.00
91.00
91.00
91.00
91.00
91.00
91.00
91.00
39.67
39.67
39.67
39.67
39.67
39.67
39.67
39.67
39.67
39.67
39.67
39.26
39.26
39.67
39.67
39.67
39.26
39.26
39.67
39.67
39.67
39.67
39.47
39.47
39.47
39.26
39.26
39.26
39.26
39.06
39.06
39.06
39.06
39.06
39.26
39.06
39.06
39.26
39.26
39.26
39.06
39.06
39.06
39.06
39.06
39.06
39.06
39.06
39.06
39.06
39.06
39.06
39.06
39.06
39.06
39.06
39.06
38.45
38.45
38.65
38.45
39.06
39.06
39.06
39.06
39.26
38.85
38.85
38.85
38.85
38.85
38.85
38.85
38.45
38.65
38.65
39.06
38.85
38.85
39.06
39.06
38.65
38.65
38.65
37.83
38.45
38.65
38.65
38.65
39.06
39.06
38.85
38.85
39.06
38.65
38.65
38.65
38.65
38.65
38.65
38.24
38.65
38.65
38.85
37.42
37.83
38.65
38.04
38.45
38.65
38.85
38.85
38.85
38.85
38.85
39.06
38.65
38.65
38.04
38.65
38.65
38.45
38.45
38.45
38.04
38.04
37.22
37.63
37.42
37.42
37.42
37.83
37.83
37.42
37.42
37.63
37.83
47.03
39.88
37.22
37.22
38.04
38.65
38.85
38.24
39.26
38.85
39.06
39.06
39.47
60.33
60.33
60.33
60.33
60.33
60.33
60.33
60.33
60.33
60.33
60.33
60.33
60.33
60.33
60.33
60.33
60.33
60.33
60.33
60.33
60.33
60.33
60.33
60.33
60.33
60.33
60.33
60.33
60.33
60.33
60.33
60.33
60.33
60.33
60.33
60.33
60.33
60.33
60.33
60.33
60.33
60.33
60.33
60.33
60.33
60.33
60.33
60.33
60.33
60.33
60.33
60.33
61.15
60.33
61.76
61.96
62.37
61.96
61.96
61.96
61.96
61.96
61.55
61.96
65.24
63.39
62.37
62.37
61.96
62.17
60.33
60.33
60.33
60.33
61.35
60.53
60.53
60.33
60.33
60.33
60.53
62.58
63.19
65.24
62.99
63.19
61.76
60.94
60.33
63.60
64.01
62.58
61.55
63.39
63.60
63.60
62.37
62.37
61.15
