0.00
0.90
0.91
0.91
0.91
0.90
0.90
0.90
0.91
0.91
0.91
0.92
0.92
0.92
0.92
0.91
0.91
0.89
0.89
0.89
0.88
0.87
0.87
0.87
0.85
0.85
0.83
0.80
0.80
0.80
0.81
0.81
0.83
0.81
0.81
0.84
0.85
0.86
0.84
0.84
0.85
0.87
0.86
0.85
0.84
0.86
0.84
0.83
0.84
0.85
0.86
0.86
0.86
0.89
0.88
0.89
0.89
0.89
0.88
0.88
0.88
0.89
0.90
0.90
0.90
0.90
0.90
0.90
0.89
0.90
0.89
0.89
0.89
0.86
0.88
0.87
0.88
0.85
0.86
0.88
0.88
0.87
0.86
0.86
0.87
0.86
0.84
0.81
0.81
0.81
0.81
0.81
0.81
0.83
0.81
0.81
0.81
0.81
0.81
0.83
0.82
0.63
0.63
0.63
0.63
0.63
0.63
0.63
0.63
0.63
0.63
0.63
0.63
0.63
0.63
0.63
0.63
0.63
0.63
0.63
0.63
0.63
0.63
0.63
0.63
0.63
0.63
0.63
0.63
0.63
0.63
0.63
0.63
0.63
0.63
0.63
0.63
0.63
0.63
0.63
0.63
0.63
0.63
0.63
0.63
0.63
0.63
0.63
0.63
0.63
0.63
0.63
0.63
0.63
0.63
0.63
0.63
0.63
0.63
0.63
0.63
0.63
0.63
0.63
0.63
0.63
0.63
0.63
0.63
0.63
0.63
0.63
0.63
0.63
0.63
0.63
0.63
0.63
0.63
0.63
0.63
0.63
0.63
0.63
0.63
0.63
0.63
0.63
0.63
0.63
0.63
0.63
0.63
0.63
0.63
0.63
0.63
0.63
0.63
0.63
0.63
0.63
0.63
0.63
0.63
0.63
0.63
0.63
0.63
0.63
0.63
0.63
0.63
0.63
0.63
0.63
0.63
0.63
0.63
0.63
0.63
0.63
0.63
0.62
0.62
0.62
0.62
0.62
0.63
0.63
0.62
0.62
0.62
0.62
0.62
0.62
0.62
0.62
0.61
0.61
0.61
0.59
0.58
0.58
0.57
0.57
0.59
0.59
0.59
0.59
0.57
0.56
0.56
0.57
0.57
0.56
0.56
0.56
0.56
0.56
0.56
0.57
0.57
0.57
0.56
0.55
0.54
0.55
0.56
0.56
0.56
0.55
0.55
0.56
0.54
0.54
0.54
0.55
0.56
0.54
0.55
0.55
0.56
0.56
0.56
0.56
0.56
0.55
0.55
0.55
0.55
0.56
0.54
0.55
0.55
0.55
0.55
0.55
0.55
0.55
0.55
0.55
0.33
0.32
0.32
0.33
0.33
0.33
0.35
0.35
0.38
0.39
0.39
0.39
0.37
0.38
0.40
0.41
0.40
0.39
0.39
0.41
0.41
0.43
0.41
0.38
0.38
0.38
0.39
0.39
0.38
0.38
0.41
0.42
0.41
0.44
0.44
0.44
0.44
0.44
0.46
0.46
0.49
0.48
0.48
0.51
0.54
0.54
0.53
0.53
0.53
0.54
0.54
0.55
0.55
0.56
0.58
0.56
0.56
0.57
0.56
0.56
0.55
0.55
0.56
0.54
0.53
0.53
0.53
0.54
0.52
0.50
0.51
0.50
0.50
0.50
0.51
0.54
0.53
0.54
0.55
0.55
0.55
0.54
0.55
0.56
0.55
0.55
0.55
0.55
0.55
0.57
0.55
0.54
0.52
0.52
0.52
0.52
0.51
0.51
0.52
0.52
0.52
0.52
0.52
0.52
0.52
0.52
0.52
0.52
0.52
0.52
0.52
0.52
0.52
0.52
0.52
0.52
0.52
0.52
0.52
0.52
0.52
0.52
0.52
0.52
0.52
0.52
0.52
0.52
0.52
0.52
0.52
0.52
0.52
0.52
0.52
0.52
0.52
0.52
0.52
0.52
0.52
0.52
0.52
0.52
0.52
0.52
0.52
0.52
0.52
0.52
0.52
0.52
0.52
0.52
0.52
0.52
0.52
0.52
0.52
0.52
0.52
0.52
0.52
0.52
0.52
0.52
0.52
0.52
0.52
0.52
0.52
0.52
0.52
0.52
0.52
0.52
0.52
0.52
0.52
0.52
0.52
0.52
0.52
0.52
0.52
0.52
0.52
0.52
0.52
0.52
0.52
0.52
0.52
0.52
0.52
0.52
0.52
0.52
