0.00
0.78
0.78
0.78
0.78
0.78
0.78
0.78
0.78
0.78
0.78
0.78
0.78
0.78
0.78
0.78
0.79
0.78
0.78
0.78
0.78
0.78
0.78
0.78
0.78
0.78
0.78
0.78
0.78
0.78
0.78
0.78
0.78
0.78
0.78
0.78
0.79
0.79
0.79
0.79
0.79
0.79
0.79
0.79
0.79
0.79
0.78
0.79
0.79
0.79
0.79
0.79
0.79
0.79
0.79
0.79
0.79
0.79
0.80
0.80
0.81
0.80
0.75
0.69
0.69
0.70
0.62
0.66
0.69
0.70
0.70
0.81
0.79
0.79
0.71
0.79
0.77
0.81
0.76
0.63
0.79
0.80
0.80
0.80
0.81
0.81
0.80
0.79
0.79
0.79
0.79
0.79
0.79
0.81
0.80
0.80
0.80
0.80
0.80
0.81
0.81
0.81
0.81
0.81
0.81
0.81
0.81
0.81
0.81
0.81
0.81
0.81
0.81
0.81
0.81
0.81
0.81
0.81
0.81
0.81
0.81
0.81
0.81
0.81
0.81
0.81
0.81
0.81
0.81
0.81
0.81
0.81
0.81
0.81
0.81
0.81
0.81
0.81
0.81
0.81
0.81
0.81
0.81
0.81
0.81
0.81
0.81
0.81
0.81
0.81
0.81
0.81
0.81
0.81
0.81
0.81
0.81
0.81
0.81
0.81
0.81
0.81
0.81
0.81
0.81
0.81
0.81
0.81
0.81
0.81
0.81
0.81
0.81
0.81
0.81
0.81
0.81
0.81
0.81
0.81
0.81
0.81
0.81
0.81
0.81
0.81
0.81
0.81
0.81
0.81
0.81
0.81
0.81
0.81
0.81
0.81
0.81
0.81
0.81
0.81
0.81
0.63
0.63
0.63
0.63
0.63
0.63
0.63
0.63
0.63
0.63
0.63
0.63
0.63
0.63
0.63
0.63
0.63
0.63
0.63
0.63
0.63
0.63
0.63
0.63
0.63
0.63
0.63
0.63
0.63
0.63
0.63
0.63
0.63
0.63
0.63
0.63
0.63
0.63
0.63
0.63
0.63
0.63
0.63
0.62
0.63
0.63
0.63
0.63
0.63
0.63
0.63
0.63
0.63
0.63
0.63
0.63
0.63
0.63
0.63
0.63
0.63
0.63
0.63
0.63
0.63
0.63
0.63
0.63
0.63
0.63
0.63
0.63
0.63
0.63
0.63
0.63
0.63
0.63
0.63
0.63
0.63
0.63
0.63
0.63
0.63
0.63
0.63
0.63
0.63
0.63
0.63
0.63
0.63
0.63
0.63
0.63
0.63
0.63
0.63
0.63
0.53
0.52
0.52
0.52
0.54
0.54
0.55
0.56
0.56
0.57
0.57
0.57
0.58
0.56
0.57
0.58
0.58
0.58
0.58
0.58
0.58
0.56
0.57
0.56
0.56
0.56
0.56
0.56
0.56
0.56
0.56
0.57
0.57
0.57
0.59
0.56
0.56
0.56
0.55
0.55
0.54
0.54
0.54
0.53
0.54
0.56
0.55
0.55
0.55
0.55
0.56
0.54
0.54
0.54
0.55
0.56
0.55
0.55
0.55
0.53
0.54
0.54
0.53
0.53
0.51
0.50
0.50
0.51
0.51
0.51
0.49
0.53
0.53
0.54
0.55
0.55
0.56
0.57
0.57
0.58
0.58
0.56
0.55
0.55
0.55
0.55
0.56
0.56
0.56
0.55
0.55
0.54
0.54
0.52
0.52
0.50
0.50
0.50
0.49
0.49
0.52
0.51
0.52
0.51
0.47
0.50
0.53
0.53
0.50
0.50
0.50
0.52
0.52
0.51
0.51
0.48
0.48
0.47
0.47
0.47
0.47
0.48
0.51
0.50
0.51
0.54
0.53
0.52
0.52
0.53
0.53
0.53
0.54
0.52
0.52
0.52
0.53
0.52
0.52
0.51
0.51
0.47
0.46
0.45
0.45
0.48
0.48
0.48
0.47
0.47
0.47
0.47
0.47
0.46
0.46
0.46
0.46
0.49
0.48
0.49
0.48
0.49
0.53
0.53
0.50
0.53
0.53
0.53
0.54
0.54
0.56
0.54
0.55
0.56
0.54
0.56
0.54
0.56
0.56
0.55
0.55
0.55
0.54
0.52
0.55
0.54
0.54
0.54
0.54
0.52
0.51
0.51
0.52
0.50
0.51
0.52
0.52
0.50
0.50
