0.00
0.63
0.63
0.63
0.63
0.63
0.63
0.63
0.63
0.63
0.63
0.63
0.63
0.63
0.63
0.63
0.63
0.63
0.63
0.63
0.63
0.63
0.63
0.63
0.63
0.63
0.63
0.63
0.63
0.63
0.63
0.63
0.63
0.63
0.63
0.63
0.63
0.63
0.63
0.63
0.63
0.63
0.63
0.63
0.63
0.63
0.63
0.63
0.63
0.63
0.63
0.63
0.63
0.63
0.63
0.63
0.63
0.63
0.63
0.63
0.63
0.63
0.63
0.63
0.63
0.63
0.63
0.63
0.63
0.63
0.63
0.63
0.63
0.63
0.63
0.63
0.63
0.63
0.63
0.63
0.63
0.63
0.63
0.63
0.63
0.63
0.63
0.63
0.63
0.63
0.63
0.63
0.63
0.63
0.63
0.63
0.63
0.63
0.63
0.63
0.63
0.78
0.78
0.78
0.78
0.77
0.78
0.78
0.76
0.66
0.66
0.59
0.58
0.63
0.61
0.65
0.65
0.59
0.63
0.66
0.66
0.59
0.62
0.60
0.60
0.58
0.50
0.58
0.58
0.58
0.58
0.50
0.42
0.43
0.42
0.40
0.39
0.38
0.40
0.39
0.38
0.38
0.38
0.38
0.38
0.38
0.37
0.38
0.37
0.38
0.39
0.42
0.40
0.38
0.38
0.40
0.49
0.58
0.57
0.63
0.63
0.63
0.62
0.59
0.59
0.62
0.58
0.53
0.44
0.42
0.49
0.48
0.47
0.57
0.65
0.65
0.65
0.74
0.66
0.74
0.64
0.74
0.77
0.75
0.77
0.77
0.74
0.77
0.77
0.77
0.78
0.78
0.78
0.78
0.78
0.78
0.78
0.78
0.78
0.78
0.78
0.78
0.78
0.78
0.78
0.78
0.78
0.78
0.78
0.78
0.78
0.78
0.78
0.78
0.78
0.78
0.78
0.78
0.78
0.78
0.78
0.78
0.78
0.78
0.78
0.78
0.78
0.78
0.78
0.78
0.78
0.78
0.78
0.78
0.78
0.78
0.78
0.78
0.78
0.78
0.78
0.78
0.78
0.78
0.78
0.78
0.78
0.78
0.78
0.78
0.78
0.85
0.86
0.88
0.88
0.89
0.90
0.92
0.92
0.92
0.93
0.94
0.95
0.95
0.95
0.94
0.95
0.95
0.96
0.96
0.96
0.96
0.96
0.96
0.96
0.96
0.97
0.97
0.97
0.97
0.96
0.96
0.95
0.96
0.95
0.95
0.95
0.95
0.95
0.95
0.95
0.93
0.91
0.89
0.87
0.79
0.68
0.68
0.68
0.65
0.65
0.31
0.31
0.31
0.31
0.32
0.32
0.32
0.37
0.37
0.37
0.40
0.40
0.41
0.41
0.42
0.46
0.48
0.47
0.47
0.42
0.42
0.36
0.39
0.38
0.36
0.36
0.34
0.35
0.32
0.33
0.33
0.33
0.33
0.33
0.36
0.36
0.36
0.33
0.33
0.32
0.31
0.31
0.31
0.31
0.33
0.36
0.35
0.32
0.33
0.36
0.36
0.32
0.34
0.36
0.38
0.38
0.37
0.38
0.36
0.37
0.37
0.34
0.34
0.34
0.34
0.35
0.33
0.33
0.35
0.35
0.32
0.34
0.32
0.31
0.34
0.34
0.35
0.36
0.35
0.36
0.36
0.36
0.37
0.37
0.36
0.36
0.36
0.36
0.35
0.34
0.34
0.34
0.35
0.34
0.34
0.32
0.32
0.33
0.31
0.33
0.33
0.33
0.33
0.33
0.33
0.33
0.33
0.33
0.33
0.33
0.33
0.33
0.33
0.33
0.33
0.33
0.33
0.33
0.33
0.33
0.33
0.33
0.33
0.33
0.33
0.33
0.33
0.33
0.33
0.33
0.33
0.33
0.33
0.33
0.33
0.33
0.33
0.33
0.33
0.33
0.33
0.33
0.33
0.33
0.33
0.33
0.33
0.33
0.33
0.33
0.33
0.33
0.33
0.33
0.33
0.33
0.33
0.33
0.33
0.33
0.33
0.33
0.33
0.33
0.33
0.33
0.33
0.33
0.33
0.33
0.33
0.33
0.33
0.33
0.33
0.33
0.33
0.33
0.33
0.33
0.33
0.33
0.33
0.33
0.33
0.33
0.33
0.33
0.33
0.33
0.33
0.33
0.33
0.33
0.33
0.33
0.33
0.33
0.33
