0.00
0.77
0.77
0.77
0.77
0.77
0.77
0.77
0.77
0.77
0.77
0.77
0.77
0.77
0.77
0.77
0.77
0.77
0.77
0.77
0.77
0.77
0.77
0.77
0.77
0.77
0.77
0.77
0.77
0.77
0.77
0.77
0.77
0.77
0.76
0.59
0.37
0.37
0.37
0.35
0.34
0.31
0.31
0.31
0.31
0.31
0.31
0.30
0.29
0.29
0.29
0.29
0.29
0.29
0.29
0.29
0.29
0.30
0.30
0.30
0.30
0.30
0.29
0.30
0.29
0.29
0.32
0.32
0.32
0.30
0.30
0.30
0.30
0.29
0.30
0.29
0.30
0.30
0.30
0.32
0.32
0.32
0.32
0.32
0.32
0.32
0.32
0.28
0.28
0.28
0.28
0.29
0.29
0.32
0.31
0.30
0.29
0.28
0.28
0.29
0.30
0.30
0.30
0.30
0.30
0.30
0.30
0.30
0.30
0.30
0.30
0.30
0.30
0.30
0.30
0.30
0.30
0.30
0.30
0.30
0.30
0.30
0.30
0.30
0.30
0.30
0.30
0.30
0.30
0.30
0.30
0.30
0.30
0.30
0.30
0.30
0.30
0.30
0.30
0.30
0.30
0.30
0.30
0.30
0.30
0.30
0.30
0.30
0.30
0.30
0.30
0.30
0.30
0.30
0.30
0.30
0.30
0.30
0.30
0.30
0.30
0.30
0.30
0.30
0.30
0.30
0.30
0.30
0.30
0.30
0.30
0.30
0.30
0.30
0.30
0.30
0.30
0.30
0.30
0.30
0.30
0.30
0.30
0.30
0.30
0.30
0.30
0.30
0.30
0.30
0.30
0.30
0.30
0.30
0.30
0.30
0.30
0.30
0.30
0.30
0.30
0.30
0.30
0.30
0.30
0.30
0.30
0.30
0.30
0.30
0.30
0.30
0.30
0.30
0.30
0.30
0.30
0.30
0.30
0.30
0.30
0.30
0.30
0.30
0.30
0.30
0.30
0.30
0.30
0.30
0.30
0.30
0.30
0.30
0.30
0.30
0.30
0.30
0.30
0.30
0.30
0.30
0.30
0.30
0.30
0.30
0.30
0.30
0.30
0.30
0.30
0.78
0.78
0.78
0.78
0.78
0.78
0.78
0.78
0.78
0.78
0.78
0.78
0.78
0.78
0.78
0.78
0.78
0.78
0.78
0.78
0.78
0.78
0.78
0.78
0.78
0.78
0.78
0.78
0.78
0.78
0.78
0.78
0.78
0.78
0.78
0.78
0.78
0.78
0.78
0.78
0.78
0.78
0.78
0.78
0.78
0.78
0.78
0.78
0.78
0.78
0.78
0.78
0.78
0.78
0.78
0.78
0.78
0.78
0.78
0.78
0.78
0.78
0.78
0.78
0.78
0.78
0.78
0.78
0.78
0.78
0.78
0.78
0.78
0.78
0.78
0.78
0.78
0.78
0.78
0.78
0.78
0.78
0.78
0.78
0.79
0.78
0.78
0.78
0.78
0.78
0.78
0.78
0.78
0.78
0.78
0.78
0.78
0.78
0.78
0.78
0.79
0.78
0.78
0.78
0.79
0.79
0.78
0.79
0.78
0.78
0.78
0.78
0.78
0.78
0.78
0.78
0.78
0.78
0.79
0.78
0.78
0.78
0.78
0.78
0.79
0.79
0.79
0.79
0.79
0.79
0.79
0.79
0.79
0.79
0.79
0.79
0.79
0.73
0.78
0.79
0.79
0.79
0.78
0.78
0.79
0.78
0.78
0.78
0.78
0.78
0.63
0.63
0.63
0.63
0.63
0.63
0.63
0.63
0.63
0.63
0.63
0.63
0.63
0.63
0.63
0.63
0.63
0.63
0.63
0.63
0.63
0.63
0.63
0.63
0.63
0.63
0.63
0.63
0.63
0.63
0.63
0.63
0.63
0.63
0.63
0.63
0.63
0.63
0.63
0.63
0.63
0.63
0.63
0.63
0.63
0.63
0.63
0.63
0.63
0.63
0.63
0.63
0.62
0.63
0.62
0.62
0.61
0.62
0.62
0.62
0.62
0.62
0.62
0.62
0.59
0.61
0.61
0.61
0.62
0.62
0.63
0.63
0.63
0.63
0.62
0.63
0.63
0.63
0.63
0.63
0.63
0.61
0.61
0.59
0.61
0.61
0.62
0.62
0.63
0.60
0.60
0.61
0.62
0.61
0.60
0.60
0.61
0.61
0.62
