0.00
0.95
0.96
0.96
0.95
0.95
0.96
0.96
0.96
0.96
0.96
0.96
0.96
0.96
0.96
0.96
0.95
0.95
0.95
0.94
0.95
0.95
0.95
0.95
0.94
0.95
0.94
0.93
0.92
0.93
0.94
0.94
0.94
0.94
0.95
0.96
0.96
0.96
0.96
0.96
0.96
0.97
0.97
0.97
0.97
0.97
0.96
0.97
0.97
0.97
0.97
0.97
0.97
0.97
0.97
0.97
0.97
0.97
0.97
0.97
0.97
0.97
0.97
0.97
0.97
0.97
0.98
0.98
0.97
0.97
0.97
0.96
0.97
0.96
0.97
0.97
0.96
0.96
0.96
0.97
0.97
0.97
0.97
0.96
0.97
0.97
0.96
0.95
0.95
0.93
0.92
0.93
0.93
0.95
0.94
0.93
0.93
0.93
0.91
0.93
0.93
0.30
0.28
0.30
0.30
0.32
0.31
0.31
0.32
0.35
0.33
0.35
0.37
0.34
0.34
0.33
0.32
0.34
0.32
0.32
0.32
0.35
0.33
0.34
0.34
0.35
0.40
0.38
0.40
0.37
0.37
0.41
0.47
0.44
0.44
0.44
0.45
0.45
0.49
0.46
0.48
0.50
0.50
0.51
0.49
0.51
0.51
0.50
0.48
0.46
0.46
0.44
0.45
0.46
0.42
0.42
0.39
0.37
0.37
0.34
0.34
0.36
0.34
0.37
0.33
0.33
0.33
0.33
0.34
0.34
0.33
0.33
0.34
0.32
0.32
0.32
0.31
0.30
0.32
0.31
0.31
0.30
0.30
0.31
0.30
0.28
0.30
0.29
0.29
0.29
0.29
0.28
0.28
0.30
0.30
0.30
0.29
0.29
0.29
0.28
0.32
0.32
0.32
0.32
0.32
0.32
0.32
0.32
0.32
0.32
0.58
0.60
0.61
0.61
0.59
0.58
0.57
0.57
0.56
0.57
0.56
0.57
0.56
0.56
0.57
0.58
0.61
0.62
0.59
0.59
0.61
0.59
0.60
0.59
0.59
0.70
0.68
0.68
0.67
0.65
0.58
0.66
0.70
0.70
0.74
0.75
0.70
0.67
0.69
0.67
0.69
0.69
0.69
0.65
0.62
0.60
0.55
0.52
0.55
0.55
0.53
0.53
0.56
0.58
0.58
0.57
0.55
0.55
0.58
0.57
0.56
0.56
0.55
0.56
0.53
0.53
0.55
0.56
0.57
0.56
0.56
0.56
0.57
0.57
0.56
0.56
0.56
0.56
0.56
0.56
0.56
0.56
0.56
0.56
0.56
0.56
0.58
0.57
0.57
0.58
0.58
0.58
0.58
0.58
0.58
0.58
0.58
0.58
0.58
0.58
0.58
0.58
0.58
0.58
0.58
0.58
0.58
0.58
0.58
0.58
0.58
0.58
0.58
0.58
0.58
0.58
0.58
0.58
0.58
0.58
0.58
0.58
0.58
0.58
0.58
0.58
0.58
0.58
0.58
0.58
0.58
0.58
0.58
0.58
0.58
0.58
0.58
0.58
0.58
0.58
0.58
0.58
0.58
0.58
0.58
0.58
0.58
0.58
0.58
0.58
0.58
0.58
0.58
0.58
0.58
0.58
0.58
0.58
0.58
0.58
0.58
0.58
0.58
0.58
0.58
0.58
0.58
0.58
0.58
0.58
0.58
0.58
0.58
0.58
0.58
0.58
0.58
0.58
0.58
0.58
0.58
0.58
0.58
0.58
0.58
0.58
0.58
0.58
0.58
0.58
0.58
0.58
0.58
0.58
0.58
0.58
0.58
0.58
0.58
0.58
0.58
0.58
0.58
0.58
0.58
0.58
0.58
0.58
0.58
0.58
0.58
0.58
0.58
0.58
0.58
0.58
0.58
0.58
0.58
0.58
0.58
0.58
0.58
0.58
0.58
0.58
0.58
0.58
0.58
0.58
0.58
0.58
0.58
0.58
0.58
0.58
0.58
0.58
0.58
0.58
0.58
0.58
0.58
0.58
0.58
0.58
0.58
0.58
0.58
0.58
0.58
0.58
0.58
0.58
0.58
0.58
0.58
0.58
0.58
0.58
0.58
0.58
0.58
0.58
0.58
0.58
0.58
0.58
0.58
0.58
0.58
0.58
0.58
0.58
0.58
0.58
0.58
0.58
0.58
0.58
0.58
0.58
0.58
0.58
0.58
0.58
0.58
0.58
0.58
0.58
