0.00
0.00
0.72
0.61
0.61
0.61
0.60
0.61
0.61
0.61
0.62
0.62
0.62
0.61
0.61
0.61
0.61
0.61
0.61
0.65
0.61
0.62
0.68
0.68
0.70
0.72
0.76
0.76
0.74
0.72
0.68
0.70
0.68
0.67
0.68
0.57
0.57
0.57
0.58
0.58
0.59
0.59
0.58
0.58
0.58
0.61
0.57
0.59
0.61
0.61
0.62
0.62
0.62
0.62
0.62
0.62
0.62
0.62
0.62
0.62
0.62
0.62
0.62
0.62
0.62
0.62
0.62
0.62
0.62
0.62
0.62
0.62
0.62
0.62
0.62
0.62
0.62
0.62
0.62
0.62
0.62
0.62
0.61
0.62
0.62
0.62
0.59
0.59
0.61
0.60
0.60
0.59
0.58
0.61
0.61
0.56
0.57
0.57
0.56
0.56
0.57
0.57
0.57
0.57
0.57
0.57
0.57
0.57
0.57
0.57
0.57
0.57
0.57
0.57
0.57
0.57
0.57
0.83
0.84
0.82
0.82
0.82
0.82
0.82
0.82
0.83
0.83
0.83
0.82
0.82
0.81
0.83
0.83
0.83
0.82
0.77
0.83
0.84
0.84
0.84
0.84
0.83
0.84
0.84
0.85
0.84
0.85
0.85
0.84
0.84
0.82
0.84
0.84
0.83
0.83
0.83
0.81
0.81
0.81
0.81
0.81
0.80
0.80
0.81
0.80
0.80
0.81
0.81
0.81
0.81
0.81
0.81
0.81
0.81
0.81
0.80
0.80
0.80
0.80
0.79
0.80
0.79
0.79
0.79
0.79
0.79
0.79
0.79
0.79
0.79
0.79
0.78
0.79
0.78
0.78
0.78
0.78
0.78
0.78
0.78
0.78
0.78
0.78
0.78
0.78
0.78
0.78
0.78
0.78
0.78
0.78
0.78
0.78
0.78
0.78
0.78
0.78
0.78
0.78
0.78
0.78
0.78
0.78
0.78
0.78
0.78
0.78
0.78
0.78
0.78
0.78
0.78
0.78
0.78
0.78
0.78
0.78
0.78
0.78
0.78
0.78
0.78
0.78
0.78
0.78
0.78
0.78
0.78
0.78
0.78
0.78
0.78
0.78
0.78
0.78
0.78
0.78
0.78
0.78
0.78
0.78
0.78
0.78
0.78
0.78
0.78
0.78
0.78
0.78
0.78
0.78
0.78
0.78
0.78
0.78
0.78
0.78
0.78
0.78
0.78
0.78
0.78
0.78
0.78
0.78
0.78
0.78
0.78
0.78
0.78
0.78
0.78
0.78
0.78
0.78
0.78
0.78
0.78
0.78
0.78
0.78
0.62
0.62
0.62
0.62
0.63
0.63
0.63
0.63
0.63
0.63
0.63
0.63
0.63
0.63
0.63
0.63
0.63
0.63
0.63
0.63
0.63
0.63
0.63
0.63
0.63
0.63
0.63
0.63
0.63
0.63
0.63
0.63
0.63
0.63
0.63
0.63
0.63
0.63
0.63
0.63
0.63
0.63
0.63
0.63
0.63
0.63
0.63
0.63
0.63
0.63
0.63
0.63
0.63
0.63
0.63
0.63
0.63
0.63
0.63
0.63
0.63
0.63
0.63
0.63
0.63
0.63
0.63
0.63
0.63
0.63
0.63
0.63
0.63
0.63
0.63
0.63
0.63
0.63
0.63
0.63
0.63
0.63
0.63
0.63
0.63
0.63
0.63
0.63
0.63
0.63
0.63
0.63
0.63
0.63
0.63
0.63
0.63
0.63
0.63
0.63
0.63
0.63
0.63
0.63
0.63
0.63
0.63
0.63
0.63
0.63
0.63
0.63
0.63
0.63
0.63
0.63
0.63
0.63
0.63
0.63
0.63
0.63
0.63
0.63
0.63
0.63
0.63
0.63
0.63
0.63
0.63
0.63
0.63
0.63
0.63
0.63
0.63
0.63
0.63
0.63
0.63
0.63
0.63
0.63
0.63
0.63
0.63
0.63
0.63
0.63
0.63
0.63
0.63
0.63
0.63
0.63
0.63
0.63
0.63
0.63
0.63
0.63
0.63
0.63
0.63
0.63
0.63
0.63
0.63
0.63
0.63
0.63
0.63
0.63
0.63
0.63
0.63
0.63
0.63
0.63
0.63
0.63
0.63
0.63
0.63
0.63
0.63
0.63
0.63
0.63
0.63
0.63
0.63
0.63
0.63
0.63
0.63
0.63
0.63
