0.00
0.78
0.78
0.78
0.78
0.78
0.78
0.78
0.78
0.78
0.78
0.78
0.78
0.78
0.78
0.78
0.78
0.78
0.78
0.78
0.78
0.78
0.78
0.78
0.78
0.78
0.78
0.78
0.78
0.78
0.78
0.78
0.78
0.78
0.78
0.78
0.78
0.78
0.78
0.78
0.78
0.78
0.78
0.78
0.78
0.78
0.78
0.78
0.78
0.78
0.78
0.78
0.78
0.78
0.78
0.78
0.78
0.78
0.78
0.78
0.78
0.78
0.78
0.78
0.78
0.78
0.78
0.78
0.78
0.78
0.78
0.78
0.78
0.78
0.78
0.78
0.78
0.78
0.78
0.78
0.78
0.78
0.78
0.78
0.78
0.78
0.78
0.78
0.78
0.78
0.78
0.78
0.78
0.78
0.78
0.78
0.78
0.78
0.78
0.78
0.78
0.80
0.80
0.80
0.79
0.78
0.80
0.80
0.80
0.71
0.79
0.75
0.70
0.69
0.70
0.70
0.70
0.67
0.68
0.69
0.69
0.65
0.71
0.69
0.74
0.74
0.67
0.70
0.67
0.67
0.66
0.56
0.56
0.56
0.58
0.58
0.58
0.59
0.59
0.57
0.58
0.57
0.56
0.57
0.57
0.57
0.59
0.57
0.57
0.57
0.56
0.57
0.57
0.58
0.61
0.60
0.67
0.67
0.67
0.68
0.64
0.64
0.67
0.66
0.76
0.78
0.79
0.79
0.75
0.72
0.72
0.72
0.70
0.70
0.68
0.69
0.69
0.76
0.70
0.72
0.63
0.63
0.63
0.62
0.62
0.62
0.51
0.58
0.63
0.63
0.63
0.62
0.62
0.63
0.63
0.64
0.64
0.76
0.75
0.75
0.75
0.75
0.75
0.75
0.75
0.75
0.75
0.75
0.75
0.75
0.75
0.75
0.75
0.75
0.75
0.75
0.75
0.75
0.75
0.75
0.75
0.75
0.75
0.75
0.75
0.75
0.75
0.75
0.75
0.75
0.75
0.75
0.75
0.75
0.75
0.75
0.75
0.75
0.75
0.75
0.75
0.75
0.75
0.75
0.75
0.75
0.75
0.75
0.75
0.75
0.75
0.75
0.75
0.81
0.80
0.80
0.80
0.81
0.80
0.80
0.81
0.82
0.83
0.84
0.84
0.84
0.83
0.84
0.87
0.86
0.87
0.88
0.88
0.89
0.89
0.89
0.89
0.89
0.89
0.89
0.89
0.89
0.89
0.89
0.89
0.89
0.89
0.89
0.89
0.89
0.89
0.89
0.90
0.90
0.90
0.90
0.90
0.90
0.91
0.90
0.90
0.63
0.63
0.63
0.63
0.63
0.63
0.63
0.63
0.63
0.63
0.63
0.63
0.63
0.63
0.63
0.63
0.63
0.63
0.63
0.63
0.63
0.63
0.63
0.63
0.63
0.63
0.63
0.63
0.63
0.63
0.63
0.63
0.63
0.63
0.63
0.63
0.63
0.63
0.63
0.63
0.63
0.63
0.63
0.63
0.63
0.63
0.63
0.63
0.63
0.63
0.63
0.63
0.63
0.63
0.63
0.63
0.63
0.63
0.63
0.63
0.63
0.63
0.63
0.63
0.63
0.63
0.63
0.63
0.63
0.63
0.63
0.63
0.63
0.63
0.63
0.63
0.63
0.63
0.63
0.63
0.63
0.63
0.63
0.63
0.63
0.63
0.63
0.63
0.63
0.63
0.63
0.63
0.63
0.63
0.63
0.63
0.63
0.63
0.63
0.63
0.48
0.47
0.50
0.49
0.46
0.49
0.49
0.49
0.46
0.46
0.46
0.48
0.48
0.46
0.46
0.45
0.46
0.46
0.46
0.45
0.46
0.46
0.48
0.48
0.48
0.51
0.51
0.50
0.50
0.51
0.51
0.51
0.51
0.51
0.52
0.50
0.51
0.51
0.50
0.48
0.48
0.47
0.47
0.45
0.44
0.44
0.44
0.45
0.45
0.47
0.45
0.46
0.46
0.45
0.44
0.43
0.41
0.43
0.43
0.44
0.44
0.44
0.44
0.45
0.39
0.40
0.44
0.43
0.43
0.43
0.46
0.46
0.46
0.46
0.43
0.44
0.43
0.45
0.48
0.48
0.45
0.44
0.43
0.39
0.42
0.41
0.43
0.43
0.43
0.39
0.39
0.41
0.43
0.40
0.40
0.41
0.42
0.42
0.44
