0.00
0.63
0.63
0.63
0.63
0.63
0.63
0.63
0.63
0.63
0.63
0.63
0.63
0.63
0.63
0.63
0.63
0.63
0.63
0.63
0.63
0.63
0.63
0.63
0.63
0.63
0.63
0.63
0.63
0.63
0.63
0.63
0.63
0.63
0.63
0.63
0.63
0.63
0.63
0.63
0.63
0.63
0.63
0.63
0.63
0.63
0.63
0.63
0.63
0.63
0.63
0.63
0.63
0.63
0.63
0.63
0.63
0.63
0.63
0.63
0.63
0.63
0.63
0.63
0.63
0.63
0.63
0.63
0.63
0.63
0.63
0.63
0.63
0.63
0.63
0.63
0.63
0.63
0.63
0.63
0.63
0.63
0.63
0.63
0.63
0.63
0.63
0.63
0.63
0.63
0.63
0.63
0.63
0.63
0.63
0.63
0.63
0.63
0.63
0.63
0.63
0.63
0.63
0.63
0.63
0.63
0.63
0.63
0.63
0.63
0.63
0.63
0.63
0.63
0.63
0.63
0.63
0.63
0.63
0.63
0.63
0.63
0.63
0.63
0.63
0.63
0.63
0.63
0.63
0.63
0.63
0.63
0.63
0.63
0.63
0.63
0.63
0.63
0.63
0.63
0.63
0.63
0.63
0.63
0.63
0.63
0.63
0.63
0.63
0.63
0.63
0.63
0.63
0.63
0.63
0.63
0.63
0.63
0.63
0.63
0.63
0.63
0.63
0.63
0.63
0.63
0.63
0.63
0.63
0.63
0.63
0.63
0.63
0.63
0.63
0.63
0.63
0.63
0.63
0.63
0.63
0.63
0.63
0.63
0.63
0.63
0.63
0.63
0.63
0.63
0.63
0.63
0.63
0.63
0.63
0.63
0.63
0.63
0.63
0.63
0.63
0.63
0.63
0.63
0.63
0.63
0.63
0.63
0.78
0.78
0.78
0.78
0.78
0.78
0.78
0.78
0.78
0.78
0.78
0.78
0.78
0.78
0.78
0.78
0.78
0.78
0.78
0.78
0.78
0.78
0.78
0.78
0.78
0.78
0.78
0.78
0.78
0.78
0.78
0.78
0.78
0.78
0.78
0.78
0.78
0.78
0.78
0.78
0.78
0.78
0.78
0.78
0.78
0.78
0.78
0.78
0.78
0.78
0.78
0.78
0.78
0.78
0.78
0.78
0.78
0.78
0.78
0.77
0.76
0.76
0.76
0.76
0.76
0.75
0.75
0.66
0.59
0.51
0.47
0.47
0.43
0.43
0.36
0.38
0.33
0.36
0.36
0.40
0.40
0.40
0.43
0.38
0.39
0.37
0.37
0.35
0.32
0.32
0.32
0.33
0.33
0.33
0.33
0.33
0.33
0.33
0.33
0.33
0.33
0.33
0.33
0.33
0.33
0.33
0.33
0.33
0.33
0.33
0.33
0.33
0.33
0.33
0.33
0.33
0.33
0.33
0.33
0.33
0.33
0.33
0.33
0.33
0.33
0.33
0.33
0.33
0.33
0.33
0.33
0.33
0.33
0.33
0.33
0.33
0.33
0.33
0.33
0.33
0.33
0.33
0.33
0.33
0.33
0.33
0.33
0.33
0.33
0.33
0.33
0.33
0.33
0.33
0.33
0.33
0.33
0.33
0.33
0.33
0.33
0.33
0.33
0.33
0.33
0.33
0.33
0.33
0.33
0.33
0.33
0.33
0.33
0.33
0.33
0.33
0.33
0.33
0.33
0.33
0.33
0.33
0.33
0.33
0.33
0.33
0.33
0.33
0.33
0.33
0.33
0.33
0.33
0.32
0.33
0.33
0.33
0.31
0.34
0.34
0.31
0.31
0.31
0.32
0.33
0.33
0.32
0.32
0.32
0.32
0.31
0.31
0.31
0.31
0.34
0.34
0.33
0.34
0.35
0.35
0.32
0.33
0.33
0.32
0.30
0.30
0.30
0.31
0.32
0.31
0.31
0.31
0.31
0.31
0.30
0.29
0.29
0.29
0.29
0.29
0.30
0.30
0.33
0.32
0.32
0.31
0.31
0.30
0.30
0.30
0.31
0.31
0.31
0.32
0.33
0.34
0.36
0.33
0.33
0.33
0.33
0.34
0.34
0.36
0.36
0.36
0.36
0.36
0.37
0.37
0.40
0.40
0.41
0.39
0.36
0.38
0.38
0.38
0.37
0.37
0.37
0.37
0.35
0.35
0.35
0.38
0.36
0.35
0.36
0.36
0.34
0.34
