0.00
0.31
0.37
0.40
0.32
0.31
0.36
0.40
0.43
0.39
0.43
0.49
0.50
0.43
0.41
0.37
0.29
0.34
0.45
0.50
0.48
0.48
0.48
0.48
0.60
0.65
0.77
0.77
0.78
0.78
0.75
0.75
0.66
0.75
0.70
0.50
0.35
0.39
0.42
0.41
0.41
0.34
0.42
0.49
0.57
0.48
0.63
0.58
0.51
0.42
0.32
0.32
0.40
0.31
0.32
0.30
0.32
0.32
0.33
0.32
0.36
0.36
0.33
0.32
0.32
0.32
0.39
0.31
0.33
0.33
0.44
0.57
0.52
0.59
0.52
0.57
0.57
0.63
0.58
0.42
0.59
0.63
0.66
0.63
0.59
0.65
0.76
0.76
0.75
0.78
0.78
0.78
0.78
0.66
0.75
0.78
0.78
0.78
0.78
0.75
0.76
0.76
0.76
0.76
0.76
0.76
0.76
0.76
0.76
0.76
0.76
0.76
0.76
0.76
0.76
0.76
0.76
0.76
0.76
0.76
0.76
0.76
0.76
0.76
0.76
0.76
0.76
0.76
0.76
0.76
0.76
0.76
0.76
0.76
0.76
0.76
0.76
0.76
0.76
0.76
0.76
0.76
0.76
0.76
0.76
0.76
0.76
0.76
0.76
0.76
0.76
0.76
0.76
0.76
0.76
0.76
0.76
0.76
0.76
0.76
0.76
0.76
0.76
0.76
0.76
0.76
0.76
0.76
0.76
0.76
0.76
0.76
0.76
0.76
0.76
0.76
0.76
0.76
0.76
0.76
0.76
0.76
0.76
0.76
0.76
0.76
0.76
0.76
0.76
0.76
0.76
0.93
0.90
0.90
0.90
0.90
0.88
0.84
0.86
0.89
0.87
0.33
0.35
0.37
0.34
0.29
0.27
0.26
0.26
0.27
0.27
0.27
0.26
0.26
0.26
0.28
0.28
0.28
0.29
0.28
0.28
0.28
0.29
0.31
0.34
0.37
0.43
0.43
0.40
0.38
0.41
0.38
0.31
0.34
0.36
0.36
0.32
0.38
0.36
0.38
0.35
0.38
0.45
0.45
0.65
0.69
0.59
0.61
0.66
0.59
0.61
0.61
0.61
0.54
0.54
0.60
0.56
0.56
0.60
0.59
0.49
0.41
0.34
0.31
0.35
0.34
0.35
0.31
0.28
0.28
0.28
0.28
0.28
0.28
0.28
0.27
0.27
0.26
0.29
0.28
0.29
0.29
0.30
0.30
0.31
0.31
0.29
0.28
0.28
0.28
0.29
0.31
0.31
0.31
0.31
0.31
0.34
0.33
0.34
0.34
0.35
0.35
0.35
0.35
0.35
0.35
0.35
0.35
0.35
0.35
0.35
0.35
0.35
0.35
0.35
0.35
0.35
0.35
0.35
0.35
0.35
0.35
0.35
0.35
0.35
0.35
0.35
0.35
0.35
0.35
0.35
0.35
0.35
0.35
0.35
0.35
0.35
0.35
0.35
0.35
0.35
0.35
0.35
0.35
0.35
0.35
0.35
0.35
0.35
0.35
0.35
0.35
0.35
0.35
0.35
0.35
0.35
0.35
0.35
0.35
0.35
0.35
0.35
0.35
0.35
0.35
0.35
0.35
0.35
0.35
0.35
0.35
0.35
0.35
0.35
0.35
0.35
0.35
0.35
0.35
0.35
0.35
0.35
0.35
0.35
0.35
0.35
0.35
0.35
0.35
0.35
0.35
0.35
0.35
0.35
0.35
0.35
0.35
0.35
0.35
0.35
0.35
0.35
0.35
0.35
0.35
0.35
0.35
0.35
0.35
0.35
0.35
0.35
0.35
0.35
0.35
0.35
0.35
0.35
0.35
0.35
0.35
0.35
0.35
0.35
0.35
0.35
0.35
0.35
0.35
0.35
0.35
0.35
0.35
0.35
0.35
0.35
0.35
0.35
0.35
0.35
0.35
0.35
0.35
0.35
0.35
0.35
0.35
0.35
0.35
0.35
0.35
0.35
0.35
0.35
0.35
0.35
0.35
0.35
0.35
0.35
0.35
0.35
0.35
0.35
0.35
0.35
0.35
0.35
0.35
0.35
0.35
0.35
0.35
0.35
0.35
0.35
0.35
0.35
0.35
0.35
0.35
0.35
0.35
0.35
0.35
0.35
0.35
0.35
0.35
0.35
0.35
0.35
0.35
0.35
0.35
0.35
0.35
0.35
0.35
