-296.46010 0.00000
-335.57080 0.00000
-336.49810 0.00000
-336.13230 0.00000
-336.94440 0.00000
-336.25970 0.00000
-334.70260 0.00000
-335.65670 0.00000
-333.69200 0.00000
-334.89750 0.00000
-334.47990 0.00000
-335.19360 0.00000
-335.72870 0.00000
-335.52520 0.00000
-333.40760 0.00000
-334.84270 0.00000
-335.14830 0.00000
-334.56990 0.00000
-336.18360 0.00000
-334.77520 0.00000
-335.26740 0.00000
-335.16520 0.00000
-334.59330 0.00000
-334.62210 0.00000
-334.79650 0.00000
-335.81560 0.00000
-334.28850 0.00000
-335.04400 0.00000
-334.47750 0.00000
-336.26440 0.00000
-335.03070 0.00000
-335.40190 0.00000
-335.46210 0.00000
-336.50840 0.00000
-335.02110 0.00000
-335.65720 0.00000
-335.56790 0.00000
-334.77240 0.00000
-335.78760 0.00000
-335.02630 0.00000
-334.31400 0.00000
-335.31350 0.00000
-335.77670 0.00000
-334.64510 0.00000
-335.44330 0.00000
-334.73450 0.00000
-334.49010 0.00000
-335.64790 0.00000
-335.88640 0.00000
-333.83550 0.00000
-337.64990 0.00000
-335.90850 0.00000
-334.10560 0.00000
-335.36050 0.00000
-335.46770 0.00000
-335.08370 0.00000
-334.40900 0.00000
-336.26410 0.00000
-335.40410 0.00000
-335.37750 0.00000
-334.99540 0.00000
-335.37930 0.00000
-334.61260 0.00000
-335.18720 0.00000
-335.10730 0.00000
-335.16640 0.00000
-334.50430 0.00000
-334.51760 0.00000
-334.06360 0.00000
-334.96900 0.00000
-333.99360 0.00000
-336.23620 0.00000
-334.94620 0.00000
-334.75000 0.00000
-336.59460 0.00000
-336.74960 0.00000
-336.08760 0.00000
-335.44740 0.00000
-335.31640 0.00000
-334.72340 0.00000
-336.19880 0.00000
-335.85020 0.00000
-334.28220 0.00000
-335.48860 0.00000
-334.80760 0.00000
-335.69540 0.00000
-334.52240 0.00000
-336.21030 0.00000
-334.75330 0.00000
-336.55490 0.00000
-334.53980 0.00000
-335.47460 0.00000
-336.68650 0.00000
-335.65410 0.00000
-334.07050 0.00000
-334.78520 0.00000
-333.57960 0.00000
-334.91070 0.00000
-334.19890 0.00000
-334.81870 0.00000
-335.66040 0.00000
-321.40670 0.00000
-322.08700 0.00000
-321.65560 0.00000
-320.87760 0.00000
-321.57870 0.00000
-320.29620 0.00000
-320.53260 0.00000
-321.07250 0.00000
-320.80240 0.00000
-321.35090 0.00000
-321.84480 0.00000
-322.88230 0.00000
-323.12650 0.00000
-321.80850 0.00000
-321.10350 0.00000
-322.49000 0.00000
-321.77780 0.00000
-321.27370 0.00000
-321.20060 0.00000
-321.16700 0.00000
-321.67200 0.00000
-321.19220 0.00000
-321.27610 0.00000
-322.83950 0.00000
-320.81590 0.00000
-321.13260 0.00000
-320.71550 0.00000
-320.72380 0.00000
-321.74580 0.00000
-320.98490 0.00000
-320.78830 0.00000
-321.94230 0.00000
-321.22740 0.00000
-321.33780 0.00000
-320.66500 0.00000
-321.12930 0.00000
-321.78140 0.00000
-320.72490 0.00000
-321.89260 0.00000
-320.88340 0.00000
-321.44960 0.00000
-321.66100 0.00000
-321.21560 0.00000
-321.55870 0.00000
-321.39290 0.00000
-321.72590 0.00000
-321.74420 0.00000
-323.13790 0.00000
-319.44910 0.00000
-320.98910 0.00000
-320.43980 0.00000
-320.30150 0.00000
-319.76030 0.00000
-319.72520 0.00000
-320.48530 0.00000
-320.22860 0.00000
-318.93310 0.00000
-318.35670 0.00000
-318.46010 0.00000
-319.11810 0.00000
-318.38040 0.00000
-318.13060 0.00000
-319.63270 0.00000
-317.12700 0.00000
-316.57190 0.00000
-317.06880 0.00000
-317.51840 0.00000
-317.56680 0.00000
-316.81890 0.00000
-317.51730 0.00000
-317.07560 0.00000
-316.62560 0.00000
-317.88100 0.00000
-317.18020 0.00000
-317.54090 0.00000
-317.84100 0.00000
-316.85740 0.00000
-317.61340 0.00000
-316.88960 0.00000
-317.28310 0.00000
-317.47880 0.00000
-318.41660 0.00000
-317.84100 0.00000
-317.56990 0.00000
-316.94720 0.00000
-316.50520 0.00000
-315.71880 0.00000
-315.27110 0.00000
-315.40340 0.00000
-314.81800 0.00000
-314.87090 0.00000
-315.20450 0.00000
-316.16930 0.00000
-315.78430 0.00000
-316.10260 0.00000
-315.29110 0.00000
-315.66470 0.00000
-317.40930 0.00000
-315.52160 0.00000
-315.38810 0.00000
-316.18510 0.00000
-315.59810 0.00000
-316.21680 0.00000
-317.42920 0.00000
-317.53910 0.00000
-317.16860 0.00000
-316.28860 0.00000
-316.71510 0.00000
-316.83590 0.00000
-316.73270 0.00000
-315.71720 0.00000
-315.64810 0.00000
-316.74410 0.00000
-315.66120 0.00000
-315.07980 0.00000
-315.36890 0.00000
-315.55560 0.00000
-315.52780 0.00000
-316.76720 0.00000
-315.01640 0.00000
-314.92760 0.00000
-315.00280 0.00000
-314.78310 0.00000
-315.48890 0.00000
-315.13680 0.00000
-314.58960 0.00000
-313.91910 0.00000
-315.23810 0.00000
-313.08830 0.00000
-312.93170 0.00000
-313.05540 0.00000
-313.55830 0.00000
-313.02100 0.00000
-313.55640 0.00000
-314.47850 0.00000
-314.90430 0.00000
-315.57970 0.00000
-316.33050 0.00000
-316.13350 0.00000
-317.66380 0.00000
-318.07420 0.00000
-318.34300 0.00000
-318.96880 0.00000
-318.25720 0.00000
-317.71530 0.00000
-317.75710 0.00000
-318.74080 0.00000
-318.98010 0.00000
-317.09800 0.00000
-318.28860 0.00000
-318.13260 0.00000
-317.43120 0.00000
-318.80270 0.00000
-317.05280 0.00000
-317.42560 0.00000
-316.48550 0.00000
-315.94140 0.00000
-315.47010 0.00000
-316.52840 0.00000
-316.32220 0.00000
-315.52970 0.00000
-315.62870 0.00000
-316.24840 0.00000
-315.22600 0.00000
-315.81670 0.00000
-314.24330 0.00000
-313.57280 0.00000
-312.25930 0.00000
-312.05260 0.00000
-311.39160 0.00000
-312.37990 0.00000
-310.73550 0.00000
-309.35570 0.00000
-308.60920 0.00000
-309.47680 0.00000
-309.10800 0.00000
-308.60350 0.00000
-308.40990 0.00000
-309.28420 0.00000
-307.73190 0.00000
-308.86570 0.00000
-308.14840 0.00000
-308.49120 0.00000
-307.23980 0.00000
-307.47110 0.00000
-308.27550 0.00000
-308.16730 0.00000
-308.25740 0.00000
-307.33820 0.00000
-306.96820 0.00000
-306.98580 0.00000
-306.56540 0.00000
-306.63240 0.00000
-307.12490 0.00000
-307.44490 0.00000
-307.56220 0.00000
-307.43990 0.00000
-306.91780 0.00000
-306.22480 0.00000
-307.06960 0.00000
-284.10060 0.00000
-284.83890 0.00000
-285.68200 0.00000
-285.86820 0.00000
-285.02470 0.00000
-284.52560 0.00000
-284.12850 0.00000
-284.51450 0.00000
-283.97030 0.00000
-283.78930 0.00000
-284.11690 0.00000
-284.32570 0.00000
-284.36760 0.00000
-284.30200 0.00000
-284.12460 0.00000
-283.78720 0.00000
-283.88780 0.00000
-284.16310 0.00000
-285.01460 0.00000
-284.77440 0.00000
-285.05280 0.00000
-284.16820 0.00000
-284.09770 0.00000
-284.22930 0.00000
-284.77550 0.00000
-285.05200 0.00000
-284.73610 0.00000
-284.56200 0.00000
-284.50850 0.00000
-284.29970 0.00000
-285.27250 0.00000
-285.38420 0.00000
-285.39850 0.00000
-285.05610 0.00000
-286.14990 0.00000
-285.58770 0.00000
-285.45600 0.00000
-284.80840 0.00000
-284.92390 0.00000
-285.11680 0.00000
-284.67110 0.00000
-284.10410 0.00000
-284.88420 0.00000
-284.87260 0.00000
-285.28080 0.00000
-285.61340 0.00000
-286.30870 0.00000
-285.14750 0.00000
-285.88570 0.00000
-284.85700 0.00000
-284.18240 0.00000
-283.55080 0.00000
-283.90430 0.00000
-283.19020 0.00000
-283.47030 0.00000
-283.58400 0.00000
-282.59150 0.00000
-282.97680 0.00000
-282.76030 0.00000
-281.54950 0.00000
-280.46500 0.00000
-281.06280 0.00000
-281.37160 0.00000
-281.09740 0.00000
-281.89040 0.00000
-281.83640 0.00000
-282.80830 0.00000
-280.85490 0.00000
-281.24320 0.00000
-280.90760 0.00000
-280.67230 0.00000
-280.49800 0.00000
-281.26930 0.00000
-281.66940 0.00000
-281.16170 0.00000
-281.44520 0.00000
-281.59360 0.00000
-281.22510 0.00000
-280.93970 0.00000
-281.09530 0.00000
-281.64100 0.00000
-281.86400 0.00000
-281.70980 0.00000
-282.04260 0.00000
-281.78080 0.00000
-281.46990 0.00000
-280.86220 0.00000
-281.47480 0.00000
-281.10670 0.00000
-280.72700 0.00000
-281.08360 0.00000
-280.72930 0.00000
-280.94530 0.00000
-280.31690 0.00000
-279.58110 0.00000
-279.50520 0.00000
-279.30820 0.00000
-279.79140 0.00000
-279.59650 0.00000
-335.31680 0.00000
-336.96990 0.00000
-337.36090 0.00000
-337.69690 0.00000
-336.65130 0.00000
-336.10290 0.00000
-335.73800 0.00000
-337.16510 0.00000
-335.80050 0.00000
-337.27970 0.00000
-335.16920 0.00000
-335.68400 0.00000
-335.26710 0.00000
-334.78160 0.00000
-333.92530 0.00000
-334.10200 0.00000
-334.11580 0.00000
-333.98730 0.00000
-332.51710 0.00000
-331.85420 0.00000
-332.85580 0.00000
-333.23350 0.00000
-333.42020 0.00000
-334.55570 0.00000
-335.96790 0.00000
-334.26860 0.00000
-334.91290 0.00000
-334.58380 0.00000
-334.45680 0.00000
-334.26920 0.00000
-333.98470 0.00000
-333.89050 0.00000
-335.02320 0.00000
-334.36280 0.00000
-333.86970 0.00000
-334.27950 0.00000
-334.23350 0.00000
-335.73610 0.00000
-333.79630 0.00000
-333.79400 0.00000
-334.07440 0.00000
-334.97290 0.00000
-335.05520 0.00000
-335.75580 0.00000
-333.71910 0.00000
-334.75790 0.00000
-334.51180 0.00000
-335.07970 0.00000
-334.64890 0.00000
-335.68390 0.00000
-333.27100 0.00000
-333.27430 0.00000
-334.45400 0.00000
-333.23040 0.00000
-332.98260 0.00000
-332.41530 0.00000
-332.98360 0.00000
-331.92380 0.00000
-331.43830 0.00000
-331.81090 0.00000
-331.28920 0.00000
-331.33680 0.00000
-331.54920 0.00000
-331.02980 0.00000
-329.22570 0.00000
-330.29100 0.00000
-329.67210 0.00000
-331.24380 0.00000
-330.19960 0.00000
-331.06010 0.00000
-333.08320 0.00000
-330.02220 0.00000
-329.18180 0.00000
-328.79140 0.00000
-328.98020 0.00000
-328.06960 0.00000
-328.65080 0.00000
-328.50020 0.00000
-328.80710 0.00000
-329.19030 0.00000
-328.99090 0.00000
-327.92740 0.00000
-328.96750 0.00000
-328.05160 0.00000
-328.72230 0.00000
-328.13020 0.00000
-327.86150 0.00000
-328.56080 0.00000
-328.66600 0.00000
-327.59200 0.00000
-327.38190 0.00000
-325.63430 0.00000
-324.68230 0.00000
-323.38900 0.00000
-322.97640 0.00000
-322.36910 0.00000
-323.04620 0.00000
-322.79370 0.00000
-322.14270 0.00000
-321.89770 0.00000
-321.34760 0.00000
-333.23200 0.00000
-331.66440 0.00000
-331.85800 0.00000
-331.84350 0.00000
-332.76060 0.00000
-332.06890 0.00000
-333.24760 0.00000
-331.81730 0.00000
-331.60030 0.00000
-332.95130 0.00000
-332.75100 0.00000
-332.75950 0.00000
-332.06480 0.00000
-332.70550 0.00000
-331.97790 0.00000
-331.67250 0.00000
-332.02770 0.00000
-331.54390 0.00000
-331.80230 0.00000
-332.44490 0.00000
-331.25160 0.00000
-332.26640 0.00000
-331.88730 0.00000
-331.08600 0.00000
-331.64190 0.00000
-331.53250 0.00000
-332.29800 0.00000
-331.89060 0.00000
-331.71030 0.00000
-333.24260 0.00000
-332.07950 0.00000
-331.59260 0.00000
-331.47540 0.00000
-332.48420 0.00000
-331.74450 0.00000
-331.96270 0.00000
-332.67000 0.00000
-330.87080 0.00000
-332.98180 0.00000
-332.46450 0.00000
-332.19570 0.00000
-331.85380 0.00000
-332.15340 0.00000
-332.19400 0.00000
-332.72430 0.00000
-332.21220 0.00000
-332.15180 0.00000
-331.73920 0.00000
-331.50570 0.00000
-331.33730 0.00000
-331.22100 0.00000
-331.51290 0.00000
-331.09050 0.00000
-331.60920 0.00000
-331.07320 0.00000
-331.30470 0.00000
-331.26240 0.00000
-330.13050 0.00000
-331.05130 0.00000
-330.73560 0.00000
-330.81890 0.00000
-329.72430 0.00000
-329.00510 0.00000
-328.44920 0.00000
-328.13490 0.00000
-328.87890 0.00000
-329.96230 0.00000
-330.77010 0.00000
-330.31700 0.00000
-330.15950 0.00000
-330.39400 0.00000
-331.32700 0.00000
-329.21180 0.00000
-328.90840 0.00000
-329.03770 0.00000
-328.48500 0.00000
-328.94300 0.00000
-329.30260 0.00000
-328.58000 0.00000
-329.59490 0.00000
-328.15260 0.00000
-328.35420 0.00000
-328.40100 0.00000
-328.00760 0.00000
-327.51700 0.00000
-327.99600 0.00000
-327.81830 0.00000
-327.78590 0.00000
-327.86760 0.00000
-327.61790 0.00000
-328.05890 0.00000
-327.53020 0.00000
-327.15840 0.00000
-327.74680 0.00000
-327.40530 0.00000
-327.65560 0.00000
-328.18630 0.00000
-327.55320 0.00000
-327.46020 0.00000
-327.16080 0.00000
-295.60280 0.00000
-295.78410 0.00000
-295.56930 0.00000
-295.05570 0.00000
-294.02820 0.00000
-293.64870 0.00000
-293.50600 0.00000
-293.15830 0.00000
-293.50810 0.00000
-292.20540 0.00000
-292.49370 0.00000
-293.08060 0.00000
-291.00770 0.00000
-290.67390 0.00000
-292.01740 0.00000
-292.73060 0.00000
-291.64910 0.00000
-290.56980 0.00000
-290.10380 0.00000
-289.45440 0.00000
-289.00880 0.00000
-288.98320 0.00000
-289.36610 0.00000
-290.80210 0.00000
-288.03460 0.00000
-288.70240 0.00000
-286.87030 0.00000
-286.01350 0.00000
-286.43380 0.00000
-286.54740 0.00000
-286.66870 0.00000
-286.66390 0.00000
-286.28370 0.00000
-287.44750 0.00000
-286.47550 0.00000
-287.25830 0.00000
-286.41370 0.00000
-286.41670 0.00000
-286.85780 0.00000
-287.25180 0.00000
-287.56890 0.00000
-287.51770 0.00000
-287.35930 0.00000
-287.86940 0.00000
-287.34770 0.00000
-287.57660 0.00000
-287.92000 0.00000
-287.67970 0.00000
-287.08180 0.00000
-287.55210 0.00000
-286.93120 0.00000
-286.88210 0.00000
-286.85470 0.00000
-286.35030 0.00000
-286.36080 0.00000
-286.64410 0.00000
-285.81600 0.00000
-285.36960 0.00000
-286.12060 0.00000
-285.54470 0.00000
-285.25200 0.00000
-284.83170 0.00000
-284.96980 0.00000
-284.64470 0.00000
-285.19670 0.00000
-284.97180 0.00000
-283.75210 0.00000
-284.79570 0.00000
-284.12170 0.00000
-283.58820 0.00000
-284.25370 0.00000
-282.72530 0.00000
-282.88080 0.00000
-283.41120 0.00000
-283.31370 0.00000
-283.53670 0.00000
-284.12750 0.00000
-282.95730 0.00000
-282.59910 0.00000
-282.89040 0.00000
-282.35150 0.00000
-283.13200 0.00000
-283.64160 0.00000
-283.92030 0.00000
-283.50920 0.00000
-283.33320 0.00000
-283.16430 0.00000
-283.13590 0.00000
-283.56070 0.00000
-283.49650 0.00000
-283.88020 0.00000
-283.95330 0.00000
-284.90550 0.00000
-284.73750 0.00000
-284.96030 0.00000
-285.43290 0.00000
-285.39520 0.00000
-285.06970 0.00000
-284.39800 0.00000
-284.57540 0.00000
-326.79010 0.00000
-327.99160 0.00000
-326.31790 0.00000
-327.77640 0.00000
-327.35820 0.00000
-327.46930 0.00000
-327.23720 0.00000
-327.83190 0.00000
-327.44140 0.00000
-326.86200 0.00000
-326.69570 0.00000
-326.93690 0.00000
-327.46620 0.00000
-326.59710 0.00000
-326.56500 0.00000
-326.91670 0.00000
-326.81170 0.00000
-326.80240 0.00000
-327.37560 0.00000
-326.95340 0.00000
-327.05340 0.00000
-326.25240 0.00000
-326.85550 0.00000
-326.96240 0.00000
-327.42620 0.00000
-326.92080 0.00000
-327.27970 0.00000
-327.21920 0.00000
-326.90820 0.00000
-327.61800 0.00000
-327.07520 0.00000
-326.11930 0.00000
-327.18600 0.00000
-327.13790 0.00000
-327.03030 0.00000
-327.19510 0.00000
-326.61580 0.00000
-327.63740 0.00000
-326.56350 0.00000
-327.27030 0.00000
-327.26110 0.00000
-326.82090 0.00000
-328.04300 0.00000
-327.64890 0.00000
-327.00430 0.00000
-326.54820 0.00000
-328.36740 0.00000
-326.76740 0.00000
-327.10520 0.00000
-327.15030 0.00000
-326.29740 0.00000
-327.09630 0.00000
-326.76460 0.00000
-327.00320 0.00000
-327.26510 0.00000
-327.42910 0.00000
-326.70830 0.00000
-327.93310 0.00000
-327.35990 0.00000
-327.00390 0.00000
-326.69660 0.00000
-326.54670 0.00000
-327.01510 0.00000
-327.49840 0.00000
-327.17440 0.00000
-327.49620 0.00000
-325.99020 0.00000
-327.65710 0.00000
-326.95740 0.00000
-327.08390 0.00000
-327.16370 0.00000
-326.64520 0.00000
-326.82260 0.00000
-326.58110 0.00000
-326.73380 0.00000
-327.28130 0.00000
-327.47870 0.00000
-327.18050 0.00000
-326.50150 0.00000
-327.54200 0.00000
-328.02350 0.00000
-328.03230 0.00000
-327.41970 0.00000
-328.42150 0.00000
-326.19580 0.00000
-327.42130 0.00000
-327.00760 0.00000
-327.57160 0.00000
-327.53400 0.00000
-327.61000 0.00000
-327.01490 0.00000
-327.68240 0.00000
-326.89710 0.00000
-326.34760 0.00000
-326.28510 0.00000
-326.55880 0.00000
-327.65930 0.00000
-326.78970 0.00000
-326.49230 0.00000
-336.74520 0.00000
-333.35940 0.00000
-333.36450 0.00000
-333.22340 0.00000
-334.03040 0.00000
-333.75870 0.00000
-334.39840 0.00000
-335.04740 0.00000
-334.97600 0.00000
-333.90360 0.00000
-333.99050 0.00000
-334.68700 0.00000
-334.23240 0.00000
-334.18010 0.00000
-335.25610 0.00000
-334.28070 0.00000
-333.25570 0.00000
-332.04340 0.00000
-332.22820 0.00000
-331.68320 0.00000
-331.88960 0.00000
-331.36290 0.00000
-331.69220 0.00000
-331.71230 0.00000
-332.14550 0.00000
-332.99610 0.00000
-333.53840 0.00000
-333.45450 0.00000
-334.24110 0.00000
-333.09390 0.00000
-333.19650 0.00000
-333.20490 0.00000
-332.40680 0.00000
-333.12390 0.00000
-333.50750 0.00000
-334.28520 0.00000
-333.27130 0.00000
-333.66760 0.00000
-333.93490 0.00000
-333.30550 0.00000
-332.72350 0.00000
-333.51980 0.00000
-334.17830 0.00000
-334.71890 0.00000
-334.29580 0.00000
-334.74930 0.00000
-333.65540 0.00000
-333.74910 0.00000
-333.45540 0.00000
-333.11700 0.00000
-332.79150 0.00000
-333.53230 0.00000
-332.95350 0.00000
-332.94960 0.00000
-334.10360 0.00000
-333.52690 0.00000
-334.43830 0.00000
-333.97040 0.00000
-333.87650 0.00000
-333.91830 0.00000
-334.53090 0.00000
-335.50000 0.00000
-334.35530 0.00000
-333.96830 0.00000
-334.96650 0.00000
-333.41460 0.00000
-333.91910 0.00000
-334.68260 0.00000
-334.22750 0.00000
-334.36180 0.00000
-334.79890 0.00000
-333.63100 0.00000
-333.29310 0.00000
-333.49000 0.00000
-332.55430 0.00000
-332.56060 0.00000
-332.95960 0.00000
-331.88440 0.00000
-332.11930 0.00000
-332.10130 0.00000
-331.48900 0.00000
-332.44250 0.00000
-332.97540 0.00000
-332.58460 0.00000
-333.36590 0.00000
-332.75200 0.00000
-333.65770 0.00000
-332.92870 0.00000
-333.18360 0.00000
-332.76780 0.00000
-332.26200 0.00000
-331.33940 0.00000
-330.63980 0.00000
-331.79350 0.00000
-332.17500 0.00000
-332.71590 0.00000
-332.83140 0.00000
-332.21340 0.00000
-332.92040 0.00000
-332.35120 0.00000
-332.14950 0.00000
-317.12500 0.00000
-318.93090 0.00000
-318.24390 0.00000
-317.35150 0.00000
-317.67080 0.00000
-318.43490 0.00000
-316.68250 0.00000
-317.72890 0.00000
-317.10470 0.00000
-316.02890 0.00000
-315.98610 0.00000
-315.24430 0.00000
-317.50730 0.00000
-314.65890 0.00000
-314.56390 0.00000
-315.19180 0.00000
-315.43450 0.00000
-314.88060 0.00000
-312.67330 0.00000
-312.93630 0.00000
-313.92920 0.00000
-312.22050 0.00000
-312.02890 0.00000
-313.39260 0.00000
-313.54390 0.00000
-313.28290 0.00000
-313.19760 0.00000
-313.35000 0.00000
-313.18170 0.00000
-312.32290 0.00000
-312.30640 0.00000
-310.08800 0.00000
-309.79870 0.00000
-311.39240 0.00000
-308.62100 0.00000
-310.30380 0.00000
-310.64550 0.00000
-309.96560 0.00000
-309.70660 0.00000
-308.30640 0.00000
-309.28090 0.00000
-308.81180 0.00000
-309.27080 0.00000
-308.37600 0.00000
-308.15410 0.00000
-308.19810 0.00000
-307.59960 0.00000
-307.71910 0.00000
-307.63690 0.00000
-307.19940 0.00000
-308.17770 0.00000
-307.28470 0.00000
-307.53040 0.00000
-308.39920 0.00000
-308.42090 0.00000
-307.35910 0.00000
-307.62820 0.00000
-307.22320 0.00000
-307.85220 0.00000
-306.63600 0.00000
-306.90830 0.00000
-307.43280 0.00000
-306.87710 0.00000
-306.53320 0.00000
-307.06950 0.00000
-305.36540 0.00000
-304.33560 0.00000
-305.51440 0.00000
-303.81710 0.00000
-303.70010 0.00000
-303.19640 0.00000
-303.24900 0.00000
-303.17620 0.00000
-303.22210 0.00000
-303.03760 0.00000
-302.61200 0.00000
-302.07240 0.00000
-301.50470 0.00000
-302.36990 0.00000
-302.17540 0.00000
-303.57920 0.00000
-301.29960 0.00000
-301.06870 0.00000
-302.80360 0.00000
-300.80270 0.00000
-300.62810 0.00000
-299.33240 0.00000
-297.87070 0.00000
-297.60070 0.00000
-296.16550 0.00000
-295.92130 0.00000
-296.73930 0.00000
-297.37100 0.00000
-297.44840 0.00000
-296.07750 0.00000
-296.52390 0.00000
-294.76290 0.00000
-294.89320 0.00000
-295.02160 0.00000
-294.37000 0.00000
-327.62000 0.00000
-328.11250 0.00000
-327.78180 0.00000
-327.30910 0.00000
-327.05300 0.00000
-327.78370 0.00000
-327.49300 0.00000
-327.66550 0.00000
-326.79340 0.00000
-326.92930 0.00000
-326.59270 0.00000
-327.11530 0.00000
-327.87540 0.00000
-326.41450 0.00000
-327.17180 0.00000
-326.61530 0.00000
-326.24720 0.00000
-327.59190 0.00000
-327.02020 0.00000
-327.45960 0.00000
-327.22430 0.00000
-326.96600 0.00000
-327.39910 0.00000
-326.99260 0.00000
-326.96010 0.00000
-326.82680 0.00000
-326.58970 0.00000
-327.16760 0.00000
-327.74010 0.00000
-327.03410 0.00000
-327.26600 0.00000
-327.41200 0.00000
-327.43050 0.00000
-325.94510 0.00000
-327.16860 0.00000
-326.64720 0.00000
-326.87280 0.00000
-327.00400 0.00000
-326.68950 0.00000
-327.06570 0.00000
-326.78950 0.00000
-325.94880 0.00000
-326.94430 0.00000
-327.02540 0.00000
-327.53480 0.00000
-326.64060 0.00000
-328.13380 0.00000
-327.68600 0.00000
-326.98390 0.00000
-327.84740 0.00000
-326.86540 0.00000
-327.37510 0.00000
-327.30770 0.00000
-327.10950 0.00000
-327.46040 0.00000
-326.62690 0.00000
-326.99220 0.00000
-327.16650 0.00000
-327.41290 0.00000
-327.24410 0.00000
-327.14020 0.00000
-327.79590 0.00000
-326.70580 0.00000
-327.06170 0.00000
-326.87760 0.00000
-326.81100 0.00000
-326.80350 0.00000
-326.51910 0.00000
-327.89940 0.00000
-326.75340 0.00000
-327.55250 0.00000
-327.22240 0.00000
-326.77830 0.00000
-327.76380 0.00000
-326.97240 0.00000
-327.57390 0.00000
-326.40980 0.00000
-327.71170 0.00000
-327.58790 0.00000
-327.42490 0.00000
-327.56920 0.00000
-326.79810 0.00000
-326.76470 0.00000
-328.18450 0.00000
-327.86320 0.00000
-327.43480 0.00000
-326.79190 0.00000
-327.06410 0.00000
-326.89640 0.00000
-327.28840 0.00000
-327.00400 0.00000
-327.01980 0.00000
-327.54570 0.00000
-326.87950 0.00000
-327.51480 0.00000
-327.34570 0.00000
-327.48450 0.00000
-327.03920 0.00000
-327.19360 0.00000
-327.45250 0.00000
-307.11730 0.00000
-307.10010 0.00000
-307.49780 0.00000
-306.25830 0.00000
-306.34220 0.00000
-307.39120 0.00000
-307.51760 0.00000
-306.53960 0.00000
-307.41220 0.00000
-306.61710 0.00000
-306.95480 0.00000
-306.98370 0.00000
-306.95190 0.00000
-307.54170 0.00000
-306.37180 0.00000
-306.73070 0.00000
-307.46110 0.00000
-307.32140 0.00000
-307.92380 0.00000
-307.14920 0.00000
-307.56660 0.00000
-306.95820 0.00000
-307.44680 0.00000
-307.09600 0.00000
-306.86360 0.00000
-306.99750 0.00000
-307.33570 0.00000
-306.86750 0.00000
-306.95620 0.00000
-306.44560 0.00000
-307.13070 0.00000
-306.92900 0.00000
-307.12260 0.00000
-308.41580 0.00000
-307.17850 0.00000
-307.31560 0.00000
-306.08730 0.00000
-308.17110 0.00000
-306.76950 0.00000
-306.73120 0.00000
-308.16790 0.00000
-306.82700 0.00000
-306.48000 0.00000
-307.81810 0.00000
-307.09120 0.00000
-308.09630 0.00000
-306.35110 0.00000
-306.15040 0.00000
-307.16770 0.00000
-307.18760 0.00000
-308.26430 0.00000
-306.37400 0.00000
-307.99150 0.00000
-306.99670 0.00000
-307.12470 0.00000
-306.49800 0.00000
-306.82760 0.00000
-307.73780 0.00000
-306.25700 0.00000
-306.60230 0.00000
-306.84410 0.00000
-307.26800 0.00000
-306.70590 0.00000
-307.08160 0.00000
-308.51740 0.00000
-307.58980 0.00000
-307.46380 0.00000
-306.31160 0.00000
-306.75010 0.00000
-307.39470 0.00000
-306.45520 0.00000
-306.64500 0.00000
-308.11130 0.00000
-307.38130 0.00000
-307.32490 0.00000
-306.93730 0.00000
-307.97180 0.00000
-307.15940 0.00000
-307.55290 0.00000
-308.12440 0.00000
-307.58770 0.00000
-306.94980 0.00000
-306.38930 0.00000
-306.83530 0.00000
-307.62370 0.00000
-307.24660 0.00000
-306.45220 0.00000
-307.17320 0.00000
-306.77680 0.00000
-306.83190 0.00000
-307.37500 0.00000
-306.96830 0.00000
-307.80590 0.00000
-307.07800 0.00000
-306.41110 0.00000
-307.68400 0.00000
-307.25640 0.00000
-307.84430 0.00000
-307.20480 0.00000
-332.79110 0.00000
-329.38470 0.00000
-326.57360 0.00000
-327.06180 0.00000
-326.73940 0.00000
-327.33840 0.00000
-325.41560 0.00000
-325.93050 0.00000
-323.68180 0.00000
-321.68470 0.00000
-321.94530 0.00000
-321.73390 0.00000
-323.13190 0.00000
-322.27480 0.00000
-321.86280 0.00000
-321.64430 0.00000
-321.71400 0.00000
-321.88660 0.00000
-322.16680 0.00000
-321.97490 0.00000
-322.56160 0.00000
-324.16770 0.00000
-322.30360 0.00000
-321.65290 0.00000
-321.05200 0.00000
-322.17520 0.00000
-319.89790 0.00000
-319.68880 0.00000
-319.90040 0.00000
-320.12400 0.00000
-320.32500 0.00000
-320.75650 0.00000
-320.03850 0.00000
-322.30620 0.00000
-321.90320 0.00000
-322.24510 0.00000
-323.08050 0.00000
-323.49230 0.00000
-324.28350 0.00000
-323.18810 0.00000
-324.08240 0.00000
-323.00900 0.00000
-325.26430 0.00000
-323.17860 0.00000
-322.80070 0.00000
-322.69720 0.00000
-321.90130 0.00000
-320.22010 0.00000
-320.16940 0.00000
-320.22330 0.00000
-320.29380 0.00000
-319.21040 0.00000
-317.90870 0.00000
-317.32680 0.00000
-316.76950 0.00000
-318.63610 0.00000
-317.03840 0.00000
-318.14470 0.00000
-318.52060 0.00000
-316.87470 0.00000
-317.67620 0.00000
-318.48540 0.00000
-318.81890 0.00000
-318.65160 0.00000
-318.99060 0.00000
-318.54140 0.00000
-317.04330 0.00000
-316.89800 0.00000
-316.15160 0.00000
-317.65740 0.00000
-318.20030 0.00000
-318.53700 0.00000
-317.17000 0.00000
-316.72490 0.00000
-315.46920 0.00000
-316.78100 0.00000
-318.48720 0.00000
-318.38160 0.00000
-316.77910 0.00000
-315.90540 0.00000
-316.82390 0.00000
-316.03240 0.00000
-315.94450 0.00000
-315.56040 0.00000
-316.08720 0.00000
-316.09070 0.00000
-317.01560 0.00000
-315.61530 0.00000
-314.93430 0.00000
-315.86790 0.00000
-316.06560 0.00000
-317.08590 0.00000
-317.36920 0.00000
-316.82300 0.00000
-317.15190 0.00000
-317.59160 0.00000
-318.11690 0.00000
-317.04650 0.00000
-317.20700 0.00000
-316.73100 0.00000
-316.51190 0.00000
-353.81060 0.00000
-353.40050 0.00000
-353.68690 0.00000
-353.65320 0.00000
-353.73350 0.00000
-354.62710 0.00000
-353.92050 0.00000
-354.07060 0.00000
-354.64490 0.00000
-352.85240 0.00000
-353.40290 0.00000
-353.72140 0.00000
-353.87460 0.00000
-352.47360 0.00000
-354.51130 0.00000
-352.00740 0.00000
-354.25420 0.00000
-354.90130 0.00000
-354.18510 0.00000
-353.16940 0.00000
-353.99980 0.00000
-353.58220 0.00000
-353.40210 0.00000
-353.80230 0.00000
-353.90270 0.00000
-354.25900 0.00000
-354.00410 0.00000
-352.34780 0.00000
-353.27430 0.00000
-352.02320 0.00000
-353.61650 0.00000
-354.66050 0.00000
-354.45550 0.00000
-354.79290 0.00000
-354.11370 0.00000
-353.44360 0.00000
-353.73120 0.00000
-354.53790 0.00000
-352.25540 0.00000
-352.92990 0.00000
-353.62510 0.00000
-355.11980 0.00000
-352.70900 0.00000
-354.55400 0.00000
-352.70120 0.00000
-354.32010 0.00000
-352.52260 0.00000
-354.10650 0.00000
-354.89860 0.00000
-354.79550 0.00000
-353.44750 0.00000
-354.14110 0.00000
-353.79690 0.00000
-352.87230 0.00000
-352.84570 0.00000
-352.69910 0.00000
-352.14870 0.00000
-352.69470 0.00000
-351.65920 0.00000
-352.10080 0.00000
-351.63420 0.00000
-352.46860 0.00000
-353.15960 0.00000
-353.65890 0.00000
-354.45770 0.00000
-353.53540 0.00000
-353.28690 0.00000
-353.03000 0.00000
-352.69090 0.00000
-352.74660 0.00000
-354.10530 0.00000
-352.61390 0.00000
-353.13460 0.00000
-353.86720 0.00000
-354.10880 0.00000
-353.72810 0.00000
-354.02080 0.00000
-353.50640 0.00000
-353.75650 0.00000
-352.67760 0.00000
-353.27860 0.00000
-351.75320 0.00000
-350.71510 0.00000
-350.61800 0.00000
-352.45110 0.00000
-351.19000 0.00000
-351.43670 0.00000
-352.11670 0.00000
-352.74140 0.00000
-352.57310 0.00000
-351.98570 0.00000
-351.86870 0.00000
-351.47020 0.00000
-350.69970 0.00000
-351.16820 0.00000
-351.97700 0.00000
-351.34560 0.00000
-350.81540 0.00000
-349.96380 0.00000
-350.01990 0.00000
-333.53800 0.00000
-333.37680 0.00000
-332.73790 0.00000
-331.52720 0.00000
-331.26530 0.00000
-331.19310 0.00000
-331.61090 0.00000
-331.03080 0.00000
-330.26270 0.00000
-330.05820 0.00000
-331.35860 0.00000
-331.21930 0.00000
-329.60510 0.00000
-330.17050 0.00000
-330.98760 0.00000
-329.88910 0.00000
-330.72780 0.00000
-328.87300 0.00000
-328.15930 0.00000
-328.67010 0.00000
-328.48590 0.00000
-328.44470 0.00000
-328.04480 0.00000
-328.19460 0.00000
-328.26300 0.00000
-327.46950 0.00000
-327.80410 0.00000
-326.47770 0.00000
-327.00120 0.00000
-327.13260 0.00000
-327.07180 0.00000
-326.25930 0.00000
-326.81130 0.00000
-325.48080 0.00000
-325.46130 0.00000
-325.00070 0.00000
-325.10950 0.00000
-325.52770 0.00000
-325.13230 0.00000
-324.60990 0.00000
-324.26000 0.00000
-324.46690 0.00000
-324.49180 0.00000
-325.53750 0.00000
-324.88010 0.00000
-324.91660 0.00000
-324.03950 0.00000
-323.22880 0.00000
-323.45880 0.00000
-322.71860 0.00000
-322.14100 0.00000
-320.91430 0.00000
-320.79480 0.00000
-320.89730 0.00000
-320.43150 0.00000
-320.68380 0.00000
-320.56970 0.00000
-319.92970 0.00000
-319.23400 0.00000
-318.82550 0.00000
-318.94700 0.00000
-318.66930 0.00000
-317.98550 0.00000
-318.89910 0.00000
-319.09740 0.00000
-319.11190 0.00000
-318.70760 0.00000
-319.67900 0.00000
-319.17820 0.00000
-319.84680 0.00000
-318.48280 0.00000
-318.33800 0.00000
-317.95440 0.00000
-318.63670 0.00000
-319.37570 0.00000
-318.31790 0.00000
-320.27490 0.00000
-317.55640 0.00000
-317.37750 0.00000
-317.05960 0.00000
-317.06870 0.00000
-317.28300 0.00000
-317.56950 0.00000
-317.98750 0.00000
-317.41130 0.00000
-316.46210 0.00000
-316.10340 0.00000
-315.69790 0.00000
-316.87210 0.00000
-317.69920 0.00000
-318.14880 0.00000
-318.72100 0.00000
-317.36800 0.00000
-316.21090 0.00000
-317.21310 0.00000
-316.65760 0.00000
-317.02140 0.00000
-318.58170 0.00000
-316.64100 0.00000
-316.72050 0.00000
-309.41690 0.00000
-310.55020 0.00000
-309.13190 0.00000
-310.12180 0.00000
-308.34050 0.00000
-307.61010 0.00000
-307.96830 0.00000
-308.96240 0.00000
-308.15870 0.00000
-307.49730 0.00000
-307.54660 0.00000
-307.59770 0.00000
-307.90260 0.00000
-307.55530 0.00000
-307.18390 0.00000
-307.51630 0.00000
-308.92800 0.00000
-308.15110 0.00000
-307.15650 0.00000
-306.95110 0.00000
-306.49080 0.00000
-307.40840 0.00000
-307.40880 0.00000
-308.17210 0.00000
-307.50060 0.00000
-307.32910 0.00000
-307.04130 0.00000
-307.00040 0.00000
-306.67730 0.00000
-307.53530 0.00000
-307.24870 0.00000
-308.03750 0.00000
-306.86490 0.00000
-306.81540 0.00000
-307.55510 0.00000
-306.66830 0.00000
-306.62350 0.00000
-305.90510 0.00000
-306.44540 0.00000
-306.36050 0.00000
-305.56580 0.00000
-307.03850 0.00000
-305.89000 0.00000
-305.48380 0.00000
-305.22180 0.00000
-304.18580 0.00000
-303.41320 0.00000
-304.69150 0.00000
-303.02990 0.00000
-302.32680 0.00000
-301.95950 0.00000
-301.63840 0.00000
-301.70570 0.00000
-302.90310 0.00000
-301.21080 0.00000
-300.66440 0.00000
-301.51650 0.00000
-301.52220 0.00000
-301.13010 0.00000
-300.77680 0.00000
-301.55700 0.00000
-300.70460 0.00000
-300.52610 0.00000
-300.03660 0.00000
-300.30060 0.00000
-299.53420 0.00000
-300.70470 0.00000
-298.51130 0.00000
-298.21710 0.00000
-297.54940 0.00000
-297.51330 0.00000
-297.47170 0.00000
-297.20470 0.00000
-297.38960 0.00000
-297.38670 0.00000
-297.99700 0.00000
-297.09500 0.00000
-296.93040 0.00000
-297.37800 0.00000
-297.39500 0.00000
-297.97010 0.00000
-298.21260 0.00000
-298.36120 0.00000
-298.38220 0.00000
-297.94870 0.00000
-297.45840 0.00000
-297.34990 0.00000
-297.02240 0.00000
-297.39940 0.00000
-297.39480 0.00000
-297.96910 0.00000
-297.85130 0.00000
-297.40630 0.00000
-298.25090 0.00000
-297.36980 0.00000
-297.31220 0.00000
-297.85030 0.00000
-297.21130 0.00000
-298.07950 0.00000
-330.89590 0.00000
-353.18070 0.00000
-353.92750 0.00000
-353.66720 0.00000
-354.53880 0.00000
-353.49230 0.00000
-352.46350 0.00000
-353.13610 0.00000
-352.70560 0.00000
-353.67210 0.00000
-353.39730 0.00000
-353.25830 0.00000
-353.55040 0.00000
-353.04200 0.00000
-353.08040 0.00000
-352.38460 0.00000
-354.11210 0.00000
-353.57350 0.00000
-352.55840 0.00000
-353.65810 0.00000
-353.28650 0.00000
-353.00080 0.00000
-352.74970 0.00000
-353.43780 0.00000
-353.93800 0.00000
-353.56760 0.00000
-353.20440 0.00000
-353.75460 0.00000
-353.12610 0.00000
-354.45470 0.00000
-352.53980 0.00000
-353.35900 0.00000
-353.56210 0.00000
-353.47770 0.00000
-353.19310 0.00000
-352.89260 0.00000
-353.75820 0.00000
-353.09000 0.00000
-355.09900 0.00000
-352.88750 0.00000
-353.98640 0.00000
-352.42150 0.00000
-353.10660 0.00000
-352.91160 0.00000
-354.11180 0.00000
-352.46360 0.00000
-354.41820 0.00000
-352.76820 0.00000
-353.51320 0.00000
-354.25870 0.00000
-354.11560 0.00000
-353.15100 0.00000
-353.90270 0.00000
-353.92270 0.00000
-352.80970 0.00000
-352.76390 0.00000
-352.87570 0.00000
-353.39720 0.00000
-353.10570 0.00000
-354.66540 0.00000
-352.10990 0.00000
-352.61310 0.00000
-353.24310 0.00000
-354.64150 0.00000
-353.04100 0.00000
-354.04280 0.00000
-353.45220 0.00000
-351.98160 0.00000
-354.40060 0.00000
-353.70690 0.00000
-353.59950 0.00000
-353.70710 0.00000
-353.31210 0.00000
-354.63810 0.00000
-355.37670 0.00000
-353.53550 0.00000
-353.03890 0.00000
-352.99950 0.00000
-353.19370 0.00000
-353.70080 0.00000
-353.39460 0.00000
-353.83730 0.00000
-353.66240 0.00000
-353.92410 0.00000
-352.39450 0.00000
-354.62650 0.00000
-353.42090 0.00000
-353.14360 0.00000
-353.04720 0.00000
-353.80100 0.00000
-353.12470 0.00000
-354.11210 0.00000
-354.65850 0.00000
-353.01540 0.00000
-353.18350 0.00000
-353.71790 0.00000
-353.07350 0.00000
-352.86100 0.00000
-352.99590 0.00000
-354.10540 0.00000
-354.64830 0.00000
-338.50650 0.00000
-338.29180 0.00000
-337.47560 0.00000
-337.61810 0.00000
-337.83900 0.00000
-338.17280 0.00000
-337.37220 0.00000
-338.34640 0.00000
-337.41100 0.00000
-337.19640 0.00000
-337.51800 0.00000
-337.10040 0.00000
-337.94750 0.00000
-337.01180 0.00000
-338.42520 0.00000
-336.95790 0.00000
-337.78980 0.00000
-337.37580 0.00000
-336.74910 0.00000
-337.77750 0.00000
-338.05520 0.00000
-336.78320 0.00000
-337.26550 0.00000
-337.74530 0.00000
-337.33260 0.00000
-337.53770 0.00000
-337.81890 0.00000
-336.81800 0.00000
-337.68750 0.00000
-337.31180 0.00000
-337.85680 0.00000
-337.24890 0.00000
-337.68610 0.00000
-338.59210 0.00000
-337.43950 0.00000
-337.84890 0.00000
-337.80380 0.00000
-337.33190 0.00000
-337.01390 0.00000
-337.57830 0.00000
-337.63680 0.00000
-338.11830 0.00000
-338.02740 0.00000
-337.67080 0.00000
-337.46220 0.00000
-337.83120 0.00000
-336.69990 0.00000
-337.03060 0.00000
-338.40530 0.00000
-337.95390 0.00000
-337.94270 0.00000
-338.69020 0.00000
-338.53630 0.00000
-338.29960 0.00000
-338.70730 0.00000
-338.71370 0.00000
-338.64400 0.00000
-339.24750 0.00000
-339.35360 0.00000
-338.50630 0.00000
-338.85040 0.00000
-338.70430 0.00000
-338.70500 0.00000
-338.46940 0.00000
-339.14740 0.00000
-337.98800 0.00000
-337.59390 0.00000
-338.93330 0.00000
-338.63820 0.00000
-339.10540 0.00000
-338.88620 0.00000
-338.70640 0.00000
-338.61890 0.00000
-339.14740 0.00000
-339.38460 0.00000
-338.57860 0.00000
-338.95170 0.00000
-338.67380 0.00000
-339.97040 0.00000
-338.81250 0.00000
-339.95310 0.00000
-337.75320 0.00000
-337.55460 0.00000
-337.83460 0.00000
-338.63430 0.00000
-337.93220 0.00000
-337.75710 0.00000
-337.49940 0.00000
-337.75290 0.00000
-337.31810 0.00000
-336.91730 0.00000
-337.07540 0.00000
-336.20040 0.00000
-336.26610 0.00000
-335.68200 0.00000
-335.40790 0.00000
-334.14710 0.00000
-333.29280 0.00000
-333.35350 0.00000
-333.62750 0.00000
-324.93280 0.00000
-325.38230 0.00000
-325.40370 0.00000
-324.54070 0.00000
-324.68050 0.00000
-325.05340 0.00000
-325.14610 0.00000
-324.72210 0.00000
-324.73030 0.00000
-324.02730 0.00000
-323.45520 0.00000
-324.36090 0.00000
-324.02220 0.00000
-322.43110 0.00000
-322.07940 0.00000
-321.32910 0.00000
-322.37490 0.00000
-322.55440 0.00000
-322.86400 0.00000
-323.51290 0.00000
-322.07410 0.00000
-322.72680 0.00000
-323.14570 0.00000
-324.25390 0.00000
-322.64770 0.00000
-323.48080 0.00000
-321.61220 0.00000
-321.18710 0.00000
-322.01870 0.00000
-322.27850 0.00000
-321.47440 0.00000
-321.02000 0.00000
-320.23990 0.00000
-320.31610 0.00000
-319.57110 0.00000
-319.82970 0.00000
-319.34540 0.00000
-319.86980 0.00000
-318.86510 0.00000
-318.41530 0.00000
-318.52290 0.00000
-318.41910 0.00000
-318.35920 0.00000
-319.76870 0.00000
-318.44610 0.00000
-318.96640 0.00000
-318.77760 0.00000
-317.24140 0.00000
-316.24440 0.00000
-316.07290 0.00000
-314.94380 0.00000
-315.35990 0.00000
-314.67390 0.00000
-314.54560 0.00000
-313.59910 0.00000
-312.72940 0.00000
-312.22650 0.00000
-312.25550 0.00000
-313.32720 0.00000
-311.04730 0.00000
-311.50300 0.00000
-312.72980 0.00000
-311.25810 0.00000
-311.18410 0.00000
-311.53350 0.00000
-313.14470 0.00000
-312.47790 0.00000
-312.49900 0.00000
-312.09070 0.00000
-311.82700 0.00000
-312.15420 0.00000
-311.53350 0.00000
-310.60910 0.00000
-311.89310 0.00000
-311.37980 0.00000
-311.21790 0.00000
-310.80960 0.00000
-312.06940 0.00000
-310.75380 0.00000
-310.39390 0.00000
-309.91120 0.00000
-310.82710 0.00000
-309.73790 0.00000
-310.67450 0.00000
-310.77990 0.00000
-310.32220 0.00000
-309.79840 0.00000
-309.23680 0.00000
-310.03300 0.00000
-309.41580 0.00000
-308.42370 0.00000
-308.58090 0.00000
-308.36430 0.00000
-308.06330 0.00000
-307.81360 0.00000
-308.58400 0.00000
-308.55200 0.00000
-308.53170 0.00000
-308.83720 0.00000
-308.47500 0.00000
-316.68980 0.00000
-315.82260 0.00000
-317.48100 0.00000
-317.23810 0.00000
-316.23270 0.00000
-316.29990 0.00000
-317.10700 0.00000
-318.67850 0.00000
-316.14600 0.00000
-317.03570 0.00000
-316.19690 0.00000
-317.56840 0.00000
-317.80440 0.00000
-317.27030 0.00000
-316.47350 0.00000
-315.95790 0.00000
-316.81570 0.00000
-316.63200 0.00000
-316.23270 0.00000
-317.66330 0.00000
-316.11360 0.00000
-317.51920 0.00000
-317.13540 0.00000
-316.65380 0.00000
-316.33310 0.00000
-317.16920 0.00000
-317.20190 0.00000
-316.46420 0.00000
-315.81710 0.00000
-316.88750 0.00000
-315.22800 0.00000
-318.57590 0.00000
-316.49270 0.00000
-316.55000 0.00000
-316.67670 0.00000
-316.47690 0.00000
-315.69950 0.00000
-317.69040 0.00000
-316.71830 0.00000
-315.68050 0.00000
-318.22100 0.00000
-317.20900 0.00000
-317.45980 0.00000
-315.39180 0.00000
-316.78540 0.00000
-316.11990 0.00000
-316.81010 0.00000
-318.15420 0.00000
-316.95860 0.00000
-316.31620 0.00000
-317.67200 0.00000
-316.50580 0.00000
-317.81950 0.00000
-316.69110 0.00000
-316.81550 0.00000
-316.11510 0.00000
-316.90570 0.00000
-316.85980 0.00000
-315.88090 0.00000
-315.91730 0.00000
-318.22080 0.00000
-317.26390 0.00000
-317.36280 0.00000
-315.53320 0.00000
-317.82790 0.00000
-316.62710 0.00000
-316.81040 0.00000
-316.09780 0.00000
-316.82340 0.00000
-316.56650 0.00000
-315.55720 0.00000
-316.30350 0.00000
-317.75000 0.00000
-317.59950 0.00000
-317.02480 0.00000
-315.74130 0.00000
-317.42500 0.00000
-316.10240 0.00000
-316.52670 0.00000
-315.78080 0.00000
-317.29980 0.00000
-317.06350 0.00000
-317.06990 0.00000
-317.52320 0.00000
-317.39290 0.00000
-316.40830 0.00000
-316.45660 0.00000
-316.41840 0.00000
-316.52690 0.00000
-316.26240 0.00000
-317.04170 0.00000
-316.53260 0.00000
-317.27510 0.00000
-316.30200 0.00000
-317.36870 0.00000
-317.09460 0.00000
-316.30050 0.00000
-317.80200 0.00000
-317.13700 0.00000
-353.54890 0.00000
-347.64480 0.00000
-347.51700 0.00000
-348.68420 0.00000
-350.32930 0.00000
-348.00490 0.00000
-347.17240 0.00000
-347.09390 0.00000
-345.49320 0.00000
-344.00490 0.00000
-343.91750 0.00000
-343.80820 0.00000
-343.96860 0.00000
-343.73010 0.00000
-344.29950 0.00000
-343.86070 0.00000
-343.57020 0.00000
-342.93200 0.00000
-342.76610 0.00000
-342.68540 0.00000
-342.35890 0.00000
-342.04630 0.00000
-341.52550 0.00000
-341.18610 0.00000
-340.99530 0.00000
-341.46710 0.00000
-341.41160 0.00000
-341.01270 0.00000
-340.73820 0.00000
-341.56190 0.00000
-341.33460 0.00000
-341.61580 0.00000
-341.67530 0.00000
-341.95690 0.00000
-342.26020 0.00000
-342.62770 0.00000
-342.46610 0.00000
-342.10800 0.00000
-343.35590 0.00000
-341.01320 0.00000
-340.87070 0.00000
-339.98460 0.00000
-340.10410 0.00000
-339.80280 0.00000
-340.09320 0.00000
-339.87970 0.00000
-339.55480 0.00000
-339.06570 0.00000
-338.83800 0.00000
-338.41200 0.00000
-339.27150 0.00000
-339.25580 0.00000
-338.79960 0.00000
-338.76340 0.00000
-339.07210 0.00000
-339.24380 0.00000
-339.05860 0.00000
-339.67290 0.00000
-339.73810 0.00000
-339.46180 0.00000
-338.75920 0.00000
-338.44230 0.00000
-338.03110 0.00000
-338.33180 0.00000
-338.92590 0.00000
-338.21760 0.00000
-337.89100 0.00000
-336.98490 0.00000
-336.23240 0.00000
-335.67790 0.00000
-334.94940 0.00000
-335.23390 0.00000
-335.28230 0.00000
-334.48420 0.00000
-334.89470 0.00000
-335.97350 0.00000
-336.11240 0.00000
-336.03080 0.00000
-335.59820 0.00000
-335.55660 0.00000
-335.55390 0.00000
-335.94770 0.00000
-335.72940 0.00000
-335.68960 0.00000
-335.23300 0.00000
-335.69030 0.00000
-335.89130 0.00000
-335.75160 0.00000
-335.76540 0.00000
-337.14230 0.00000
-337.10910 0.00000
-337.58180 0.00000
-338.62820 0.00000
-337.91510 0.00000
-338.05850 0.00000
-338.54990 0.00000
-338.33270 0.00000
-337.81770 0.00000
-337.21570 0.00000
-337.06670 0.00000
-337.60100 0.00000
-337.20710 0.00000
-336.47080 0.00000
-336.18950 0.00000
-335.27170 0.00000
-334.98770 0.00000
-334.62850 0.00000
-334.75490 0.00000
-334.75240 0.00000
-334.08750 0.00000
-334.73390 0.00000
-332.82880 0.00000
-331.73430 0.00000
-331.54630 0.00000
-331.45350 0.00000
-330.42610 0.00000
-330.07290 0.00000
-329.39820 0.00000
-330.12930 0.00000
-330.80020 0.00000
-330.94960 0.00000
-330.84940 0.00000
-331.11770 0.00000
-330.55970 0.00000
-330.03410 0.00000
-330.46570 0.00000
-330.36130 0.00000
-330.21140 0.00000
-330.55030 0.00000
-330.25610 0.00000
-330.47030 0.00000
-330.47230 0.00000
-330.80600 0.00000
-330.56560 0.00000
-329.96610 0.00000
-329.26270 0.00000
-329.74390 0.00000
-330.38690 0.00000
-329.67100 0.00000
-331.03030 0.00000
-330.77160 0.00000
-331.33000 0.00000
-330.75280 0.00000
-331.52840 0.00000
-331.37280 0.00000
-331.38900 0.00000
-330.91620 0.00000
-331.36210 0.00000
-330.45360 0.00000
-331.31820 0.00000
-330.61280 0.00000
-331.25550 0.00000
-330.60750 0.00000
-330.98280 0.00000
-331.11730 0.00000
-330.36790 0.00000
-330.44310 0.00000
-330.89650 0.00000
-330.92490 0.00000
-330.96060 0.00000
-330.08200 0.00000
-330.68370 0.00000
-329.82360 0.00000
-329.27810 0.00000
-329.90230 0.00000
-328.93430 0.00000
-329.33330 0.00000
-328.53670 0.00000
-328.25150 0.00000
-328.41150 0.00000
-327.50620 0.00000
-327.38480 0.00000
-327.77140 0.00000
-327.55830 0.00000
-328.13880 0.00000
-327.26290 0.00000
-327.60270 0.00000
-327.22080 0.00000
-326.24090 0.00000
-325.96830 0.00000
-326.01480 0.00000
-326.07220 0.00000
-325.50060 0.00000
-325.19830 0.00000
-325.00540 0.00000
-324.73000 0.00000
-323.78890 0.00000
-324.35220 0.00000
-324.12900 0.00000
-324.98400 0.00000
-325.66660 0.00000
-325.36490 0.00000
-325.12960 0.00000
-324.70980 0.00000
-324.78930 0.00000
-324.72130 0.00000
-324.10070 0.00000
-323.92540 0.00000
-324.20840 0.00000
-324.24850 0.00000
-324.51580 0.00000
-326.68600 0.00000
-326.78470 0.00000
-326.48360 0.00000
-325.85710 0.00000
-326.04370 0.00000
-326.45940 0.00000
-326.27100 0.00000
-325.91310 0.00000
-325.37410 0.00000
-325.91470 0.00000
-326.46440 0.00000
-327.61530 0.00000
-326.55360 0.00000
-325.74250 0.00000
-325.86880 0.00000
-326.03310 0.00000
-325.73720 0.00000
-325.04010 0.00000
-325.24090 0.00000
-325.06730 0.00000
-323.86360 0.00000
-324.67930 0.00000
-325.06170 0.00000
-326.78670 0.00000
-325.53410 0.00000
-325.48940 0.00000
-324.91780 0.00000
-324.75370 0.00000
-324.43950 0.00000
-325.03570 0.00000
-325.57080 0.00000
-325.49580 0.00000
-325.60880 0.00000
-325.16710 0.00000
-324.79830 0.00000
-325.77060 0.00000
-325.61410 0.00000
-325.15080 0.00000
-324.93260 0.00000
-325.48730 0.00000
-324.89070 0.00000
-324.66140 0.00000
-325.13340 0.00000
-325.12240 0.00000
-324.61960 0.00000
-324.23830 0.00000
-324.09440 0.00000
-324.03110 0.00000
-323.46610 0.00000
-323.25660 0.00000
-322.77750 0.00000
-323.35340 0.00000
-324.37280 0.00000
-322.42450 0.00000
-322.08240 0.00000
-321.57480 0.00000
-320.88930 0.00000
-321.04580 0.00000
-321.78980 0.00000
-321.56070 0.00000
-321.04960 0.00000
-320.98640 0.00000
-320.05640 0.00000
-320.24110 0.00000
-319.91290 0.00000
-320.41180 0.00000
-319.79070 0.00000
-319.96350 0.00000
-321.42790 0.00000
-319.84180 0.00000
-320.56090 0.00000
-319.92920 0.00000
-319.41820 0.00000
-320.04440 0.00000
-319.99350 0.00000
-320.21630 0.00000
-320.33180 0.00000
-320.42680 0.00000
-320.65490 0.00000
-320.26080 0.00000
-320.39630 0.00000
-320.76480 0.00000
-320.77400 0.00000
-321.61740 0.00000
-321.87040 0.00000
-322.25920 0.00000
-322.05190 0.00000
-322.31670 0.00000
-322.30920 0.00000
-322.51330 0.00000
-323.31630 0.00000
-321.66190 0.00000
-321.85530 0.00000
-321.16440 0.00000
-321.00210 0.00000
-321.44390 0.00000
-320.76430 0.00000
-321.55420 0.00000
-320.35590 0.00000
-319.95320 0.00000
-276.28940 0.00000
-276.02050 0.00000
-276.14590 0.00000
-276.49050 0.00000
-276.84000 0.00000
-276.44940 0.00000
-276.78440 0.00000
-277.07840 0.00000
-276.30640 0.00000
-276.28970 0.00000
-275.99350 0.00000
-276.32300 0.00000
-276.78820 0.00000
-276.85060 0.00000
-277.45990 0.00000
-276.99250 0.00000
-277.27320 0.00000
-277.42730 0.00000
-276.22070 0.00000
-276.51960 0.00000
-274.95730 0.00000
-276.60310 0.00000
-275.21260 0.00000
-274.52900 0.00000
-274.78560 0.00000
-275.29610 0.00000
-275.32330 0.00000
-275.49370 0.00000
-275.66010 0.00000
-276.33430 0.00000
-274.52940 0.00000
-275.88690 0.00000
-273.80700 0.00000
-273.16830 0.00000
-273.84830 0.00000
-274.82060 0.00000
-275.87740 0.00000
-274.57850 0.00000
-274.68540 0.00000
-274.06810 0.00000
-274.76690 0.00000
-276.01440 0.00000
-275.12070 0.00000
-273.25250 0.00000
-273.69960 0.00000
-273.31660 0.00000
-273.93210 0.00000
-275.09830 0.00000
-273.42960 0.00000
-273.83110 0.00000
-274.33610 0.00000
-273.40360 0.00000
-274.33540 0.00000
-273.37930 0.00000
-273.93500 0.00000
-274.79940 0.00000
-274.44300 0.00000
-274.51030 0.00000
-274.46680 0.00000
-274.79430 0.00000
-275.83460 0.00000
-274.94120 0.00000
-276.29020 0.00000
-275.79210 0.00000
-275.32730 0.00000
-274.85460 0.00000
-274.69760 0.00000
-274.62850 0.00000
-274.19510 0.00000
-274.41220 0.00000
-274.22670 0.00000
-275.26710 0.00000
-274.23660 0.00000
-274.86920 0.00000
-274.88360 0.00000
-273.91930 0.00000
-273.32570 0.00000
-273.18660 0.00000
-273.13770 0.00000
-271.62180 0.00000
-272.43340 0.00000
-272.08520 0.00000
-273.08700 0.00000
-272.35970 0.00000
-272.72160 0.00000
-271.77840 0.00000
-272.18200 0.00000
-272.04700 0.00000
-272.01300 0.00000
-272.70250 0.00000
-273.07570 0.00000
-273.24480 0.00000
-272.45520 0.00000
-271.79920 0.00000
-272.20020 0.00000
-272.14270 0.00000
-272.02070 0.00000
-271.95990 0.00000
-271.75120 0.00000
-347.39600 0.00000
-338.27510 0.00000
-339.31150 0.00000
-338.59190 0.00000
-339.64350 0.00000
-339.32680 0.00000
-340.28170 0.00000
-340.36160 0.00000
-339.48540 0.00000
-339.37550 0.00000
-339.08490 0.00000
-338.63720 0.00000
-338.60220 0.00000
-338.24620 0.00000
-339.32750 0.00000
-339.67340 0.00000
-339.37990 0.00000
-339.01040 0.00000
-339.18690 0.00000
-339.97430 0.00000
-340.19900 0.00000
-340.45170 0.00000
-340.16780 0.00000
-340.16160 0.00000
-340.00570 0.00000
-339.89040 0.00000
-339.62060 0.00000
-340.00260 0.00000
-340.50040 0.00000
-340.05410 0.00000
-339.81230 0.00000
-339.74860 0.00000
-340.23800 0.00000
-339.51410 0.00000
-340.23160 0.00000
-340.92250 0.00000
-340.82840 0.00000
-340.78910 0.00000
-340.73140 0.00000
-340.65770 0.00000
-340.08790 0.00000
-340.26810 0.00000
-340.83850 0.00000
-340.59520 0.00000
-340.25740 0.00000
-340.01930 0.00000
-339.28190 0.00000
-338.96170 0.00000
-338.83270 0.00000
-339.46780 0.00000
-338.73690 0.00000
-339.59590 0.00000
-338.40940 0.00000
-338.16420 0.00000
-337.90660 0.00000
-338.26180 0.00000
-338.34910 0.00000
-338.33110 0.00000
-337.90540 0.00000
-337.76610 0.00000
-337.77160 0.00000
-338.14360 0.00000
-338.27920 0.00000
-338.27380 0.00000
-338.14470 0.00000
-338.55480 0.00000
-338.14950 0.00000
-338.20900 0.00000
-337.55800 0.00000
-337.27870 0.00000
-337.31770 0.00000
-337.39910 0.00000
-336.84030 0.00000
-337.10080 0.00000
-336.60930 0.00000
-336.33210 0.00000
-336.26780 0.00000
-336.50300 0.00000
-337.16580 0.00000
-336.80730 0.00000
-336.40450 0.00000
-336.56830 0.00000
-336.78940 0.00000
-336.58500 0.00000
-337.50390 0.00000
-337.33320 0.00000
-337.84130 0.00000
-337.09970 0.00000
-336.85790 0.00000
-336.68530 0.00000
-337.41400 0.00000
-336.60400 0.00000
-336.76980 0.00000
-337.11040 0.00000
-337.37430 0.00000
-337.50590 0.00000
-337.49610 0.00000
-337.45570 0.00000
-338.06240 0.00000
-338.04440 0.00000
-337.84850 0.00000
-333.36590 0.00000
-333.08850 0.00000
-332.70190 0.00000
-331.64300 0.00000
-330.99270 0.00000
-331.90340 0.00000
-331.12450 0.00000
-331.10440 0.00000
-331.31370 0.00000
-330.72520 0.00000
-330.09380 0.00000
-329.62990 0.00000
-330.39890 0.00000
-331.18050 0.00000
-330.96260 0.00000
-330.76370 0.00000
-330.66400 0.00000
-331.51830 0.00000
-331.21910 0.00000
-330.97890 0.00000
-331.04360 0.00000
-330.85160 0.00000
-330.94720 0.00000
-331.63780 0.00000
-332.24540 0.00000
-331.71050 0.00000
-331.86130 0.00000
-331.66830 0.00000
-331.54840 0.00000
-331.60410 0.00000
-331.89300 0.00000
-331.90650 0.00000
-331.71740 0.00000
-331.73870 0.00000
-331.38560 0.00000
-331.99040 0.00000
-332.42690 0.00000
-331.37540 0.00000
-330.35380 0.00000
-329.98120 0.00000
-330.51700 0.00000
-330.38430 0.00000
-330.64950 0.00000
-330.14840 0.00000
-329.20960 0.00000
-328.81650 0.00000
-329.26410 0.00000
-328.56710 0.00000
-328.40390 0.00000
-327.97540 0.00000
-327.96750 0.00000
-327.99370 0.00000
-328.90950 0.00000
-328.73670 0.00000
-328.44710 0.00000
-329.27660 0.00000
-328.17470 0.00000
-328.19720 0.00000
-328.40290 0.00000
-328.22730 0.00000
-328.49300 0.00000
-328.05440 0.00000
-327.77210 0.00000
-328.42460 0.00000
-327.37630 0.00000
-327.75080 0.00000
-327.14930 0.00000
-326.71670 0.00000
-326.61340 0.00000
-325.80240 0.00000
-325.28510 0.00000
-325.57640 0.00000
-326.19390 0.00000
-326.07400 0.00000
-326.56460 0.00000
-327.54620 0.00000
-327.38980 0.00000
-326.90590 0.00000
-326.84010 0.00000
-326.71000 0.00000
-327.62330 0.00000
-327.43900 0.00000
-327.20870 0.00000
-327.33420 0.00000
-327.49800 0.00000
-327.13570 0.00000
-326.79790 0.00000
-326.62970 0.00000
-326.53730 0.00000
-326.24130 0.00000
-326.35610 0.00000
-327.51950 0.00000
-326.86800 0.00000
-326.26850 0.00000
-326.69900 0.00000
-326.73410 0.00000
-326.72600 0.00000
-327.32430 0.00000
-326.33360 0.00000
-326.45200 0.00000
-289.55580 0.00000
-290.16970 0.00000
-288.71600 0.00000
-287.19360 0.00000
-286.86670 0.00000
-286.62830 0.00000
-287.59930 0.00000
-286.13650 0.00000
-285.86550 0.00000
-285.64500 0.00000
-285.83650 0.00000
-287.10400 0.00000
-285.35260 0.00000
-284.75980 0.00000
-285.42590 0.00000
-284.53210 0.00000
-285.32260 0.00000
-283.86820 0.00000
-283.36660 0.00000
-283.85730 0.00000
-283.22890 0.00000
-283.17860 0.00000
-283.60260 0.00000
-284.52600 0.00000
-282.65560 0.00000
-282.78080 0.00000
-284.01250 0.00000
-282.88690 0.00000
-283.61610 0.00000
-284.65820 0.00000
-283.54490 0.00000
-282.13540 0.00000
-280.65170 0.00000
-280.71950 0.00000
-280.03630 0.00000
-280.09990 0.00000
-279.71600 0.00000
-280.19520 0.00000
-278.94680 0.00000
-278.19450 0.00000
-278.52730 0.00000
-278.83730 0.00000
-278.87750 0.00000
-279.96400 0.00000
-278.70200 0.00000
-279.29920 0.00000
-278.90430 0.00000
-277.51390 0.00000
-277.01770 0.00000
-276.19640 0.00000
-274.74670 0.00000
-275.30490 0.00000
-274.29290 0.00000
-274.96660 0.00000
-273.49870 0.00000
-273.79650 0.00000
-274.36620 0.00000
-274.27950 0.00000
-274.79970 0.00000
-274.74440 0.00000
-274.57980 0.00000
-274.80160 0.00000
-274.31580 0.00000
-274.82890 0.00000
-274.98910 0.00000
-276.00820 0.00000
-276.46200 0.00000
-276.51540 0.00000
-276.98380 0.00000
-276.73780 0.00000
-276.04720 0.00000
-276.25100 0.00000
-275.84640 0.00000
-276.48150 0.00000
-276.46480 0.00000
-276.55010 0.00000
-277.77690 0.00000
-278.33260 0.00000
-277.17560 0.00000
-276.31030 0.00000
-275.72770 0.00000
-276.01480 0.00000
-275.60690 0.00000
-276.59360 0.00000
-276.42010 0.00000
-275.13950 0.00000
-274.84040 0.00000
-274.96950 0.00000
-275.32580 0.00000
-274.97590 0.00000
-275.65080 0.00000
-277.07890 0.00000
-275.34220 0.00000
-274.82550 0.00000
-274.25690 0.00000
-275.09550 0.00000
-274.76600 0.00000
-276.31630 0.00000
-275.51000 0.00000
-274.99820 0.00000
-302.74590 0.00000
-302.49670 0.00000
-302.09810 0.00000
-300.92630 0.00000
-301.80400 0.00000
-302.35220 0.00000
-301.97410 0.00000
-301.81420 0.00000
-301.45040 0.00000
-302.01460 0.00000
-301.36460 0.00000
-301.56710 0.00000
-301.80220 0.00000
-301.91110 0.00000
-302.97900 0.00000
-301.65610 0.00000
-302.34380 0.00000
-301.22190 0.00000
-301.89590 0.00000
-301.82150 0.00000
-301.68260 0.00000
-301.82680 0.00000
-302.15990 0.00000
-301.61040 0.00000
-301.60890 0.00000
-302.01850 0.00000
-301.02440 0.00000
-302.13250 0.00000
-301.83500 0.00000
-301.75330 0.00000
-301.71460 0.00000
-301.67400 0.00000
-301.25560 0.00000
-301.78250 0.00000
-301.90770 0.00000
-302.88940 0.00000
-303.46850 0.00000
-301.78450 0.00000
-301.00580 0.00000
-301.60730 0.00000
-302.13510 0.00000
-301.71290 0.00000
-302.15810 0.00000
-301.66260 0.00000
-301.89220 0.00000
-303.97570 0.00000
-302.31200 0.00000
-302.53970 0.00000
-302.33540 0.00000
-302.98630 0.00000
-302.28130 0.00000
-301.62950 0.00000
-302.45380 0.00000
-301.78390 0.00000
-302.05480 0.00000
-302.94050 0.00000
-302.37050 0.00000
-300.16230 0.00000
-302.28690 0.00000
-300.98220 0.00000
-301.44930 0.00000
-302.40890 0.00000
-302.30400 0.00000
-301.66870 0.00000
-301.11190 0.00000
-301.57770 0.00000
-302.97580 0.00000
-301.38830 0.00000
-301.91740 0.00000
-301.49360 0.00000
-301.80200 0.00000
-301.83140 0.00000
-302.05800 0.00000
-301.39870 0.00000
-301.62460 0.00000
-302.39510 0.00000
-302.16160 0.00000
-302.28070 0.00000
-302.20960 0.00000
-301.79520 0.00000
-301.06570 0.00000
-300.07990 0.00000
-302.52560 0.00000
-302.23340 0.00000
-301.97650 0.00000
-300.84380 0.00000
-302.39770 0.00000
-302.18530 0.00000
-302.81920 0.00000
-302.88740 0.00000
-301.74960 0.00000
-302.17700 0.00000
-302.79660 0.00000
-301.61640 0.00000
-301.31210 0.00000
-302.70690 0.00000
-301.06630 0.00000
-301.45110 0.00000
-301.50300 0.00000
-338.68640 0.00000
-336.40790 0.00000
-335.08650 0.00000
-335.19680 0.00000
-335.03370 0.00000
-335.20320 0.00000
-335.27120 0.00000
-334.64020 0.00000
-334.13970 0.00000
-333.95590 0.00000
-334.49840 0.00000
-334.36690 0.00000
-334.95650 0.00000
-335.57200 0.00000
-336.27320 0.00000
-336.60470 0.00000
-336.48300 0.00000
-336.86280 0.00000
-335.89100 0.00000
-336.16320 0.00000
-336.27220 0.00000
-336.13680 0.00000
-336.31160 0.00000
-336.18000 0.00000
-335.93490 0.00000
-335.90410 0.00000
-335.34440 0.00000
-335.52970 0.00000
-335.66690 0.00000
-335.53310 0.00000
-335.15250 0.00000
-335.03560 0.00000
-335.51980 0.00000
-335.86190 0.00000
-335.72290 0.00000
-336.04570 0.00000
-335.92240 0.00000
-336.91880 0.00000
-337.67110 0.00000
-337.71400 0.00000
-337.68790 0.00000
-336.89820 0.00000
-336.91790 0.00000
-338.01550 0.00000
-336.75940 0.00000
-335.85140 0.00000
-335.56890 0.00000
-335.00710 0.00000
-334.65220 0.00000
-334.45660 0.00000
-334.77980 0.00000
-335.16880 0.00000
-334.54480 0.00000
-333.43930 0.00000
-333.76890 0.00000
-334.52360 0.00000
-333.66200 0.00000
-333.90520 0.00000
-333.86000 0.00000
-332.69080 0.00000
-333.00120 0.00000
-333.33100 0.00000
-333.34360 0.00000
-333.91550 0.00000
-333.75600 0.00000
-333.28650 0.00000
-333.23830 0.00000
-333.42250 0.00000
-332.38530 0.00000
-332.22510 0.00000
-332.71900 0.00000
-332.74330 0.00000
-332.77220 0.00000
-332.37770 0.00000
-331.47430 0.00000
-330.99460 0.00000
-331.93830 0.00000
-332.03450 0.00000
-332.75840 0.00000
-332.61180 0.00000
-331.90830 0.00000
-332.43410 0.00000
-333.20230 0.00000
-332.48890 0.00000
-332.95340 0.00000
-332.45900 0.00000
-333.67560 0.00000
-333.95980 0.00000
-334.68820 0.00000
-334.37700 0.00000
-334.48120 0.00000
-333.84740 0.00000
-334.40790 0.00000
-333.85540 0.00000
-334.42980 0.00000
-334.05780 0.00000
-334.14360 0.00000
-334.21560 0.00000
-334.32400 0.00000
-334.20380 0.00000
-333.43420 0.00000
-312.02440 0.00000
-313.49520 0.00000
-312.03000 0.00000
-312.14230 0.00000
-311.62700 0.00000
-312.79760 0.00000
-310.79780 0.00000
-312.70470 0.00000
-312.35260 0.00000
-311.89230 0.00000
-311.31350 0.00000
-309.55010 0.00000
-308.49410 0.00000
-308.27720 0.00000
-309.34590 0.00000
-308.11630 0.00000
-307.49350 0.00000
-306.92050 0.00000
-305.60110 0.00000
-306.15810 0.00000
-306.00600 0.00000
-304.68460 0.00000
-304.37040 0.00000
-303.71110 0.00000
-303.63950 0.00000
-303.38690 0.00000
-303.75330 0.00000
-304.09530 0.00000
-304.50580 0.00000
-303.81570 0.00000
-305.20920 0.00000
-304.09600 0.00000
-303.79830 0.00000
-304.31350 0.00000
-304.97210 0.00000
-306.40620 0.00000
-305.08110 0.00000
-305.38710 0.00000
-304.28560 0.00000
-304.92910 0.00000
-304.23520 0.00000
-304.36060 0.00000
-305.75190 0.00000
-305.21360 0.00000
-304.66340 0.00000
-304.27810 0.00000
-303.66940 0.00000
-302.12750 0.00000
-303.62030 0.00000
-301.68190 0.00000
-302.42690 0.00000
-303.43820 0.00000
-301.78330 0.00000
-301.34280 0.00000
-301.28770 0.00000
-302.55820 0.00000
-301.45520 0.00000
-303.70000 0.00000
-301.40310 0.00000
-299.25930 0.00000
-299.67210 0.00000
-298.27000 0.00000
-296.57710 0.00000
-297.17640 0.00000
-297.26910 0.00000
-295.63150 0.00000
-294.89730 0.00000
-295.25870 0.00000
-294.15660 0.00000
-293.99060 0.00000
-293.52740 0.00000
-293.74400 0.00000
-293.90720 0.00000
-295.22420 0.00000
-293.86960 0.00000
-294.29240 0.00000
-294.43550 0.00000
-293.60250 0.00000
-294.86530 0.00000
-292.82790 0.00000
-293.27200 0.00000
-291.56570 0.00000
-290.56380 0.00000
-290.15960 0.00000
-291.24650 0.00000
-289.43050 0.00000
-290.45160 0.00000
-289.55730 0.00000
-289.58750 0.00000
-290.68050 0.00000
-291.11820 0.00000
-291.32260 0.00000
-290.51180 0.00000
-290.66080 0.00000
-291.03160 0.00000
-290.69460 0.00000
-290.79650 0.00000
-289.74860 0.00000
-289.25050 0.00000
-289.63340 0.00000
-302.00240 0.00000
-302.30510 0.00000
-302.89300 0.00000
-302.16230 0.00000
-300.63130 0.00000
-301.51760 0.00000
-301.91630 0.00000
-301.68650 0.00000
-302.11510 0.00000
-302.01570 0.00000
-300.99210 0.00000
-302.68720 0.00000
-301.04480 0.00000
-300.71680 0.00000
-302.92400 0.00000
-302.68990 0.00000
-301.82970 0.00000
-300.18880 0.00000
-301.37460 0.00000
-300.79690 0.00000
-302.29790 0.00000
-300.81040 0.00000
-302.03690 0.00000
-302.23810 0.00000
-301.95740 0.00000
-301.60000 0.00000
-301.27410 0.00000
-302.65060 0.00000
-300.91190 0.00000
-302.63250 0.00000
-302.59320 0.00000
-302.14360 0.00000
-301.73240 0.00000
-301.95040 0.00000
-302.16560 0.00000
-302.18690 0.00000
-301.49220 0.00000
-302.22630 0.00000
-301.68300 0.00000
-302.14250 0.00000
-301.99520 0.00000
-302.49920 0.00000
-302.38710 0.00000
-301.39730 0.00000
-301.40570 0.00000
-301.27930 0.00000
-302.02420 0.00000
-302.19590 0.00000
-301.41380 0.00000
-302.96600 0.00000
-301.40670 0.00000
-302.06360 0.00000
-301.63870 0.00000
-302.07140 0.00000
-302.82980 0.00000
-302.42720 0.00000
-302.25270 0.00000
-302.62540 0.00000
-301.85800 0.00000
-301.47470 0.00000
-301.65880 0.00000
-301.70420 0.00000
-301.90060 0.00000
-301.54540 0.00000
-301.76530 0.00000
-302.33050 0.00000
-302.07700 0.00000
-301.52160 0.00000
-301.96150 0.00000
-302.10100 0.00000
-303.11510 0.00000
-302.66980 0.00000
-302.34580 0.00000
-302.03670 0.00000
-301.36360 0.00000
-302.91450 0.00000
-301.23990 0.00000
-301.84460 0.00000
-301.40770 0.00000
-301.86000 0.00000
-301.87680 0.00000
-302.48900 0.00000
-301.98260 0.00000
-302.41040 0.00000
-302.10870 0.00000
-301.45430 0.00000
-302.54200 0.00000
-302.75240 0.00000
-301.46240 0.00000
-300.97140 0.00000
-302.75220 0.00000
-301.89830 0.00000
-301.70210 0.00000
-302.05470 0.00000
-301.31100 0.00000
-302.27860 0.00000
-301.20730 0.00000
-303.12560 0.00000
-302.08150 0.00000
-301.06250 0.00000
-326.46940 0.00000
-327.13140 0.00000
-327.59220 0.00000
-326.41670 0.00000
-326.01630 0.00000
-327.52190 0.00000
-327.48120 0.00000
-329.13770 0.00000
-326.90420 0.00000
-327.32360 0.00000
-327.12620 0.00000
-327.34780 0.00000
-327.96930 0.00000
-327.72390 0.00000
-327.37370 0.00000
-327.52940 0.00000
-327.88200 0.00000
-326.33900 0.00000
-325.95260 0.00000
-328.15430 0.00000
-327.30880 0.00000
-328.19090 0.00000
-327.97090 0.00000
-327.50580 0.00000
-326.03790 0.00000
-327.08530 0.00000
-326.83790 0.00000
-327.41910 0.00000
-326.18040 0.00000
-326.60770 0.00000
-326.16370 0.00000
-328.08230 0.00000
-327.07600 0.00000
-326.25660 0.00000
-327.14940 0.00000
-325.97020 0.00000
-326.77050 0.00000
-326.56290 0.00000
-327.82420 0.00000
-326.61650 0.00000
-326.24730 0.00000
-327.31770 0.00000
-327.90670 0.00000
-325.48150 0.00000
-326.47420 0.00000
-325.89100 0.00000
-325.82100 0.00000
-328.71200 0.00000
-326.86250 0.00000
-326.67790 0.00000
-327.45590 0.00000
-327.64110 0.00000
-328.04300 0.00000
-328.72050 0.00000
-326.49600 0.00000
-326.34140 0.00000
-327.16720 0.00000
-326.40850 0.00000
-326.62700 0.00000
-326.21090 0.00000
-328.14050 0.00000
-327.14370 0.00000
-326.63150 0.00000
-326.19800 0.00000
-328.06820 0.00000
-326.80710 0.00000
-328.21430 0.00000
-326.26110 0.00000
-326.68340 0.00000
-326.45450 0.00000
-326.08070 0.00000
-325.65950 0.00000
-327.06530 0.00000
-327.10650 0.00000
-327.14570 0.00000
-327.20170 0.00000
-327.13960 0.00000
-327.65010 0.00000
-327.61080 0.00000
-327.49480 0.00000
-326.81650 0.00000
-327.21580 0.00000
-327.30400 0.00000
-327.39650 0.00000
-326.72340 0.00000
-327.68520 0.00000
-326.23350 0.00000
-326.68380 0.00000
-327.44320 0.00000
-327.30740 0.00000
-327.51590 0.00000
-326.54170 0.00000
-327.85810 0.00000
-328.21660 0.00000
-327.84880 0.00000
-327.65040 0.00000
-327.08770 0.00000
-327.23720 0.00000
-328.29850 0.00000
-337.74370 0.00000
-321.62020 0.00000
-321.06080 0.00000
-320.96540 0.00000
-321.87890 0.00000
-322.39160 0.00000
-322.08490 0.00000
-321.31690 0.00000
-320.58130 0.00000
-318.72010 0.00000
-319.43360 0.00000
-319.26010 0.00000
-320.14190 0.00000
-320.40260 0.00000
-320.99270 0.00000
-320.77670 0.00000
-320.23420 0.00000
-320.86450 0.00000
-321.61670 0.00000
-320.96160 0.00000
-320.41950 0.00000
-320.58900 0.00000
-320.67370 0.00000
-319.82130 0.00000
-318.01800 0.00000
-318.12790 0.00000
-317.85540 0.00000
-318.23170 0.00000
-318.16830 0.00000
-319.64080 0.00000
-318.49070 0.00000
-319.64810 0.00000
-319.51550 0.00000
-320.21710 0.00000
-320.49030 0.00000
-320.61840 0.00000
-320.51030 0.00000
-319.72570 0.00000
-321.23220 0.00000
-318.16540 0.00000
-318.44320 0.00000
-316.21410 0.00000
-316.77310 0.00000
-317.03250 0.00000
-317.73150 0.00000
-317.50610 0.00000
-316.59950 0.00000
-316.56460 0.00000
-315.97950 0.00000
-314.50480 0.00000
-315.62070 0.00000
-315.59040 0.00000
-314.56720 0.00000
-314.39640 0.00000
-314.74380 0.00000
-316.10200 0.00000
-314.71920 0.00000
-316.38080 0.00000
-315.01660 0.00000
-313.02310 0.00000
-313.36180 0.00000
-312.92010 0.00000
-313.04080 0.00000
-313.57980 0.00000
-315.29890 0.00000
-313.38660 0.00000
-312.94360 0.00000
-310.82970 0.00000
-308.61420 0.00000
-306.64670 0.00000
-305.25840 0.00000
-305.95970 0.00000
-305.77210 0.00000
-305.23040 0.00000
-304.91320 0.00000
-306.58310 0.00000
-306.27830 0.00000
-306.17640 0.00000
-305.72260 0.00000
-305.41980 0.00000
-305.65710 0.00000
-306.54750 0.00000
-305.42180 0.00000
-305.77990 0.00000
-305.55530 0.00000
-305.79690 0.00000
-305.32510 0.00000
-305.91840 0.00000
-306.81340 0.00000
-308.35170 0.00000
-308.71370 0.00000
-310.54510 0.00000
-312.95700 0.00000
-311.57140 0.00000
-313.23770 0.00000
-312.50930 0.00000
-312.37550 0.00000
-312.42500 0.00000
-311.98250 0.00000
-312.15250 0.00000
-312.56160 0.00000
-299.14580 0.00000
-299.52420 0.00000
-299.57090 0.00000
-299.13120 0.00000
-298.96860 0.00000
-299.26540 0.00000
-299.73180 0.00000
-300.42340 0.00000
-300.76660 0.00000
-301.02990 0.00000
-301.37250 0.00000
-300.90940 0.00000
-300.92640 0.00000
-301.45550 0.00000
-302.26100 0.00000
-302.62760 0.00000
-302.90130 0.00000
-302.84710 0.00000
-302.64880 0.00000
-302.30510 0.00000
-303.07940 0.00000
-302.89980 0.00000
-302.78760 0.00000
-303.69350 0.00000
-303.74360 0.00000
-303.60650 0.00000
-302.99470 0.00000
-303.29810 0.00000
-304.73770 0.00000
-303.95120 0.00000
-303.85360 0.00000
-304.24660 0.00000
-304.94440 0.00000
-305.94890 0.00000
-306.03050 0.00000
-306.28070 0.00000
-305.61360 0.00000
-306.04190 0.00000
-307.21370 0.00000
-307.25590 0.00000
-306.75730 0.00000
-306.23070 0.00000
-306.65580 0.00000
-306.76200 0.00000
-306.35210 0.00000
-306.83040 0.00000
-306.65160 0.00000
-306.83240 0.00000
-306.88140 0.00000
-306.21050 0.00000
-305.20410 0.00000
-305.19610 0.00000
-304.73270 0.00000
-304.58110 0.00000
-305.07710 0.00000
-304.79380 0.00000
-306.27280 0.00000
-305.24370 0.00000
-305.84170 0.00000
-306.20550 0.00000
-305.36270 0.00000
-305.38660 0.00000
-305.15440 0.00000
-304.47010 0.00000
-304.62340 0.00000
-304.14640 0.00000
-304.83550 0.00000
-304.91560 0.00000
-304.56230 0.00000
-304.87750 0.00000
-304.87800 0.00000
-304.82330 0.00000
-305.22810 0.00000
-305.62240 0.00000
-304.92290 0.00000
-304.50310 0.00000
-304.94850 0.00000
-304.85590 0.00000
-304.75020 0.00000
-304.39610 0.00000
-304.92080 0.00000
-304.58720 0.00000
-303.89910 0.00000
-304.14580 0.00000
-303.10510 0.00000
-303.59810 0.00000
-303.66600 0.00000
-302.91360 0.00000
-303.23120 0.00000
-302.82750 0.00000
-302.88490 0.00000
-303.13100 0.00000
-304.67130 0.00000
-302.77570 0.00000
-303.29050 0.00000
-303.79600 0.00000
-304.54830 0.00000
-303.07410 0.00000
-302.26120 0.00000
-301.86100 0.00000
-326.30240 0.00000
-326.58190 0.00000
-327.44370 0.00000
-326.68150 0.00000
-326.13550 0.00000
-327.27910 0.00000
-327.61890 0.00000
-326.04430 0.00000
-326.60740 0.00000
-327.69480 0.00000
-327.88130 0.00000
-326.11820 0.00000
-325.68830 0.00000
-327.71620 0.00000
-327.71060 0.00000
-326.52910 0.00000
-327.84130 0.00000
-325.55260 0.00000
-326.22470 0.00000
-327.44810 0.00000
-328.25490 0.00000
-327.58810 0.00000
-326.58570 0.00000
-326.19790 0.00000
-326.54800 0.00000
-326.35100 0.00000
-325.90530 0.00000
-326.14770 0.00000
-327.35270 0.00000
-327.68920 0.00000
-326.85100 0.00000
-326.40340 0.00000
-328.40430 0.00000
-326.17930 0.00000
-327.71840 0.00000
-326.20670 0.00000
-326.71350 0.00000
-326.83630 0.00000
-326.44470 0.00000
-327.16870 0.00000
-327.01290 0.00000
-328.62860 0.00000
-326.89430 0.00000
-328.05860 0.00000
-326.93910 0.00000
-328.02040 0.00000
-326.51440 0.00000
-326.09340 0.00000
-327.36840 0.00000
-326.31550 0.00000
-326.84220 0.00000
-326.44630 0.00000
-326.07340 0.00000
-327.14080 0.00000
-326.29770 0.00000
-326.89280 0.00000
-327.01690 0.00000
-326.83150 0.00000
-325.88470 0.00000
-325.78350 0.00000
-327.82210 0.00000
-327.51640 0.00000
-326.74760 0.00000
-327.83200 0.00000
-327.99840 0.00000
-328.21930 0.00000
-328.12790 0.00000
-328.45200 0.00000
-326.88960 0.00000
-328.85070 0.00000
-326.04420 0.00000
-327.57290 0.00000
-327.65190 0.00000
-327.49550 0.00000
-326.52540 0.00000
-326.17870 0.00000
-327.74900 0.00000
-326.91470 0.00000
-326.77730 0.00000
-327.65990 0.00000
-326.04000 0.00000
-327.41690 0.00000
-327.07020 0.00000
-326.19120 0.00000
-326.66560 0.00000
-326.92270 0.00000
-326.98480 0.00000
-326.91930 0.00000
-328.35270 0.00000
-328.31830 0.00000
-326.46630 0.00000
-327.33260 0.00000
-326.31320 0.00000
-326.78430 0.00000
-327.77850 0.00000
-326.62930 0.00000
-327.16850 0.00000
-327.30580 0.00000
-326.19500 0.00000
-325.95780 0.00000
-320.22000 0.00000
-320.41210 0.00000
-319.95410 0.00000
-319.66040 0.00000
-320.04520 0.00000
-319.50850 0.00000
-319.32990 0.00000
-320.19030 0.00000
-319.76520 0.00000
-319.73600 0.00000
-320.81520 0.00000
-320.22120 0.00000
-320.63240 0.00000
-319.20740 0.00000
-319.96170 0.00000
-319.68190 0.00000
-320.18820 0.00000
-319.18120 0.00000
-320.27430 0.00000
-319.23630 0.00000
-320.09120 0.00000
-319.94690 0.00000
-320.52150 0.00000
-320.73020 0.00000
-319.54320 0.00000
-319.80610 0.00000
-319.45950 0.00000
-319.42790 0.00000
-320.28960 0.00000
-320.10440 0.00000
-320.03550 0.00000
-320.03010 0.00000
-319.55040 0.00000
-319.32580 0.00000
-319.96850 0.00000
-320.74910 0.00000
-319.88970 0.00000
-319.72750 0.00000
-320.20110 0.00000
-319.60040 0.00000
-319.74900 0.00000
-320.11470 0.00000
-319.45720 0.00000
-319.72150 0.00000
-320.57630 0.00000
-320.86200 0.00000
-320.52410 0.00000
-320.28320 0.00000
-319.90090 0.00000
-320.24410 0.00000
-320.23050 0.00000
-319.54440 0.00000
-319.79710 0.00000
-319.99000 0.00000
-320.06140 0.00000
-319.93990 0.00000
-319.97300 0.00000
-320.09450 0.00000
-320.05710 0.00000
-319.31170 0.00000
-319.59180 0.00000
-320.42660 0.00000
-320.53060 0.00000
-319.42720 0.00000
-320.36430 0.00000
-319.72830 0.00000
-320.64590 0.00000
-319.96110 0.00000
-319.70780 0.00000
-319.75750 0.00000
-319.77720 0.00000
-320.33730 0.00000
-319.41910 0.00000
-320.34740 0.00000
-319.13060 0.00000
-320.23040 0.00000
-319.89700 0.00000
-319.19420 0.00000
-319.53260 0.00000
-319.87180 0.00000
-320.89250 0.00000
-320.43880 0.00000
-320.05630 0.00000
-320.23130 0.00000
-320.35240 0.00000
-319.46570 0.00000
-320.12150 0.00000
-320.23340 0.00000
-320.47980 0.00000
-319.77310 0.00000
-320.03930 0.00000
-320.22810 0.00000
-319.72120 0.00000
-319.78630 0.00000
-318.87450 0.00000
-319.59090 0.00000
-320.46670 0.00000
-319.80780 0.00000
-320.39350 0.00000
-322.62640 0.00000
-296.28350 0.00000
-296.98460 0.00000
-297.19750 0.00000
-298.82110 0.00000
-297.14750 0.00000
-297.24930 0.00000
-297.13670 0.00000
-296.64770 0.00000
-295.61920 0.00000
-296.60570 0.00000
-297.25650 0.00000
-297.79740 0.00000
-297.80040 0.00000
-298.07630 0.00000
-298.86760 0.00000
-299.11800 0.00000
-299.10390 0.00000
-298.98260 0.00000
-299.41330 0.00000
-298.64220 0.00000
-298.79350 0.00000
-298.33920 0.00000
-297.76110 0.00000
-296.68860 0.00000
-296.15210 0.00000
-295.74900 0.00000
-296.09270 0.00000
-294.81030 0.00000
-295.88310 0.00000
-295.88240 0.00000
-297.11920 0.00000
-296.91310 0.00000
-297.71050 0.00000
-297.84290 0.00000
-297.86620 0.00000
-297.16110 0.00000
-296.32860 0.00000
-297.91600 0.00000
-295.71970 0.00000
-295.81230 0.00000
-295.43870 0.00000
-296.37340 0.00000
-296.10450 0.00000
-295.65770 0.00000
-295.20110 0.00000
-294.73490 0.00000
-295.52330 0.00000
-294.69540 0.00000
-293.14780 0.00000
-293.69330 0.00000
-293.43990 0.00000
-292.42690 0.00000
-292.24690 0.00000
-292.57940 0.00000
-294.06660 0.00000
-293.73940 0.00000
-294.28980 0.00000
-295.56410 0.00000
-294.98550 0.00000
-294.98880 0.00000
-295.32480 0.00000
-295.73860 0.00000
-295.53510 0.00000
-295.40500 0.00000
-295.45940 0.00000
-295.56130 0.00000
-294.94690 0.00000
-294.18550 0.00000
-294.36110 0.00000
-295.37440 0.00000
-295.06030 0.00000
-294.37440 0.00000
-294.53610 0.00000
-294.34350 0.00000
-295.22270 0.00000
-295.28110 0.00000
-296.04260 0.00000
-297.28660 0.00000
-296.53100 0.00000
-296.69320 0.00000
-297.22550 0.00000
-296.72280 0.00000
-297.37390 0.00000
-298.14540 0.00000
-297.21360 0.00000
-296.95110 0.00000
-298.39060 0.00000
-298.91020 0.00000
-299.19330 0.00000
-299.40350 0.00000
-298.39580 0.00000
-299.12290 0.00000
-299.27730 0.00000
-299.84440 0.00000
-299.56400 0.00000
-299.85970 0.00000
-300.07030 0.00000
-299.67290 0.00000
-300.18240 0.00000
-299.04570 0.00000
-335.30210 0.00000
-336.26650 0.00000
-335.77380 0.00000
-335.53590 0.00000
-335.53360 0.00000
-334.99160 0.00000
-335.05320 0.00000
-335.48360 0.00000
-336.65270 0.00000
-335.12260 0.00000
-335.71820 0.00000
-334.66160 0.00000
-336.29440 0.00000
-334.84920 0.00000
-336.46870 0.00000
-334.58170 0.00000
-335.70400 0.00000
-336.03450 0.00000
-335.21690 0.00000
-335.58610 0.00000
-336.69160 0.00000
-334.40930 0.00000
-334.54680 0.00000
-334.72660 0.00000
-335.86110 0.00000
-334.76350 0.00000
-335.01130 0.00000
-335.25520 0.00000
-335.42000 0.00000
-334.99740 0.00000
-335.83000 0.00000
-334.81070 0.00000
-335.69760 0.00000
-335.16280 0.00000
-335.90760 0.00000
-334.66140 0.00000
-335.77320 0.00000
-334.47350 0.00000
-333.37950 0.00000
-335.29970 0.00000
-334.41870 0.00000
-336.34090 0.00000
-336.12150 0.00000
-335.55500 0.00000
-335.95800 0.00000
-335.08540 0.00000
-335.22450 0.00000
-334.06190 0.00000
-336.71470 0.00000
-335.34340 0.00000
-336.66230 0.00000
-335.83120 0.00000
-335.72340 0.00000
-334.70860 0.00000
-335.65570 0.00000
-334.48020 0.00000
-335.56750 0.00000
-333.72380 0.00000
-334.05070 0.00000
-333.55870 0.00000
-334.54880 0.00000
-334.70540 0.00000
-333.84700 0.00000
-332.61070 0.00000
-334.09050 0.00000
-332.68900 0.00000
-331.99840 0.00000
-332.22350 0.00000
-332.39530 0.00000
-332.62530 0.00000
-333.69710 0.00000
-333.56310 0.00000
-332.80780 0.00000
-333.51070 0.00000
-333.82900 0.00000
-332.59980 0.00000
-333.04970 0.00000
-332.24440 0.00000
-332.70300 0.00000
-332.22460 0.00000
-332.32080 0.00000
-330.83230 0.00000
-331.68500 0.00000
-331.46230 0.00000
-331.29830 0.00000
-331.84070 0.00000
-331.97820 0.00000
-332.45130 0.00000
-331.78930 0.00000
-334.04010 0.00000
-330.68740 0.00000
-330.06390 0.00000
-329.45100 0.00000
-329.36260 0.00000
-329.51720 0.00000
-329.30950 0.00000
-327.99490 0.00000
-327.32010 0.00000
-327.46830 0.00000
-327.02870 0.00000
-349.09400 0.00000
-348.81510 0.00000
-349.21310 0.00000
-350.57860 0.00000
-349.97740 0.00000
-349.30710 0.00000
-350.85600 0.00000
-349.33080 0.00000
-348.22550 0.00000
-349.42110 0.00000
-351.18490 0.00000
-349.36140 0.00000
-348.63720 0.00000
-350.85010 0.00000
-350.13670 0.00000
-351.24310 0.00000
-351.49020 0.00000
-350.10850 0.00000
-349.38170 0.00000
-349.51830 0.00000
-349.65210 0.00000
-351.31270 0.00000
-349.23750 0.00000
-349.72190 0.00000
-351.15800 0.00000
-350.07470 0.00000
-350.69280 0.00000
-349.64280 0.00000
-349.72190 0.00000
-349.84620 0.00000
-349.49730 0.00000
-350.42360 0.00000
-350.82790 0.00000
-351.05830 0.00000
-349.27250 0.00000
-350.28760 0.00000
-350.38520 0.00000
-352.24600 0.00000
-349.77610 0.00000
-350.41960 0.00000
-350.42060 0.00000
-350.09330 0.00000
-349.26140 0.00000
-350.35040 0.00000
-350.34720 0.00000
-351.55170 0.00000
-348.77930 0.00000
-350.19390 0.00000
-350.21170 0.00000
-350.31600 0.00000
-349.53790 0.00000
-350.16470 0.00000
-349.67190 0.00000
-348.70100 0.00000
-349.82100 0.00000
-350.02640 0.00000
-350.33470 0.00000
-349.38710 0.00000
-350.44420 0.00000
-348.34140 0.00000
-351.06840 0.00000
-349.84340 0.00000
-350.72090 0.00000
-350.71140 0.00000
-350.47320 0.00000
-351.06560 0.00000
-349.80760 0.00000
-350.40530 0.00000
-348.93950 0.00000
-351.47580 0.00000
-349.34670 0.00000
-350.20740 0.00000
-350.60600 0.00000
-349.94170 0.00000
-350.25870 0.00000
-350.14620 0.00000
-350.75070 0.00000
-349.81890 0.00000
-349.93910 0.00000
-350.25160 0.00000
-350.11710 0.00000
-351.18440 0.00000
-350.78020 0.00000
-349.03520 0.00000
-349.47080 0.00000
-348.92160 0.00000
-349.94470 0.00000
-350.20790 0.00000
-351.11350 0.00000
-350.26860 0.00000
-350.10500 0.00000
-350.84420 0.00000
-350.13690 0.00000
-349.47670 0.00000
-349.68160 0.00000
-349.23990 0.00000
-349.87270 0.00000
-350.33830 0.00000
-351.14600 0.00000
-349.47690 0.00000
-350.93120 0.00000
-349.49310 0.00000
-351.06570 0.00000
-351.57800 0.00000
-349.64830 0.00000
-349.93070 0.00000
-350.66040 0.00000
-350.42970 0.00000
-349.22670 0.00000
-351.26440 0.00000
-350.60460 0.00000
-349.74240 0.00000
-349.95080 0.00000
-350.81160 0.00000
-350.33370 0.00000
-350.42110 0.00000
-351.17260 0.00000
-350.44390 0.00000
-348.44080 0.00000
-350.60330 0.00000
-349.78900 0.00000
-351.56490 0.00000
-350.14180 0.00000
-350.67370 0.00000
-350.78310 0.00000
-351.08070 0.00000
-350.48100 0.00000
-350.60620 0.00000
-349.49600 0.00000
-349.68700 0.00000
-350.40790 0.00000
-351.85980 0.00000
-348.82910 0.00000
-348.84040 0.00000
-350.93400 0.00000
-350.97940 0.00000
-350.53720 0.00000
-349.18040 0.00000
-350.20820 0.00000
-350.37300 0.00000
-348.85030 0.00000
-350.86200 0.00000
-349.81130 0.00000
-349.92290 0.00000
-350.25280 0.00000
-348.55200 0.00000
-349.72150 0.00000
-351.74280 0.00000
-350.47860 0.00000
-348.93240 0.00000
-350.16820 0.00000
-349.11070 0.00000
-350.81720 0.00000
-350.30980 0.00000
-349.45590 0.00000
-350.50750 0.00000
-350.03100 0.00000
-349.14070 0.00000
-350.52740 0.00000
-349.38370 0.00000
-350.56730 0.00000
-350.31700 0.00000
-350.88070 0.00000
-349.88590 0.00000
-349.65860 0.00000
-349.19590 0.00000
-350.83710 0.00000
-348.88200 0.00000
-349.78260 0.00000
-350.11400 0.00000
-349.12520 0.00000
-350.48060 0.00000
-350.33750 0.00000
-351.11220 0.00000
-350.52610 0.00000
-350.65110 0.00000
-349.77470 0.00000
-349.87160 0.00000
-350.74600 0.00000
-349.12090 0.00000
-350.28190 0.00000
-349.62380 0.00000
-350.49190 0.00000
-349.15330 0.00000
-350.83070 0.00000
-349.82490 0.00000
-350.96820 0.00000
-348.94680 0.00000
-349.27310 0.00000
-349.68450 0.00000
-349.59580 0.00000
-349.72100 0.00000
-349.41450 0.00000
-350.42840 0.00000
-351.87910 0.00000
-350.51040 0.00000
-349.72530 0.00000
-349.85250 0.00000
-350.51710 0.00000
