-100.0000 -100.0000
-333.9755 0.0000
-334.1335 0.0000
-334.2753 0.0000
-334.3568 0.0000
-334.4604 0.0000
-334.7617 0.0000
-334.7863 0.0000
-334.7820 0.0000
-334.9049 0.0000
-334.6642 0.0000
-334.4501 0.0000
-334.5433 0.0000
-334.6706 0.0000
-334.7192 0.0000
-334.5993 0.0000
-334.2659 0.0000
-334.6408 0.0000
-334.6672 0.0000
-334.7243 0.0000
-335.1137 0.0000
-335.3194 0.0000
-335.4956 0.0000
-335.3942 0.0000
-335.3250 0.0000
-335.7475 0.0000
-335.6688 0.0000
-335.7310 0.0000
-335.7233 0.0000
-335.6363 0.0000
-335.5086 0.0000
-335.6190 0.0000
-335.6124 0.0000
-335.7248 0.0000
-335.7555 0.0000
-335.6543 0.0000
-335.7056 0.0000
-336.0112 0.0000
-335.6238 0.0000
-335.7006 0.0000
-335.7361 0.0000
-335.9560 0.0000
-335.7923 0.0000
-335.7102 0.0000
-335.7866 0.0000
-335.6174 0.0000
-335.3246 0.0000
-335.1711 0.0000
-335.0383 0.0000
-335.0464 0.0000
-335.0248 0.0000
-335.2672 0.0000
-335.2210 0.0000
-335.1128 0.0000
-335.2583 0.0000
-335.2933 0.0000
-335.1490 0.0000
-335.0306 0.0000
-335.1103 0.0000
-334.9849 0.0000
-334.9881 0.0000
-335.0777 0.0000
-335.0392 0.0000
-334.9451 0.0000
-334.9232 0.0000
-334.9499 0.0000
-334.7397 0.0000
-334.8085 0.0000
-334.9712 0.0000
-334.8539 0.0000
-334.6605 0.0000
-334.2962 0.0000
-333.9365 0.0000
-333.3642 0.0000
-333.4500 0.0000
-333.4690 0.0000
-333.5091 0.0000
-333.1087 0.0000
-333.1217 0.0000
-333.0914 0.0000
-333.3914 0.0000
-333.4013 0.0000
-333.2726 0.0000
-333.4701 0.0000
-333.2295 0.0000
-332.9410 0.0000
-332.9195 0.0000
-332.8639 0.0000
-332.6872 0.0000
-332.4975 0.0000
-332.6549 0.0000
-332.4454 0.0000
-332.4489 0.0000
-332.4558 0.0000
-332.5355 0.0000
-332.5022 0.0000
-332.4053 0.0000
-332.0893 0.0000
-332.2139 0.0000
-331.8593 0.0000
-332.2379 0.0000
-332.2935 0.0000
-332.4589 0.0000
-332.6440 0.0000
-332.5185 0.0000
-332.8773 0.0000
-333.2606 0.0000
-333.2354 0.0000
-333.3181 0.0000
-332.9290 0.0000
-334.0127 0.0000
-332.7382 0.0000
-333.1056 0.0000
-331.3666 0.0000
-330.3631 0.0000
-329.7814 0.0000
-329.6518 0.0000
-329.9587 0.0000
-328.7275 0.0000
-328.6619 0.0000
-328.8086 0.0000
-329.3345 0.0000
-329.7544 0.0000
-330.3776 0.0000
-330.7384 0.0000
-329.8780 0.0000
-328.8026 0.0000
-328.2687 0.0000
-328.1801 0.0000
-327.9925 0.0000
-329.0419 0.0000
-328.7347 0.0000
-329.3061 0.0000
-329.3564 0.0000
-329.2691 0.0000
-328.9818 0.0000
-328.4774 0.0000
-328.7870 0.0000
-328.4608 0.0000
-327.9929 0.0000
-327.5017 0.0000
-326.9751 0.0000
-327.0439 0.0000
-327.0047 0.0000
-326.9488 0.0000
-327.4933 0.0000
-326.8003 0.0000
-327.6995 0.0000
-327.1005 0.0000
-327.3150 0.0000
-328.1176 0.0000
-328.1075 0.0000
-328.4516 0.0000
-326.5045 0.0000
-326.2102 0.0000
-325.1353 0.0000
-325.1081 0.0000
-325.6297 0.0000
-325.8259 0.0000
-325.3229 0.0000
-325.7601 0.0000
-327.2478 0.0000
-326.2770 0.0000
-326.8587 0.0000
-326.2870 0.0000
-324.5476 0.0000
-325.6006 0.0000
-325.8141 0.0000
-325.4625 0.0000
-325.9879 0.0000
-325.6663 0.0000
-325.5006 0.0000
-326.0199 0.0000
-325.9570 0.0000
-325.5974 0.0000
-325.5551 0.0000
-324.0480 0.0000
-322.8507 0.0000
-322.9298 0.0000
-322.6713 0.0000
-323.2919 0.0000
-324.0777 0.0000
-324.0895 0.0000
-323.5883 0.0000
-323.1536 0.0000
-323.9823 0.0000
-323.1787 0.0000
-323.6749 0.0000
-322.9915 0.0000
-322.7591 0.0000
-322.6802 0.0000
-322.1573 0.0000
-323.2369 0.0000
-324.4360 0.0000
-325.5448 0.0000
-325.1989 0.0000
-324.4309 0.0000
-324.7087 0.0000
-325.6059 0.0000
-324.9316 0.0000
-325.2966 0.0000
-340.0666 0.0000
-340.0904 0.0000
-339.9732 0.0000
-340.1501 0.0000
-340.0214 0.0000
-340.0486 0.0000
-339.9743 0.0000
-340.2771 0.0000
-340.0796 0.0000
-340.1468 0.0000
-340.2736 0.0000
-340.1234 0.0000
-340.0704 0.0000
-340.3912 0.0000
-340.0417 0.0000
-340.0753 0.0000
-340.1917 0.0000
-339.9386 0.0000
-339.9761 0.0000
-339.7976 0.0000
-340.0544 0.0000
-340.3295 0.0000
-340.0116 0.0000
-340.1263 0.0000
-339.7218 0.0000
-340.0630 0.0000
-340.0682 0.0000
-340.0506 0.0000
-340.0608 0.0000
-340.0248 0.0000
-340.0603 0.0000
-340.3180 0.0000
-339.9708 0.0000
-340.1520 0.0000
-340.0366 0.0000
-339.8045 0.0000
-339.8655 0.0000
-339.8228 0.0000
-339.9212 0.0000
-340.1556 0.0000
-340.1572 0.0000
-340.1767 0.0000
-339.8310 0.0000
-340.0846 0.0000
-340.2297 0.0000
-339.9839 0.0000
-339.8994 0.0000
-339.7213 0.0000
-339.7141 0.0000
-339.6388 0.0000
-339.6611 0.0000
-339.6103 0.0000
-339.6068 0.0000
-339.5398 0.0000
-339.3342 0.0000
-339.3919 0.0000
-339.3245 0.0000
-339.5651 0.0000
-339.4995 0.0000
-339.4878 0.0000
-339.4612 0.0000
-339.2477 0.0000
-339.1244 0.0000
-339.1580 0.0000
-339.3412 0.0000
-339.4878 0.0000
-339.2734 0.0000
-339.2955 0.0000
-339.3715 0.0000
-339.4232 0.0000
-339.4582 0.0000
-339.7112 0.0000
-339.4475 0.0000
-339.0654 0.0000
-339.1900 0.0000
-339.2780 0.0000
-339.2605 0.0000
-339.2150 0.0000
-339.2547 0.0000
-339.2788 0.0000
-339.3118 0.0000
-339.5355 0.0000
-339.3956 0.0000
-339.0757 0.0000
-338.8629 0.0000
-338.9929 0.0000
-338.9745 0.0000
-338.8795 0.0000
-338.8602 0.0000
-338.8852 0.0000
-338.5704 0.0000
-338.6069 0.0000
-338.6025 0.0000
-338.8128 0.0000
-338.7359 0.0000
-338.7023 0.0000
-338.6614 0.0000
-338.5023 0.0000
-338.6888 0.0000
-338.6042 0.0000
-292.6413 0.0000
-293.4190 0.0000
-293.5403 0.0000
-293.2312 0.0000
-293.9314 0.0000
-292.9906 0.0000
-292.4606 0.0000
-292.6396 0.0000
-291.8637 0.0000
-291.0530 0.0000
-291.6023 0.0000
-292.3529 0.0000
-291.8830 0.0000
-292.5652 0.0000
-291.8863 0.0000
-291.9224 0.0000
-291.3065 0.0000
-292.0900 0.0000
-291.6230 0.0000
-291.7803 0.0000
-291.9145 0.0000
-290.4602 0.0000
-290.2828 0.0000
-290.3341 0.0000
-290.9476 0.0000
-290.6974 0.0000
-290.9217 0.0000
-290.5603 0.0000
-291.9938 0.0000
-291.8972 0.0000
-292.6695 0.0000
-293.3445 0.0000
-293.3214 0.0000
-292.8737 0.0000
-292.4005 0.0000
-292.4513 0.0000
-293.1254 0.0000
-292.9069 0.0000
-293.4263 0.0000
-293.0390 0.0000
-292.8758 0.0000
-293.1648 0.0000
-293.3558 0.0000
-293.1003 0.0000
-293.3059 0.0000
-292.6232 0.0000
-291.8458 0.0000
-291.9107 0.0000
-292.5434 0.0000
-290.8663 0.0000
-289.4534 0.0000
-289.1705 0.0000
-290.0183 0.0000
-290.5519 0.0000
-289.6916 0.0000
-290.0512 0.0000
-288.9910 0.0000
-289.4521 0.0000
-290.5196 0.0000
-290.5460 0.0000
-290.4559 0.0000
-289.9857 0.0000
-289.8662 0.0000
-290.0869 0.0000
-289.8894 0.0000
-289.1552 0.0000
-288.9145 0.0000
-288.7803 0.0000
-289.2307 0.0000
-288.4086 0.0000
-288.9991 0.0000
-288.5204 0.0000
-288.5054 0.0000
-288.7963 0.0000
-288.4273 0.0000
-288.9764 0.0000
-288.6822 0.0000
-288.6811 0.0000
-288.4761 0.0000
-287.1047 0.0000
-287.4528 0.0000
-287.0885 0.0000
-287.6414 0.0000
-287.4176 0.0000
-288.0905 0.0000
-288.0491 0.0000
-288.1610 0.0000
-288.4561 0.0000
-288.0789 0.0000
-287.1931 0.0000
-286.6508 0.0000
-286.8093 0.0000
-286.2248 0.0000
-286.8347 0.0000
-286.5533 0.0000
-285.9778 0.0000
-286.4896 0.0000
-286.7320 0.0000
-286.4738 0.0000
-285.7349 0.0000
-338.4386 0.0000
-338.5614 0.0000
-338.4322 0.0000
-338.7344 0.0000
-338.4347 0.0000
-338.5363 0.0000
-338.9928 0.0000
-338.8394 0.0000
-338.5355 0.0000
-338.5204 0.0000
-338.6725 0.0000
-338.5069 0.0000
-338.4009 0.0000
-338.9815 0.0000
-338.8754 0.0000
-338.6480 0.0000
-338.6138 0.0000
-338.8334 0.0000
-338.4121 0.0000
-338.8129 0.0000
-338.4958 0.0000
-338.5904 0.0000
-338.7728 0.0000
-338.5601 0.0000
-338.5653 0.0000
-338.4719 0.0000
-338.5391 0.0000
-338.5431 0.0000
-338.8079 0.0000
-338.3278 0.0000
-338.5831 0.0000
-338.4917 0.0000
-338.6245 0.0000
-338.8774 0.0000
-338.5792 0.0000
-338.6071 0.0000
-338.5850 0.0000
-338.6933 0.0000
-338.4256 0.0000
-338.5258 0.0000
-338.7698 0.0000
-338.7303 0.0000
-338.7723 0.0000
-338.7564 0.0000
-338.7640 0.0000
-338.8143 0.0000
-338.8386 0.0000
-338.6271 0.0000
-338.3335 0.0000
-338.8421 0.0000
-338.2733 0.0000
-338.7085 0.0000
-338.4833 0.0000
-338.6249 0.0000
-338.8446 0.0000
-338.4645 0.0000
-338.5619 0.0000
-338.4931 0.0000
-338.6934 0.0000
-338.6828 0.0000
-338.4558 0.0000
-338.9316 0.0000
-338.6345 0.0000
-338.6305 0.0000
-338.6990 0.0000
-338.7637 0.0000
-338.8001 0.0000
-338.6749 0.0000
-338.7335 0.0000
-338.4858 0.0000
-338.5245 0.0000
-338.6533 0.0000
-338.7295 0.0000
-338.6308 0.0000
-338.7005 0.0000
-338.7127 0.0000
-338.4817 0.0000
-338.7038 0.0000
-338.5023 0.0000
-338.6180 0.0000
-338.8007 0.0000
-338.5721 0.0000
-338.4443 0.0000
-338.8996 0.0000
-338.5958 0.0000
-338.5136 0.0000
-338.5794 0.0000
-338.5773 0.0000
-338.8331 0.0000
-338.9316 0.0000
-338.7354 0.0000
-338.7179 0.0000
-338.4391 0.0000
-338.5843 0.0000
-338.5671 0.0000
-338.9164 0.0000
-338.4220 0.0000
-338.7345 0.0000
-338.3954 0.0000
