-100.0000 -100.0000
-350.8882 0.0000
-350.5991 0.0000
-349.6284 0.0000
-349.6687 0.0000
-350.5843 0.0000
-350.6010 0.0000
-350.6179 0.0000
-350.6169 0.0000
-350.8989 0.0000
-350.2403 0.0000
-349.0848 0.0000
-349.6701 0.0000
-348.9019 0.0000
-349.3599 0.0000
-347.2056 0.0000
-346.5948 0.0000
-347.2932 0.0000
-349.1052 0.0000
-349.4327 0.0000
-350.2515 0.0000
-350.4486 0.0000
-349.9812 0.0000
-350.7365 0.0000
-349.3532 0.0000
-350.4453 0.0000
-350.8777 0.0000
-351.1690 0.0000
-351.6174 0.0000
-351.5687 0.0000
-350.9767 0.0000
-352.6875 0.0000
-352.8951 0.0000
-352.2943 0.0000
-352.3890 0.0000
-352.4314 0.0000
-352.5869 0.0000
-354.6791 0.0000
-350.7585 0.0000
-351.4777 0.0000
-351.7136 0.0000
-349.6611 0.0000
-349.9599 0.0000
-350.1196 0.0000
-348.7761 0.0000
-347.1216 0.0000
-346.6859 0.0000
-347.1214 0.0000
-346.6212 0.0000
-345.6786 0.0000
-346.2186 0.0000
-344.9685 0.0000
-346.1202 0.0000
-345.8484 0.0000
-345.7129 0.0000
-344.4425 0.0000
-344.3518 0.0000
-342.8146 0.0000
-342.4127 0.0000
-342.9075 0.0000
-343.5538 0.0000
-344.0195 0.0000
-343.0611 0.0000
-343.4887 0.0000
-343.1141 0.0000
-341.6656 0.0000
-341.0887 0.0000
-340.8158 0.0000
-341.5182 0.0000
-342.8587 0.0000
-341.8648 0.0000
-341.8492 0.0000
-341.3724 0.0000
-342.3650 0.0000
-341.2207 0.0000
-340.6713 0.0000
-341.1749 0.0000
-341.3873 0.0000
-341.0067 0.0000
-339.5452 0.0000
-339.4744 0.0000
-339.0856 0.0000
-339.5181 0.0000
-338.8002 0.0000
-338.7262 0.0000
-339.3879 0.0000
-339.2112 0.0000
-340.4786 0.0000
-339.0216 0.0000
-339.1201 0.0000
-338.7753 0.0000
-338.9095 0.0000
-339.2779 0.0000
-338.2947 0.0000
-338.6588 0.0000
-338.6196 0.0000
-337.8843 0.0000
-338.3514 0.0000
-338.9554 0.0000
-338.4527 0.0000
-338.6214 0.0000
-339.0292 0.0000
-338.5572 0.0000
-338.1764 0.0000
-340.8932 0.0000
-337.1622 0.0000
-338.2245 0.0000
-337.7285 0.0000
-336.8917 0.0000
-337.3727 0.0000
-336.6699 0.0000
-336.4164 0.0000
-337.0571 0.0000
-337.3812 0.0000
-338.8038 0.0000
-336.0958 0.0000
-336.1062 0.0000
-336.8836 0.0000
-336.5106 0.0000
-336.2375 0.0000
-336.5806 0.0000
-337.2733 0.0000
-335.9239 0.0000
-335.2120 0.0000
-333.7548 0.0000
-330.5098 0.0000
-330.9201 0.0000
-330.6394 0.0000
-329.6875 0.0000
-329.1557 0.0000
-328.8197 0.0000
-327.5176 0.0000
-326.7786 0.0000
-326.5577 0.0000
-327.3864 0.0000
-326.8689 0.0000
-326.4576 0.0000
-327.5628 0.0000
-325.4771 0.0000
-324.9743 0.0000
-325.9208 0.0000
-325.3642 0.0000
-324.7801 0.0000
-324.5434 0.0000
-323.5186 0.0000
-322.7817 0.0000
-322.6788 0.0000
-321.9689 0.0000
-322.3978 0.0000
-321.8052 0.0000
-321.8777 0.0000
-321.4132 0.0000
-321.4493 0.0000
-322.3495 0.0000
-322.6555 0.0000
-322.3154 0.0000
-322.3789 0.0000
-321.6163 0.0000
-320.6181 0.0000
-321.6608 0.0000
-321.0952 0.0000
-320.6016 0.0000
-319.8742 0.0000
-319.8821 0.0000
-320.4033 0.0000
-322.2265 0.0000
-322.3018 0.0000
-320.8608 0.0000
-320.3649 0.0000
-318.9529 0.0000
-319.1441 0.0000
-319.8073 0.0000
-320.6831 0.0000
-321.6764 0.0000
-322.7502 0.0000
-321.6385 0.0000
-322.4029 0.0000
-322.4807 0.0000
-323.1811 0.0000
-323.7158 0.0000
-323.5086 0.0000
-322.5828 0.0000
-323.8407 0.0000
-323.4100 0.0000
-325.1371 0.0000
-325.0266 0.0000
-325.0979 0.0000
-326.0746 0.0000
-327.4623 0.0000
-324.8789 0.0000
-323.9240 0.0000
-324.2205 0.0000
-324.7839 0.0000
-324.3133 0.0000
-323.2117 0.0000
-322.6143 0.0000
-322.2527 0.0000
-323.5175 0.0000
-321.5828 0.0000
-322.6302 0.0000
-322.9173 0.0000
-319.1600 0.0000
-318.5179 0.0000
-318.8642 0.0000
-319.1908 0.0000
-318.4627 0.0000
-318.0687 0.0000
-317.3781 0.0000
-316.7765 0.0000
-317.1459 0.0000
-317.8291 0.0000
-317.2982 0.0000
-317.1476 0.0000
-317.2691 0.0000
-316.8258 0.0000
-317.1518 0.0000
-317.5286 0.0000
-317.7242 0.0000
-317.9574 0.0000
-319.0313 0.0000
-319.8736 0.0000
-319.7512 0.0000
-319.0080 0.0000
-318.4622 0.0000
-319.1269 0.0000
-319.4642 0.0000
-317.8634 0.0000
-317.0918 0.0000
-317.0290 0.0000
-317.1196 0.0000
-317.7295 0.0000
-317.0629 0.0000
-317.3317 0.0000
-317.0920 0.0000
-316.5496 0.0000
-316.8826 0.0000
-317.5198 0.0000
-317.9003 0.0000
-317.4102 0.0000
-317.3121 0.0000
-317.4019 0.0000
-316.5101 0.0000
-316.4043 0.0000
-316.4822 0.0000
-316.5843 0.0000
-317.2673 0.0000
-316.7957 0.0000
-316.1395 0.0000
-316.0359 0.0000
-317.0092 0.0000
-317.1509 0.0000
-316.3470 0.0000
-316.3691 0.0000
-317.2556 0.0000
-317.4523 0.0000
-318.5296 0.0000
-318.1776 0.0000
-317.5664 0.0000
-317.3476 0.0000
-318.0372 0.0000
-317.8953 0.0000
-317.4897 0.0000
-316.9840 0.0000
-317.4599 0.0000
-317.5787 0.0000
-318.9359 0.0000
-317.3934 0.0000
-317.0561 0.0000
-317.9208 0.0000
-317.0326 0.0000
-316.7780 0.0000
-316.4588 0.0000
-317.6088 0.0000
-316.1537 0.0000
-317.3648 0.0000
-315.5060 0.0000
-315.1244 0.0000
-316.2244 0.0000
-315.6429 0.0000
-315.1574 0.0000
-315.6278 0.0000
-314.8075 0.0000
-315.7927 0.0000
-314.3587 0.0000
-314.2810 0.0000
-315.0345 0.0000
-314.4772 0.0000
-314.6405 0.0000
-314.6446 0.0000
-314.2008 0.0000
-314.0004 0.0000
-314.9226 0.0000
-313.7115 0.0000
-314.1947 0.0000
-314.0074 0.0000
-314.0394 0.0000
-314.1170 0.0000
-313.3399 0.0000
-313.6874 0.0000
-312.8715 0.0000
-312.6676 0.0000
-261.0399 0.0000
-261.6671 0.0000
-260.6933 0.0000
-260.6663 0.0000
-259.3983 0.0000
-258.7872 0.0000
-259.1437 0.0000
-259.5336 0.0000
-258.6716 0.0000
-258.4563 0.0000
-258.7939 0.0000
-258.9221 0.0000
-257.6257 0.0000
-256.9150 0.0000
-256.8902 0.0000
-256.6158 0.0000
-255.5238 0.0000
-256.2678 0.0000
-254.3715 0.0000
-254.6334 0.0000
-254.2791 0.0000
-252.1937 0.0000
-250.7686 0.0000
-251.5894 0.0000
-250.2997 0.0000
-250.7537 0.0000
-251.6096 0.0000
-251.3564 0.0000
-251.7153 0.0000
-251.9185 0.0000
-250.9330 0.0000
-251.0186 0.0000
-251.1635 0.0000
-250.5321 0.0000
-250.6792 0.0000
-250.8272 0.0000
-250.6618 0.0000
-251.0459 0.0000
-251.9753 0.0000
-252.6345 0.0000
-251.8884 0.0000
-251.9026 0.0000
-252.6080 0.0000
-251.9401 0.0000
-252.9968 0.0000
-251.6841 0.0000
-251.6198 0.0000
-252.4402 0.0000
-252.1229 0.0000
-252.2277 0.0000
-251.2184 0.0000
-251.9006 0.0000
-252.7953 0.0000
-252.4696 0.0000
-252.4784 0.0000
-252.2299 0.0000
-251.2614 0.0000
-250.5950 0.0000
-250.7581 0.0000
-252.5765 0.0000
-250.1476 0.0000
-250.4414 0.0000
-250.5841 0.0000
-249.5410 0.0000
-250.1396 0.0000
-249.4442 0.0000
-248.8627 0.0000
-248.7961 0.0000
-248.9884 0.0000
-248.3826 0.0000
-249.2234 0.0000
-249.0723 0.0000
-248.4525 0.0000
-248.8152 0.0000
-250.3744 0.0000
-251.0832 0.0000
-250.0650 0.0000
-250.6837 0.0000
-250.9744 0.0000
-249.5076 0.0000
-249.1652 0.0000
-248.7860 0.0000
-248.6361 0.0000
-248.6602 0.0000
-250.1788 0.0000
-249.1782 0.0000
-249.6525 0.0000
-249.0474 0.0000
-248.7481 0.0000
-247.1778 0.0000
-247.4037 0.0000
-248.2561 0.0000
-246.4292 0.0000
-246.0540 0.0000
-245.7726 0.0000
-245.1845 0.0000
-246.1956 0.0000
-245.6378 0.0000
-245.7676 0.0000
-244.7923 0.0000
-322.1451 0.0000
-320.8580 0.0000
-321.0597 0.0000
-319.8698 0.0000
-320.4597 0.0000
-321.6203 0.0000
-320.2675 0.0000
-319.6994 0.0000
-320.7072 0.0000
-321.4880 0.0000
-320.7468 0.0000
-321.4579 0.0000
-321.2117 0.0000
-320.3813 0.0000
-320.5305 0.0000
-321.6871 0.0000
-320.6516 0.0000
-320.7901 0.0000
-321.2361 0.0000
-320.4777 0.0000
-321.1784 0.0000
-320.2469 0.0000
-321.3695 0.0000
-321.4625 0.0000
-320.4499 0.0000
-322.1187 0.0000
-320.6543 0.0000
-321.0888 0.0000
-321.1511 0.0000
-320.5276 0.0000
-320.3632 0.0000
-320.0553 0.0000
-321.4617 0.0000
-321.8275 0.0000
-320.5584 0.0000
-321.5572 0.0000
-321.4933 0.0000
-320.5877 0.0000
-322.7018 0.0000
-321.3103 0.0000
-321.0439 0.0000
-320.8304 0.0000
-320.4477 0.0000
-320.7433 0.0000
-320.8962 0.0000
-320.2356 0.0000
-320.0306 0.0000
-320.5875 0.0000
-320.7203 0.0000
-319.9500 0.0000
-320.9294 0.0000
-320.7667 0.0000
-320.7278 0.0000
-321.0328 0.0000
-320.1443 0.0000
-320.9308 0.0000
-320.5061 0.0000
-321.0364 0.0000
-321.4320 0.0000
-321.7308 0.0000
-320.0559 0.0000
-320.2111 0.0000
-320.8431 0.0000
-321.5891 0.0000
-320.5675 0.0000
-320.3134 0.0000
-319.4427 0.0000
-320.8936 0.0000
-320.1834 0.0000
-320.6733 0.0000
-321.8113 0.0000
-320.3949 0.0000
-320.9025 0.0000
-321.3849 0.0000
-322.2780 0.0000
-319.6374 0.0000
-320.9135 0.0000
-321.1436 0.0000
-320.2547 0.0000
-320.7540 0.0000
-321.3707 0.0000
-320.8979 0.0000
-320.9058 0.0000
-321.1920 0.0000
-321.9960 0.0000
-321.1035 0.0000
-321.7758 0.0000
-321.4462 0.0000
-321.5264 0.0000
-319.9044 0.0000
-320.9354 0.0000
-321.1206 0.0000
-321.0571 0.0000
-320.8756 0.0000
-320.8738 0.0000
-320.8000 0.0000
-320.2838 0.0000
-320.3556 0.0000
-320.4938 0.0000
