-100.0000 -100.0000
-361.7547 0.0000
-359.9565 0.0000
-362.0169 0.0000
-358.8670 0.0000
-361.9251 0.0000
-361.5321 0.0000
-361.5211 0.0000
-361.0092 0.0000
-362.0813 0.0000
-362.4977 0.0000
-360.8703 0.0000
-361.4623 0.0000
-360.4397 0.0000
-361.0307 0.0000
-360.6596 0.0000
-359.5428 0.0000
-359.6389 0.0000
-360.0377 0.0000
-360.7334 0.0000
-360.7859 0.0000
-360.7049 0.0000
-361.7874 0.0000
-362.3924 0.0000
-361.4659 0.0000
-361.9660 0.0000
-362.7472 0.0000
-363.3681 0.0000
-364.7218 0.0000
-361.8808 0.0000
-361.0151 0.0000
-361.3282 0.0000
-361.8008 0.0000
-360.0781 0.0000
-359.2615 0.0000
-356.9753 0.0000
-358.0216 0.0000
-360.5194 0.0000
-356.9904 0.0000
-357.4144 0.0000
-356.5686 0.0000
-356.6329 0.0000
-355.4760 0.0000
-355.7828 0.0000
-354.8371 0.0000
-353.1341 0.0000
-352.8693 0.0000
-352.7335 0.0000
-352.9504 0.0000
-353.3564 0.0000
-350.9043 0.0000
-352.5240 0.0000
-350.2664 0.0000
-350.9245 0.0000
-353.4774 0.0000
-350.8888 0.0000
-350.7912 0.0000
-350.5037 0.0000
-350.6031 0.0000
-350.3978 0.0000
-349.6778 0.0000
-349.8926 0.0000
-351.8866 0.0000
-351.4141 0.0000
-352.4675 0.0000
-351.2138 0.0000
-350.7315 0.0000
-351.7540 0.0000
-351.1674 0.0000
-352.1667 0.0000
-353.2444 0.0000
-350.2760 0.0000
-349.1312 0.0000
-348.7003 0.0000
-345.5223 0.0000
-345.3703 0.0000
-345.6810 0.0000
-345.2445 0.0000
-345.8579 0.0000
-347.7997 0.0000
-347.4421 0.0000
-346.9764 0.0000
-345.3995 0.0000
-345.7109 0.0000
-345.9590 0.0000
-344.4133 0.0000
-345.2838 0.0000
-343.8822 0.0000
-340.3978 0.0000
-341.7765 0.0000
-341.8614 0.0000
-340.0920 0.0000
-338.5938 0.0000
-339.4129 0.0000
-339.0280 0.0000
-338.6823 0.0000
-339.3330 0.0000
-339.0848 0.0000
-339.1244 0.0000
-338.4090 0.0000
-341.3520 0.0000
-285.7625 0.0000
-285.9630 0.0000
-285.6593 0.0000
-287.0984 0.0000
-286.6633 0.0000
-286.3447 0.0000
-286.2384 0.0000
-285.2162 0.0000
-284.5921 0.0000
-284.7309 0.0000
-285.0637 0.0000
-284.9333 0.0000
-285.7589 0.0000
-287.0160 0.0000
-286.6817 0.0000
-286.9170 0.0000
-287.5029 0.0000
-287.8738 0.0000
-288.4995 0.0000
-289.2848 0.0000
-288.0355 0.0000
-288.8153 0.0000
-287.8037 0.0000
-285.6071 0.0000
-283.9263 0.0000
-283.0301 0.0000
-284.3508 0.0000
-282.4637 0.0000
-281.7064 0.0000
-281.2294 0.0000
-280.0401 0.0000
-279.9744 0.0000
-280.1612 0.0000
-279.3870 0.0000
-279.3581 0.0000
-278.8634 0.0000
-280.0125 0.0000
-277.7732 0.0000
-276.9024 0.0000
-277.3829 0.0000
-277.5340 0.0000
-276.4327 0.0000
-276.4492 0.0000
-276.1316 0.0000
-276.3549 0.0000
-276.3599 0.0000
-275.5866 0.0000
-276.0286 0.0000
-275.8596 0.0000
-276.4721 0.0000
-276.0031 0.0000
-275.1270 0.0000
-275.4021 0.0000
-273.6791 0.0000
-274.3830 0.0000
-274.3628 0.0000
-275.2834 0.0000
-275.6797 0.0000
-277.1423 0.0000
-277.6005 0.0000
-276.7620 0.0000
-277.2507 0.0000
-277.7043 0.0000
-279.3571 0.0000
-279.1134 0.0000
-279.2372 0.0000
-276.5542 0.0000
-275.6522 0.0000
-275.9563 0.0000
-276.2647 0.0000
-276.5816 0.0000
-276.5242 0.0000
-277.4131 0.0000
-277.2959 0.0000
-276.9452 0.0000
-276.9112 0.0000
-277.0919 0.0000
-277.2055 0.0000
-276.7076 0.0000
-276.0410 0.0000
-275.3692 0.0000
-274.6421 0.0000
-274.5747 0.0000
-275.3034 0.0000
-275.4811 0.0000
-276.2842 0.0000
-276.0226 0.0000
-276.2219 0.0000
-276.4163 0.0000
-276.5097 0.0000
-276.3420 0.0000
-276.7962 0.0000
-277.3102 0.0000
-277.6881 0.0000
-278.5007 0.0000
-277.2738 0.0000
-276.0457 0.0000
-274.9198 0.0000
-274.8304 0.0000
-275.7249 0.0000
-323.6906 0.0000
-323.0441 0.0000
-324.3297 0.0000
-323.8268 0.0000
-323.8190 0.0000
-324.0122 0.0000
-323.1362 0.0000
-322.4946 0.0000
-324.0589 0.0000
-323.9730 0.0000
-323.7044 0.0000
-324.3531 0.0000
-323.5210 0.0000
-323.5724 0.0000
-322.9701 0.0000
-323.4738 0.0000
-323.5959 0.0000
-324.2422 0.0000
-324.1265 0.0000
-325.1569 0.0000
-323.4834 0.0000
-324.2183 0.0000
-323.2216 0.0000
-324.2518 0.0000
-324.9458 0.0000
-321.8700 0.0000
-323.7083 0.0000
-324.6366 0.0000
-324.6265 0.0000
-323.4659 0.0000
-323.8122 0.0000
-324.5920 0.0000
-323.3484 0.0000
-323.5119 0.0000
-324.3382 0.0000
-323.9615 0.0000
-323.3719 0.0000
-324.5595 0.0000
-324.3802 0.0000
-323.5563 0.0000
-323.1985 0.0000
-323.9348 0.0000
-325.0579 0.0000
-323.6014 0.0000
-322.7071 0.0000
-324.0794 0.0000
-323.8222 0.0000
-325.7882 0.0000
-323.9537 0.0000
-324.0578 0.0000
-324.0842 0.0000
-324.0132 0.0000
-325.0793 0.0000
-324.7918 0.0000
-324.3463 0.0000
-323.7753 0.0000
-324.7590 0.0000
-323.9185 0.0000
-324.1036 0.0000
-324.8829 0.0000
-324.3876 0.0000
-324.9892 0.0000
-326.4286 0.0000
-328.0685 0.0000
-326.5838 0.0000
-326.6133 0.0000
-326.8279 0.0000
-328.2200 0.0000
-327.6597 0.0000
-328.2793 0.0000
-327.3349 0.0000
-327.9337 0.0000
-327.5751 0.0000
-329.0859 0.0000
-327.0609 0.0000
-327.2066 0.0000
-327.5307 0.0000
-326.6617 0.0000
-324.5973 0.0000
-323.3973 0.0000
-323.8076 0.0000
-323.0564 0.0000
-321.9170 0.0000
-322.1699 0.0000
-322.4477 0.0000
-322.1982 0.0000
-322.3057 0.0000
-322.7500 0.0000
-322.8357 0.0000
-322.5035 0.0000
-323.7686 0.0000
-322.4494 0.0000
-323.1607 0.0000
-321.7930 0.0000
-322.4002 0.0000
-321.6940 0.0000
-323.6237 0.0000
-323.6506 0.0000
-321.4038 0.0000
-320.9506 0.0000
-336.0549 0.0000
-334.4687 0.0000
-334.8159 0.0000
-335.2547 0.0000
-335.9231 0.0000
-335.2797 0.0000
-335.3715 0.0000
-334.7317 0.0000
-335.8686 0.0000
-334.5957 0.0000
-336.0936 0.0000
-335.0737 0.0000
-335.1558 0.0000
-336.0063 0.0000
-336.0096 0.0000
-335.4534 0.0000
-334.9972 0.0000
-335.0600 0.0000
-335.5677 0.0000
-335.8022 0.0000
-334.8772 0.0000
-335.2621 0.0000
-335.1204 0.0000
-334.9707 0.0000
-335.1832 0.0000
-335.3854 0.0000
-335.5518 0.0000
-334.8714 0.0000
-335.5088 0.0000
-335.8005 0.0000
-334.8266 0.0000
-335.0557 0.0000
-334.7463 0.0000
-334.7629 0.0000
-335.4498 0.0000
-335.5424 0.0000
-335.4552 0.0000
-335.3652 0.0000
-335.3435 0.0000
-335.4555 0.0000
-335.2319 0.0000
-335.8564 0.0000
-335.1212 0.0000
-335.3109 0.0000
-334.8561 0.0000
-334.9527 0.0000
-335.5109 0.0000
-335.2032 0.0000
-335.4868 0.0000
-336.1951 0.0000
-335.2109 0.0000
-335.4625 0.0000
-334.4079 0.0000
-335.0952 0.0000
-334.5307 0.0000
-335.0199 0.0000
-334.7362 0.0000
-335.8703 0.0000
-336.1071 0.0000
-334.9492 0.0000
-335.6000 0.0000
-335.7337 0.0000
-335.4958 0.0000
-335.9878 0.0000
-335.6190 0.0000
-335.4964 0.0000
-335.8196 0.0000
-335.4616 0.0000
-335.8855 0.0000
-336.1494 0.0000
-335.0981 0.0000
-334.9023 0.0000
-335.0394 0.0000
-335.3658 0.0000
-334.6472 0.0000
-335.7460 0.0000
-334.7608 0.0000
-335.1438 0.0000
-334.7064 0.0000
-335.6501 0.0000
-335.5342 0.0000
-335.7910 0.0000
-335.4328 0.0000
-335.5556 0.0000
-334.8545 0.0000
-334.6547 0.0000
-335.2672 0.0000
-334.9399 0.0000
-335.0939 0.0000
-335.4420 0.0000
-335.5430 0.0000
-335.2056 0.0000
-335.2378 0.0000
-335.0396 0.0000
-335.4403 0.0000
-334.3806 0.0000
-335.1225 0.0000
-335.4109 0.0000
-335.1930 0.0000
-335.3092 0.0000
-319.0137 0.0000
-319.0389 0.0000
-319.0326 0.0000
-318.6761 0.0000
-318.7125 0.0000
-318.9885 0.0000
-319.0016 0.0000
-318.3995 0.0000
-318.9640 0.0000
-319.2386 0.0000
-318.6549 0.0000
-318.0107 0.0000
-317.9322 0.0000
-318.2028 0.0000
-318.5733 0.0000
-317.8948 0.0000
-317.6827 0.0000
-317.2078 0.0000
-316.9803 0.0000
-317.8312 0.0000
-316.9768 0.0000
-316.6547 0.0000
-316.8370 0.0000
-317.1957 0.0000
-317.0365 0.0000
-317.3564 0.0000
-317.4487 0.0000
-316.8324 0.0000
-317.4199 0.0000
-317.3738 0.0000
-318.1549 0.0000
-317.6529 0.0000
-316.6613 0.0000
-317.1705 0.0000
-316.0048 0.0000
-315.7198 0.0000
-315.6503 0.0000
-315.4457 0.0000
-316.4089 0.0000
-316.6347 0.0000
-317.2969 0.0000
-317.5021 0.0000
-317.3988 0.0000
-317.3367 0.0000
-317.6155 0.0000
-317.5454 0.0000
-317.8395 0.0000
-317.7653 0.0000
-318.1350 0.0000
-318.3988 0.0000
-318.5800 0.0000
-318.6306 0.0000
-318.4118 0.0000
-318.3880 0.0000
-318.4571 0.0000
-318.4967 0.0000
-317.8595 0.0000
-318.1957 0.0000
-318.4902 0.0000
-318.2107 0.0000
-317.9733 0.0000
-317.9953 0.0000
-317.6647 0.0000
-318.0500 0.0000
-318.0923 0.0000
-317.7807 0.0000
-318.3407 0.0000
-319.1134 0.0000
-318.8845 0.0000
-319.2660 0.0000
-319.2297 0.0000
-318.6202 0.0000
-318.9449 0.0000
-319.3212 0.0000
-317.3387 0.0000
-317.4420 0.0000
-317.5598 0.0000
-317.7279 0.0000
-318.0389 0.0000
-318.3226 0.0000
-318.7456 0.0000
-317.7298 0.0000
-317.1179 0.0000
-317.1811 0.0000
-316.5582 0.0000
-316.5582 0.0000
-317.1055 0.0000
-316.6424 0.0000
-316.6153 0.0000
-316.7644 0.0000
-317.3953 0.0000
-317.1957 0.0000
-317.1471 0.0000
-316.8773 0.0000
-316.9916 0.0000
-317.9657 0.0000
-318.1748 0.0000
-318.2351 0.0000
-318.5076 0.0000
