-100.0000 -100.0000
-393.9240 0.0000
-391.3401 0.0000
-393.7619 0.0000
-391.9224 0.0000
-392.7016 0.0000
-393.3169 0.0000
-392.9346 0.0000
-391.8176 0.0000
-392.2798 0.0000
-391.6158 0.0000
-390.7151 0.0000
-391.5497 0.0000
-391.8810 0.0000
-392.1305 0.0000
-389.9908 0.0000
-386.1191 0.0000
-388.8760 0.0000
-387.4327 0.0000
-385.1541 0.0000
-386.3647 0.0000
-384.9233 0.0000
-386.1085 0.0000
-387.1731 0.0000
-385.0799 0.0000
-386.9090 0.0000
-382.3122 0.0000
-382.6611 0.0000
-384.0793 0.0000
-383.1747 0.0000
-384.4947 0.0000
-384.0840 0.0000
-383.5568 0.0000
-383.3010 0.0000
-384.9135 0.0000
-381.6273 0.0000
-381.6895 0.0000
-384.0373 0.0000
-378.4068 0.0000
-377.2013 0.0000
-376.3976 0.0000
-376.3132 0.0000
-375.6261 0.0000
-374.7944 0.0000
-372.9202 0.0000
-369.8077 0.0000
-368.7953 0.0000
-370.1029 0.0000
-368.9660 0.0000
-367.7718 0.0000
-366.5154 0.0000
-368.0922 0.0000
-368.8175 0.0000
-370.1256 0.0000
-368.5391 0.0000
-366.9772 0.0000
-370.1861 0.0000
-364.0257 0.0000
-364.1459 0.0000
-361.8278 0.0000
-361.5548 0.0000
-360.9647 0.0000
-361.6110 0.0000
-361.4197 0.0000
-365.3062 0.0000
-363.5443 0.0000
-360.7819 0.0000
-358.8505 0.0000
-359.2205 0.0000
-359.6013 0.0000
-356.7020 0.0000
-352.1015 0.0000
-351.1718 0.0000
-349.3787 0.0000
-347.7994 0.0000
-347.3464 0.0000
-347.1568 0.0000
-345.7158 0.0000
-346.3152 0.0000
-347.2954 0.0000
-347.4832 0.0000
-347.1624 0.0000
-345.1302 0.0000
-346.4933 0.0000
-345.8653 0.0000
-343.0270 0.0000
-342.2805 0.0000
-340.6810 0.0000
-338.2256 0.0000
-337.1866 0.0000
-337.1652 0.0000
-335.6715 0.0000
-335.9726 0.0000
-337.1200 0.0000
-337.3438 0.0000
-337.6544 0.0000
-337.6661 0.0000
-336.4776 0.0000
-337.3503 0.0000
-337.3226 0.0000
-339.4839 0.0000
-338.0955 0.0000
-337.8688 0.0000
-338.4092 0.0000
-338.6188 0.0000
-336.2521 0.0000
-335.7593 0.0000
-334.7618 0.0000
-333.4753 0.0000
-334.0280 0.0000
-334.3684 0.0000
-334.9074 0.0000
-334.9373 0.0000
-337.2722 0.0000
-333.8041 0.0000
-333.6270 0.0000
-334.2451 0.0000
-334.4456 0.0000
-335.8197 0.0000
-336.1257 0.0000
-335.6396 0.0000
-335.2890 0.0000
-335.6690 0.0000
-334.9517 0.0000
-335.3060 0.0000
-334.1588 0.0000
-335.6280 0.0000
-335.8412 0.0000
-335.1549 0.0000
-335.1426 0.0000
-333.6769 0.0000
-334.1682 0.0000
-333.5675 0.0000
-335.4316 0.0000
-335.5556 0.0000
-334.9039 0.0000
-334.1100 0.0000
-331.8326 0.0000
-330.4877 0.0000
-331.3525 0.0000
-330.8674 0.0000
-332.0425 0.0000
-332.4867 0.0000
-331.4902 0.0000
-331.2138 0.0000
-331.2916 0.0000
-331.0164 0.0000
-329.2392 0.0000
-329.4279 0.0000
-329.9231 0.0000
-331.4456 0.0000
-329.3704 0.0000
-328.6224 0.0000
-329.9864 0.0000
-330.4699 0.0000
-330.1669 0.0000
-330.4890 0.0000
-329.4050 0.0000
-328.9277 0.0000
-328.2165 0.0000
-330.7181 0.0000
-326.3904 0.0000
-327.7073 0.0000
-325.6905 0.0000
-324.7715 0.0000
-326.5669 0.0000
-325.2666 0.0000
-324.3743 0.0000
-324.2146 0.0000
-323.5707 0.0000
-323.8879 0.0000
-324.3121 0.0000
-324.0740 0.0000
-323.4272 0.0000
-323.0376 0.0000
-322.8154 0.0000
-323.5218 0.0000
-323.0410 0.0000
-322.1620 0.0000
-323.1092 0.0000
-322.6659 0.0000
-322.2232 0.0000
-321.7083 0.0000
-320.8976 0.0000
-322.8180 0.0000
-322.7321 0.0000
-322.7941 0.0000
-322.7512 0.0000
-325.7064 0.0000
-323.9432 0.0000
-322.1474 0.0000
-322.3232 0.0000
-321.8395 0.0000
-322.4505 0.0000
-322.3967 0.0000
-321.6606 0.0000
-321.8144 0.0000
-321.6729 0.0000
-320.4536 0.0000
-322.0502 0.0000
-319.1465 0.0000
-275.0208 0.0000
-273.9398 0.0000
-275.2238 0.0000
-275.3823 0.0000
-275.0938 0.0000
-275.3558 0.0000
-275.3884 0.0000
-275.4206 0.0000
-275.4836 0.0000
-276.9350 0.0000
-276.2933 0.0000
-276.1654 0.0000
-275.4035 0.0000
-276.9830 0.0000
-276.7079 0.0000
-276.9659 0.0000
-278.1186 0.0000
-277.5747 0.0000
-277.9937 0.0000
-278.3226 0.0000
-278.5319 0.0000
-277.8288 0.0000
-276.7249 0.0000
-277.3232 0.0000
-276.1343 0.0000
-275.7978 0.0000
-276.5211 0.0000
-275.0856 0.0000
-276.1805 0.0000
-274.0628 0.0000
-273.3407 0.0000
-273.7709 0.0000
-272.6960 0.0000
-272.2231 0.0000
-271.6200 0.0000
-271.2405 0.0000
-271.2548 0.0000
-270.7348 0.0000
-270.2202 0.0000
-270.3394 0.0000
-270.8626 0.0000
-270.8597 0.0000
-270.2436 0.0000
-270.1102 0.0000
-270.5452 0.0000
-270.4733 0.0000
-269.8730 0.0000
-268.1881 0.0000
-268.1039 0.0000
-268.7921 0.0000
-267.6510 0.0000
-267.2526 0.0000
-267.6006 0.0000
-268.6014 0.0000
-269.2076 0.0000
-268.0703 0.0000
-268.4237 0.0000
-267.1042 0.0000
-266.4999 0.0000
-268.0910 0.0000
-266.1700 0.0000
-265.8697 0.0000
-266.4305 0.0000
-264.5817 0.0000
-265.5424 0.0000
-264.9758 0.0000
-264.6815 0.0000
-264.4632 0.0000
-265.8930 0.0000
-264.0746 0.0000
-264.1895 0.0000
-265.2771 0.0000
-263.6233 0.0000
-262.9169 0.0000
-262.3212 0.0000
-262.1970 0.0000
-263.3957 0.0000
-262.3030 0.0000
-262.4249 0.0000
-262.6092 0.0000
-261.7961 0.0000
-263.0996 0.0000
-261.9063 0.0000
-261.6868 0.0000
-262.3838 0.0000
-261.8200 0.0000
-262.4344 0.0000
-261.1248 0.0000
-261.1901 0.0000
-262.0425 0.0000
-261.1737 0.0000
-261.7122 0.0000
-262.7266 0.0000
-262.3652 0.0000
-262.3010 0.0000
-262.9480 0.0000
-262.6450 0.0000
-262.0757 0.0000
-261.9429 0.0000
-261.4467 0.0000
-320.9099 0.0000
-320.7718 0.0000
-320.9234 0.0000
-320.8030 0.0000
-321.9499 0.0000
-320.4923 0.0000
-320.6318 0.0000
-320.7226 0.0000
-320.8899 0.0000
-319.0487 0.0000
-321.3535 0.0000
-320.8189 0.0000
-321.4036 0.0000
-321.8789 0.0000
-321.7846 0.0000
-321.4195 0.0000
-321.2762 0.0000
-321.7733 0.0000
-321.5989 0.0000
-320.8259 0.0000
-321.6393 0.0000
-321.3136 0.0000
-320.1297 0.0000
-320.2572 0.0000
-320.6355 0.0000
-320.9375 0.0000
-321.2093 0.0000
-321.4467 0.0000
-321.7524 0.0000
-320.6331 0.0000
-320.6642 0.0000
-320.2387 0.0000
-319.9090 0.0000
-319.6727 0.0000
-320.3747 0.0000
-321.5252 0.0000
-321.2208 0.0000
-320.9702 0.0000
-320.8622 0.0000
-320.9163 0.0000
-320.3922 0.0000
-321.6523 0.0000
-319.9903 0.0000
-320.0216 0.0000
-320.4963 0.0000
-320.9447 0.0000
-321.6181 0.0000
-320.6315 0.0000
-321.6423 0.0000
-320.9945 0.0000
-320.6868 0.0000
-321.1613 0.0000
-318.7349 0.0000
-320.2656 0.0000
-320.6378 0.0000
-320.4883 0.0000
-320.2937 0.0000
-321.8347 0.0000
-321.7923 0.0000
-319.5806 0.0000
-321.6295 0.0000
-320.9765 0.0000
-321.2750 0.0000
-322.1985 0.0000
-320.4761 0.0000
-321.2764 0.0000
-321.6486 0.0000
-320.6555 0.0000
-320.3338 0.0000
-321.6250 0.0000
-320.5239 0.0000
-320.5917 0.0000
-320.1506 0.0000
-320.7796 0.0000
-320.3726 0.0000
-320.4553 0.0000
-319.2963 0.0000
-321.2012 0.0000
-320.2791 0.0000
-320.8410 0.0000
-320.4556 0.0000
-321.5920 0.0000
-321.7573 0.0000
-321.1789 0.0000
-321.1975 0.0000
-320.9096 0.0000
-321.5728 0.0000
-320.8579 0.0000
-320.2935 0.0000
-321.3977 0.0000
-320.7305 0.0000
-320.0967 0.0000
-321.0613 0.0000
-321.3805 0.0000
-321.0690 0.0000
-320.2808 0.0000
-321.4010 0.0000
-321.5084 0.0000
-321.9492 0.0000
-320.5170 0.0000
-298.3201 0.0000
-297.3968 0.0000
-298.3798 0.0000
-298.8487 0.0000
-298.9011 0.0000
-298.6133 0.0000
-297.9214 0.0000
-299.1893 0.0000
-297.7794 0.0000
-297.7106 0.0000
-298.6887 0.0000
-298.7589 0.0000
-298.3653 0.0000
-298.3804 0.0000
-296.9151 0.0000
-298.3584 0.0000
-298.6383 0.0000
-297.1952 0.0000
-299.6947 0.0000
-297.5140 0.0000
-298.0539 0.0000
-299.0006 0.0000
-298.3824 0.0000
-297.5645 0.0000
-298.2285 0.0000
-298.2917 0.0000
-297.8847 0.0000
-298.2928 0.0000
-297.5005 0.0000
-297.3968 0.0000
-297.3293 0.0000
-299.0636 0.0000
-300.0105 0.0000
-298.3030 0.0000
-299.3293 0.0000
-297.8471 0.0000
-297.7991 0.0000
-298.6516 0.0000
-299.4556 0.0000
-298.0370 0.0000
-296.8293 0.0000
-298.3167 0.0000
-299.2861 0.0000
-297.6539 0.0000
-297.3644 0.0000
-298.4226 0.0000
-297.3363 0.0000
-298.6552 0.0000
-297.9343 0.0000
-297.9812 0.0000
-296.9755 0.0000
-295.9690 0.0000
-299.5284 0.0000
-298.2090 0.0000
-298.2635 0.0000
-297.0259 0.0000
-299.0685 0.0000
-297.9747 0.0000
-297.7165 0.0000
-299.7632 0.0000
-299.2770 0.0000
-298.3151 0.0000
-298.3620 0.0000
-299.0435 0.0000
-298.4151 0.0000
-298.0428 0.0000
-298.5629 0.0000
-298.6941 0.0000
-298.3615 0.0000
-298.9750 0.0000
-298.4274 0.0000
-299.3644 0.0000
-297.8637 0.0000
-298.4104 0.0000
-298.4572 0.0000
-298.2104 0.0000
-299.4077 0.0000
-299.3451 0.0000
-297.2483 0.0000
-298.1391 0.0000
-297.9586 0.0000
-299.2068 0.0000
-298.2999 0.0000
-297.9762 0.0000
-298.9917 0.0000
-297.9798 0.0000
-298.0755 0.0000
-297.4654 0.0000
-298.7356 0.0000
-298.9007 0.0000
-298.4794 0.0000
-299.4432 0.0000
-298.0760 0.0000
-298.4244 0.0000
-298.4617 0.0000
-297.5312 0.0000
-297.7922 0.0000
-298.4476 0.0000
-297.6230 0.0000
