-100.0000 -100.0000
-296.5198 0.0000
-296.6213 0.0000
-297.5834 0.0000
-297.5076 0.0000
-298.6983 0.0000
-298.8646 0.0000
-298.8742 0.0000
-297.7684 0.0000
-299.1240 0.0000
-298.4690 0.0000
-298.4007 0.0000
-299.1266 0.0000
-299.4386 0.0000
-298.9976 0.0000
-298.1868 0.0000
-295.2348 0.0000
-297.6306 0.0000
-298.5905 0.0000
-298.9708 0.0000
-300.3787 0.0000
-301.3959 0.0000
-303.1079 0.0000
-302.6978 0.0000
-300.8565 0.0000
-303.3534 0.0000
-302.1686 0.0000
-303.2781 0.0000
-302.7842 0.0000
-301.6226 0.0000
-301.5975 0.0000
-302.4428 0.0000
-302.0799 0.0000
-301.3986 0.0000
-302.3045 0.0000
-302.0493 0.0000
-302.2223 0.0000
-302.6239 0.0000
-300.4058 0.0000
-300.8011 0.0000
-301.5211 0.0000
-301.0623 0.0000
-300.2699 0.0000
-300.2346 0.0000
-300.1922 0.0000
-297.8658 0.0000
-297.4992 0.0000
-297.1623 0.0000
-295.3329 0.0000
-292.6291 0.0000
-292.2156 0.0000
-293.9589 0.0000
-291.8166 0.0000
-292.9758 0.0000
-293.7001 0.0000
-291.8627 0.0000
-293.1939 0.0000
-291.1037 0.0000
-290.8935 0.0000
-290.2288 0.0000
-290.8488 0.0000
-290.0987 0.0000
-290.1847 0.0000
-291.7247 0.0000
-292.8846 0.0000
-293.4334 0.0000
-292.2705 0.0000
-290.8035 0.0000
-291.6311 0.0000
-292.7718 0.0000
-290.9814 0.0000
-289.3679 0.0000
-288.9816 0.0000
-287.6522 0.0000
-288.2747 0.0000
-287.1751 0.0000
-286.4742 0.0000
-285.7609 0.0000
-286.5207 0.0000
-286.3895 0.0000
-286.6037 0.0000
-285.1029 0.0000
-284.1741 0.0000
-285.4166 0.0000
-284.7177 0.0000
-283.0994 0.0000
-283.8424 0.0000
-284.1884 0.0000
-282.6582 0.0000
-281.1371 0.0000
-281.3468 0.0000
-281.0205 0.0000
-281.1844 0.0000
-282.3463 0.0000
-282.7874 0.0000
-282.4468 0.0000
-283.1548 0.0000
-282.4152 0.0000
-283.5001 0.0000
-283.9541 0.0000
-285.1161 0.0000
-323.6812 0.0000
-323.8125 0.0000
-322.8043 0.0000
-324.2775 0.0000
-322.7043 0.0000
-324.1490 0.0000
-323.4878 0.0000
-322.5819 0.0000
-324.8076 0.0000
-322.7168 0.0000
-323.0842 0.0000
-324.2749 0.0000
-325.0903 0.0000
-323.9418 0.0000
-321.9195 0.0000
-323.4335 0.0000
-323.7135 0.0000
-323.9088 0.0000
-324.5742 0.0000
-324.2954 0.0000
-324.4015 0.0000
-324.2084 0.0000
-323.8278 0.0000
-323.7811 0.0000
-323.4634 0.0000
-325.8712 0.0000
-323.6976 0.0000
-324.1556 0.0000
-323.5486 0.0000
-323.7629 0.0000
-324.1199 0.0000
-323.4485 0.0000
-325.3584 0.0000
-324.2586 0.0000
-324.4678 0.0000
-323.5370 0.0000
-322.9191 0.0000
-323.0636 0.0000
-323.2445 0.0000
-322.9298 0.0000
-324.9839 0.0000
-323.5007 0.0000
-324.6558 0.0000
-323.9495 0.0000
-322.7068 0.0000
-323.5381 0.0000
-322.5749 0.0000
-323.3849 0.0000
-324.4497 0.0000
-325.2846 0.0000
-322.6138 0.0000
-322.3013 0.0000
-324.4831 0.0000
-323.4843 0.0000
-322.8843 0.0000
-324.8432 0.0000
-322.9372 0.0000
-323.3725 0.0000
-322.6888 0.0000
-324.8300 0.0000
-323.4989 0.0000
-323.3543 0.0000
-324.1934 0.0000
-322.9951 0.0000
-324.2031 0.0000
-323.0504 0.0000
-322.6409 0.0000
-323.1901 0.0000
-322.5208 0.0000
-323.6769 0.0000
-325.0911 0.0000
-324.7350 0.0000
-322.6436 0.0000
-322.7301 0.0000
-324.4062 0.0000
-325.1857 0.0000
-323.8412 0.0000
-323.3612 0.0000
-325.0609 0.0000
-323.7039 0.0000
-323.5749 0.0000
-323.4340 0.0000
-323.3674 0.0000
-325.9239 0.0000
-322.7196 0.0000
-322.8996 0.0000
-324.8224 0.0000
-326.4430 0.0000
-324.3654 0.0000
-323.2411 0.0000
-324.9501 0.0000
-324.2392 0.0000
-324.2496 0.0000
-323.6105 0.0000
-322.4890 0.0000
-324.4077 0.0000
-323.9436 0.0000
-321.8827 0.0000
-324.7732 0.0000
-324.1781 0.0000
-335.8670 0.0000
-335.8812 0.0000
-335.9178 0.0000
-335.9374 0.0000
-336.2238 0.0000
-336.0509 0.0000
-335.6405 0.0000
-336.1261 0.0000
-335.9462 0.0000
-336.1124 0.0000
-336.0377 0.0000
-335.8227 0.0000
-335.7991 0.0000
-336.2480 0.0000
-335.6637 0.0000
-335.8159 0.0000
-335.9910 0.0000
-336.2594 0.0000
-336.3679 0.0000
-336.5557 0.0000
-335.3227 0.0000
-336.0477 0.0000
-336.4642 0.0000
-336.5862 0.0000
-335.9861 0.0000
-335.1208 0.0000
-335.6376 0.0000
-336.3628 0.0000
-335.8906 0.0000
-336.0273 0.0000
-336.0065 0.0000
-336.3905 0.0000
-336.4372 0.0000
-335.3546 0.0000
-336.1582 0.0000
-335.5512 0.0000
-335.6593 0.0000
-335.9698 0.0000
-335.6785 0.0000
-335.8729 0.0000
-335.8199 0.0000
-335.8720 0.0000
-337.0086 0.0000
-336.5361 0.0000
-335.7893 0.0000
-336.0532 0.0000
-335.6541 0.0000
-335.6614 0.0000
-335.6016 0.0000
-335.8538 0.0000
-335.3554 0.0000
-335.3756 0.0000
-335.5748 0.0000
-335.9182 0.0000
-336.1159 0.0000
-336.1847 0.0000
-335.8923 0.0000
-335.6016 0.0000
-336.1069 0.0000
-335.9311 0.0000
-335.9025 0.0000
-335.9894 0.0000
-336.0224 0.0000
-336.8912 0.0000
-337.2202 0.0000
-335.7483 0.0000
-335.5583 0.0000
-336.2353 0.0000
-335.8914 0.0000
-336.0512 0.0000
-335.6321 0.0000
-335.6697 0.0000
-335.5569 0.0000
-335.8507 0.0000
-335.6554 0.0000
-335.2399 0.0000
-335.2175 0.0000
-334.6898 0.0000
-334.2616 0.0000
-333.7617 0.0000
-334.4068 0.0000
-334.3087 0.0000
-333.5739 0.0000
-334.0533 0.0000
-334.2173 0.0000
-333.9008 0.0000
-334.3280 0.0000
-333.9213 0.0000
-333.7287 0.0000
-333.8852 0.0000
-334.2099 0.0000
-333.9344 0.0000
-334.0689 0.0000
-333.4905 0.0000
-334.1012 0.0000
-334.1226 0.0000
-334.9057 0.0000
-335.6381 0.0000
-335.2362 0.0000
-335.3315 0.0000
-327.6326 0.0000
-328.0443 0.0000
-327.5655 0.0000
-327.5270 0.0000
-327.3621 0.0000
-327.2245 0.0000
-326.5127 0.0000
-326.5386 0.0000
-326.0530 0.0000
-325.3853 0.0000
-325.4149 0.0000
-325.3748 0.0000
-325.4465 0.0000
-325.8937 0.0000
-325.7106 0.0000
-326.0001 0.0000
-325.9946 0.0000
-326.2402 0.0000
-325.9861 0.0000
-325.6471 0.0000
-325.7738 0.0000
-325.7094 0.0000
-325.5134 0.0000
-325.2528 0.0000
-324.8347 0.0000
-325.2085 0.0000
-324.8926 0.0000
-324.6602 0.0000
-324.7787 0.0000
-324.3524 0.0000
-324.3045 0.0000
-324.5601 0.0000
-324.1728 0.0000
-323.6557 0.0000
-323.4849 0.0000
-323.7664 0.0000
-323.3063 0.0000
-323.3112 0.0000
-323.3540 0.0000
-323.5755 0.0000
-323.7352 0.0000
-323.5151 0.0000
-323.4596 0.0000
-322.9834 0.0000
-323.1150 0.0000
-323.4312 0.0000
-323.4567 0.0000
-323.0121 0.0000
-323.1474 0.0000
-322.8423 0.0000
-322.9579 0.0000
-322.7443 0.0000
-323.2280 0.0000
-322.7278 0.0000
-323.3023 0.0000
-323.3050 0.0000
-323.6423 0.0000
-323.6706 0.0000
-322.6820 0.0000
-322.5101 0.0000
-321.9416 0.0000
-320.9811 0.0000
-320.7632 0.0000
-321.1092 0.0000
-320.8144 0.0000
-320.7686 0.0000
-320.6104 0.0000
-320.7150 0.0000
-320.6844 0.0000
-320.3449 0.0000
-320.5136 0.0000
-320.2067 0.0000
-319.7818 0.0000
-319.8410 0.0000
-319.9396 0.0000
-320.4909 0.0000
-320.1540 0.0000
-320.3443 0.0000
-320.4416 0.0000
-320.5401 0.0000
-320.7774 0.0000
-319.8753 0.0000
-319.9509 0.0000
-320.1288 0.0000
-320.7488 0.0000
-320.8084 0.0000
-320.8529 0.0000
-320.7631 0.0000
-320.0544 0.0000
-320.5387 0.0000
-319.3225 0.0000
-319.3247 0.0000
-319.0037 0.0000
-319.7666 0.0000
-319.0172 0.0000
-319.1469 0.0000
-318.9772 0.0000
-319.3122 0.0000
-320.4873 0.0000
-318.8492 0.0000
-318.5865 0.0000
-319.4819 0.0000
-318.3090 0.0000
-319.2796 0.0000
-317.4372 0.0000
-316.8526 0.0000
-317.3947 0.0000
-316.7581 0.0000
-317.2417 0.0000
-317.0437 0.0000
-317.9696 0.0000
-316.9253 0.0000
-316.2996 0.0000
-317.2917 0.0000
-318.1824 0.0000
-317.2119 0.0000
-316.7748 0.0000
-317.2320 0.0000
-315.9030 0.0000
-316.0337 0.0000
-315.0468 0.0000
-314.6398 0.0000
-315.2148 0.0000
-315.4736 0.0000
-315.7334 0.0000
-314.7887 0.0000
-314.1950 0.0000
-314.8782 0.0000
-316.2517 0.0000
-314.5785 0.0000
-314.9113 0.0000
-313.9087 0.0000
-313.7576 0.0000
-315.1903 0.0000
-314.5383 0.0000
-314.4656 0.0000
-314.8970 0.0000
-315.0913 0.0000
-314.1934 0.0000
-314.3528 0.0000
-314.8865 0.0000
-313.1852 0.0000
-313.1343 0.0000
-313.9484 0.0000
-312.7563 0.0000
-313.2244 0.0000
-313.8495 0.0000
-312.6158 0.0000
-312.0145 0.0000
-312.1404 0.0000
-312.3762 0.0000
-313.3271 0.0000
-310.0803 0.0000
-309.8496 0.0000
-310.2580 0.0000
-309.7847 0.0000
-309.4003 0.0000
-309.6086 0.0000
-309.3898 0.0000
-309.4063 0.0000
-309.6436 0.0000
-310.3657 0.0000
-309.9239 0.0000
-309.5472 0.0000
-309.1099 0.0000
-309.2078 0.0000
-308.8779 0.0000
-308.6633 0.0000
-309.7874 0.0000
-309.6484 0.0000
-310.0354 0.0000
-309.4731 0.0000
-309.6633 0.0000
-309.4999 0.0000
-310.4381 0.0000
-309.4179 0.0000
-308.4365 0.0000
-308.6424 0.0000
-308.5516 0.0000
-308.9081 0.0000
-308.9298 0.0000
-309.0196 0.0000
-308.5464 0.0000
-309.5465 0.0000
-308.7812 0.0000
-308.0675 0.0000
-307.8538 0.0000
-308.0870 0.0000
-307.3046 0.0000
-307.9687 0.0000
-306.9912 0.0000
-307.3010 0.0000
-306.8835 0.0000
-306.9950 0.0000
-306.3148 0.0000
-306.8235 0.0000
-306.7233 0.0000
-306.5562 0.0000
-306.5464 0.0000
