-100.0000 -100.0000
-339.3817 0.0000
-339.9621 0.0000
-339.9444 0.0000
-340.2493 0.0000
-339.5559 0.0000
-339.3701 0.0000
-339.3248 0.0000
-339.1916 0.0000
-338.9098 0.0000
-339.5501 0.0000
-340.0514 0.0000
-340.0211 0.0000
-339.9451 0.0000
-339.8593 0.0000
-339.6746 0.0000
-339.5907 0.0000
-339.1502 0.0000
-339.5090 0.0000
-339.2241 0.0000
-339.4399 0.0000
-339.2391 0.0000
-338.8644 0.0000
-338.8305 0.0000
-338.8921 0.0000
-338.6479 0.0000
-338.4280 0.0000
-337.7890 0.0000
-337.5643 0.0000
-337.8444 0.0000
-338.0749 0.0000
-338.0213 0.0000
-337.6916 0.0000
-337.5876 0.0000
-337.8132 0.0000
-338.3717 0.0000
-338.5487 0.0000
-337.7722 0.0000
-337.9928 0.0000
-337.5705 0.0000
-337.6462 0.0000
-337.6302 0.0000
-337.6565 0.0000
-337.1049 0.0000
-337.4006 0.0000
-337.5100 0.0000
-337.7061 0.0000
-338.0122 0.0000
-338.0178 0.0000
-337.4497 0.0000
-337.6965 0.0000
-337.4319 0.0000
-336.8403 0.0000
-336.7471 0.0000
-335.6815 0.0000
-335.5828 0.0000
-335.6830 0.0000
-335.5225 0.0000
-335.1109 0.0000
-335.2276 0.0000
-335.4528 0.0000
-335.7614 0.0000
-334.9563 0.0000
-334.6478 0.0000
-334.2963 0.0000
-333.8549 0.0000
-333.4550 0.0000
-333.5841 0.0000
-333.6607 0.0000
-333.1666 0.0000
-332.5642 0.0000
-332.5921 0.0000
-332.8945 0.0000
-333.5511 0.0000
-335.3541 0.0000
-333.4261 0.0000
-332.6309 0.0000
-332.2597 0.0000
-333.1664 0.0000
-333.8068 0.0000
-334.4853 0.0000
-334.3905 0.0000
-333.5159 0.0000
-333.6503 0.0000
-333.3489 0.0000
-333.3885 0.0000
-333.6469 0.0000
-333.3136 0.0000
-334.4480 0.0000
-333.7122 0.0000
-332.9580 0.0000
-334.4854 0.0000
-334.4249 0.0000
-333.3579 0.0000
-333.6043 0.0000
-333.3342 0.0000
-332.6807 0.0000
-332.6726 0.0000
-332.0550 0.0000
-332.6647 0.0000
-331.9296 0.0000
-340.6503 0.0000
-340.4655 0.0000
-340.4476 0.0000
-340.4371 0.0000
-340.4591 0.0000
-340.6318 0.0000
-340.7025 0.0000
-340.6861 0.0000
-340.5153 0.0000
-340.7179 0.0000
-340.6423 0.0000
-340.6975 0.0000
-340.4170 0.0000
-340.3098 0.0000
-340.1440 0.0000
-340.1322 0.0000
-340.0200 0.0000
-339.8668 0.0000
-339.8692 0.0000
-339.8094 0.0000
-340.0637 0.0000
-340.0419 0.0000
-340.1692 0.0000
-340.1391 0.0000
-339.9745 0.0000
-339.7040 0.0000
-339.5848 0.0000
-339.6333 0.0000
-339.5686 0.0000
-339.7490 0.0000
-339.5927 0.0000
-339.7663 0.0000
-339.6655 0.0000
-339.5069 0.0000
-339.4677 0.0000
-339.4333 0.0000
-339.6778 0.0000
-339.7139 0.0000
-339.6522 0.0000
-339.5837 0.0000
-339.4495 0.0000
-339.4523 0.0000
-339.4840 0.0000
-339.3781 0.0000
-339.5421 0.0000
-339.5706 0.0000
-339.6693 0.0000
-339.7251 0.0000
-339.6111 0.0000
-339.5448 0.0000
-339.7063 0.0000
-339.6441 0.0000
-339.4605 0.0000
-339.4560 0.0000
-339.4142 0.0000
-339.4173 0.0000
-339.5346 0.0000
-339.5952 0.0000
-339.6104 0.0000
-339.6670 0.0000
-339.7933 0.0000
-339.8516 0.0000
-340.0457 0.0000
-340.0259 0.0000
-339.9384 0.0000
-340.2870 0.0000
-340.2402 0.0000
-340.1355 0.0000
-340.2118 0.0000
-340.1847 0.0000
-340.1832 0.0000
-340.2973 0.0000
-340.3379 0.0000
-340.2869 0.0000
-340.1390 0.0000
-339.9873 0.0000
-339.9486 0.0000
-340.1052 0.0000
-340.0315 0.0000
-340.0976 0.0000
-339.9380 0.0000
-339.8525 0.0000
-339.8919 0.0000
-339.7781 0.0000
-339.8533 0.0000
-339.7839 0.0000
-339.9113 0.0000
-339.7819 0.0000
-339.7673 0.0000
-339.9980 0.0000
-339.8161 0.0000
-340.0718 0.0000
-340.1687 0.0000
-340.3154 0.0000
-340.4075 0.0000
-340.0883 0.0000
-340.1054 0.0000
-340.1299 0.0000
-339.8877 0.0000
-340.0159 0.0000
-296.6748 0.0000
-296.3163 0.0000
-296.6010 0.0000
-296.2158 0.0000
-295.8225 0.0000
-295.7074 0.0000
-296.0653 0.0000
-295.6585 0.0000
-296.5102 0.0000
-296.4558 0.0000
-296.1870 0.0000
-295.8765 0.0000
-295.4909 0.0000
-296.0263 0.0000
-295.3292 0.0000
-295.6788 0.0000
-296.2632 0.0000
-296.3751 0.0000
-296.8478 0.0000
-297.2486 0.0000
-297.3728 0.0000
-296.6089 0.0000
-296.2122 0.0000
-297.2108 0.0000
-296.9752 0.0000
-296.4954 0.0000
-296.5525 0.0000
-296.8107 0.0000
-297.6139 0.0000
-296.7191 0.0000
-296.1890 0.0000
-296.4390 0.0000
-296.3639 0.0000
-295.5124 0.0000
-294.9954 0.0000
-294.5415 0.0000
-294.2309 0.0000
-294.2011 0.0000
-293.9662 0.0000
-294.3894 0.0000
-294.8730 0.0000
-295.1207 0.0000
-295.8273 0.0000
-296.4424 0.0000
-295.6221 0.0000
-295.5494 0.0000
-295.0847 0.0000
-294.8835 0.0000
-294.9465 0.0000
-295.3153 0.0000
-295.3985 0.0000
-294.6481 0.0000
-295.4321 0.0000
-295.4147 0.0000
-295.5035 0.0000
-294.7650 0.0000
-294.2855 0.0000
-294.5945 0.0000
-295.0084 0.0000
-295.1895 0.0000
-295.8092 0.0000
-295.3727 0.0000
-295.2537 0.0000
-295.7442 0.0000
-296.8952 0.0000
-296.4698 0.0000
-295.0621 0.0000
-295.6403 0.0000
-296.4095 0.0000
-294.8257 0.0000
-295.0169 0.0000
-295.3618 0.0000
-294.7942 0.0000
-295.5023 0.0000
-294.8709 0.0000
-294.4616 0.0000
-294.7269 0.0000
-293.9408 0.0000
-293.3997 0.0000
-292.8421 0.0000
-292.6385 0.0000
-292.7362 0.0000
-291.4375 0.0000
-291.2712 0.0000
-292.3557 0.0000
-292.7234 0.0000
-293.0026 0.0000
-292.2624 0.0000
-292.7566 0.0000
-292.8289 0.0000
-292.9000 0.0000
-292.5043 0.0000
-292.2834 0.0000
-292.1483 0.0000
-292.6164 0.0000
-293.0567 0.0000
-293.7920 0.0000
-293.7203 0.0000
-293.2403 0.0000
-292.7186 0.0000
-338.2548 0.0000
-338.6391 0.0000
-338.5232 0.0000
-338.4634 0.0000
-338.3903 0.0000
-338.6371 0.0000
-338.4321 0.0000
-338.5897 0.0000
-338.5436 0.0000
-338.8561 0.0000
-338.5132 0.0000
-338.5343 0.0000
-338.4201 0.0000
-338.4309 0.0000
-338.8808 0.0000
-338.6933 0.0000
-338.3576 0.0000
-338.7079 0.0000
-338.4304 0.0000
-338.6966 0.0000
-338.6040 0.0000
-338.5235 0.0000
-338.3572 0.0000
-338.6539 0.0000
-338.4945 0.0000
-338.7532 0.0000
-338.4286 0.0000
-338.4563 0.0000
-338.4055 0.0000
-338.7939 0.0000
-338.5076 0.0000
-338.5222 0.0000
-338.6613 0.0000
-338.6667 0.0000
-338.3570 0.0000
-338.6778 0.0000
-338.7164 0.0000
-338.7009 0.0000
-338.8503 0.0000
-338.6282 0.0000
-338.6192 0.0000
-338.6372 0.0000
-338.9063 0.0000
-338.5777 0.0000
-338.6663 0.0000
-338.7262 0.0000
-338.6310 0.0000
-338.6110 0.0000
-338.3896 0.0000
-338.5295 0.0000
-338.6563 0.0000
-338.4696 0.0000
-338.7273 0.0000
-338.5570 0.0000
-338.8562 0.0000
-338.4411 0.0000
-338.7673 0.0000
-338.7286 0.0000
-338.5166 0.0000
-338.6993 0.0000
-338.2781 0.0000
-338.4479 0.0000
-338.5131 0.0000
-338.5432 0.0000
-338.8479 0.0000
-338.4645 0.0000
-338.6877 0.0000
-338.5421 0.0000
-338.4448 0.0000
-338.7034 0.0000
-338.5899 0.0000
-338.6641 0.0000
-338.9642 0.0000
-338.5958 0.0000
-338.9288 0.0000
-338.7927 0.0000
-338.4161 0.0000
-338.4699 0.0000
-338.6833 0.0000
-338.5646 0.0000
-338.7913 0.0000
-338.4760 0.0000
-338.7159 0.0000
-338.5545 0.0000
-338.8064 0.0000
-338.6319 0.0000
-338.5050 0.0000
-338.6248 0.0000
-338.8666 0.0000
-338.6678 0.0000
-338.4377 0.0000
-338.8539 0.0000
-338.2737 0.0000
-338.6663 0.0000
-338.7218 0.0000
-338.6906 0.0000
-338.7838 0.0000
-338.1507 0.0000
-338.7819 0.0000
-338.5970 0.0000
-335.5816 0.0000
-334.3636 0.0000
-334.9707 0.0000
-336.3781 0.0000
-335.7529 0.0000
-335.4503 0.0000
-336.2418 0.0000
-336.6668 0.0000
-336.4171 0.0000
-336.2437 0.0000
-336.4403 0.0000
-336.1484 0.0000
-336.1232 0.0000
-336.0816 0.0000
-335.3188 0.0000
-335.7459 0.0000
-335.4541 0.0000
-335.4766 0.0000
-336.6763 0.0000
-335.8163 0.0000
-335.5961 0.0000
-335.8068 0.0000
-336.0428 0.0000
-336.1496 0.0000
-335.2358 0.0000
-335.6800 0.0000
-335.7405 0.0000
-336.2004 0.0000
-334.8642 0.0000
-336.2005 0.0000
-334.9024 0.0000
-335.7391 0.0000
-337.1206 0.0000
-335.6097 0.0000
-336.2061 0.0000
-336.6490 0.0000
-335.5139 0.0000
-335.6289 0.0000
-335.8647 0.0000
-336.2199 0.0000
-335.3071 0.0000
-335.5212 0.0000
-336.2378 0.0000
-336.2544 0.0000
-334.7256 0.0000
-334.2083 0.0000
-334.9864 0.0000
-335.2395 0.0000
-335.2092 0.0000
-334.9815 0.0000
-334.7452 0.0000
-335.1819 0.0000
-336.4662 0.0000
-336.2953 0.0000
-335.5182 0.0000
-335.9845 0.0000
-335.9398 0.0000
-334.8451 0.0000
-334.7867 0.0000
-335.3027 0.0000
-335.8106 0.0000
-335.3108 0.0000
-336.7562 0.0000
-336.1665 0.0000
-336.4305 0.0000
-335.5987 0.0000
-334.6891 0.0000
-336.4732 0.0000
-336.6387 0.0000
-336.9397 0.0000
-335.7326 0.0000
-336.0899 0.0000
-336.6853 0.0000
-336.3022 0.0000
-336.7206 0.0000
-335.5723 0.0000
-336.8606 0.0000
-335.2137 0.0000
-335.3411 0.0000
-336.3280 0.0000
-335.7773 0.0000
-335.5676 0.0000
-335.5419 0.0000
-335.8722 0.0000
-336.5961 0.0000
-335.6948 0.0000
-335.9714 0.0000
-335.5666 0.0000
-336.7125 0.0000
-336.0164 0.0000
-335.9464 0.0000
-335.9000 0.0000
-335.5268 0.0000
-336.1129 0.0000
-335.8547 0.0000
-336.1980 0.0000
-334.1101 0.0000
-335.0695 0.0000
-335.4230 0.0000
