-100.0000 -100.0000
-330.2329 0.0000
-330.1653 0.0000
-330.6191 0.0000
-330.6474 0.0000
-332.3404 0.0000
-333.8797 0.0000
-334.3842 0.0000
-334.0464 0.0000
-334.9270 0.0000
-334.3591 0.0000
-333.5758 0.0000
-333.4295 0.0000
-333.2558 0.0000
-333.7634 0.0000
-332.8538 0.0000
-332.0273 0.0000
-332.6763 0.0000
-332.8940 0.0000
-333.7485 0.0000
-335.3120 0.0000
-336.2084 0.0000
-336.5616 0.0000
-336.2879 0.0000
-335.3090 0.0000
-336.8835 0.0000
-336.7767 0.0000
-337.7819 0.0000
-338.5192 0.0000
-337.6193 0.0000
-336.8540 0.0000
-337.2454 0.0000
-337.2514 0.0000
-337.2779 0.0000
-337.2386 0.0000
-335.5219 0.0000
-335.4811 0.0000
-337.0257 0.0000
-335.3349 0.0000
-335.4513 0.0000
-335.5792 0.0000
-335.7190 0.0000
-334.9379 0.0000
-334.3059 0.0000
-333.8894 0.0000
-333.1707 0.0000
-332.3391 0.0000
-332.4549 0.0000
-331.3741 0.0000
-331.4205 0.0000
-330.7552 0.0000
-331.4192 0.0000
-330.3801 0.0000
-330.1380 0.0000
-331.4673 0.0000
-331.3738 0.0000
-330.7920 0.0000
-330.3266 0.0000
-330.0722 0.0000
-329.6927 0.0000
-329.8368 0.0000
-330.1129 0.0000
-330.1555 0.0000
-330.8001 0.0000
-331.6694 0.0000
-331.3755 0.0000
-330.4426 0.0000
-330.7544 0.0000
-331.0512 0.0000
-330.7290 0.0000
-330.0396 0.0000
-328.7670 0.0000
-327.5030 0.0000
-326.2064 0.0000
-325.8512 0.0000
-325.5938 0.0000
-325.6785 0.0000
-325.0607 0.0000
-325.3133 0.0000
-326.0027 0.0000
-326.9402 0.0000
-326.8076 0.0000
-326.1485 0.0000
-327.1609 0.0000
-326.4885 0.0000
-325.6627 0.0000
-326.1312 0.0000
-325.9016 0.0000
-324.9843 0.0000
-324.6436 0.0000
-324.5358 0.0000
-323.5301 0.0000
-322.5278 0.0000
-323.0668 0.0000
-324.1539 0.0000
-324.1699 0.0000
-324.0547 0.0000
-323.0197 0.0000
-323.3673 0.0000
-321.8997 0.0000
-323.9002 0.0000
-337.7211 0.0000
-337.6373 0.0000
-337.7254 0.0000
-338.1069 0.0000
-337.4140 0.0000
-337.5942 0.0000
-337.4355 0.0000
-337.2918 0.0000
-337.6244 0.0000
-337.1841 0.0000
-336.9603 0.0000
-337.3452 0.0000
-338.2072 0.0000
-338.4710 0.0000
-338.1525 0.0000
-338.3155 0.0000
-338.2374 0.0000
-338.4413 0.0000
-338.3473 0.0000
-338.3802 0.0000
-338.4529 0.0000
-338.5148 0.0000
-338.2067 0.0000
-338.1013 0.0000
-337.0754 0.0000
-338.1625 0.0000
-338.4041 0.0000
-339.1235 0.0000
-339.0323 0.0000
-339.1146 0.0000
-338.6666 0.0000
-337.7486 0.0000
-337.9415 0.0000
-338.1181 0.0000
-338.3260 0.0000
-338.6927 0.0000
-338.0544 0.0000
-337.7092 0.0000
-337.6903 0.0000
-337.5372 0.0000
-337.9549 0.0000
-338.2977 0.0000
-338.7395 0.0000
-338.0823 0.0000
-337.8717 0.0000
-337.1431 0.0000
-336.3664 0.0000
-336.5527 0.0000
-336.6793 0.0000
-336.3262 0.0000
-335.7625 0.0000
-334.9451 0.0000
-336.1985 0.0000
-336.2484 0.0000
-335.8651 0.0000
-335.9374 0.0000
-335.0715 0.0000
-334.9985 0.0000
-334.7594 0.0000
-335.3947 0.0000
-334.4617 0.0000
-334.6863 0.0000
-334.5054 0.0000
-334.3086 0.0000
-334.8243 0.0000
-334.9629 0.0000
-334.3980 0.0000
-334.0960 0.0000
-333.5576 0.0000
-333.6750 0.0000
-334.0209 0.0000
-334.4275 0.0000
-334.3644 0.0000
-334.7212 0.0000
-334.7169 0.0000
-336.6627 0.0000
-336.8652 0.0000
-337.1414 0.0000
-337.3752 0.0000
-336.9919 0.0000
-336.1406 0.0000
-336.3697 0.0000
-335.9837 0.0000
-336.5363 0.0000
-336.3600 0.0000
-336.5365 0.0000
-336.2778 0.0000
-337.5765 0.0000
-337.8264 0.0000
-337.6421 0.0000
-337.7696 0.0000
-337.3651 0.0000
-336.8334 0.0000
-336.4702 0.0000
-336.4684 0.0000
-336.1965 0.0000
-336.5685 0.0000
-335.7624 0.0000
-336.4812 0.0000
-335.9961 0.0000
-329.1583 0.0000
-329.1477 0.0000
-329.6169 0.0000
-329.5089 0.0000
-329.6582 0.0000
-329.7972 0.0000
-330.1843 0.0000
-330.0991 0.0000
-330.0418 0.0000
-329.8321 0.0000
-329.4714 0.0000
-329.4434 0.0000
-329.4783 0.0000
-329.2080 0.0000
-329.1854 0.0000
-329.5185 0.0000
-329.6077 0.0000
-329.4909 0.0000
-329.3840 0.0000
-329.4170 0.0000
-329.4443 0.0000
-329.4994 0.0000
-329.6443 0.0000
-329.3721 0.0000
-328.8561 0.0000
-328.8363 0.0000
-329.0552 0.0000
-329.0306 0.0000
-328.6935 0.0000
-328.4891 0.0000
-328.6728 0.0000
-328.6994 0.0000
-328.6140 0.0000
-328.4622 0.0000
-328.5854 0.0000
-328.7230 0.0000
-328.6334 0.0000
-328.6144 0.0000
-328.7418 0.0000
-328.9108 0.0000
-328.9454 0.0000
-328.6692 0.0000
-328.7315 0.0000
-328.9396 0.0000
-329.3876 0.0000
-329.7414 0.0000
-329.9277 0.0000
-329.7306 0.0000
-329.4859 0.0000
-329.5815 0.0000
-329.5203 0.0000
-329.4289 0.0000
-329.3937 0.0000
-329.9994 0.0000
-329.5669 0.0000
-329.5133 0.0000
-329.4024 0.0000
-329.0389 0.0000
-328.7483 0.0000
-329.0584 0.0000
-328.5695 0.0000
-328.9733 0.0000
-328.5735 0.0000
-328.5740 0.0000
-328.8549 0.0000
-329.0968 0.0000
-328.7407 0.0000
-328.7130 0.0000
-329.1103 0.0000
-329.2087 0.0000
-329.0415 0.0000
-328.9130 0.0000
-328.5218 0.0000
-328.6151 0.0000
-328.4035 0.0000
-328.7111 0.0000
-328.9079 0.0000
-328.4342 0.0000
-328.1629 0.0000
-327.7799 0.0000
-327.7993 0.0000
-327.6028 0.0000
-328.1465 0.0000
-328.2148 0.0000
-328.0803 0.0000
-328.0477 0.0000
-327.7465 0.0000
-327.8082 0.0000
-328.3159 0.0000
-328.0113 0.0000
-327.7641 0.0000
-327.8411 0.0000
-327.9265 0.0000
-327.5750 0.0000
-327.5329 0.0000
-327.8188 0.0000
-327.9770 0.0000
-328.3210 0.0000
-328.1164 0.0000
-327.7650 0.0000
-325.0568 0.0000
-325.9482 0.0000
-325.0149 0.0000
-325.3112 0.0000
-324.6884 0.0000
-324.1154 0.0000
-323.2355 0.0000
-323.8052 0.0000
-323.4177 0.0000
-324.0150 0.0000
-322.9972 0.0000
-322.8011 0.0000
-322.4752 0.0000
-322.1981 0.0000
-323.0141 0.0000
-324.0475 0.0000
-322.7051 0.0000
-323.2884 0.0000
-322.1885 0.0000
-322.3340 0.0000
-322.0674 0.0000
-321.7853 0.0000
-320.4758 0.0000
-320.9065 0.0000
-319.8799 0.0000
-320.1324 0.0000
-320.5974 0.0000
-320.8609 0.0000
-320.8444 0.0000
-321.3875 0.0000
-321.4158 0.0000
-321.5007 0.0000
-321.9297 0.0000
-321.7990 0.0000
-321.4730 0.0000
-322.1130 0.0000
-322.1954 0.0000
-322.4543 0.0000
-322.9527 0.0000
-322.9629 0.0000
-322.9432 0.0000
-322.7787 0.0000
-323.5367 0.0000
-322.5045 0.0000
-322.4233 0.0000
-323.3546 0.0000
-322.2551 0.0000
-322.2808 0.0000
-322.2078 0.0000
-321.9917 0.0000
-322.3623 0.0000
-322.6529 0.0000
-321.8748 0.0000
-322.0623 0.0000
-322.7348 0.0000
-322.8297 0.0000
-323.5996 0.0000
-323.5745 0.0000
-323.1132 0.0000
-324.0717 0.0000
-322.9293 0.0000
-322.8323 0.0000
-322.3113 0.0000
-321.9679 0.0000
-322.3151 0.0000
-321.6662 0.0000
-321.2316 0.0000
-321.3586 0.0000
-320.4259 0.0000
-320.7001 0.0000
-319.7172 0.0000
-320.1078 0.0000
-321.2275 0.0000
-320.2874 0.0000
-320.8609 0.0000
-320.4057 0.0000
-320.0650 0.0000
-319.1839 0.0000
-319.6328 0.0000
-318.7762 0.0000
-319.2759 0.0000
-319.9998 0.0000
-319.8512 0.0000
-319.0763 0.0000
-320.3260 0.0000
-319.6025 0.0000
-319.6809 0.0000
-319.4983 0.0000
-320.1979 0.0000
-318.3185 0.0000
-318.6917 0.0000
-319.0506 0.0000
-318.3612 0.0000
-318.5076 0.0000
-318.4147 0.0000
-318.6939 0.0000
-319.8849 0.0000
-318.7953 0.0000
-319.3935 0.0000
-318.9748 0.0000
-335.4406 0.0000
-334.8162 0.0000
-335.2984 0.0000
-334.4915 0.0000
-335.2199 0.0000
-335.5092 0.0000
-334.9507 0.0000
-335.1639 0.0000
-334.5586 0.0000
-335.7294 0.0000
-335.2368 0.0000
-335.8512 0.0000
-335.8771 0.0000
-335.0393 0.0000
-334.4850 0.0000
-335.7284 0.0000
-335.4067 0.0000
-335.1175 0.0000
-335.7609 0.0000
-335.1503 0.0000
-336.2124 0.0000
-335.6093 0.0000
-335.5270 0.0000
-335.6556 0.0000
-335.8164 0.0000
-336.4185 0.0000
-335.4586 0.0000
-335.3931 0.0000
-335.2919 0.0000
-335.1547 0.0000
-334.2507 0.0000
-335.3139 0.0000
-336.3430 0.0000
-335.3097 0.0000
-335.5722 0.0000
-336.1583 0.0000
-335.1322 0.0000
-334.5365 0.0000
-336.1445 0.0000
-335.1916 0.0000
-335.0579 0.0000
-335.5130 0.0000
-335.5193 0.0000
-334.9773 0.0000
-335.2889 0.0000
-335.1082 0.0000
-334.6580 0.0000
-335.5720 0.0000
-335.1718 0.0000
-334.9237 0.0000
-334.5122 0.0000
-334.6722 0.0000
-335.4923 0.0000
-335.1562 0.0000
-335.2754 0.0000
-335.2469 0.0000
-336.0355 0.0000
-334.8791 0.0000
-335.2862 0.0000
-335.8632 0.0000
-335.0507 0.0000
-334.4794 0.0000
-335.6902 0.0000
-335.6983 0.0000
-335.1922 0.0000
-335.4081 0.0000
-334.2809 0.0000
-335.6056 0.0000
-335.1005 0.0000
-335.6088 0.0000
-335.4518 0.0000
-335.4154 0.0000
-334.7904 0.0000
-335.3172 0.0000
-335.8375 0.0000
-334.8988 0.0000
-335.8471 0.0000
-334.9373 0.0000
-335.1186 0.0000
-335.2905 0.0000
-335.1928 0.0000
-335.2031 0.0000
-335.8026 0.0000
-335.5068 0.0000
-336.1109 0.0000
-335.1466 0.0000
-335.7898 0.0000
-335.9528 0.0000
-335.4939 0.0000
-335.0960 0.0000
-335.8959 0.0000
-335.7875 0.0000
-335.7674 0.0000
-335.2185 0.0000
-335.2540 0.0000
-335.0138 0.0000
-335.0663 0.0000
-334.6143 0.0000
-335.4673 0.0000
