-100.0000 -100.0000
-342.0166 0.0000
-342.4296 0.0000
-342.1847 0.0000
-342.3155 0.0000
-342.0330 0.0000
-341.9769 0.0000
-341.9963 0.0000
-341.9744 0.0000
-342.0833 0.0000
-341.9709 0.0000
-341.9446 0.0000
-342.0875 0.0000
-342.2636 0.0000
-341.9464 0.0000
-342.0711 0.0000
-342.1846 0.0000
-342.3614 0.0000
-342.1285 0.0000
-342.0154 0.0000
-342.1849 0.0000
-342.0622 0.0000
-342.3589 0.0000
-342.1997 0.0000
-342.1181 0.0000
-342.1452 0.0000
-342.2791 0.0000
-342.3710 0.0000
-342.1015 0.0000
-342.0031 0.0000
-341.9765 0.0000
-342.1259 0.0000
-342.1079 0.0000
-342.1088 0.0000
-342.1823 0.0000
-342.5205 0.0000
-342.2030 0.0000
-341.9910 0.0000
-341.9769 0.0000
-342.0658 0.0000
-342.3760 0.0000
-342.1228 0.0000
-342.1447 0.0000
-341.9517 0.0000
-341.9794 0.0000
-341.8058 0.0000
-341.8599 0.0000
-341.6340 0.0000
-341.7064 0.0000
-341.1853 0.0000
-341.3693 0.0000
-341.3140 0.0000
-341.2952 0.0000
-341.3874 0.0000
-341.0655 0.0000
-341.0771 0.0000
-340.8025 0.0000
-340.7775 0.0000
-340.7522 0.0000
-340.8130 0.0000
-340.8052 0.0000
-340.7130 0.0000
-340.5869 0.0000
-340.6399 0.0000
-340.4433 0.0000
-340.2514 0.0000
-340.0962 0.0000
-340.0554 0.0000
-340.0414 0.0000
-339.9277 0.0000
-339.9067 0.0000
-340.0266 0.0000
-340.0079 0.0000
-340.0734 0.0000
-340.2475 0.0000
-340.1170 0.0000
-340.0461 0.0000
-339.9742 0.0000
-340.0667 0.0000
-339.9693 0.0000
-340.2126 0.0000
-339.9981 0.0000
-339.9207 0.0000
-339.9630 0.0000
-339.9636 0.0000
-340.0450 0.0000
-340.0912 0.0000
-340.2119 0.0000
-340.2658 0.0000
-340.1560 0.0000
-340.0412 0.0000
-340.3366 0.0000
-340.2757 0.0000
-340.2849 0.0000
-340.3813 0.0000
-340.4367 0.0000
-340.3760 0.0000
-340.5009 0.0000
-340.5224 0.0000
-340.5889 0.0000
-340.4331 0.0000
-316.6371 0.0000
-315.9603 0.0000
-315.9797 0.0000
-316.6084 0.0000
-316.1396 0.0000
-315.7971 0.0000
-315.4275 0.0000
-314.6775 0.0000
-314.3757 0.0000
-314.1979 0.0000
-314.2206 0.0000
-314.4651 0.0000
-315.2877 0.0000
-315.0120 0.0000
-314.3056 0.0000
-313.3978 0.0000
-313.5107 0.0000
-312.8436 0.0000
-313.0740 0.0000
-313.0630 0.0000
-313.3082 0.0000
-313.5337 0.0000
-313.0016 0.0000
-312.2496 0.0000
-310.3576 0.0000
-310.3345 0.0000
-310.0083 0.0000
-309.4627 0.0000
-309.3425 0.0000
-308.4021 0.0000
-308.7010 0.0000
-307.2334 0.0000
-307.7170 0.0000
-307.4531 0.0000
-307.3449 0.0000
-307.9674 0.0000
-307.2079 0.0000
-306.1768 0.0000
-305.6770 0.0000
-306.0358 0.0000
-305.9526 0.0000
-306.2214 0.0000
-305.8362 0.0000
-305.7230 0.0000
-304.8748 0.0000
-303.8294 0.0000
-302.6505 0.0000
-303.0865 0.0000
-302.2455 0.0000
-302.4676 0.0000
-301.9255 0.0000
-300.1845 0.0000
-301.1138 0.0000
-299.7185 0.0000
-300.0642 0.0000
-300.3632 0.0000
-299.8683 0.0000
-301.2238 0.0000
-300.0346 0.0000
-299.7852 0.0000
-300.2486 0.0000
-300.7872 0.0000
-300.7185 0.0000
-300.1531 0.0000
-299.6905 0.0000
-299.9637 0.0000
-298.7316 0.0000
-297.9418 0.0000
-298.2224 0.0000
-297.1580 0.0000
-296.9190 0.0000
-297.0888 0.0000
-297.9614 0.0000
-297.4831 0.0000
-296.8144 0.0000
-297.2280 0.0000
-297.4481 0.0000
-296.3515 0.0000
-296.5409 0.0000
-296.2650 0.0000
-295.9786 0.0000
-296.5873 0.0000
-296.6076 0.0000
-296.8816 0.0000
-297.3858 0.0000
-296.8174 0.0000
-297.3043 0.0000
-297.3787 0.0000
-296.8197 0.0000
-297.0260 0.0000
-297.1848 0.0000
-296.7915 0.0000
-297.1775 0.0000
-297.6138 0.0000
-296.1426 0.0000
-296.1085 0.0000
-296.2545 0.0000
-295.5347 0.0000
-295.0645 0.0000
-296.1718 0.0000
-338.4649 0.0000
-338.8563 0.0000
-338.7173 0.0000
-338.0513 0.0000
-338.7322 0.0000
-339.1987 0.0000
-338.4656 0.0000
-339.0053 0.0000
-338.7860 0.0000
-338.3021 0.0000
-338.7454 0.0000
-338.2961 0.0000
-339.0185 0.0000
-339.0727 0.0000
-338.7924 0.0000
-338.5076 0.0000
-338.7113 0.0000
-338.6811 0.0000
-338.6122 0.0000
-337.8260 0.0000
-338.3729 0.0000
-339.4032 0.0000
-338.0556 0.0000
-338.6871 0.0000
-337.7328 0.0000
-339.1291 0.0000
-337.9536 0.0000
-337.9971 0.0000
-338.1707 0.0000
-339.4421 0.0000
-338.7194 0.0000
-338.4466 0.0000
-339.5861 0.0000
-338.7027 0.0000
-338.3396 0.0000
-338.7954 0.0000
-338.5926 0.0000
-338.3321 0.0000
-338.2956 0.0000
-338.1199 0.0000
-339.0591 0.0000
-339.2167 0.0000
-339.1701 0.0000
-338.0650 0.0000
-339.1689 0.0000
-339.2222 0.0000
-337.7300 0.0000
-338.7498 0.0000
-338.3203 0.0000
-339.0195 0.0000
-338.0988 0.0000
-339.1900 0.0000
-337.9295 0.0000
-338.5034 0.0000
-338.2285 0.0000
-339.2308 0.0000
-338.5053 0.0000
-338.6357 0.0000
-338.4399 0.0000
-338.6977 0.0000
-338.4507 0.0000
-339.0540 0.0000
-338.1642 0.0000
-338.9841 0.0000
-339.8068 0.0000
-338.7532 0.0000
-338.4310 0.0000
-339.2249 0.0000
-338.2813 0.0000
-337.9471 0.0000
-337.4854 0.0000
-338.1776 0.0000
-338.4348 0.0000
-339.2144 0.0000
-338.9679 0.0000
-339.5485 0.0000
-340.3507 0.0000
-340.7262 0.0000
-340.6188 0.0000
-341.4409 0.0000
-340.8999 0.0000
-340.9117 0.0000
-340.9120 0.0000
-340.9025 0.0000
-340.1343 0.0000
-339.7240 0.0000
-339.4635 0.0000
-338.3573 0.0000
-338.5456 0.0000
-337.9206 0.0000
-338.4410 0.0000
-338.0371 0.0000
-338.8947 0.0000
-338.6456 0.0000
-338.5685 0.0000
-337.6155 0.0000
-337.2620 0.0000
-336.2080 0.0000
-336.1366 0.0000
-335.7887 0.0000
-312.4769 0.0000
-312.6050 0.0000
-312.1373 0.0000
-312.2852 0.0000
-312.4777 0.0000
-311.9568 0.0000
-312.1913 0.0000
-312.3465 0.0000
-312.6623 0.0000
-311.6948 0.0000
-313.3382 0.0000
-310.1606 0.0000
-310.4607 0.0000
-308.9164 0.0000
-310.3122 0.0000
-311.0436 0.0000
-310.5244 0.0000
-311.8196 0.0000
-310.7232 0.0000
-310.4469 0.0000
-308.9836 0.0000
-308.9252 0.0000
-308.2742 0.0000
-306.9134 0.0000
-307.8122 0.0000
-307.5581 0.0000
-308.3060 0.0000
-307.9885 0.0000
-307.7330 0.0000
-308.4860 0.0000
-308.0172 0.0000
-308.4720 0.0000
-309.0848 0.0000
-308.6877 0.0000
-309.1833 0.0000
-309.1794 0.0000
-309.1771 0.0000
-309.2105 0.0000
-309.2684 0.0000
-308.9478 0.0000
-309.2285 0.0000
-310.2169 0.0000
-309.9410 0.0000
-310.0859 0.0000
-310.0822 0.0000
-309.5896 0.0000
-309.5031 0.0000
-310.3218 0.0000
-308.4934 0.0000
-308.6571 0.0000
-308.4038 0.0000
-309.4627 0.0000
-307.4084 0.0000
-307.4037 0.0000
-306.7654 0.0000
-306.7216 0.0000
-305.0347 0.0000
-303.6854 0.0000
-304.7606 0.0000
-304.7306 0.0000
-304.3211 0.0000
-305.7853 0.0000
-305.6072 0.0000
-303.9161 0.0000
-303.6147 0.0000
-304.5279 0.0000
-304.0049 0.0000
-303.2895 0.0000
-303.5917 0.0000
-301.7167 0.0000
-302.4869 0.0000
-301.4844 0.0000
-301.5599 0.0000
-301.7978 0.0000
-301.6101 0.0000
-301.3343 0.0000
-301.2726 0.0000
-301.4807 0.0000
-301.4075 0.0000
-301.9003 0.0000
-301.4034 0.0000
-301.4810 0.0000
-300.4734 0.0000
-301.9042 0.0000
-299.4962 0.0000
-300.3476 0.0000
-299.2948 0.0000
-300.3430 0.0000
-300.8305 0.0000
-300.9249 0.0000
-301.1797 0.0000
-299.6893 0.0000
-299.5393 0.0000
-298.6741 0.0000
-299.4635 0.0000
-299.7465 0.0000
-299.6993 0.0000
-299.8141 0.0000
-299.4057 0.0000
-298.1808 0.0000
-295.5250 0.0000
-296.2996 0.0000
-295.1611 0.0000
-296.2917 0.0000
-296.4121 0.0000
-295.4147 0.0000
-295.7340 0.0000
-295.9567 0.0000
-296.5382 0.0000
-295.5900 0.0000
-296.8308 0.0000
-295.9803 0.0000
-296.2571 0.0000
-297.0003 0.0000
-297.6969 0.0000
-297.0093 0.0000
-296.6326 0.0000
-297.2318 0.0000
-296.7064 0.0000
-296.2461 0.0000
-295.9812 0.0000
-296.3383 0.0000
-296.2488 0.0000
-295.9428 0.0000
-296.4325 0.0000
-295.2253 0.0000
-294.2445 0.0000
-295.4296 0.0000
-295.1284 0.0000
-294.0097 0.0000
-294.3166 0.0000
-293.8608 0.0000
-294.6836 0.0000
-294.8448 0.0000
-294.3768 0.0000
-294.6425 0.0000
-294.9649 0.0000
-294.0384 0.0000
-293.2205 0.0000
-292.7804 0.0000
-292.4528 0.0000
-291.4948 0.0000
-291.7730 0.0000
-291.9499 0.0000
-291.2904 0.0000
-291.2096 0.0000
-291.1746 0.0000
-291.9816 0.0000
-291.3561 0.0000
-291.3291 0.0000
-290.9022 0.0000
-290.1417 0.0000
-289.3304 0.0000
-289.7329 0.0000
-289.6092 0.0000
-290.0731 0.0000
-289.9040 0.0000
-290.6925 0.0000
-290.0916 0.0000
-289.7196 0.0000
-289.8184 0.0000
-290.0457 0.0000
-289.8382 0.0000
-289.8497 0.0000
-289.7069 0.0000
-290.0955 0.0000
-289.5133 0.0000
-290.1477 0.0000
-289.9364 0.0000
-288.7528 0.0000
-289.5338 0.0000
-288.8808 0.0000
-288.5521 0.0000
-288.0487 0.0000
-288.2454 0.0000
-287.8144 0.0000
-287.7839 0.0000
-287.6363 0.0000
-288.3401 0.0000
-287.5493 0.0000
-287.8476 0.0000
-288.0187 0.0000
-287.7588 0.0000
-288.2773 0.0000
-289.0806 0.0000
-287.9689 0.0000
-287.4713 0.0000
-287.5568 0.0000
-287.9814 0.0000
-288.1466 0.0000
-288.0291 0.0000
-288.3669 0.0000
-287.3341 0.0000
-286.9596 0.0000
-286.1861 0.0000
-287.0730 0.0000
-286.2336 0.0000
-286.0426 0.0000
-285.2254 0.0000
