-100.0000 -100.0000
-327.2032 0.0000
-327.2596 0.0000
-328.0154 0.0000
-326.9829 0.0000
-327.1319 0.0000
-327.6946 0.0000
-326.7443 0.0000
-327.0005 0.0000
-326.7204 0.0000
-326.7657 0.0000
-326.6366 0.0000
-327.1065 0.0000
-327.1152 0.0000
-327.4930 0.0000
-327.3487 0.0000
-327.0138 0.0000
-327.7794 0.0000
-326.7761 0.0000
-327.6428 0.0000
-328.0538 0.0000
-328.6330 0.0000
-329.0673 0.0000
-329.0142 0.0000
-328.7844 0.0000
-329.2108 0.0000
-328.5835 0.0000
-328.1544 0.0000
-327.7874 0.0000
-327.7566 0.0000
-327.4459 0.0000
-327.4924 0.0000
-327.4608 0.0000
-327.5835 0.0000
-327.7652 0.0000
-327.6304 0.0000
-327.8674 0.0000
-328.2239 0.0000
-328.2611 0.0000
-328.4923 0.0000
-328.5228 0.0000
-328.4732 0.0000
-328.0868 0.0000
-327.6418 0.0000
-328.3554 0.0000
-327.8982 0.0000
-327.8441 0.0000
-326.9577 0.0000
-326.7317 0.0000
-326.2970 0.0000
-326.2157 0.0000
-327.5691 0.0000
-325.7980 0.0000
-325.3691 0.0000
-326.2717 0.0000
-325.7814 0.0000
-325.0668 0.0000
-325.4532 0.0000
-325.4958 0.0000
-324.8912 0.0000
-325.1625 0.0000
-323.9451 0.0000
-323.7606 0.0000
-324.0390 0.0000
-324.3827 0.0000
-324.1516 0.0000
-324.1273 0.0000
-323.5431 0.0000
-323.2031 0.0000
-323.0311 0.0000
-322.1078 0.0000
-321.5382 0.0000
-320.3020 0.0000
-319.1234 0.0000
-319.7978 0.0000
-319.7121 0.0000
-319.4606 0.0000
-319.4374 0.0000
-319.0782 0.0000
-320.2819 0.0000
-319.7040 0.0000
-318.9410 0.0000
-318.3133 0.0000
-318.6582 0.0000
-318.0552 0.0000
-316.5033 0.0000
-316.6251 0.0000
-316.8944 0.0000
-316.3496 0.0000
-315.3718 0.0000
-315.3535 0.0000
-315.8772 0.0000
-315.2391 0.0000
-314.9968 0.0000
-315.4501 0.0000
-315.7150 0.0000
-315.5292 0.0000
-315.2075 0.0000
-316.0784 0.0000
-315.9270 0.0000
-317.0378 0.0000
-339.2657 0.0000
-338.9212 0.0000
-338.2153 0.0000
-338.1186 0.0000
-337.9483 0.0000
-339.4556 0.0000
-339.3018 0.0000
-338.0147 0.0000
-337.5216 0.0000
-337.9707 0.0000
-338.8434 0.0000
-338.4508 0.0000
-338.3947 0.0000
-338.1802 0.0000
-338.3404 0.0000
-340.0504 0.0000
-337.7658 0.0000
-339.3510 0.0000
-337.5786 0.0000
-338.6175 0.0000
-338.9260 0.0000
-338.7366 0.0000
-338.1698 0.0000
-338.2847 0.0000
-339.5775 0.0000
-339.0093 0.0000
-338.2545 0.0000
-339.1279 0.0000
-338.1225 0.0000
-339.2158 0.0000
-337.3390 0.0000
-339.4932 0.0000
-339.1096 0.0000
-337.4524 0.0000
-338.5393 0.0000
-338.8509 0.0000
-339.6731 0.0000
-339.4011 0.0000
-338.5338 0.0000
-338.7082 0.0000
-338.2747 0.0000
-338.8355 0.0000
-339.8353 0.0000
-337.7527 0.0000
-338.9837 0.0000
-339.2813 0.0000
-338.8532 0.0000
-339.4668 0.0000
-339.1299 0.0000
-339.0789 0.0000
-338.7546 0.0000
-339.4529 0.0000
-338.1444 0.0000
-339.6163 0.0000
-339.0025 0.0000
-337.9984 0.0000
-338.6639 0.0000
-338.0900 0.0000
-338.0791 0.0000
-339.5460 0.0000
-338.0136 0.0000
-338.9576 0.0000
-338.4171 0.0000
-339.4931 0.0000
-339.5613 0.0000
-338.9082 0.0000
-338.5533 0.0000
-339.0568 0.0000
-339.4386 0.0000
-339.7603 0.0000
-339.3169 0.0000
-339.2241 0.0000
-338.2075 0.0000
-338.0960 0.0000
-338.7977 0.0000
-338.7671 0.0000
-339.0064 0.0000
-339.0120 0.0000
-338.1607 0.0000
-339.1865 0.0000
-339.1083 0.0000
-338.5250 0.0000
-338.7654 0.0000
-339.0539 0.0000
-337.3641 0.0000
-338.0627 0.0000
-338.2653 0.0000
-339.3038 0.0000
-338.0596 0.0000
-339.4864 0.0000
-338.6828 0.0000
-339.1282 0.0000
-337.9101 0.0000
-337.2142 0.0000
-338.8221 0.0000
-337.9551 0.0000
-338.5539 0.0000
-338.4870 0.0000
-339.5232 0.0000
-338.3248 0.0000
-322.9093 0.0000
-322.9162 0.0000
-324.0358 0.0000
-321.7660 0.0000
-322.9653 0.0000
-322.5019 0.0000
-322.0524 0.0000
-322.0793 0.0000
-322.0939 0.0000
-323.2638 0.0000
-320.9989 0.0000
-323.0508 0.0000
-322.7576 0.0000
-323.5541 0.0000
-321.9759 0.0000
-322.3831 0.0000
-322.6783 0.0000
-322.7104 0.0000
-322.4631 0.0000
-323.4980 0.0000
-320.5792 0.0000
-323.2779 0.0000
-322.2758 0.0000
-323.0168 0.0000
-321.6896 0.0000
-321.4145 0.0000
-322.4818 0.0000
-322.2601 0.0000
-323.2544 0.0000
-322.2687 0.0000
-322.4980 0.0000
-322.7986 0.0000
-321.9354 0.0000
-322.3540 0.0000
-322.7694 0.0000
-322.5406 0.0000
-322.5811 0.0000
-322.5664 0.0000
-323.1205 0.0000
-322.1944 0.0000
-322.8660 0.0000
-323.0982 0.0000
-323.2243 0.0000
-322.7345 0.0000
-321.5450 0.0000
-322.0013 0.0000
-321.1478 0.0000
-321.9829 0.0000
-322.2689 0.0000
-323.1200 0.0000
-320.9922 0.0000
-321.0161 0.0000
-321.1878 0.0000
-322.7118 0.0000
-320.7235 0.0000
-320.9415 0.0000
-320.3719 0.0000
-319.5813 0.0000
-319.3099 0.0000
-321.1767 0.0000
-319.1720 0.0000
-319.7391 0.0000
-319.9846 0.0000
-320.8094 0.0000
-321.2010 0.0000
-321.6586 0.0000
-321.9848 0.0000
-322.8997 0.0000
-324.2524 0.0000
-323.0001 0.0000
-321.7657 0.0000
-321.9959 0.0000
-320.0795 0.0000
-320.2160 0.0000
-319.7728 0.0000
-319.5752 0.0000
-320.1655 0.0000
-320.4408 0.0000
-320.4569 0.0000
-320.1255 0.0000
-320.0090 0.0000
-319.6684 0.0000
-319.1599 0.0000
-318.6883 0.0000
-317.4380 0.0000
-316.5309 0.0000
-316.8253 0.0000
-315.9703 0.0000
-316.4218 0.0000
-314.9110 0.0000
-316.9619 0.0000
-314.0841 0.0000
-313.4697 0.0000
-313.7317 0.0000
-313.4682 0.0000
-313.9893 0.0000
-313.7958 0.0000
-313.3556 0.0000
-312.0689 0.0000
-312.0046 0.0000
-311.9576 0.0000
-311.6256 0.0000
-311.8862 0.0000
-312.0393 0.0000
-312.0826 0.0000
-311.3491 0.0000
-312.2167 0.0000
-311.2100 0.0000
-311.5044 0.0000
-311.3208 0.0000
-312.3577 0.0000
-311.2618 0.0000
-311.1437 0.0000
-311.5274 0.0000
-312.6893 0.0000
-312.0884 0.0000
-311.4235 0.0000
-311.8043 0.0000
-311.6062 0.0000
-311.1820 0.0000
-310.7193 0.0000
-310.2205 0.0000
-308.2040 0.0000
-308.8435 0.0000
-308.5099 0.0000
-308.2463 0.0000
-309.1621 0.0000
-309.5069 0.0000
-308.6844 0.0000
-308.4074 0.0000
-306.9832 0.0000
-306.4201 0.0000
-306.7285 0.0000
-306.2314 0.0000
-306.7556 0.0000
-307.0257 0.0000
-307.1820 0.0000
-306.2429 0.0000
-306.2090 0.0000
-306.0344 0.0000
-306.1561 0.0000
-306.4022 0.0000
-306.5598 0.0000
-306.6697 0.0000
-307.1601 0.0000
-307.3097 0.0000
-306.8548 0.0000
-307.7268 0.0000
-306.2681 0.0000
-306.3173 0.0000
-306.1195 0.0000
-306.4175 0.0000
-305.4404 0.0000
-305.6898 0.0000
-304.4910 0.0000
-303.4536 0.0000
-303.6803 0.0000
-303.8250 0.0000
-305.0709 0.0000
-304.4760 0.0000
-303.3805 0.0000
-303.5007 0.0000
-303.3434 0.0000
-302.4025 0.0000
-302.9108 0.0000
-303.4699 0.0000
-303.4350 0.0000
-303.5690 0.0000
-303.1394 0.0000
-302.8484 0.0000
-302.9850 0.0000
-303.3051 0.0000
-302.9557 0.0000
-302.7832 0.0000
-303.3291 0.0000
-302.5204 0.0000
-302.1073 0.0000
-301.1160 0.0000
-301.2533 0.0000
-300.3600 0.0000
-300.8397 0.0000
-300.4290 0.0000
-299.6021 0.0000
-298.6514 0.0000
-298.8895 0.0000
-299.3717 0.0000
-298.5540 0.0000
-298.3144 0.0000
-298.2815 0.0000
-297.3147 0.0000
-297.9003 0.0000
-297.2308 0.0000
-296.6637 0.0000
-296.4083 0.0000
-296.2500 0.0000
-296.4532 0.0000
-297.1918 0.0000
-296.6273 0.0000
-296.5223 0.0000
-296.1095 0.0000
-245.6578 0.0000
-246.2162 0.0000
-246.2317 0.0000
-246.1862 0.0000
-246.2202 0.0000
-245.8055 0.0000
-247.1086 0.0000
-246.1885 0.0000
-246.9380 0.0000
-246.5687 0.0000
-247.4087 0.0000
-247.2032 0.0000
-246.4212 0.0000
-246.9267 0.0000
-245.7722 0.0000
-246.5647 0.0000
-245.1692 0.0000
-245.8629 0.0000
-245.3310 0.0000
-245.1903 0.0000
-244.9831 0.0000
-244.0969 0.0000
-244.3083 0.0000
-243.3347 0.0000
-243.1912 0.0000
-242.7930 0.0000
-242.2510 0.0000
-242.8958 0.0000
-243.0993 0.0000
-242.9124 0.0000
-242.9733 0.0000
-243.3711 0.0000
-244.2567 0.0000
-243.4572 0.0000
-243.7375 0.0000
-244.4787 0.0000
-243.4843 0.0000
-243.4986 0.0000
-243.5927 0.0000
-244.2476 0.0000
-243.5619 0.0000
-241.4305 0.0000
-241.9629 0.0000
-241.2695 0.0000
-240.8604 0.0000
-240.2178 0.0000
-240.4977 0.0000
-241.0242 0.0000
-240.7930 0.0000
-241.8951 0.0000
-241.0752 0.0000
-241.9045 0.0000
-240.5952 0.0000
-240.7774 0.0000
-240.2192 0.0000
-240.4173 0.0000
-239.9517 0.0000
-240.5803 0.0000
-240.8155 0.0000
-240.4340 0.0000
-241.2229 0.0000
-241.0619 0.0000
-239.8158 0.0000
-240.1652 0.0000
-239.6248 0.0000
-239.6400 0.0000
-239.5412 0.0000
-240.9004 0.0000
-239.7356 0.0000
-240.0851 0.0000
-238.8701 0.0000
-238.0919 0.0000
-238.8348 0.0000
-238.2121 0.0000
-238.7652 0.0000
-239.0466 0.0000
-239.6261 0.0000
-239.3111 0.0000
-239.7136 0.0000
-239.8608 0.0000
-239.4150 0.0000
-239.2781 0.0000
-240.9455 0.0000
-241.5473 0.0000
-241.9128 0.0000
-241.6300 0.0000
-241.8821 0.0000
-241.7308 0.0000
-242.6354 0.0000
-243.1761 0.0000
-243.1085 0.0000
-243.9204 0.0000
-242.7962 0.0000
-243.3207 0.0000
-243.2815 0.0000
-244.8785 0.0000
-242.7955 0.0000
-242.6951 0.0000
-241.8178 0.0000
