-100.0000 -100.0000
-340.8802 0.0000
-340.6684 0.0000
-340.6252 0.0000
-339.9497 0.0000
-340.0444 0.0000
-340.4105 0.0000
-340.0694 0.0000
-340.1134 0.0000
-340.2478 0.0000
-340.2814 0.0000
-339.5471 0.0000
-339.9708 0.0000
-339.7931 0.0000
-340.2757 0.0000
-340.2869 0.0000
-340.1254 0.0000
-340.8122 0.0000
-340.9073 0.0000
-340.7188 0.0000
-341.0671 0.0000
-341.1845 0.0000
-341.8772 0.0000
-341.5811 0.0000
-341.3769 0.0000
-341.9135 0.0000
-342.1428 0.0000
-342.6289 0.0000
-343.3421 0.0000
-343.1835 0.0000
-343.1926 0.0000
-343.8255 0.0000
-344.1025 0.0000
-343.3254 0.0000
-342.8106 0.0000
-342.3558 0.0000
-342.5734 0.0000
-343.3433 0.0000
-342.5508 0.0000
-342.9174 0.0000
-343.0195 0.0000
-342.9548 0.0000
-342.7628 0.0000
-342.5799 0.0000
-341.9391 0.0000
-340.9352 0.0000
-340.3034 0.0000
-339.6996 0.0000
-339.2220 0.0000
-339.7365 0.0000
-339.8712 0.0000
-339.8059 0.0000
-339.9134 0.0000
-340.2915 0.0000
-340.3925 0.0000
-340.6482 0.0000
-340.6384 0.0000
-340.4930 0.0000
-340.1437 0.0000
-340.5167 0.0000
-340.2575 0.0000
-339.7336 0.0000
-340.1610 0.0000
-340.9991 0.0000
-341.5563 0.0000
-341.5272 0.0000
-341.0907 0.0000
-340.7090 0.0000
-340.9492 0.0000
-341.1574 0.0000
-340.9485 0.0000
-340.2273 0.0000
-339.4765 0.0000
-339.2015 0.0000
-338.3907 0.0000
-337.7034 0.0000
-338.3714 0.0000
-338.0522 0.0000
-337.5374 0.0000
-337.6278 0.0000
-338.1015 0.0000
-337.8050 0.0000
-337.4427 0.0000
-337.4850 0.0000
-337.5829 0.0000
-337.0683 0.0000
-336.9612 0.0000
-337.2070 0.0000
-336.2095 0.0000
-336.5301 0.0000
-336.7109 0.0000
-336.2795 0.0000
-335.6340 0.0000
-336.1105 0.0000
-336.1697 0.0000
-336.4320 0.0000
-336.7057 0.0000
-336.6810 0.0000
-337.3925 0.0000
-336.8578 0.0000
-337.6977 0.0000
-331.9831 0.0000
-331.9546 0.0000
-331.5496 0.0000
-332.1938 0.0000
-332.4582 0.0000
-332.4436 0.0000
-332.2265 0.0000
-331.7808 0.0000
-331.9400 0.0000
-331.7911 0.0000
-331.7041 0.0000
-331.7839 0.0000
-331.8635 0.0000
-332.0101 0.0000
-331.6740 0.0000
-331.4171 0.0000
-331.0968 0.0000
-330.8661 0.0000
-330.7653 0.0000
-331.0305 0.0000
-331.2365 0.0000
-331.2781 0.0000
-331.3961 0.0000
-331.0926 0.0000
-330.3505 0.0000
-330.6214 0.0000
-330.6210 0.0000
-330.8356 0.0000
-330.6326 0.0000
-330.6982 0.0000
-330.9314 0.0000
-330.6516 0.0000
-330.5229 0.0000
-330.8779 0.0000
-331.1523 0.0000
-330.9060 0.0000
-331.0975 0.0000
-330.7864 0.0000
-330.6661 0.0000
-330.6603 0.0000
-330.8483 0.0000
-330.5936 0.0000
-330.6536 0.0000
-330.5048 0.0000
-330.3188 0.0000
-330.2342 0.0000
-330.0963 0.0000
-329.8526 0.0000
-329.4879 0.0000
-329.8642 0.0000
-329.8970 0.0000
-329.5551 0.0000
-329.4412 0.0000
-329.4601 0.0000
-329.4201 0.0000
-329.5469 0.0000
-329.6238 0.0000
-329.4725 0.0000
-329.7245 0.0000
-330.1093 0.0000
-330.3903 0.0000
-330.0571 0.0000
-330.6057 0.0000
-330.8815 0.0000
-330.6277 0.0000
-330.6484 0.0000
-330.7163 0.0000
-330.7875 0.0000
-330.8242 0.0000
-330.3147 0.0000
-329.8515 0.0000
-329.9929 0.0000
-330.1888 0.0000
-330.1107 0.0000
-330.1888 0.0000
-330.0610 0.0000
-329.9557 0.0000
-330.4668 0.0000
-330.6706 0.0000
-330.7059 0.0000
-330.4887 0.0000
-330.6633 0.0000
-330.8205 0.0000
-330.3124 0.0000
-330.2119 0.0000
-330.0683 0.0000
-330.3491 0.0000
-330.0427 0.0000
-329.9399 0.0000
-330.1814 0.0000
-330.2892 0.0000
-330.0871 0.0000
-329.9182 0.0000
-329.6000 0.0000
-329.5445 0.0000
-329.3696 0.0000
-329.3395 0.0000
-329.3258 0.0000
-329.1601 0.0000
-329.3001 0.0000
-324.7389 0.0000
-324.5957 0.0000
-324.6193 0.0000
-325.4918 0.0000
-325.1714 0.0000
-324.2335 0.0000
-323.7943 0.0000
-324.2631 0.0000
-324.4215 0.0000
-325.4359 0.0000
-325.7066 0.0000
-326.4359 0.0000
-326.1769 0.0000
-327.2670 0.0000
-327.6981 0.0000
-327.8371 0.0000
-329.1253 0.0000
-329.2316 0.0000
-329.7901 0.0000
-329.2003 0.0000
-329.2038 0.0000
-329.4965 0.0000
-329.1404 0.0000
-328.3758 0.0000
-328.2722 0.0000
-327.9287 0.0000
-327.5887 0.0000
-327.7110 0.0000
-328.5678 0.0000
-328.3222 0.0000
-328.0577 0.0000
-328.6176 0.0000
-328.2769 0.0000
-328.5338 0.0000
-328.9174 0.0000
-329.0538 0.0000
-328.5364 0.0000
-328.3224 0.0000
-327.8934 0.0000
-327.8295 0.0000
-328.0324 0.0000
-328.9622 0.0000
-327.8933 0.0000
-327.6771 0.0000
-327.9603 0.0000
-327.8944 0.0000
-328.1617 0.0000
-328.3456 0.0000
-328.7726 0.0000
-328.4695 0.0000
-328.6810 0.0000
-328.1126 0.0000
-328.9551 0.0000
-328.4422 0.0000
-328.1699 0.0000
-328.4126 0.0000
-329.0512 0.0000
-328.1935 0.0000
-328.9166 0.0000
-329.5112 0.0000
-329.9546 0.0000
-328.6762 0.0000
-328.8350 0.0000
-328.3086 0.0000
-328.7873 0.0000
-329.2923 0.0000
-328.6543 0.0000
-328.6221 0.0000
-329.1369 0.0000
-328.4093 0.0000
-328.4789 0.0000
-329.5788 0.0000
-328.4541 0.0000
-328.3337 0.0000
-328.7321 0.0000
-327.9998 0.0000
-328.0217 0.0000
-328.5398 0.0000
-327.8889 0.0000
-328.1673 0.0000
-326.9246 0.0000
-327.4520 0.0000
-327.6920 0.0000
-326.2179 0.0000
-325.7353 0.0000
-326.2938 0.0000
-326.4596 0.0000
-326.3523 0.0000
-326.3285 0.0000
-326.7155 0.0000
-326.3335 0.0000
-326.5627 0.0000
-326.2472 0.0000
-327.0176 0.0000
-326.9943 0.0000
-327.3544 0.0000
-327.3282 0.0000
-326.8444 0.0000
-326.5333 0.0000
-326.4553 0.0000
-336.4748 0.0000
-334.8635 0.0000
-335.7287 0.0000
-336.3270 0.0000
-335.6976 0.0000
-335.7549 0.0000
-336.2719 0.0000
-335.5692 0.0000
-335.6585 0.0000
-335.0586 0.0000
-335.2232 0.0000
-334.1872 0.0000
-335.3106 0.0000
-334.8246 0.0000
-337.1493 0.0000
-336.4517 0.0000
-334.5212 0.0000
-336.3129 0.0000
-336.9353 0.0000
-335.0798 0.0000
-334.3886 0.0000
-335.4866 0.0000
-335.3200 0.0000
-336.1263 0.0000
-336.2389 0.0000
-335.0149 0.0000
-335.3784 0.0000
-335.2359 0.0000
-334.6952 0.0000
-335.1999 0.0000
-335.1225 0.0000
-335.7474 0.0000
-335.0362 0.0000
-335.7929 0.0000
-336.1081 0.0000
-334.6152 0.0000
-335.8297 0.0000
-335.3344 0.0000
-336.2379 0.0000
-335.1942 0.0000
-336.1443 0.0000
-337.3813 0.0000
-336.1628 0.0000
-335.8814 0.0000
-335.6605 0.0000
-336.4393 0.0000
-335.4344 0.0000
-336.7334 0.0000
-334.4717 0.0000
-336.9133 0.0000
-336.0932 0.0000
-336.1907 0.0000
-335.5471 0.0000
-334.8566 0.0000
-335.1904 0.0000
-336.9598 0.0000
-335.7964 0.0000
-335.3510 0.0000
-336.6279 0.0000
-336.4556 0.0000
-334.6911 0.0000
-336.1960 0.0000
-335.8413 0.0000
-336.0697 0.0000
-336.4612 0.0000
-335.6258 0.0000
-335.9817 0.0000
-333.8891 0.0000
-336.0330 0.0000
-335.6888 0.0000
-335.9655 0.0000
-335.9165 0.0000
-336.5173 0.0000
-336.3002 0.0000
-336.1901 0.0000
-335.1358 0.0000
-336.2303 0.0000
-335.6226 0.0000
-336.2349 0.0000
-335.7164 0.0000
-335.8146 0.0000
-335.4425 0.0000
-335.4755 0.0000
-337.0325 0.0000
-334.1575 0.0000
-335.7667 0.0000
-335.2447 0.0000
-336.6667 0.0000
-336.4783 0.0000
-336.4868 0.0000
-337.0793 0.0000
-334.4485 0.0000
-335.7196 0.0000
-334.8875 0.0000
-336.5659 0.0000
-335.3563 0.0000
-336.6717 0.0000
-334.6797 0.0000
-334.8967 0.0000
-336.3927 0.0000
-286.2221 0.0000
-286.3949 0.0000
-286.5715 0.0000
-285.6634 0.0000
-286.0676 0.0000
-285.8738 0.0000
-286.8720 0.0000
-287.0903 0.0000
-286.8143 0.0000
-287.0485 0.0000
-287.5325 0.0000
-286.8259 0.0000
-286.6824 0.0000
-287.4071 0.0000
-286.3048 0.0000
-287.0372 0.0000
-287.3925 0.0000
-287.9133 0.0000
-288.0403 0.0000
-287.5815 0.0000
-287.7831 0.0000
-287.6653 0.0000
-286.6501 0.0000
-286.2491 0.0000
-286.9424 0.0000
-286.0431 0.0000
-285.4595 0.0000
-286.2151 0.0000
-286.6198 0.0000
-287.3363 0.0000
-286.3418 0.0000
-286.7590 0.0000
-286.7225 0.0000
-287.7818 0.0000
-286.0311 0.0000
-286.4101 0.0000
-286.8757 0.0000
-285.3898 0.0000
-285.7357 0.0000
-286.6940 0.0000
-285.8414 0.0000
-284.8823 0.0000
-285.1721 0.0000
-284.7669 0.0000
-285.1815 0.0000
-284.6311 0.0000
-285.0110 0.0000
-285.7082 0.0000
-285.5545 0.0000
-285.6304 0.0000
-285.5006 0.0000
-287.0356 0.0000
-285.2339 0.0000
-284.8113 0.0000
-284.5552 0.0000
-286.0292 0.0000
-283.9380 0.0000
-282.9105 0.0000
-283.2040 0.0000
-283.1544 0.0000
-282.7815 0.0000
-282.1465 0.0000
-280.6548 0.0000
-281.5871 0.0000
-280.2639 0.0000
-279.9011 0.0000
-279.5253 0.0000
-280.8339 0.0000
-279.9944 0.0000
-279.2749 0.0000
-279.3322 0.0000
-279.5939 0.0000
-279.2125 0.0000
-278.8392 0.0000
-278.1159 0.0000
-278.3132 0.0000
-278.3301 0.0000
-278.6379 0.0000
-278.6834 0.0000
-278.8639 0.0000
-278.8854 0.0000
-278.7996 0.0000
-279.6010 0.0000
-279.8515 0.0000
-281.1078 0.0000
-279.6006 0.0000
-279.5166 0.0000
-279.6161 0.0000
-279.7653 0.0000
-280.1918 0.0000
-280.3331 0.0000
-280.1674 0.0000
-280.7110 0.0000
-280.6237 0.0000
-281.3965 0.0000
-281.9240 0.0000
-282.4558 0.0000
-281.9186 0.0000
-281.7455 0.0000
