-100.0000 -100.0000
-336.7993 0.0000
-336.7842 0.0000
-337.2680 0.0000
-337.0380 0.0000
-337.5847 0.0000
-337.5740 0.0000
-337.5289 0.0000
-337.2261 0.0000
-336.4763 0.0000
-335.7350 0.0000
-336.0573 0.0000
-335.6883 0.0000
-335.2080 0.0000
-334.8904 0.0000
-334.3492 0.0000
-334.4408 0.0000
-334.0819 0.0000
-334.2177 0.0000
-333.6991 0.0000
-333.2998 0.0000
-332.9568 0.0000
-332.2483 0.0000
-332.0647 0.0000
-332.0192 0.0000
-331.1699 0.0000
-331.5908 0.0000
-331.8519 0.0000
-331.5716 0.0000
-331.6619 0.0000
-332.5755 0.0000
-332.2544 0.0000
-332.8955 0.0000
-332.9378 0.0000
-331.9550 0.0000
-332.1126 0.0000
-331.3498 0.0000
-331.2124 0.0000
-331.6335 0.0000
-332.5935 0.0000
-332.7571 0.0000
-332.8866 0.0000
-333.2751 0.0000
-333.3151 0.0000
-333.3770 0.0000
-334.1025 0.0000
-333.7195 0.0000
-334.3389 0.0000
-334.0395 0.0000
-333.0150 0.0000
-332.9837 0.0000
-332.9008 0.0000
-333.4148 0.0000
-333.0836 0.0000
-332.8717 0.0000
-332.7463 0.0000
-332.1211 0.0000
-332.1910 0.0000
-333.3085 0.0000
-332.7885 0.0000
-333.4210 0.0000
-331.9826 0.0000
-332.4757 0.0000
-332.4909 0.0000
-332.6157 0.0000
-332.7138 0.0000
-333.0611 0.0000
-333.3712 0.0000
-333.8051 0.0000
-333.0741 0.0000
-333.2529 0.0000
-333.4696 0.0000
-333.7648 0.0000
-334.1593 0.0000
-333.7936 0.0000
-333.4416 0.0000
-333.3747 0.0000
-333.3937 0.0000
-333.1951 0.0000
-333.7532 0.0000
-332.9955 0.0000
-333.5599 0.0000
-334.2394 0.0000
-334.6484 0.0000
-334.1592 0.0000
-334.0215 0.0000
-334.3163 0.0000
-334.5347 0.0000
-334.1987 0.0000
-334.5121 0.0000
-334.7394 0.0000
-335.2149 0.0000
-335.9830 0.0000
-335.3665 0.0000
-335.6685 0.0000
-335.0832 0.0000
-333.8880 0.0000
-333.4263 0.0000
-333.6183 0.0000
-333.9728 0.0000
-334.4198 0.0000
-352.5811 0.0000
-350.7089 0.0000
-349.5792 0.0000
-350.5394 0.0000
-351.3829 0.0000
-352.2946 0.0000
-351.6986 0.0000
-350.1983 0.0000
-351.7895 0.0000
-351.4472 0.0000
-351.5561 0.0000
-351.3488 0.0000
-350.7764 0.0000
-351.4331 0.0000
-351.1341 0.0000
-351.4949 0.0000
-350.8616 0.0000
-351.4566 0.0000
-350.9470 0.0000
-351.1020 0.0000
-352.0002 0.0000
-351.3235 0.0000
-351.4249 0.0000
-350.7011 0.0000
-351.8814 0.0000
-351.6721 0.0000
-352.3531 0.0000
-350.1023 0.0000
-349.8703 0.0000
-350.3638 0.0000
-350.8667 0.0000
-350.5463 0.0000
-351.9848 0.0000
-350.0926 0.0000
-351.1707 0.0000
-350.6401 0.0000
-349.8951 0.0000
-351.0422 0.0000
-350.6184 0.0000
-351.2590 0.0000
-351.9732 0.0000
-351.0323 0.0000
-349.4579 0.0000
-351.5024 0.0000
-349.5060 0.0000
-352.0246 0.0000
-350.8210 0.0000
-350.6954 0.0000
-351.8839 0.0000
-350.7097 0.0000
-351.5861 0.0000
-351.2417 0.0000
-351.5631 0.0000
-351.9436 0.0000
-349.9479 0.0000
-349.7320 0.0000
-350.6626 0.0000
-351.5100 0.0000
-350.4740 0.0000
-351.9584 0.0000
-351.9669 0.0000
-350.5376 0.0000
-351.5293 0.0000
-350.7503 0.0000
-350.6809 0.0000
-350.9426 0.0000
-352.0726 0.0000
-351.3322 0.0000
-351.1435 0.0000
-350.4441 0.0000
-350.7708 0.0000
-351.6175 0.0000
-351.0440 0.0000
-351.1868 0.0000
-351.5482 0.0000
-350.7661 0.0000
-350.9866 0.0000
-350.6921 0.0000
-350.5795 0.0000
-350.9177 0.0000
-351.2891 0.0000
-351.2552 0.0000
-351.1480 0.0000
-351.0321 0.0000
-351.8144 0.0000
-350.6061 0.0000
-351.1248 0.0000
-350.5141 0.0000
-351.7959 0.0000
-351.4348 0.0000
-351.4687 0.0000
-350.9962 0.0000
-350.7081 0.0000
-351.6112 0.0000
-351.6228 0.0000
-352.4913 0.0000
-349.9636 0.0000
-350.0003 0.0000
-351.6677 0.0000
-351.0914 0.0000
-318.7426 0.0000
-318.5283 0.0000
-318.4704 0.0000
-319.2084 0.0000
-318.0408 0.0000
-318.5457 0.0000
-318.6210 0.0000
-318.2269 0.0000
-318.5969 0.0000
-318.8265 0.0000
-319.5432 0.0000
-320.2821 0.0000
-319.7488 0.0000
-319.5421 0.0000
-319.8835 0.0000
-320.4099 0.0000
-320.7808 0.0000
-320.3100 0.0000
-319.1470 0.0000
-318.7881 0.0000
-319.0773 0.0000
-319.6717 0.0000
-319.5662 0.0000
-319.5110 0.0000
-320.8303 0.0000
-321.8673 0.0000
-321.1441 0.0000
-321.6446 0.0000
-320.4959 0.0000
-320.0308 0.0000
-319.5177 0.0000
-319.3352 0.0000
-319.5062 0.0000
-319.0647 0.0000
-318.2709 0.0000
-318.7168 0.0000
-319.1933 0.0000
-318.8499 0.0000
-319.0182 0.0000
-319.1347 0.0000
-318.9140 0.0000
-319.3651 0.0000
-318.5033 0.0000
-318.0516 0.0000
-316.9339 0.0000
-316.4517 0.0000
-316.3831 0.0000
-316.3293 0.0000
-316.0140 0.0000
-315.8896 0.0000
-316.2404 0.0000
-316.2257 0.0000
-317.5274 0.0000
-316.7701 0.0000
-316.1693 0.0000
-316.4048 0.0000
-316.4452 0.0000
-316.0568 0.0000
-315.5876 0.0000
-316.2285 0.0000
-316.4454 0.0000
-315.3626 0.0000
-315.5014 0.0000
-315.0165 0.0000
-314.0276 0.0000
-313.5491 0.0000
-313.5929 0.0000
-314.4056 0.0000
-313.8881 0.0000
-313.9480 0.0000
-314.0599 0.0000
-314.2264 0.0000
-314.1868 0.0000
-314.5477 0.0000
-314.3847 0.0000
-314.3525 0.0000
-315.0594 0.0000
-314.2324 0.0000
-314.8191 0.0000
-314.1106 0.0000
-314.6913 0.0000
-314.4744 0.0000
-314.9181 0.0000
-314.9600 0.0000
-314.3194 0.0000
-314.3316 0.0000
-314.4900 0.0000
-315.3029 0.0000
-315.2219 0.0000
-315.3544 0.0000
-315.1279 0.0000
-315.1498 0.0000
-315.1283 0.0000
-314.6035 0.0000
-315.0586 0.0000
-315.6340 0.0000
-315.3113 0.0000
-315.3987 0.0000
-315.6497 0.0000
-315.5998 0.0000
-280.0647 0.0000
-280.4339 0.0000
-280.3805 0.0000
-279.9707 0.0000
-280.6395 0.0000
-283.2031 0.0000
-281.5953 0.0000
-280.3233 0.0000
-280.5068 0.0000
-279.3733 0.0000
-279.4612 0.0000
-280.3003 0.0000
-278.0768 0.0000
-278.0187 0.0000
-278.0618 0.0000
-277.0251 0.0000
-276.4390 0.0000
-276.5807 0.0000
-277.4843 0.0000
-275.4279 0.0000
-275.3401 0.0000
-275.7164 0.0000
-276.5090 0.0000
-276.4995 0.0000
-275.7614 0.0000
-275.5624 0.0000
-276.1200 0.0000
-275.3166 0.0000
-275.0446 0.0000
-274.9742 0.0000
-276.2252 0.0000
-274.3232 0.0000
-273.7103 0.0000
-274.3668 0.0000
-273.4607 0.0000
-274.0809 0.0000
-274.1041 0.0000
-272.8819 0.0000
-273.7102 0.0000
-272.8638 0.0000
-273.6716 0.0000
-272.0494 0.0000
-271.9440 0.0000
-272.3386 0.0000
-271.8341 0.0000
-270.7553 0.0000
-269.5182 0.0000
-269.3137 0.0000
-268.4607 0.0000
-269.3044 0.0000
-268.2051 0.0000
-266.9155 0.0000
-267.1994 0.0000
-267.5569 0.0000
-267.2978 0.0000
-268.6269 0.0000
-267.2533 0.0000
-268.0186 0.0000
-266.2738 0.0000
-266.0996 0.0000
-266.3082 0.0000
-265.7971 0.0000
-266.1939 0.0000
-265.6471 0.0000
-266.0890 0.0000
-265.5063 0.0000
-266.2912 0.0000
-266.2516 0.0000
-265.4713 0.0000
-265.4598 0.0000
-264.4353 0.0000
-264.4877 0.0000
-264.9629 0.0000
-265.4624 0.0000
-265.6463 0.0000
-266.1456 0.0000
-266.2081 0.0000
-265.8372 0.0000
-266.9303 0.0000
-265.2068 0.0000
-264.2742 0.0000
-263.8998 0.0000
-262.4935 0.0000
-262.8726 0.0000
-261.8660 0.0000
-262.2857 0.0000
-262.1044 0.0000
-261.5097 0.0000
-261.3180 0.0000
-261.5738 0.0000
-261.1336 0.0000
-260.8305 0.0000
-262.3346 0.0000
-260.9757 0.0000
-261.3273 0.0000
-261.1263 0.0000
-259.9458 0.0000
-259.7122 0.0000
-260.2695 0.0000
-260.4112 0.0000
-349.5069 0.0000
-350.5904 0.0000
-351.6703 0.0000
-349.7842 0.0000
-351.2427 0.0000
-349.3353 0.0000
-350.0991 0.0000
-351.0585 0.0000
-349.4166 0.0000
-349.8958 0.0000
-349.4210 0.0000
-349.9347 0.0000
-351.1061 0.0000
-349.8071 0.0000
-349.9113 0.0000
-350.0310 0.0000
-349.0380 0.0000
-352.5290 0.0000
-349.2358 0.0000
-351.2419 0.0000
-350.1420 0.0000
-349.3157 0.0000
-351.4944 0.0000
-349.4308 0.0000
-350.7160 0.0000
-349.5230 0.0000
-349.4097 0.0000
-348.8210 0.0000
-350.7978 0.0000
-349.7315 0.0000
-350.7607 0.0000
-350.4839 0.0000
-350.5924 0.0000
-350.9689 0.0000
-348.4138 0.0000
-352.0581 0.0000
-349.7769 0.0000
-349.5763 0.0000
-350.0303 0.0000
-350.0901 0.0000
-350.8787 0.0000
-350.5784 0.0000
-349.8450 0.0000
-351.7686 0.0000
-351.0878 0.0000
-351.3814 0.0000
-349.9874 0.0000
-349.1062 0.0000
-352.4760 0.0000
-348.7864 0.0000
-350.5777 0.0000
-351.3812 0.0000
-350.3416 0.0000
-351.5245 0.0000
-347.9776 0.0000
-349.1636 0.0000
-349.4478 0.0000
-349.3213 0.0000
-349.9236 0.0000
-349.4886 0.0000
-350.6955 0.0000
-349.4158 0.0000
-349.5875 0.0000
-351.8428 0.0000
-350.2422 0.0000
-349.4506 0.0000
-350.9839 0.0000
-350.5566 0.0000
-350.2354 0.0000
-349.8864 0.0000
-349.7127 0.0000
-349.4647 0.0000
-350.6774 0.0000
-350.2425 0.0000
-350.1657 0.0000
-348.5780 0.0000
-350.3319 0.0000
-350.4119 0.0000
-350.9310 0.0000
-350.0453 0.0000
-348.4838 0.0000
-350.0592 0.0000
-349.4766 0.0000
-349.5249 0.0000
-350.2371 0.0000
-349.9712 0.0000
-350.9456 0.0000
-350.9692 0.0000
-349.6513 0.0000
-348.8224 0.0000
-349.7635 0.0000
-351.0611 0.0000
-348.4550 0.0000
-349.1873 0.0000
-349.6741 0.0000
-349.4145 0.0000
-347.7614 0.0000
-348.9317 0.0000
-348.5689 0.0000
