-100.0000 -100.0000
-417.3917 0.0000
-416.5737 0.0000
-415.6546 0.0000
-413.7667 0.0000
-414.6229 0.0000
-414.3738 0.0000
-413.0803 0.0000
-413.1474 0.0000
-411.7050 0.0000
-410.1450 0.0000
-409.1663 0.0000
-410.6230 0.0000
-408.0422 0.0000
-407.0011 0.0000
-406.1850 0.0000
-406.4267 0.0000
-405.4562 0.0000
-405.8410 0.0000
-406.2152 0.0000
-406.8160 0.0000
-405.4922 0.0000
-405.7700 0.0000
-405.7111 0.0000
-404.4141 0.0000
-405.2270 0.0000
-405.4427 0.0000
-405.4986 0.0000
-404.8623 0.0000
-403.1299 0.0000
-403.8178 0.0000
-401.5087 0.0000
-403.0633 0.0000
-400.8427 0.0000
-398.8915 0.0000
-400.7420 0.0000
-397.9591 0.0000
-397.7071 0.0000
-398.6859 0.0000
-398.0077 0.0000
-396.7303 0.0000
-397.1658 0.0000
-398.0589 0.0000
-397.1200 0.0000
-396.0969 0.0000
-397.2693 0.0000
-394.6059 0.0000
-393.8547 0.0000
-392.7815 0.0000
-389.7873 0.0000
-388.9317 0.0000
-388.7216 0.0000
-390.0637 0.0000
-388.7969 0.0000
-388.4130 0.0000
-387.1409 0.0000
-388.6269 0.0000
-389.7865 0.0000
-388.6543 0.0000
-388.7105 0.0000
-388.0762 0.0000
-385.0287 0.0000
-384.4790 0.0000
-386.1003 0.0000
-385.4239 0.0000
-386.5113 0.0000
-386.7372 0.0000
-386.4124 0.0000
-386.6430 0.0000
-388.5121 0.0000
-386.0506 0.0000
-386.3052 0.0000
-389.7077 0.0000
-385.7514 0.0000
-383.5365 0.0000
-382.7175 0.0000
-382.8514 0.0000
-383.6706 0.0000
-382.6923 0.0000
-384.0155 0.0000
-383.7216 0.0000
-382.0217 0.0000
-385.0045 0.0000
-384.3747 0.0000
-384.6101 0.0000
-384.5414 0.0000
-384.4267 0.0000
-383.0322 0.0000
-384.3470 0.0000
-382.5912 0.0000
-380.6759 0.0000
-379.5927 0.0000
-380.3805 0.0000
-381.3741 0.0000
-380.7933 0.0000
-379.1403 0.0000
-377.9584 0.0000
-377.7004 0.0000
-380.0300 0.0000
-378.2604 0.0000
-378.4551 0.0000
-325.3398 0.0000
-326.0935 0.0000
-327.5849 0.0000
-326.1073 0.0000
-325.9869 0.0000
-326.0431 0.0000
-325.5141 0.0000
-326.0946 0.0000
-325.8745 0.0000
-325.2345 0.0000
-325.5824 0.0000
-325.8254 0.0000
-326.3077 0.0000
-325.3428 0.0000
-325.4323 0.0000
-325.7987 0.0000
-325.2128 0.0000
-324.6184 0.0000
-324.8324 0.0000
-325.6459 0.0000
-325.2852 0.0000
-325.9782 0.0000
-325.8041 0.0000
-325.6358 0.0000
-324.9673 0.0000
-324.8791 0.0000
-324.1965 0.0000
-323.2829 0.0000
-323.7044 0.0000
-323.8170 0.0000
-323.2372 0.0000
-323.0444 0.0000
-322.5585 0.0000
-322.8868 0.0000
-322.1157 0.0000
-321.6665 0.0000
-322.2812 0.0000
-321.7422 0.0000
-321.6129 0.0000
-321.5693 0.0000
-320.5964 0.0000
-320.8931 0.0000
-321.7444 0.0000
-320.1492 0.0000
-319.8597 0.0000
-319.9116 0.0000
-319.9291 0.0000
-321.5800 0.0000
-320.8187 0.0000
-322.3225 0.0000
-320.8423 0.0000
-321.1442 0.0000
-320.5312 0.0000
-319.5386 0.0000
-320.9250 0.0000
-321.7514 0.0000
-321.7300 0.0000
-321.6566 0.0000
-322.0881 0.0000
-322.0369 0.0000
-321.6478 0.0000
-321.5813 0.0000
-321.6769 0.0000
-322.0980 0.0000
-322.2838 0.0000
-321.6299 0.0000
-322.6712 0.0000
-322.9547 0.0000
-323.2483 0.0000
-323.7191 0.0000
-323.6997 0.0000
-323.9193 0.0000
-323.4016 0.0000
-322.9930 0.0000
-323.0549 0.0000
-322.9699 0.0000
-323.1247 0.0000
-323.2203 0.0000
-323.6231 0.0000
-323.9611 0.0000
-323.7844 0.0000
-322.2874 0.0000
-321.7275 0.0000
-321.2012 0.0000
-321.0904 0.0000
-321.7215 0.0000
-321.0458 0.0000
-323.0365 0.0000
-320.6591 0.0000
-321.2387 0.0000
-320.6103 0.0000
-320.0573 0.0000
-318.7641 0.0000
-318.7654 0.0000
-318.8074 0.0000
-320.0743 0.0000
-321.1021 0.0000
-320.3068 0.0000
-319.7304 0.0000
-318.7011 0.0000
-330.6701 0.0000
-331.1587 0.0000
-331.1798 0.0000
-331.2019 0.0000
-331.0768 0.0000
-331.6839 0.0000
-330.5975 0.0000
-331.3414 0.0000
-331.4182 0.0000
-331.8263 0.0000
-331.5694 0.0000
-331.3415 0.0000
-331.0316 0.0000
-330.6393 0.0000
-331.1676 0.0000
-331.1079 0.0000
-331.4352 0.0000
-331.0356 0.0000
-331.3077 0.0000
-331.4393 0.0000
-331.3670 0.0000
-331.9829 0.0000
-331.4028 0.0000
-331.5833 0.0000
-331.5853 0.0000
-331.6720 0.0000
-330.5655 0.0000
-332.0920 0.0000
-330.8814 0.0000
-330.9774 0.0000
-331.4876 0.0000
-330.0611 0.0000
-331.2758 0.0000
-331.3656 0.0000
-331.3638 0.0000
-331.1589 0.0000
-331.3816 0.0000
-331.3306 0.0000
-331.1665 0.0000
-331.4350 0.0000
-331.2093 0.0000
-331.1233 0.0000
-331.7111 0.0000
-331.1039 0.0000
-331.2702 0.0000
-331.5059 0.0000
-331.3034 0.0000
-331.2275 0.0000
-331.5629 0.0000
-330.9868 0.0000
-331.2664 0.0000
-331.3399 0.0000
-331.3459 0.0000
-331.5230 0.0000
-331.0800 0.0000
-331.4862 0.0000
-331.4031 0.0000
-330.6283 0.0000
-330.4953 0.0000
-331.1340 0.0000
-330.2682 0.0000
-330.3079 0.0000
-330.4427 0.0000
-330.0684 0.0000
-329.8476 0.0000
-330.0305 0.0000
-329.7138 0.0000
-330.0310 0.0000
-329.6260 0.0000
-329.7346 0.0000
-329.9161 0.0000
-329.9668 0.0000
-330.8752 0.0000
-329.9552 0.0000
-329.9753 0.0000
-329.8981 0.0000
-330.0496 0.0000
-330.5587 0.0000
-330.6706 0.0000
-330.7570 0.0000
-330.9575 0.0000
-330.8226 0.0000
-330.2836 0.0000
-330.3196 0.0000
-330.3461 0.0000
-330.4272 0.0000
-330.1987 0.0000
-330.3957 0.0000
-330.8474 0.0000
-330.5037 0.0000
-330.4736 0.0000
-330.2195 0.0000
-330.1398 0.0000
-329.5263 0.0000
-329.7326 0.0000
-329.9051 0.0000
-329.4255 0.0000
-328.8674 0.0000
-328.4994 0.0000
-328.6077 0.0000
-311.3167 0.0000
-311.7157 0.0000
-311.8043 0.0000
-312.4607 0.0000
-312.2758 0.0000
-312.6037 0.0000
-312.8465 0.0000
-313.2902 0.0000
-313.4546 0.0000
-313.8980 0.0000
-313.7942 0.0000
-314.0917 0.0000
-313.8596 0.0000
-315.0296 0.0000
-312.6426 0.0000
-313.2707 0.0000
-313.6056 0.0000
-313.6477 0.0000
-313.4912 0.0000
-312.4344 0.0000
-312.5040 0.0000
-314.0069 0.0000
-312.7373 0.0000
-313.2916 0.0000
-313.6746 0.0000
-314.1095 0.0000
-314.0345 0.0000
-315.3277 0.0000
-313.3834 0.0000
-313.8435 0.0000
-313.7298 0.0000
-314.1012 0.0000
-315.0930 0.0000
-314.9343 0.0000
-314.5031 0.0000
-314.7215 0.0000
-314.7603 0.0000
-313.9439 0.0000
-315.0787 0.0000
-312.9384 0.0000
-313.4429 0.0000
-314.4211 0.0000
-313.8856 0.0000
-312.5378 0.0000
-312.4819 0.0000
-313.1655 0.0000
-311.5713 0.0000
-310.6996 0.0000
-310.8026 0.0000
-310.4796 0.0000
-309.9038 0.0000
-309.8362 0.0000
-310.3024 0.0000
-309.7046 0.0000
-309.1518 0.0000
-309.5632 0.0000
-308.9381 0.0000
-308.9584 0.0000
-308.5654 0.0000
-308.2320 0.0000
-308.1660 0.0000
-307.8017 0.0000
-306.7316 0.0000
-306.4632 0.0000
-307.0364 0.0000
-306.6003 0.0000
-306.2837 0.0000
-306.7074 0.0000
-306.8754 0.0000
-307.1241 0.0000
-307.0080 0.0000
-307.1971 0.0000
-307.0840 0.0000
-307.4608 0.0000
-306.6462 0.0000
-306.2733 0.0000
-305.7319 0.0000
-306.3079 0.0000
-307.1113 0.0000
-306.7759 0.0000
-306.6667 0.0000
-306.7417 0.0000
-307.2811 0.0000
-307.7742 0.0000
-305.4990 0.0000
-304.9750 0.0000
-304.7232 0.0000
-305.3676 0.0000
-305.4459 0.0000
-304.6363 0.0000
-304.1836 0.0000
-303.6773 0.0000
-303.5558 0.0000
-303.3177 0.0000
-302.9855 0.0000
-301.8534 0.0000
-301.7267 0.0000
-300.1109 0.0000
-300.4426 0.0000
-300.1930 0.0000
-328.9407 0.0000
-328.3776 0.0000
-328.7923 0.0000
-329.3006 0.0000
-328.1143 0.0000
-328.5731 0.0000
-328.2984 0.0000
-329.1817 0.0000
-328.7774 0.0000
-328.9620 0.0000
-328.6854 0.0000
-328.7147 0.0000
-328.0066 0.0000
-328.7362 0.0000
-328.5175 0.0000
-328.9420 0.0000
-327.7568 0.0000
-329.4534 0.0000
-328.7542 0.0000
-328.9207 0.0000
-328.8901 0.0000
-329.0571 0.0000
-328.3665 0.0000
-328.2138 0.0000
-328.3738 0.0000
-329.0420 0.0000
-328.7257 0.0000
-328.6048 0.0000
-328.8756 0.0000
-328.8036 0.0000
-328.4759 0.0000
-328.7453 0.0000
-328.1189 0.0000
-328.6907 0.0000
-328.0435 0.0000
-328.6550 0.0000
-328.7977 0.0000
-329.3180 0.0000
-328.4108 0.0000
-328.3211 0.0000
-329.1414 0.0000
-328.4272 0.0000
-328.9567 0.0000
-329.2400 0.0000
-328.1155 0.0000
-328.8906 0.0000
-328.3959 0.0000
-328.7662 0.0000
-328.8033 0.0000
-328.7553 0.0000
-328.5383 0.0000
-327.8737 0.0000
-328.8773 0.0000
-329.0584 0.0000
-328.4687 0.0000
-327.7461 0.0000
-328.0106 0.0000
-328.6163 0.0000
-328.6165 0.0000
-328.6722 0.0000
-328.4046 0.0000
-328.2269 0.0000
-328.1905 0.0000
-328.5921 0.0000
-329.2459 0.0000
-328.6621 0.0000
-328.2905 0.0000
-328.5582 0.0000
-328.5350 0.0000
-328.8250 0.0000
-328.9947 0.0000
-328.3583 0.0000
-329.2072 0.0000
-328.4311 0.0000
-328.6734 0.0000
-328.5087 0.0000
-328.3484 0.0000
-328.5518 0.0000
-328.3375 0.0000
-328.4879 0.0000
-328.8429 0.0000
-328.3635 0.0000
-328.1863 0.0000
-327.8687 0.0000
-329.1845 0.0000
-328.3194 0.0000
-328.6251 0.0000
-329.6512 0.0000
-328.4585 0.0000
-328.5374 0.0000
-327.5286 0.0000
-328.7845 0.0000
-328.6694 0.0000
-328.7278 0.0000
-328.7959 0.0000
-328.4608 0.0000
-328.4643 0.0000
-328.1548 0.0000
-327.6330 0.0000
