-100.0000 -100.0000
-355.7580 0.0000
-355.2534 0.0000
-354.5805 0.0000
-352.8040 0.0000
-352.4143 0.0000
-351.9800 0.0000
-350.9320 0.0000
-350.8053 0.0000
-350.1531 0.0000
-349.5001 0.0000
-348.9147 0.0000
-349.6355 0.0000
-349.9092 0.0000
-348.5304 0.0000
-348.7731 0.0000
-348.5275 0.0000
-347.1624 0.0000
-347.8728 0.0000
-347.9691 0.0000
-347.2827 0.0000
-347.1885 0.0000
-347.5377 0.0000
-347.1632 0.0000
-345.7955 0.0000
-346.2385 0.0000
-346.7715 0.0000
-346.7783 0.0000
-346.7032 0.0000
-347.0152 0.0000
-347.1144 0.0000
-345.8549 0.0000
-345.6537 0.0000
-345.9406 0.0000
-344.7155 0.0000
-345.6816 0.0000
-346.0777 0.0000
-346.4238 0.0000
-346.5390 0.0000
-345.7152 0.0000
-344.8898 0.0000
-345.7233 0.0000
-346.4261 0.0000
-344.3391 0.0000
-343.6788 0.0000
-343.9766 0.0000
-342.8234 0.0000
-342.4157 0.0000
-342.5725 0.0000
-341.5482 0.0000
-341.6633 0.0000
-341.9130 0.0000
-343.5706 0.0000
-343.7694 0.0000
-342.6435 0.0000
-341.9010 0.0000
-342.5203 0.0000
-343.4246 0.0000
-343.9532 0.0000
-344.6378 0.0000
-344.9002 0.0000
-344.1596 0.0000
-344.7059 0.0000
-344.8987 0.0000
-345.2875 0.0000
-345.1622 0.0000
-345.3168 0.0000
-345.8636 0.0000
-346.4290 0.0000
-347.2540 0.0000
-347.1521 0.0000
-347.4688 0.0000
-347.9751 0.0000
-347.7892 0.0000
-348.2473 0.0000
-347.5786 0.0000
-348.6771 0.0000
-349.1902 0.0000
-350.1700 0.0000
-349.5655 0.0000
-348.5996 0.0000
-348.8590 0.0000
-350.1277 0.0000
-350.1133 0.0000
-350.7630 0.0000
-350.4883 0.0000
-349.9755 0.0000
-349.2639 0.0000
-350.1883 0.0000
-349.3573 0.0000
-347.8740 0.0000
-347.7475 0.0000
-348.1366 0.0000
-348.7203 0.0000
-349.5120 0.0000
-349.1386 0.0000
-348.8676 0.0000
-348.6639 0.0000
-350.3291 0.0000
-350.7398 0.0000
-351.0876 0.0000
-323.9146 0.0000
-323.4756 0.0000
-322.8537 0.0000
-321.9928 0.0000
-321.6919 0.0000
-321.7143 0.0000
-322.1718 0.0000
-322.5755 0.0000
-322.5736 0.0000
-323.0300 0.0000
-322.4202 0.0000
-322.0018 0.0000
-320.9553 0.0000
-321.2529 0.0000
-321.0924 0.0000
-321.5876 0.0000
-321.9006 0.0000
-321.7886 0.0000
-322.0605 0.0000
-322.0055 0.0000
-321.7110 0.0000
-321.2878 0.0000
-321.7888 0.0000
-321.5237 0.0000
-322.2800 0.0000
-322.5879 0.0000
-322.9467 0.0000
-322.9793 0.0000
-323.0543 0.0000
-322.9972 0.0000
-322.0410 0.0000
-321.8654 0.0000
-321.9952 0.0000
-323.0040 0.0000
-323.1953 0.0000
-323.4406 0.0000
-322.9924 0.0000
-323.6183 0.0000
-323.9919 0.0000
-323.2924 0.0000
-323.7445 0.0000
-324.0198 0.0000
-323.3221 0.0000
-323.3178 0.0000
-322.8766 0.0000
-323.3865 0.0000
-323.3617 0.0000
-322.8611 0.0000
-322.8021 0.0000
-323.2783 0.0000
-323.0026 0.0000
-323.1250 0.0000
-323.2456 0.0000
-323.5291 0.0000
-324.0848 0.0000
-325.0479 0.0000
-324.9205 0.0000
-325.0182 0.0000
-325.0015 0.0000
-324.7313 0.0000
-324.3549 0.0000
-324.6432 0.0000
-324.3701 0.0000
-323.5712 0.0000
-322.0876 0.0000
-322.2779 0.0000
-321.7465 0.0000
-321.8584 0.0000
-322.1384 0.0000
-323.0692 0.0000
-322.8305 0.0000
-321.8805 0.0000
-321.6023 0.0000
-322.3303 0.0000
-322.2380 0.0000
-321.6248 0.0000
-321.3220 0.0000
-322.2681 0.0000
-321.9674 0.0000
-321.6764 0.0000
-321.4677 0.0000
-320.8103 0.0000
-321.1847 0.0000
-320.7178 0.0000
-320.2123 0.0000
-319.7770 0.0000
-319.9337 0.0000
-320.1656 0.0000
-319.7190 0.0000
-320.4261 0.0000
-320.6981 0.0000
-320.2732 0.0000
-319.6186 0.0000
-319.7024 0.0000
-319.1465 0.0000
-319.9595 0.0000
-320.0554 0.0000
-320.5854 0.0000
-320.2212 0.0000
-319.2071 0.0000
-295.7349 0.0000
-295.5953 0.0000
-296.0496 0.0000
-295.6240 0.0000
-294.7945 0.0000
-295.6415 0.0000
-295.2549 0.0000
-295.7965 0.0000
-295.3774 0.0000
-295.4996 0.0000
-295.1433 0.0000
-295.0729 0.0000
-296.3502 0.0000
-295.9919 0.0000
-296.7899 0.0000
-295.7907 0.0000
-296.5325 0.0000
-296.4700 0.0000
-296.0760 0.0000
-295.6900 0.0000
-296.7554 0.0000
-296.4429 0.0000
-294.7174 0.0000
-295.2837 0.0000
-295.6928 0.0000
-295.7285 0.0000
-295.3593 0.0000
-295.2169 0.0000
-294.5131 0.0000
-294.3589 0.0000
-294.6641 0.0000
-293.2115 0.0000
-293.3886 0.0000
-292.1388 0.0000
-292.2090 0.0000
-293.4986 0.0000
-290.9577 0.0000
-290.6026 0.0000
-291.8821 0.0000
-291.3561 0.0000
-291.2162 0.0000
-292.9997 0.0000
-294.2972 0.0000
-294.7652 0.0000
-294.1822 0.0000
-293.6033 0.0000
-293.9317 0.0000
-292.7694 0.0000
-293.4798 0.0000
-292.7062 0.0000
-292.1863 0.0000
-291.0596 0.0000
-290.3433 0.0000
-289.9306 0.0000
-289.9230 0.0000
-289.8154 0.0000
-290.1331 0.0000
-289.8895 0.0000
-289.3534 0.0000
-292.1648 0.0000
-288.3228 0.0000
-288.8186 0.0000
-288.4440 0.0000
-287.3139 0.0000
-285.6244 0.0000
-285.3134 0.0000
-286.0864 0.0000
-285.8586 0.0000
-285.3511 0.0000
-284.6498 0.0000
-285.2717 0.0000
-284.5985 0.0000
-284.2364 0.0000
-284.1633 0.0000
-283.6032 0.0000
-284.5064 0.0000
-284.4959 0.0000
-283.9600 0.0000
-284.8560 0.0000
-282.9927 0.0000
-283.1420 0.0000
-283.7604 0.0000
-283.6911 0.0000
-284.2402 0.0000
-282.9735 0.0000
-282.2837 0.0000
-282.6176 0.0000
-283.0696 0.0000
-282.4611 0.0000
-282.2374 0.0000
-281.7488 0.0000
-281.8058 0.0000
-281.7918 0.0000
-280.0518 0.0000
-279.8314 0.0000
-281.0011 0.0000
-280.0813 0.0000
-279.5244 0.0000
-279.4514 0.0000
-279.5578 0.0000
-351.4931 0.0000
-350.0740 0.0000
-348.9795 0.0000
-349.4086 0.0000
-351.1418 0.0000
-352.8232 0.0000
-351.3833 0.0000
-350.0811 0.0000
-351.1757 0.0000
-349.7279 0.0000
-349.3198 0.0000
-351.7440 0.0000
-348.8566 0.0000
-349.6065 0.0000
-350.4566 0.0000
-348.7345 0.0000
-349.4153 0.0000
-349.4373 0.0000
-349.5923 0.0000
-349.8709 0.0000
-349.5881 0.0000
-351.3420 0.0000
-351.0263 0.0000
-351.2285 0.0000
-350.4004 0.0000
-349.6081 0.0000
-350.1334 0.0000
-349.5957 0.0000
-349.4342 0.0000
-349.6910 0.0000
-351.5603 0.0000
-348.5863 0.0000
-349.5881 0.0000
-351.2116 0.0000
-350.8724 0.0000
-349.7657 0.0000
-350.5489 0.0000
-349.4033 0.0000
-349.7375 0.0000
-350.5874 0.0000
-350.8061 0.0000
-348.6833 0.0000
-350.1987 0.0000
-351.9656 0.0000
-349.0034 0.0000
-349.4591 0.0000
-349.9940 0.0000
-349.1633 0.0000
-349.2414 0.0000
-350.3633 0.0000
-350.2690 0.0000
-348.4107 0.0000
-349.9728 0.0000
-350.8235 0.0000
-349.4168 0.0000
-351.7849 0.0000
-350.0147 0.0000
-350.5358 0.0000
-348.2210 0.0000
-350.0339 0.0000
-350.8233 0.0000
-349.3061 0.0000
-349.5731 0.0000
-350.5860 0.0000
-351.6045 0.0000
-349.9683 0.0000
-351.6382 0.0000
-349.9880 0.0000
-349.0884 0.0000
-349.3420 0.0000
-348.8742 0.0000
-350.5974 0.0000
-351.3845 0.0000
-350.9791 0.0000
-350.4550 0.0000
-350.5833 0.0000
-350.3845 0.0000
-349.2722 0.0000
-351.3600 0.0000
-349.2666 0.0000
-348.2548 0.0000
-350.4219 0.0000
-349.0383 0.0000
-350.3935 0.0000
-348.9963 0.0000
-350.4540 0.0000
-349.8332 0.0000
-350.4850 0.0000
-351.1542 0.0000
-350.6967 0.0000
-350.3732 0.0000
-350.6441 0.0000
-351.0352 0.0000
-349.3730 0.0000
-349.3488 0.0000
-350.2618 0.0000
-350.3441 0.0000
-349.3150 0.0000
-350.5341 0.0000
-350.0377 0.0000
-354.8671 0.0000
-353.6427 0.0000
-354.4050 0.0000
-355.6851 0.0000
-354.3553 0.0000
-353.5115 0.0000
-354.0640 0.0000
-355.9163 0.0000
-355.2416 0.0000
-355.2496 0.0000
-353.7186 0.0000
-353.8288 0.0000
-354.9999 0.0000
-355.4922 0.0000
-354.7768 0.0000
-353.5596 0.0000
-353.1206 0.0000
-355.4747 0.0000
-354.4853 0.0000
-354.9993 0.0000
-354.4067 0.0000
-355.0756 0.0000
-355.7495 0.0000
-355.0692 0.0000
-354.0521 0.0000
-355.4994 0.0000
-353.9816 0.0000
-354.4353 0.0000
-355.5802 0.0000
-355.2030 0.0000
-355.2409 0.0000
-353.5946 0.0000
-352.4880 0.0000
-354.4806 0.0000
-353.9966 0.0000
-352.7973 0.0000
-355.7422 0.0000
-355.3149 0.0000
-354.9972 0.0000
-354.8275 0.0000
-353.3125 0.0000
-355.1501 0.0000
-354.4157 0.0000
-354.9286 0.0000
-354.6540 0.0000
-354.6589 0.0000
-354.6122 0.0000
-354.6490 0.0000
-355.0511 0.0000
-354.4212 0.0000
-353.3986 0.0000
-354.1109 0.0000
-355.0044 0.0000
-354.7023 0.0000
-354.2584 0.0000
-353.3019 0.0000
-353.9364 0.0000
-353.9394 0.0000
-354.7033 0.0000
-353.5517 0.0000
-354.7238 0.0000
-354.6888 0.0000
-353.4840 0.0000
-354.7745 0.0000
-355.8848 0.0000
-353.1813 0.0000
-355.5969 0.0000
-355.2074 0.0000
-355.4439 0.0000
-354.3064 0.0000
-356.2600 0.0000
-354.3305 0.0000
-356.2196 0.0000
-355.5267 0.0000
-353.9323 0.0000
-353.9780 0.0000
-353.6606 0.0000
-353.9068 0.0000
-354.2535 0.0000
-354.7243 0.0000
-354.0095 0.0000
-354.6336 0.0000
-354.5613 0.0000
-354.1529 0.0000
-354.0539 0.0000
-354.7908 0.0000
-353.9168 0.0000
-354.7908 0.0000
-354.1685 0.0000
-354.2746 0.0000
-354.9783 0.0000
-355.1669 0.0000
-355.2885 0.0000
-354.2230 0.0000
-354.8691 0.0000
-353.1109 0.0000
-354.6170 0.0000
-353.7318 0.0000
-354.3381 0.0000
