-100.0000 -100.0000
-331.4439 0.0000
-331.6371 0.0000
-331.6670 0.0000
-331.2537 0.0000
-331.7453 0.0000
-331.4914 0.0000
-331.4064 0.0000
-331.3017 0.0000
-330.6423 0.0000
-329.8781 0.0000
-329.9520 0.0000
-330.0190 0.0000
-329.8213 0.0000
-329.8908 0.0000
-329.8253 0.0000
-329.6523 0.0000
-329.4388 0.0000
-329.3365 0.0000
-329.7364 0.0000
-329.9734 0.0000
-329.2599 0.0000
-328.9977 0.0000
-328.9970 0.0000
-328.9560 0.0000
-328.2354 0.0000
-328.1884 0.0000
-327.7070 0.0000
-328.4695 0.0000
-328.0750 0.0000
-328.3603 0.0000
-328.7703 0.0000
-328.9674 0.0000
-329.2838 0.0000
-327.9933 0.0000
-327.7175 0.0000
-327.4918 0.0000
-328.0387 0.0000
-328.1751 0.0000
-328.7862 0.0000
-327.9475 0.0000
-327.4584 0.0000
-327.5182 0.0000
-327.9294 0.0000
-327.9659 0.0000
-327.6908 0.0000
-327.0581 0.0000
-327.3823 0.0000
-327.7555 0.0000
-328.0764 0.0000
-329.0170 0.0000
-329.6379 0.0000
-329.8090 0.0000
-329.8747 0.0000
-329.8313 0.0000
-328.8179 0.0000
-328.2119 0.0000
-327.4347 0.0000
-326.7145 0.0000
-327.0030 0.0000
-327.2835 0.0000
-327.2352 0.0000
-327.1813 0.0000
-326.4112 0.0000
-325.8462 0.0000
-326.5161 0.0000
-326.4383 0.0000
-326.0253 0.0000
-326.7833 0.0000
-326.2466 0.0000
-325.5940 0.0000
-326.3070 0.0000
-325.9861 0.0000
-325.8988 0.0000
-325.3369 0.0000
-324.9479 0.0000
-324.4714 0.0000
-324.1303 0.0000
-323.7044 0.0000
-323.6731 0.0000
-323.7370 0.0000
-324.2653 0.0000
-324.8213 0.0000
-324.6912 0.0000
-324.0957 0.0000
-324.0671 0.0000
-323.9277 0.0000
-324.2137 0.0000
-323.9381 0.0000
-324.1861 0.0000
-324.3967 0.0000
-324.1127 0.0000
-324.2212 0.0000
-324.5658 0.0000
-325.7585 0.0000
-326.2915 0.0000
-326.3769 0.0000
-325.4591 0.0000
-324.9316 0.0000
-323.9378 0.0000
-323.6337 0.0000
-303.6882 0.0000
-303.4018 0.0000
-303.6356 0.0000
-302.9835 0.0000
-302.1840 0.0000
-302.1669 0.0000
-302.4992 0.0000
-302.2789 0.0000
-302.2984 0.0000
-302.4080 0.0000
-302.0123 0.0000
-302.4820 0.0000
-301.6912 0.0000
-301.9576 0.0000
-303.2202 0.0000
-302.6609 0.0000
-301.2690 0.0000
-300.0684 0.0000
-299.9214 0.0000
-301.2938 0.0000
-301.1307 0.0000
-301.5455 0.0000
-302.6954 0.0000
-302.2962 0.0000
-301.9528 0.0000
-302.2732 0.0000
-303.0469 0.0000
-301.6964 0.0000
-301.1738 0.0000
-300.7349 0.0000
-299.2077 0.0000
-298.4511 0.0000
-298.2225 0.0000
-298.8305 0.0000
-298.0423 0.0000
-297.9529 0.0000
-299.1796 0.0000
-298.5849 0.0000
-298.5280 0.0000
-298.1458 0.0000
-297.2758 0.0000
-297.4344 0.0000
-298.4057 0.0000
-297.8075 0.0000
-296.3032 0.0000
-296.1461 0.0000
-295.7174 0.0000
-297.1254 0.0000
-294.7077 0.0000
-295.7401 0.0000
-295.9502 0.0000
-296.0906 0.0000
-296.6247 0.0000
-295.0450 0.0000
-295.5796 0.0000
-295.6657 0.0000
-294.7048 0.0000
-295.6414 0.0000
-296.2809 0.0000
-296.3400 0.0000
-296.4243 0.0000
-295.9557 0.0000
-295.4378 0.0000
-295.2572 0.0000
-294.4026 0.0000
-293.8446 0.0000
-294.7723 0.0000
-295.3204 0.0000
-295.3726 0.0000
-295.4935 0.0000
-295.2172 0.0000
-295.4436 0.0000
-295.7160 0.0000
-295.5107 0.0000
-295.7657 0.0000
-295.0780 0.0000
-294.9788 0.0000
-295.4508 0.0000
-295.7054 0.0000
-296.2231 0.0000
-296.6210 0.0000
-295.1231 0.0000
-294.5077 0.0000
-294.0829 0.0000
-293.9712 0.0000
-294.9741 0.0000
-295.1738 0.0000
-297.3766 0.0000
-297.2461 0.0000
-296.9099 0.0000
-297.3028 0.0000
-296.8574 0.0000
-295.3189 0.0000
-295.3919 0.0000
-295.5149 0.0000
-297.6153 0.0000
-298.0944 0.0000
-298.0932 0.0000
-297.8641 0.0000
-296.4954 0.0000
-348.9844 0.0000
-350.5094 0.0000
-349.4007 0.0000
-351.5596 0.0000
-350.1506 0.0000
-350.5534 0.0000
-349.5832 0.0000
-350.2796 0.0000
-349.4758 0.0000
-350.9494 0.0000
-351.6014 0.0000
-350.5575 0.0000
-350.4305 0.0000
-350.0692 0.0000
-349.4254 0.0000
-349.4211 0.0000
-349.2911 0.0000
-349.1255 0.0000
-349.7234 0.0000
-350.9570 0.0000
-349.8514 0.0000
-352.2745 0.0000
-350.1495 0.0000
-350.6636 0.0000
-350.9715 0.0000
-352.7269 0.0000
-351.1844 0.0000
-351.1435 0.0000
-350.2122 0.0000
-348.8231 0.0000
-351.4180 0.0000
-351.0394 0.0000
-350.0927 0.0000
-350.0767 0.0000
-349.9743 0.0000
-351.7255 0.0000
-349.9559 0.0000
-349.4540 0.0000
-349.5820 0.0000
-351.2892 0.0000
-350.9376 0.0000
-349.5317 0.0000
-352.3166 0.0000
-351.0750 0.0000
-350.2358 0.0000
-351.1523 0.0000
-350.0162 0.0000
-350.0469 0.0000
-349.8763 0.0000
-350.4018 0.0000
-349.5188 0.0000
-348.3331 0.0000
-347.1693 0.0000
-347.0443 0.0000
-348.7586 0.0000
-347.2803 0.0000
-347.6385 0.0000
-347.8587 0.0000
-347.0198 0.0000
-347.3013 0.0000
-348.0175 0.0000
-349.0290 0.0000
-349.4676 0.0000
-349.1122 0.0000
-348.3364 0.0000
-348.0821 0.0000
-348.1391 0.0000
-348.0103 0.0000
-349.9645 0.0000
-348.2049 0.0000
-346.3927 0.0000
-347.1920 0.0000
-346.4475 0.0000
-347.3444 0.0000
-347.5281 0.0000
-346.8515 0.0000
-347.3899 0.0000
-347.2957 0.0000
-348.5906 0.0000
-348.0154 0.0000
-348.2798 0.0000
-348.4033 0.0000
-348.9032 0.0000
-350.4807 0.0000
-350.3069 0.0000
-349.8337 0.0000
-349.6755 0.0000
-349.8495 0.0000
-350.3550 0.0000
-350.1750 0.0000
-350.8159 0.0000
-349.4331 0.0000
-350.2109 0.0000
-348.1790 0.0000
-348.6187 0.0000
-349.7107 0.0000
-349.0172 0.0000
-349.7568 0.0000
-350.1285 0.0000
-350.0873 0.0000
-372.1871 0.0000
-371.7868 0.0000
-369.7124 0.0000
-371.6488 0.0000
-371.8129 0.0000
-373.7673 0.0000
-371.2591 0.0000
-372.4339 0.0000
-372.2549 0.0000
-370.8480 0.0000
-371.5779 0.0000
-372.2307 0.0000
-370.0683 0.0000
-371.5355 0.0000
-371.1356 0.0000
-371.1586 0.0000
-371.0748 0.0000
-371.6843 0.0000
-371.3930 0.0000
-369.8369 0.0000
-370.8061 0.0000
-372.3592 0.0000
-372.8206 0.0000
-372.3926 0.0000
-372.7607 0.0000
-371.0026 0.0000
-370.3268 0.0000
-372.6468 0.0000
-371.1367 0.0000
-371.2152 0.0000
-372.4983 0.0000
-370.3088 0.0000
-370.2553 0.0000
-371.7035 0.0000
-371.8161 0.0000
-372.1321 0.0000
-371.9916 0.0000
-370.3604 0.0000
-373.6824 0.0000
-370.4188 0.0000
-372.7317 0.0000
-370.0118 0.0000
-372.1862 0.0000
-370.9473 0.0000
-371.7499 0.0000
-369.8806 0.0000
-370.9369 0.0000
-370.2594 0.0000
-372.1893 0.0000
-370.7734 0.0000
-369.9024 0.0000
-369.9870 0.0000
-370.6163 0.0000
-371.8061 0.0000
-371.4577 0.0000
-373.1514 0.0000
-372.2180 0.0000
-371.9194 0.0000
-368.9901 0.0000
-371.2971 0.0000
-371.1373 0.0000
-370.3709 0.0000
-370.5147 0.0000
-371.1995 0.0000
-372.8091 0.0000
-371.0102 0.0000
-372.9122 0.0000
-370.8919 0.0000
-370.8187 0.0000
-368.7281 0.0000
-369.9564 0.0000
-371.4423 0.0000
-373.4243 0.0000
-372.0672 0.0000
-370.5684 0.0000
-371.7218 0.0000
-372.1984 0.0000
-370.0677 0.0000
-372.8099 0.0000
-371.5020 0.0000
-369.7065 0.0000
-372.4187 0.0000
-370.4317 0.0000
-373.5077 0.0000
-371.6005 0.0000
-372.1356 0.0000
-370.9707 0.0000
-371.4453 0.0000
-372.3111 0.0000
-372.0800 0.0000
-371.7680 0.0000
-372.1040 0.0000
-371.9570 0.0000
-369.7579 0.0000
-371.1622 0.0000
-371.4804 0.0000
-372.3396 0.0000
-372.5075 0.0000
-371.6392 0.0000
-371.1118 0.0000
-370.3087 0.0000
-371.5957 0.0000
-372.1279 0.0000
-371.3390 0.0000
-372.4691 0.0000
-370.4095 0.0000
-370.2314 0.0000
-371.0168 0.0000
-372.0912 0.0000
-371.6853 0.0000
-370.2821 0.0000
-370.7088 0.0000
-371.2146 0.0000
-372.1414 0.0000
-371.0217 0.0000
-370.4633 0.0000
-370.1020 0.0000
-373.3229 0.0000
-370.5304 0.0000
-372.2773 0.0000
-372.0149 0.0000
-371.7130 0.0000
-372.7579 0.0000
-370.7788 0.0000
-371.1633 0.0000
-371.5068 0.0000
-370.8980 0.0000
-369.5172 0.0000
-372.9552 0.0000
-371.2394 0.0000
-371.9961 0.0000
-372.2199 0.0000
-370.6121 0.0000
-370.9984 0.0000
-370.3000 0.0000
-371.9129 0.0000
-371.9078 0.0000
-371.4365 0.0000
-370.3270 0.0000
-370.5861 0.0000
-370.6430 0.0000
-373.8125 0.0000
-371.0604 0.0000
-372.3834 0.0000
-371.4444 0.0000
-372.3596 0.0000
-372.0349 0.0000
-371.0277 0.0000
-373.7594 0.0000
-369.9775 0.0000
-370.9728 0.0000
-370.4065 0.0000
-372.0084 0.0000
-372.4092 0.0000
-370.5279 0.0000
-370.9008 0.0000
-370.7856 0.0000
-371.7423 0.0000
-370.4672 0.0000
-370.8791 0.0000
-371.3478 0.0000
-371.2118 0.0000
-369.5876 0.0000
-371.9879 0.0000
-373.2177 0.0000
-370.0144 0.0000
-371.8761 0.0000
-372.3892 0.0000
-372.8551 0.0000
-370.3140 0.0000
-372.2829 0.0000
-371.9425 0.0000
-373.8633 0.0000
-372.1845 0.0000
-371.2817 0.0000
-369.6864 0.0000
-370.0814 0.0000
-370.8010 0.0000
-370.8960 0.0000
-370.7946 0.0000
-370.5801 0.0000
-372.5540 0.0000
-371.8405 0.0000
-371.0771 0.0000
-371.0087 0.0000
-372.0510 0.0000
-371.5477 0.0000
-372.1114 0.0000
-371.0157 0.0000
-371.1850 0.0000
-371.6486 0.0000
-370.9785 0.0000
-370.1164 0.0000
-371.4603 0.0000
-371.2923 0.0000
-370.1837 0.0000
-368.6602 0.0000
-371.4798 0.0000
-369.6426 0.0000
