-100.0000 -100.0000
-332.8183 0.0000
-333.1430 0.0000
-333.4053 0.0000
-333.1505 0.0000
-334.2200 0.0000
-334.3529 0.0000
-333.9781 0.0000
-334.5322 0.0000
-335.0241 0.0000
-335.4747 0.0000
-335.2004 0.0000
-335.5381 0.0000
-336.0949 0.0000
-335.3319 0.0000
-334.7173 0.0000
-335.4929 0.0000
-335.9667 0.0000
-335.7915 0.0000
-336.4448 0.0000
-336.1071 0.0000
-335.3852 0.0000
-334.6550 0.0000
-335.4002 0.0000
-335.1462 0.0000
-335.5751 0.0000
-335.3624 0.0000
-335.1658 0.0000
-335.2037 0.0000
-333.8208 0.0000
-333.8677 0.0000
-333.6248 0.0000
-334.8245 0.0000
-334.9143 0.0000
-334.8852 0.0000
-334.3604 0.0000
-333.7845 0.0000
-333.1720 0.0000
-333.2589 0.0000
-333.1946 0.0000
-333.3149 0.0000
-332.0268 0.0000
-330.8087 0.0000
-331.3668 0.0000
-331.3998 0.0000
-331.7114 0.0000
-331.0012 0.0000
-331.5503 0.0000
-331.7490 0.0000
-333.2209 0.0000
-333.0410 0.0000
-333.8318 0.0000
-333.0852 0.0000
-333.4475 0.0000
-333.4457 0.0000
-333.5511 0.0000
-332.9580 0.0000
-333.1523 0.0000
-332.2990 0.0000
-332.2364 0.0000
-332.8730 0.0000
-333.2315 0.0000
-332.8671 0.0000
-333.3517 0.0000
-333.1590 0.0000
-333.1342 0.0000
-333.0829 0.0000
-332.8933 0.0000
-331.8209 0.0000
-330.9580 0.0000
-330.8460 0.0000
-330.5248 0.0000
-329.6571 0.0000
-329.6620 0.0000
-328.5455 0.0000
-328.5934 0.0000
-327.2494 0.0000
-327.6451 0.0000
-327.0187 0.0000
-326.4648 0.0000
-327.1843 0.0000
-327.1999 0.0000
-327.7690 0.0000
-327.8065 0.0000
-327.4377 0.0000
-328.1097 0.0000
-328.2725 0.0000
-327.2322 0.0000
-327.0390 0.0000
-326.1883 0.0000
-327.4727 0.0000
-326.7220 0.0000
-326.5457 0.0000
-326.5626 0.0000
-325.6530 0.0000
-325.9749 0.0000
-326.1300 0.0000
-325.2274 0.0000
-325.0071 0.0000
-324.8544 0.0000
-324.6027 0.0000
-331.6727 0.0000
-330.6542 0.0000
-330.6993 0.0000
-330.3664 0.0000
-330.8578 0.0000
-331.3539 0.0000
-331.0511 0.0000
-331.1150 0.0000
-330.6909 0.0000
-330.8281 0.0000
-330.9612 0.0000
-331.2139 0.0000
-330.6207 0.0000
-331.0913 0.0000
-331.4786 0.0000
-331.4829 0.0000
-331.4532 0.0000
-330.6250 0.0000
-330.3442 0.0000
-330.9578 0.0000
-331.3930 0.0000
-330.7115 0.0000
-331.0326 0.0000
-330.8967 0.0000
-330.8340 0.0000
-331.3153 0.0000
-330.9788 0.0000
-330.5069 0.0000
-330.7331 0.0000
-330.8441 0.0000
-330.7509 0.0000
-330.2893 0.0000
-331.3848 0.0000
-330.8415 0.0000
-331.2582 0.0000
-331.0554 0.0000
-331.0203 0.0000
-331.0140 0.0000
-330.8136 0.0000
-330.6566 0.0000
-330.9197 0.0000
-331.1881 0.0000
-331.0841 0.0000
-330.7102 0.0000
-330.3245 0.0000
-330.8996 0.0000
-330.7523 0.0000
-330.9380 0.0000
-331.0527 0.0000
-331.3709 0.0000
-330.8361 0.0000
-330.8181 0.0000
-331.0348 0.0000
-331.0981 0.0000
-330.6335 0.0000
-330.9989 0.0000
-330.6898 0.0000
-331.7111 0.0000
-331.0199 0.0000
-330.9260 0.0000
-331.0247 0.0000
-330.9877 0.0000
-331.0414 0.0000
-331.2640 0.0000
-330.1439 0.0000
-331.1921 0.0000
-331.2922 0.0000
-331.2074 0.0000
-330.4118 0.0000
-330.9567 0.0000
-330.8304 0.0000
-331.0033 0.0000
-330.4821 0.0000
-330.9377 0.0000
-331.1667 0.0000
-331.0180 0.0000
-331.1842 0.0000
-331.0212 0.0000
-330.7068 0.0000
-331.1188 0.0000
-331.0767 0.0000
-330.6686 0.0000
-330.7591 0.0000
-331.1081 0.0000
-330.7028 0.0000
-331.3308 0.0000
-330.7973 0.0000
-331.3807 0.0000
-330.3053 0.0000
-331.3445 0.0000
-331.0381 0.0000
-331.0303 0.0000
-329.7759 0.0000
-331.3127 0.0000
-330.7858 0.0000
-331.3734 0.0000
-331.2280 0.0000
-331.2051 0.0000
-331.2811 0.0000
-331.3343 0.0000
-318.5232 0.0000
-318.6207 0.0000
-319.0361 0.0000
-319.0049 0.0000
-318.7533 0.0000
-318.6703 0.0000
-318.5957 0.0000
-317.6386 0.0000
-317.1334 0.0000
-318.6544 0.0000
-317.0161 0.0000
-316.7881 0.0000
-315.3433 0.0000
-315.0467 0.0000
-315.2215 0.0000
-315.6697 0.0000
-316.8139 0.0000
-315.5375 0.0000
-314.7809 0.0000
-313.4767 0.0000
-313.4115 0.0000
-314.4176 0.0000
-315.1952 0.0000
-315.1469 0.0000
-315.9092 0.0000
-317.1952 0.0000
-317.1963 0.0000
-317.6579 0.0000
-317.7457 0.0000
-317.3426 0.0000
-317.1076 0.0000
-316.3440 0.0000
-316.5005 0.0000
-316.6844 0.0000
-316.1907 0.0000
-314.7203 0.0000
-315.9577 0.0000
-315.1811 0.0000
-315.2660 0.0000
-314.4883 0.0000
-315.0491 0.0000
-313.9554 0.0000
-314.7088 0.0000
-312.3585 0.0000
-312.8953 0.0000
-312.2039 0.0000
-311.6366 0.0000
-311.9486 0.0000
-311.5083 0.0000
-310.0588 0.0000
-311.1568 0.0000
-311.0201 0.0000
-311.9567 0.0000
-312.8455 0.0000
-313.1294 0.0000
-313.6853 0.0000
-313.0533 0.0000
-311.8148 0.0000
-312.3214 0.0000
-313.1815 0.0000
-314.1500 0.0000
-312.2383 0.0000
-312.4193 0.0000
-312.2465 0.0000
-312.6017 0.0000
-312.0154 0.0000
-312.1988 0.0000
-313.3656 0.0000
-312.2442 0.0000
-312.7886 0.0000
-311.6263 0.0000
-312.2420 0.0000
-311.8111 0.0000
-312.8409 0.0000
-312.3792 0.0000
-311.4560 0.0000
-310.8852 0.0000
-312.4028 0.0000
-310.5408 0.0000
-310.2314 0.0000
-310.8688 0.0000
-310.5959 0.0000
-310.2782 0.0000
-310.3531 0.0000
-309.7389 0.0000
-310.2769 0.0000
-309.2121 0.0000
-308.7901 0.0000
-310.1847 0.0000
-308.3600 0.0000
-310.0383 0.0000
-308.3700 0.0000
-308.2347 0.0000
-308.0346 0.0000
-308.0012 0.0000
-308.7913 0.0000
-308.4311 0.0000
-308.8628 0.0000
-308.9088 0.0000
-309.6480 0.0000
-330.4921 0.0000
-330.1012 0.0000
-329.3625 0.0000
-330.0311 0.0000
-330.7285 0.0000
-330.4030 0.0000
-330.3623 0.0000
-329.9547 0.0000
-330.5582 0.0000
-329.9949 0.0000
-329.8840 0.0000
-330.2912 0.0000
-329.3914 0.0000
-330.6516 0.0000
-330.3349 0.0000
-329.4408 0.0000
-330.3871 0.0000
-329.3488 0.0000
-329.3837 0.0000
-330.5755 0.0000
-329.6747 0.0000
-330.2677 0.0000
-330.8876 0.0000
-330.8775 0.0000
-329.5165 0.0000
-329.4359 0.0000
-329.4251 0.0000
-329.9904 0.0000
-329.7495 0.0000
-329.7721 0.0000
-329.4895 0.0000
-328.8626 0.0000
-329.4774 0.0000
-330.0946 0.0000
-329.7552 0.0000
-329.3889 0.0000
-329.8297 0.0000
-330.4393 0.0000
-329.3204 0.0000
-329.7541 0.0000
-329.9407 0.0000
-329.2164 0.0000
-330.0226 0.0000
-330.8755 0.0000
-329.3025 0.0000
-329.8673 0.0000
-330.1051 0.0000
-329.4089 0.0000
-330.3801 0.0000
-329.6496 0.0000
-330.9934 0.0000
-329.4495 0.0000
-329.9163 0.0000
-330.2669 0.0000
-328.9061 0.0000
-329.7228 0.0000
-330.4667 0.0000
-329.8336 0.0000
-330.0649 0.0000
-330.3606 0.0000
-330.4001 0.0000
-330.2213 0.0000
-330.2851 0.0000
-330.1469 0.0000
-330.8102 0.0000
-330.2927 0.0000
-330.1298 0.0000
-330.1994 0.0000
-330.1822 0.0000
-329.5497 0.0000
-330.3391 0.0000
-329.7596 0.0000
-330.2626 0.0000
-330.2084 0.0000
-329.9299 0.0000
-330.0911 0.0000
-330.0473 0.0000
-329.4623 0.0000
-329.7856 0.0000
-330.2240 0.0000
-329.4556 0.0000
-330.1895 0.0000
-329.7678 0.0000
-330.2328 0.0000
-329.1998 0.0000
-329.9600 0.0000
-330.1965 0.0000
-330.0428 0.0000
-330.6058 0.0000
-329.9230 0.0000
-329.8838 0.0000
-330.4330 0.0000
-330.2467 0.0000
-329.6226 0.0000
-329.4230 0.0000
-329.8799 0.0000
-330.8301 0.0000
-329.6572 0.0000
-329.7247 0.0000
-329.9395 0.0000
-329.9057 0.0000
-330.2319 0.0000
-330.5293 0.0000
-329.8723 0.0000
-330.2712 0.0000
-329.3023 0.0000
-330.1294 0.0000
-330.2038 0.0000
-329.6752 0.0000
-329.5344 0.0000
-329.2313 0.0000
-329.8637 0.0000
-331.4241 0.0000
-329.6517 0.0000
-330.4580 0.0000
-329.2133 0.0000
-329.8746 0.0000
-330.4826 0.0000
-329.4428 0.0000
-330.0510 0.0000
-329.5685 0.0000
-329.7168 0.0000
-330.9324 0.0000
-330.2392 0.0000
-330.5393 0.0000
-329.8058 0.0000
-329.3207 0.0000
-329.4938 0.0000
-330.0919 0.0000
-330.0351 0.0000
-330.5045 0.0000
-329.9257 0.0000
-330.3725 0.0000
-330.4480 0.0000
-329.8542 0.0000
-330.4291 0.0000
-329.6327 0.0000
-329.7123 0.0000
-330.4067 0.0000
-330.3020 0.0000
-329.6206 0.0000
-329.4656 0.0000
-329.5763 0.0000
-329.7988 0.0000
-331.1315 0.0000
-329.9445 0.0000
-330.0753 0.0000
-329.6877 0.0000
-330.2687 0.0000
-329.6530 0.0000
-329.9944 0.0000
-331.0985 0.0000
-329.1741 0.0000
-330.3287 0.0000
-329.4014 0.0000
-329.9724 0.0000
-329.5894 0.0000
-329.3251 0.0000
-329.5830 0.0000
-329.7213 0.0000
-330.2908 0.0000
-329.6612 0.0000
-330.0034 0.0000
-330.8672 0.0000
-329.3249 0.0000
-329.5908 0.0000
-330.2536 0.0000
-329.3257 0.0000
-329.6335 0.0000
-329.9978 0.0000
-329.8231 0.0000
-330.1966 0.0000
-330.0975 0.0000
-329.6552 0.0000
-330.0719 0.0000
-329.3600 0.0000
-330.1626 0.0000
-330.1691 0.0000
-330.0381 0.0000
-330.2832 0.0000
-329.7554 0.0000
-329.5465 0.0000
-330.4085 0.0000
-330.2059 0.0000
-329.2409 0.0000
-330.1144 0.0000
-330.7366 0.0000
-329.3171 0.0000
-330.0954 0.0000
-329.4829 0.0000
-330.2372 0.0000
-330.4125 0.0000
-329.8769 0.0000
-329.6896 0.0000
-329.5594 0.0000
-329.7644 0.0000
-329.4528 0.0000
-329.5696 0.0000
-329.7751 0.0000
