-100.0000 -100.0000
-345.1408 0.0000
-344.2544 0.0000
-344.4621 0.0000
-342.9993 0.0000
-344.4783 0.0000
-342.3628 0.0000
-342.2025 0.0000
-342.6323 0.0000
-341.0659 0.0000
-340.7387 0.0000
-341.0132 0.0000
-341.6599 0.0000
-341.3237 0.0000
-340.2624 0.0000
-340.3139 0.0000
-339.9971 0.0000
-339.2698 0.0000
-339.6771 0.0000
-339.3410 0.0000
-339.0684 0.0000
-337.8014 0.0000
-338.1559 0.0000
-338.5794 0.0000
-338.5606 0.0000
-338.7792 0.0000
-338.4713 0.0000
-338.1273 0.0000
-338.9449 0.0000
-338.4248 0.0000
-338.2032 0.0000
-338.0571 0.0000
-338.8519 0.0000
-339.4508 0.0000
-338.3075 0.0000
-338.5899 0.0000
-338.4423 0.0000
-338.0577 0.0000
-338.2363 0.0000
-338.8747 0.0000
-338.0648 0.0000
-337.6827 0.0000
-337.7082 0.0000
-336.8320 0.0000
-335.5544 0.0000
-334.8726 0.0000
-335.1059 0.0000
-335.3628 0.0000
-334.2468 0.0000
-332.9129 0.0000
-332.7936 0.0000
-333.3654 0.0000
-333.2972 0.0000
-333.4930 0.0000
-333.3917 0.0000
-332.0916 0.0000
-332.1877 0.0000
-332.3235 0.0000
-333.0204 0.0000
-333.3794 0.0000
-333.1473 0.0000
-332.5418 0.0000
-332.8786 0.0000
-332.7710 0.0000
-333.1641 0.0000
-333.6323 0.0000
-333.9374 0.0000
-333.8462 0.0000
-335.2543 0.0000
-335.1588 0.0000
-334.9607 0.0000
-334.7468 0.0000
-335.7133 0.0000
-335.8952 0.0000
-334.7996 0.0000
-333.9503 0.0000
-333.3524 0.0000
-333.0381 0.0000
-331.7694 0.0000
-333.0910 0.0000
-333.2973 0.0000
-333.7416 0.0000
-335.3758 0.0000
-334.5334 0.0000
-333.7835 0.0000
-332.9699 0.0000
-333.7484 0.0000
-332.9927 0.0000
-333.7469 0.0000
-334.5388 0.0000
-335.2819 0.0000
-334.6664 0.0000
-334.2391 0.0000
-335.1648 0.0000
-335.2585 0.0000
-335.1482 0.0000
-335.4919 0.0000
-335.5600 0.0000
-336.0091 0.0000
-335.8668 0.0000
-335.5945 0.0000
-334.1152 0.0000
-334.3039 0.0000
-332.9941 0.0000
-332.9794 0.0000
-332.9743 0.0000
-333.4024 0.0000
-332.8138 0.0000
-332.2558 0.0000
-333.0861 0.0000
-333.4594 0.0000
-333.3606 0.0000
-333.1002 0.0000
-332.0879 0.0000
-332.1070 0.0000
-331.7988 0.0000
-331.7717 0.0000
-331.2384 0.0000
-330.9118 0.0000
-331.0798 0.0000
-331.3793 0.0000
-330.9063 0.0000
-330.8741 0.0000
-331.2641 0.0000
-330.3138 0.0000
-330.6821 0.0000
-330.8411 0.0000
-330.7522 0.0000
-332.1137 0.0000
-332.3468 0.0000
-332.3657 0.0000
-331.5058 0.0000
-331.5270 0.0000
-330.4548 0.0000
-330.8997 0.0000
-331.8796 0.0000
-331.5988 0.0000
-331.6965 0.0000
-331.3910 0.0000
-331.2383 0.0000
-331.0927 0.0000
-332.2558 0.0000
-332.4592 0.0000
-332.2733 0.0000
-332.5629 0.0000
-332.6432 0.0000
-332.9197 0.0000
-333.1231 0.0000
-332.8071 0.0000
-332.9730 0.0000
-332.8198 0.0000
-332.2644 0.0000
-332.7536 0.0000
-332.9641 0.0000
-333.1040 0.0000
-332.0124 0.0000
-332.5535 0.0000
-333.2045 0.0000
-333.3146 0.0000
-332.6109 0.0000
-333.9717 0.0000
-333.9000 0.0000
-334.2844 0.0000
-334.4049 0.0000
-333.7873 0.0000
-333.4132 0.0000
-333.6430 0.0000
-333.2050 0.0000
-332.9857 0.0000
-333.0090 0.0000
-332.5185 0.0000
-332.4812 0.0000
-332.6621 0.0000
-333.5531 0.0000
-333.7165 0.0000
-334.2546 0.0000
-333.9305 0.0000
-333.4777 0.0000
-334.5739 0.0000
-334.1940 0.0000
-334.0277 0.0000
-333.5630 0.0000
-333.5771 0.0000
-333.8775 0.0000
-333.0949 0.0000
-333.3373 0.0000
-332.2687 0.0000
-332.3310 0.0000
-331.0197 0.0000
-332.0485 0.0000
-331.1666 0.0000
-331.5764 0.0000
-331.0181 0.0000
-331.9721 0.0000
-331.2686 0.0000
-330.4306 0.0000
-330.6529 0.0000
-330.8078 0.0000
-330.7357 0.0000
-330.9972 0.0000
-331.2052 0.0000
-350.7603 0.0000
-352.2958 0.0000
-350.0551 0.0000
-350.3814 0.0000
-351.0464 0.0000
-350.3428 0.0000
-350.7792 0.0000
-351.6539 0.0000
-350.2352 0.0000
-350.6801 0.0000
-352.0301 0.0000
-350.9654 0.0000
-350.6293 0.0000
-350.6096 0.0000
-350.5081 0.0000
-350.5820 0.0000
-350.7352 0.0000
-350.6555 0.0000
-352.4839 0.0000
-350.3686 0.0000
-351.2517 0.0000
-351.5607 0.0000
-351.3306 0.0000
-350.1147 0.0000
-350.4512 0.0000
-352.1212 0.0000
-351.1064 0.0000
-351.7476 0.0000
-350.8397 0.0000
-350.4788 0.0000
-351.5891 0.0000
-350.1763 0.0000
-351.5541 0.0000
-350.7858 0.0000
-350.6531 0.0000
-350.1423 0.0000
-351.1859 0.0000
-351.2160 0.0000
-350.5997 0.0000
-351.4756 0.0000
-351.3651 0.0000
-348.7348 0.0000
-351.9088 0.0000
-351.4843 0.0000
-351.8340 0.0000
-351.8501 0.0000
-351.2723 0.0000
-352.4939 0.0000
-351.8133 0.0000
-351.1080 0.0000
-351.7557 0.0000
-350.8726 0.0000
-351.2732 0.0000
-351.3463 0.0000
-351.1813 0.0000
-351.2303 0.0000
-349.5853 0.0000
-350.3247 0.0000
-351.8504 0.0000
-349.2535 0.0000
-350.4232 0.0000
-349.5789 0.0000
-349.1757 0.0000
-348.9558 0.0000
-350.6019 0.0000
-350.3975 0.0000
-349.5930 0.0000
-349.3512 0.0000
-350.0872 0.0000
-351.0557 0.0000
-351.2905 0.0000
-351.4179 0.0000
-352.8467 0.0000
-352.7950 0.0000
-353.9279 0.0000
-352.6967 0.0000
-352.9120 0.0000
-354.9250 0.0000
-353.0860 0.0000
-353.5791 0.0000
-353.5417 0.0000
-354.4938 0.0000
-354.2480 0.0000
-355.6088 0.0000
-354.3380 0.0000
-353.8853 0.0000
-352.6160 0.0000
-352.2950 0.0000
-353.6852 0.0000
-351.9655 0.0000
-352.4790 0.0000
-353.2856 0.0000
-353.9069 0.0000
-354.5225 0.0000
-353.7705 0.0000
-354.1244 0.0000
-354.2850 0.0000
-354.3133 0.0000
-354.8366 0.0000
-354.7631 0.0000
-316.0531 0.0000
-315.9195 0.0000
-316.2799 0.0000
-316.2273 0.0000
-316.8468 0.0000
-316.2299 0.0000
-317.5676 0.0000
-316.5903 0.0000
-316.2516 0.0000
-316.2364 0.0000
-316.6734 0.0000
-316.1918 0.0000
-315.5030 0.0000
-316.4071 0.0000
-315.2200 0.0000
-315.6578 0.0000
-315.7781 0.0000
-315.6280 0.0000
-315.5993 0.0000
-315.1576 0.0000
-315.9821 0.0000
-314.9998 0.0000
-314.8896 0.0000
-315.2526 0.0000
-315.2118 0.0000
-314.9354 0.0000
-315.5652 0.0000
-315.4249 0.0000
-315.3239 0.0000
-315.6595 0.0000
-315.4609 0.0000
-315.2673 0.0000
-315.2423 0.0000
-314.9007 0.0000
-314.7397 0.0000
-315.3419 0.0000
-315.2553 0.0000
-315.4192 0.0000
-315.6447 0.0000
-314.9775 0.0000
-315.1554 0.0000
-316.2222 0.0000
-314.8408 0.0000
-314.5489 0.0000
-314.9347 0.0000
-315.2902 0.0000
-314.3469 0.0000
-314.0803 0.0000
-313.9095 0.0000
-314.0186 0.0000
-314.5933 0.0000
-313.6711 0.0000
-314.2996 0.0000
-312.9214 0.0000
-312.4998 0.0000
-312.0602 0.0000
-311.8673 0.0000
-311.6458 0.0000
-311.5237 0.0000
-311.7302 0.0000
-311.9200 0.0000
-312.2804 0.0000
-311.9868 0.0000
-310.8725 0.0000
-310.6485 0.0000
-310.7620 0.0000
-310.3948 0.0000
-310.7113 0.0000
-310.5504 0.0000
-310.4125 0.0000
-310.7951 0.0000
-310.3552 0.0000
-309.6437 0.0000
-310.0855 0.0000
-309.5731 0.0000
-309.5100 0.0000
-309.6318 0.0000
-309.5263 0.0000
-310.0098 0.0000
-310.0939 0.0000
-309.1408 0.0000
-308.9891 0.0000
-308.8332 0.0000
-309.2999 0.0000
-308.7710 0.0000
-308.2960 0.0000
-308.6546 0.0000
-308.4643 0.0000
-308.1875 0.0000
-307.8410 0.0000
-307.4564 0.0000
-307.3565 0.0000
-307.8672 0.0000
-307.8253 0.0000
-307.4230 0.0000
-306.9109 0.0000
-306.8955 0.0000
-306.2626 0.0000
-306.0864 0.0000
-306.0825 0.0000
-259.9269 0.0000
-260.5484 0.0000
-261.1571 0.0000
-262.3362 0.0000
-262.1995 0.0000
-260.2669 0.0000
-259.6113 0.0000
-260.0771 0.0000
-259.7985 0.0000
-259.8446 0.0000
-260.2028 0.0000
-260.4585 0.0000
-259.8383 0.0000
-260.0084 0.0000
-260.2041 0.0000
-260.5136 0.0000
-260.8224 0.0000
-262.1475 0.0000
-260.7638 0.0000
-261.9626 0.0000
-260.6185 0.0000
-260.3677 0.0000
-260.7382 0.0000
-259.5717 0.0000
-259.8459 0.0000
-259.8628 0.0000
-259.7374 0.0000
-258.8174 0.0000
-258.6065 0.0000
-258.4911 0.0000
-259.4516 0.0000
-259.6715 0.0000
-258.3938 0.0000
-258.5465 0.0000
-258.1570 0.0000
-259.1502 0.0000
-259.0068 0.0000
-259.2922 0.0000
-259.4413 0.0000
-259.3513 0.0000
-260.8517 0.0000
-259.7266 0.0000
-259.1283 0.0000
-260.4972 0.0000
-258.6220 0.0000
-260.0180 0.0000
-258.4120 0.0000
-257.8667 0.0000
-259.0849 0.0000
-259.1671 0.0000
-259.8492 0.0000
-259.8464 0.0000
-259.9399 0.0000
-260.7796 0.0000
-258.9441 0.0000
-258.5601 0.0000
-257.8245 0.0000
-258.1387 0.0000
-258.7997 0.0000
-258.4002 0.0000
-258.8950 0.0000
-258.5318 0.0000
-258.5420 0.0000
-259.6709 0.0000
-259.8379 0.0000
-259.8088 0.0000
-260.3910 0.0000
-260.0198 0.0000
-261.0027 0.0000
-259.2744 0.0000
-259.3330 0.0000
-259.4701 0.0000
-260.5319 0.0000
-260.3737 0.0000
-260.1663 0.0000
-259.2915 0.0000
-259.7953 0.0000
-259.7355 0.0000
-259.7433 0.0000
-258.8546 0.0000
-257.2302 0.0000
-257.2399 0.0000
-256.3323 0.0000
-255.6267 0.0000
-256.4899 0.0000
-256.4805 0.0000
-256.8892 0.0000
-256.9783 0.0000
-257.3375 0.0000
-256.1064 0.0000
-255.1990 0.0000
-255.1758 0.0000
-253.5292 0.0000
-253.2720 0.0000
-252.9922 0.0000
-252.8832 0.0000
-252.2999 0.0000
-251.6632 0.0000
-251.7857 0.0000
