-100.0000 -100.0000
-391.2637 0.0000
-390.6527 0.0000
-390.6268 0.0000
-388.8689 0.0000
-389.6634 0.0000
-389.8851 0.0000
-389.4140 0.0000
-388.8554 0.0000
-387.3001 0.0000
-385.0519 0.0000
-384.0482 0.0000
-384.1097 0.0000
-383.4641 0.0000
-381.8733 0.0000
-381.1474 0.0000
-381.8335 0.0000
-380.4161 0.0000
-380.4503 0.0000
-380.5669 0.0000
-381.2984 0.0000
-379.3446 0.0000
-378.8928 0.0000
-378.7311 0.0000
-378.2388 0.0000
-378.6773 0.0000
-379.1740 0.0000
-379.2270 0.0000
-378.0023 0.0000
-374.6689 0.0000
-375.7998 0.0000
-373.4466 0.0000
-375.8315 0.0000
-373.7226 0.0000
-373.0226 0.0000
-373.8547 0.0000
-370.1198 0.0000
-369.5447 0.0000
-370.6927 0.0000
-369.4202 0.0000
-368.2253 0.0000
-368.2202 0.0000
-368.3746 0.0000
-369.2377 0.0000
-368.9485 0.0000
-369.5211 0.0000
-368.4093 0.0000
-368.2105 0.0000
-366.4284 0.0000
-363.3231 0.0000
-362.5634 0.0000
-361.9951 0.0000
-363.6273 0.0000
-362.5694 0.0000
-362.7298 0.0000
-361.9483 0.0000
-362.9376 0.0000
-362.9624 0.0000
-364.1560 0.0000
-362.1914 0.0000
-364.4432 0.0000
-359.2211 0.0000
-359.8857 0.0000
-360.1918 0.0000
-359.8263 0.0000
-360.7421 0.0000
-360.2248 0.0000
-360.2171 0.0000
-360.3316 0.0000
-361.7867 0.0000
-360.9592 0.0000
-360.3853 0.0000
-362.9832 0.0000
-360.3264 0.0000
-357.5482 0.0000
-357.3224 0.0000
-356.2919 0.0000
-356.3594 0.0000
-356.3868 0.0000
-357.4450 0.0000
-358.4936 0.0000
-357.2343 0.0000
-360.7437 0.0000
-356.7234 0.0000
-355.1720 0.0000
-356.2500 0.0000
-356.2656 0.0000
-356.0188 0.0000
-356.8532 0.0000
-355.3352 0.0000
-354.4857 0.0000
-354.2634 0.0000
-355.6636 0.0000
-354.1930 0.0000
-353.0414 0.0000
-352.1391 0.0000
-351.2051 0.0000
-351.3636 0.0000
-351.4734 0.0000
-351.3610 0.0000
-350.5407 0.0000
-320.1469 0.0000
-320.7209 0.0000
-319.8741 0.0000
-319.4987 0.0000
-319.5543 0.0000
-319.8688 0.0000
-321.0634 0.0000
-321.1601 0.0000
-321.0250 0.0000
-321.4147 0.0000
-321.5268 0.0000
-320.4509 0.0000
-318.9206 0.0000
-319.0339 0.0000
-319.5592 0.0000
-319.4324 0.0000
-318.7612 0.0000
-318.1811 0.0000
-317.4713 0.0000
-317.5916 0.0000
-318.3893 0.0000
-318.1179 0.0000
-318.1348 0.0000
-318.6287 0.0000
-319.0350 0.0000
-319.5737 0.0000
-320.2954 0.0000
-320.1417 0.0000
-319.5542 0.0000
-317.9636 0.0000
-317.1559 0.0000
-316.3213 0.0000
-315.9981 0.0000
-314.8049 0.0000
-315.7727 0.0000
-315.3213 0.0000
-315.4728 0.0000
-315.0126 0.0000
-314.3254 0.0000
-314.0224 0.0000
-315.3131 0.0000
-313.9905 0.0000
-314.1302 0.0000
-314.0569 0.0000
-313.7573 0.0000
-313.7382 0.0000
-313.5112 0.0000
-313.2287 0.0000
-313.3123 0.0000
-313.7257 0.0000
-313.7028 0.0000
-313.4360 0.0000
-313.2102 0.0000
-313.5872 0.0000
-312.8003 0.0000
-313.0402 0.0000
-312.4251 0.0000
-313.7520 0.0000
-313.2080 0.0000
-313.4394 0.0000
-313.2868 0.0000
-312.4174 0.0000
-312.3825 0.0000
-312.4939 0.0000
-311.7253 0.0000
-312.5729 0.0000
-312.4088 0.0000
-312.8899 0.0000
-312.1033 0.0000
-311.8509 0.0000
-312.1417 0.0000
-311.6450 0.0000
-312.2965 0.0000
-311.3449 0.0000
-311.7873 0.0000
-311.2040 0.0000
-311.4429 0.0000
-310.9733 0.0000
-311.1351 0.0000
-311.5424 0.0000
-310.9181 0.0000
-310.9267 0.0000
-310.6625 0.0000
-309.6374 0.0000
-308.8926 0.0000
-308.7725 0.0000
-309.2658 0.0000
-309.2501 0.0000
-309.9455 0.0000
-309.7662 0.0000
-310.9000 0.0000
-310.0442 0.0000
-309.3511 0.0000
-309.9001 0.0000
-309.7336 0.0000
-310.3966 0.0000
-309.6572 0.0000
-309.4940 0.0000
-309.8798 0.0000
-310.1104 0.0000
-377.6549 0.0000
-378.1080 0.0000
-377.8498 0.0000
-377.8527 0.0000
-379.7015 0.0000
-378.1010 0.0000
-376.2210 0.0000
-378.4386 0.0000
-376.0572 0.0000
-379.0960 0.0000
-379.3115 0.0000
-377.5781 0.0000
-377.1146 0.0000
-376.7842 0.0000
-377.4304 0.0000
-378.5777 0.0000
-378.0588 0.0000
-377.0092 0.0000
-379.0373 0.0000
-378.9555 0.0000
-378.4751 0.0000
-380.7058 0.0000
-377.4122 0.0000
-378.6281 0.0000
-376.5727 0.0000
-379.2202 0.0000
-379.3253 0.0000
-379.7670 0.0000
-377.5608 0.0000
-376.6477 0.0000
-378.3437 0.0000
-377.4211 0.0000
-378.2542 0.0000
-378.4763 0.0000
-378.1625 0.0000
-377.3572 0.0000
-378.8126 0.0000
-377.4017 0.0000
-378.0976 0.0000
-378.0092 0.0000
-379.0006 0.0000
-376.5820 0.0000
-379.4877 0.0000
-379.2241 0.0000
-379.6391 0.0000
-379.1482 0.0000
-378.8676 0.0000
-380.0571 0.0000
-378.2337 0.0000
-378.7697 0.0000
-377.7749 0.0000
-376.2425 0.0000
-375.4141 0.0000
-375.3367 0.0000
-376.5133 0.0000
-376.1676 0.0000
-374.8678 0.0000
-374.6618 0.0000
-374.3907 0.0000
-373.6926 0.0000
-373.9553 0.0000
-375.4111 0.0000
-374.5140 0.0000
-375.5871 0.0000
-376.8033 0.0000
-377.7583 0.0000
-375.5975 0.0000
-375.8903 0.0000
-376.3718 0.0000
-376.5623 0.0000
-375.2225 0.0000
-377.0758 0.0000
-376.6825 0.0000
-376.4687 0.0000
-376.2976 0.0000
-376.0210 0.0000
-375.5238 0.0000
-377.7490 0.0000
-376.5630 0.0000
-376.2266 0.0000
-376.5256 0.0000
-377.1821 0.0000
-376.8580 0.0000
-378.8082 0.0000
-376.1642 0.0000
-374.4345 0.0000
-373.8453 0.0000
-373.7588 0.0000
-374.2872 0.0000
-373.3125 0.0000
-373.8693 0.0000
-374.0320 0.0000
-374.9116 0.0000
-371.5004 0.0000
-371.5567 0.0000
-372.6614 0.0000
-372.9833 0.0000
-372.4144 0.0000
-373.2156 0.0000
-371.5357 0.0000
-307.9703 0.0000
-308.6276 0.0000
-308.7231 0.0000
-307.9642 0.0000
-307.3255 0.0000
-306.9760 0.0000
-307.6472 0.0000
-307.4475 0.0000
-307.1690 0.0000
-306.0313 0.0000
-305.5084 0.0000
-305.5958 0.0000
-305.3951 0.0000
-306.3714 0.0000
-305.4142 0.0000
-305.4757 0.0000
-303.9839 0.0000
-304.0428 0.0000
-304.6878 0.0000
-303.4112 0.0000
-302.8447 0.0000
-303.9716 0.0000
-304.4806 0.0000
-304.4262 0.0000
-304.2222 0.0000
-304.5856 0.0000
-304.1725 0.0000
-303.2097 0.0000
-303.2224 0.0000
-304.3068 0.0000
-302.8588 0.0000
-304.1465 0.0000
-304.6742 0.0000
-304.8080 0.0000
-305.1583 0.0000
-305.3161 0.0000
-305.9344 0.0000
-305.5925 0.0000
-305.7607 0.0000
-307.0396 0.0000
-305.3230 0.0000
-304.0081 0.0000
-303.6053 0.0000
-303.6384 0.0000
-302.7864 0.0000
-304.6972 0.0000
-302.8125 0.0000
-302.0546 0.0000
-301.3157 0.0000
-301.7759 0.0000
-302.1120 0.0000
-300.9261 0.0000
-302.2032 0.0000
-300.3345 0.0000
-301.4644 0.0000
-301.6004 0.0000
-300.7461 0.0000
-301.1215 0.0000
-301.3858 0.0000
-302.1638 0.0000
-301.3964 0.0000
-300.8890 0.0000
-301.1867 0.0000
-301.5619 0.0000
-299.8272 0.0000
-299.4485 0.0000
-299.4628 0.0000
-299.3512 0.0000
-299.8309 0.0000
-301.6819 0.0000
-298.8098 0.0000
-297.8051 0.0000
-297.6789 0.0000
-298.1706 0.0000
-298.1786 0.0000
-298.1165 0.0000
-299.1127 0.0000
-297.9867 0.0000
-298.8661 0.0000
-299.7821 0.0000
-297.9440 0.0000
-298.1122 0.0000
-297.8751 0.0000
-297.4651 0.0000
-296.4187 0.0000
-294.5622 0.0000
-295.3056 0.0000
-295.0192 0.0000
-294.6994 0.0000
-294.1054 0.0000
-292.8211 0.0000
-294.0650 0.0000
-294.4344 0.0000
-294.5594 0.0000
-292.7904 0.0000
-291.9796 0.0000
-291.3634 0.0000
-290.4285 0.0000
-290.9072 0.0000
-290.6292 0.0000
-306.5599 0.0000
-307.3454 0.0000
-307.5278 0.0000
-307.2790 0.0000
-306.9561 0.0000
-307.5027 0.0000
-306.6010 0.0000
-307.8462 0.0000
-306.7336 0.0000
-307.2930 0.0000
-306.6457 0.0000
-307.1728 0.0000
-306.3397 0.0000
-306.7370 0.0000
-306.3994 0.0000
-306.3829 0.0000
-305.8382 0.0000
-307.8561 0.0000
-306.9068 0.0000
-306.9087 0.0000
-306.8227 0.0000
-307.3241 0.0000
-307.4877 0.0000
-306.6555 0.0000
-307.0057 0.0000
-307.0714 0.0000
-306.9057 0.0000
-306.4788 0.0000
-307.4266 0.0000
-306.7126 0.0000
-307.6139 0.0000
-308.0198 0.0000
-306.6535 0.0000
-307.0567 0.0000
-306.0443 0.0000
-307.6876 0.0000
-307.7451 0.0000
-306.8401 0.0000
-306.7237 0.0000
-306.1711 0.0000
-307.5890 0.0000
-307.6728 0.0000
-307.3829 0.0000
-307.9952 0.0000
-307.0246 0.0000
-307.1812 0.0000
-306.7507 0.0000
-306.9344 0.0000
-307.8249 0.0000
-306.5924 0.0000
-306.9867 0.0000
-306.5619 0.0000
-308.0722 0.0000
-307.4843 0.0000
-306.5852 0.0000
-306.5868 0.0000
-306.8506 0.0000
-306.9966 0.0000
-306.9279 0.0000
-306.5316 0.0000
-307.0233 0.0000
-306.5498 0.0000
-306.8962 0.0000
-306.6345 0.0000
-307.7091 0.0000
-307.2072 0.0000
-306.8702 0.0000
-307.6731 0.0000
-307.6497 0.0000
-307.5067 0.0000
-307.1527 0.0000
-306.9819 0.0000
-307.3506 0.0000
-306.6539 0.0000
-307.5498 0.0000
-306.6955 0.0000
-307.1292 0.0000
-307.0573 0.0000
-307.4429 0.0000
-306.7616 0.0000
-306.9273 0.0000
-307.0630 0.0000
-306.5230 0.0000
-306.6395 0.0000
-307.2942 0.0000
-306.3780 0.0000
-307.1187 0.0000
-307.8495 0.0000
-306.8177 0.0000
-306.5132 0.0000
-306.9706 0.0000
-307.3552 0.0000
-306.2566 0.0000
-306.9465 0.0000
-307.2920 0.0000
-306.7395 0.0000
-305.7618 0.0000
-307.3072 0.0000
-305.7858 0.0000
