-100.0000 -100.0000
-338.3819 0.0000
-337.8610 0.0000
-338.1701 0.0000
-337.1869 0.0000
-337.7049 0.0000
-337.6316 0.0000
-336.9570 0.0000
-337.2752 0.0000
-335.5490 0.0000
-334.6930 0.0000
-334.2974 0.0000
-334.3056 0.0000
-333.9609 0.0000
-333.2134 0.0000
-332.9851 0.0000
-332.6147 0.0000
-332.3424 0.0000
-332.7749 0.0000
-332.9607 0.0000
-332.7331 0.0000
-331.7941 0.0000
-331.8174 0.0000
-331.5684 0.0000
-331.0331 0.0000
-331.3103 0.0000
-331.2434 0.0000
-331.4628 0.0000
-331.2347 0.0000
-330.0196 0.0000
-330.4330 0.0000
-329.2293 0.0000
-329.8627 0.0000
-329.8902 0.0000
-329.1406 0.0000
-330.0771 0.0000
-328.1143 0.0000
-327.7803 0.0000
-328.1844 0.0000
-327.7122 0.0000
-326.7541 0.0000
-326.6813 0.0000
-326.9386 0.0000
-326.7350 0.0000
-326.1818 0.0000
-326.4182 0.0000
-326.2428 0.0000
-325.6011 0.0000
-324.4128 0.0000
-322.5960 0.0000
-322.2616 0.0000
-322.1317 0.0000
-322.6544 0.0000
-322.3173 0.0000
-322.4323 0.0000
-321.8860 0.0000
-322.7849 0.0000
-322.6193 0.0000
-323.0855 0.0000
-322.0796 0.0000
-322.8932 0.0000
-320.4874 0.0000
-320.3786 0.0000
-320.8876 0.0000
-321.1561 0.0000
-321.8367 0.0000
-321.7987 0.0000
-321.5556 0.0000
-321.9957 0.0000
-323.3096 0.0000
-323.3839 0.0000
-323.7919 0.0000
-325.6856 0.0000
-323.7843 0.0000
-322.0941 0.0000
-321.4778 0.0000
-320.8823 0.0000
-321.1004 0.0000
-320.6410 0.0000
-321.4902 0.0000
-321.3944 0.0000
-321.0921 0.0000
-323.2408 0.0000
-320.5215 0.0000
-319.7626 0.0000
-319.7213 0.0000
-319.4952 0.0000
-319.2347 0.0000
-320.4335 0.0000
-319.6271 0.0000
-319.1689 0.0000
-318.9182 0.0000
-319.3808 0.0000
-319.5668 0.0000
-318.6554 0.0000
-318.4127 0.0000
-318.0483 0.0000
-317.9515 0.0000
-318.4614 0.0000
-318.6443 0.0000
-318.7733 0.0000
-381.3514 0.0000
-378.5912 0.0000
-377.1958 0.0000
-378.0014 0.0000
-379.2012 0.0000
-378.7257 0.0000
-380.2702 0.0000
-378.2688 0.0000
-378.0326 0.0000
-378.7903 0.0000
-378.8884 0.0000
-377.6435 0.0000
-377.7653 0.0000
-378.7142 0.0000
-379.1065 0.0000
-377.9406 0.0000
-377.1425 0.0000
-378.1574 0.0000
-377.6329 0.0000
-379.6203 0.0000
-379.4802 0.0000
-378.8464 0.0000
-378.1321 0.0000
-378.4373 0.0000
-378.9502 0.0000
-379.6188 0.0000
-380.1024 0.0000
-378.0042 0.0000
-377.9495 0.0000
-376.1510 0.0000
-377.5920 0.0000
-376.9777 0.0000
-377.2643 0.0000
-376.4563 0.0000
-379.6861 0.0000
-378.5819 0.0000
-378.6428 0.0000
-376.3320 0.0000
-377.3629 0.0000
-379.0876 0.0000
-379.8381 0.0000
-377.1508 0.0000
-378.1041 0.0000
-378.1732 0.0000
-377.4300 0.0000
-378.5066 0.0000
-378.5619 0.0000
-378.6008 0.0000
-378.1407 0.0000
-378.7927 0.0000
-378.0864 0.0000
-378.2637 0.0000
-377.9320 0.0000
-378.9497 0.0000
-376.6956 0.0000
-377.4792 0.0000
-377.2826 0.0000
-380.2342 0.0000
-377.2189 0.0000
-379.7240 0.0000
-378.9552 0.0000
-377.1284 0.0000
-378.6040 0.0000
-378.7601 0.0000
-378.5377 0.0000
-378.6035 0.0000
-379.3855 0.0000
-379.9092 0.0000
-378.7249 0.0000
-377.1079 0.0000
-378.7523 0.0000
-379.2103 0.0000
-379.6208 0.0000
-377.7823 0.0000
-379.2599 0.0000
-377.4675 0.0000
-379.2761 0.0000
-378.0860 0.0000
-379.0558 0.0000
-379.5217 0.0000
-378.8597 0.0000
-377.7649 0.0000
-378.2189 0.0000
-377.1499 0.0000
-378.1907 0.0000
-378.1513 0.0000
-379.6885 0.0000
-378.4569 0.0000
-379.9358 0.0000
-378.6918 0.0000
-380.3479 0.0000
-379.1291 0.0000
-378.2627 0.0000
-378.2143 0.0000
-378.5107 0.0000
-379.8366 0.0000
-378.4146 0.0000
-376.8611 0.0000
-378.9127 0.0000
-379.4811 0.0000
-319.1064 0.0000
-318.9593 0.0000
-319.2986 0.0000
-318.6681 0.0000
-318.2401 0.0000
-319.7354 0.0000
-318.2999 0.0000
-318.5951 0.0000
-318.2717 0.0000
-318.8641 0.0000
-318.5866 0.0000
-318.4770 0.0000
-318.6939 0.0000
-318.5061 0.0000
-319.3767 0.0000
-318.8016 0.0000
-319.5632 0.0000
-319.8668 0.0000
-319.5922 0.0000
-318.8698 0.0000
-320.0886 0.0000
-320.7619 0.0000
-320.9312 0.0000
-321.1072 0.0000
-321.1390 0.0000
-321.0064 0.0000
-321.3726 0.0000
-321.2118 0.0000
-321.4116 0.0000
-321.8311 0.0000
-322.6076 0.0000
-321.2316 0.0000
-321.3654 0.0000
-321.0338 0.0000
-321.0991 0.0000
-322.3810 0.0000
-321.6386 0.0000
-321.4484 0.0000
-322.3780 0.0000
-320.9760 0.0000
-320.3777 0.0000
-321.8552 0.0000
-320.3122 0.0000
-320.1806 0.0000
-319.6928 0.0000
-319.1424 0.0000
-318.5413 0.0000
-317.8757 0.0000
-318.3793 0.0000
-318.2936 0.0000
-317.5717 0.0000
-316.9998 0.0000
-316.0253 0.0000
-315.3747 0.0000
-315.6115 0.0000
-314.6176 0.0000
-314.7249 0.0000
-314.4765 0.0000
-314.3683 0.0000
-316.1060 0.0000
-313.0153 0.0000
-313.5730 0.0000
-313.7094 0.0000
-314.1985 0.0000
-312.4147 0.0000
-312.2533 0.0000
-313.1698 0.0000
-312.7109 0.0000
-313.8111 0.0000
-313.1177 0.0000
-313.3373 0.0000
-312.6812 0.0000
-311.6919 0.0000
-310.7584 0.0000
-309.3256 0.0000
-310.1434 0.0000
-309.3828 0.0000
-307.8201 0.0000
-307.9553 0.0000
-308.0528 0.0000
-307.6040 0.0000
-308.0082 0.0000
-308.8289 0.0000
-309.0611 0.0000
-309.3810 0.0000
-309.0482 0.0000
-309.8134 0.0000
-309.9473 0.0000
-309.5220 0.0000
-309.9360 0.0000
-309.2935 0.0000
-309.1089 0.0000
-308.8252 0.0000
-307.3880 0.0000
-307.0076 0.0000
-306.4067 0.0000
-306.8640 0.0000
-306.5993 0.0000
-306.3890 0.0000
-307.1782 0.0000
-328.7731 0.0000
-328.4187 0.0000
-328.7613 0.0000
-328.8793 0.0000
-329.0392 0.0000
-329.4159 0.0000
-328.7031 0.0000
-328.7639 0.0000
-328.6308 0.0000
-328.9187 0.0000
-328.6354 0.0000
-328.8280 0.0000
-328.7885 0.0000
-328.5833 0.0000
-328.4949 0.0000
-328.6927 0.0000
-328.8095 0.0000
-328.4711 0.0000
-329.0606 0.0000
-327.6866 0.0000
-329.0100 0.0000
-328.5394 0.0000
-328.3667 0.0000
-328.9446 0.0000
-328.7367 0.0000
-328.6083 0.0000
-329.3976 0.0000
-328.6853 0.0000
-328.3279 0.0000
-328.6881 0.0000
-328.7010 0.0000
-329.0136 0.0000
-328.8154 0.0000
-329.0258 0.0000
-328.2302 0.0000
-329.3226 0.0000
-329.0584 0.0000
-328.2179 0.0000
-329.4342 0.0000
-328.2733 0.0000
-328.7609 0.0000
-328.5294 0.0000
-328.7191 0.0000
-328.4236 0.0000
-328.8480 0.0000
-328.5918 0.0000
-327.7717 0.0000
-328.1211 0.0000
-328.1280 0.0000
-328.6774 0.0000
-327.6801 0.0000
-328.5821 0.0000
-328.4590 0.0000
-328.4512 0.0000
-328.4916 0.0000
-328.8736 0.0000
-328.4238 0.0000
-328.6902 0.0000
-328.3486 0.0000
-327.8564 0.0000
-328.8509 0.0000
-328.4894 0.0000
-328.1322 0.0000
-328.1492 0.0000
-329.1459 0.0000
-328.4074 0.0000
-328.8199 0.0000
-328.0408 0.0000
-328.3005 0.0000
-327.8815 0.0000
-328.0661 0.0000
-328.8376 0.0000
-328.9855 0.0000
-328.9858 0.0000
-328.5327 0.0000
-328.4563 0.0000
-328.6025 0.0000
-328.3807 0.0000
-329.2517 0.0000
-328.5779 0.0000
-328.5371 0.0000
-328.8223 0.0000
-328.9441 0.0000
-329.0114 0.0000
-328.6300 0.0000
-329.3978 0.0000
-327.9620 0.0000
-328.6057 0.0000
-328.8251 0.0000
-328.9883 0.0000
-328.5471 0.0000
-328.0284 0.0000
-328.1284 0.0000
-328.8110 0.0000
-328.8384 0.0000
-328.7448 0.0000
-327.6888 0.0000
-328.3646 0.0000
-328.5937 0.0000
-328.5709 0.0000
-299.6990 0.0000
-300.0973 0.0000
-300.2206 0.0000
-301.8973 0.0000
-299.7931 0.0000
-299.7680 0.0000
-298.7513 0.0000
-300.3109 0.0000
-298.7000 0.0000
-298.4748 0.0000
-298.7839 0.0000
-299.1261 0.0000
-299.0363 0.0000
-298.5236 0.0000
-298.7640 0.0000
-297.1338 0.0000
-295.9447 0.0000
-295.7243 0.0000
-295.1478 0.0000
-295.2147 0.0000
-294.0730 0.0000
-294.2648 0.0000
-294.4161 0.0000
-294.3298 0.0000
-294.8489 0.0000
-293.5991 0.0000
-293.2400 0.0000
-294.1725 0.0000
-293.5478 0.0000
-294.3815 0.0000
-294.3677 0.0000
-295.0397 0.0000
-293.5665 0.0000
-293.6154 0.0000
-293.2396 0.0000
-293.1559 0.0000
-294.0752 0.0000
-294.1905 0.0000
-293.2345 0.0000
-293.2079 0.0000
-293.7774 0.0000
-292.8623 0.0000
-293.5837 0.0000
-293.3173 0.0000
-292.8914 0.0000
-291.3207 0.0000
-291.4772 0.0000
-291.6266 0.0000
-291.7821 0.0000
-292.4171 0.0000
-292.1817 0.0000
-292.6966 0.0000
-293.4711 0.0000
-293.0219 0.0000
-292.5911 0.0000
-291.9005 0.0000
-290.9776 0.0000
-290.3925 0.0000
-290.9685 0.0000
-291.2186 0.0000
-291.2250 0.0000
-290.9909 0.0000
-291.4395 0.0000
-291.4426 0.0000
-291.9504 0.0000
-291.7499 0.0000
-291.2201 0.0000
-290.3439 0.0000
-290.0437 0.0000
-290.6648 0.0000
-291.0345 0.0000
-291.2500 0.0000
-290.3308 0.0000
-289.4950 0.0000
-290.4628 0.0000
-290.3602 0.0000
-290.8525 0.0000
-290.7685 0.0000
-290.2589 0.0000
-290.9490 0.0000
-291.8500 0.0000
-289.9368 0.0000
-289.5460 0.0000
-288.7583 0.0000
-289.5867 0.0000
-288.4270 0.0000
-289.0527 0.0000
-288.5860 0.0000
-288.6785 0.0000
-288.5508 0.0000
-289.1771 0.0000
-289.1484 0.0000
-289.1417 0.0000
-288.7151 0.0000
-289.1554 0.0000
-289.4830 0.0000
-289.4754 0.0000
-289.0225 0.0000
-288.5082 0.0000
