-100.0000 -100.0000
-318.5760 0.0000
-319.0550 0.0000
-318.5081 0.0000
-316.9926 0.0000
-317.4338 0.0000
-316.9207 0.0000
-316.7596 0.0000
-316.7331 0.0000
-316.5604 0.0000
-315.8265 0.0000
-315.2583 0.0000
-316.4307 0.0000
-316.4449 0.0000
-315.9112 0.0000
-315.8049 0.0000
-316.8369 0.0000
-315.8549 0.0000
-315.9242 0.0000
-316.3016 0.0000
-317.2613 0.0000
-315.3093 0.0000
-314.9935 0.0000
-315.9189 0.0000
-314.9755 0.0000
-315.8328 0.0000
-316.4125 0.0000
-316.2671 0.0000
-316.3327 0.0000
-314.9700 0.0000
-315.0481 0.0000
-314.9905 0.0000
-315.8583 0.0000
-315.4767 0.0000
-315.0307 0.0000
-315.1018 0.0000
-314.5907 0.0000
-314.7079 0.0000
-315.1259 0.0000
-314.8091 0.0000
-314.3915 0.0000
-313.8064 0.0000
-312.7911 0.0000
-314.0853 0.0000
-313.4015 0.0000
-312.9033 0.0000
-312.1372 0.0000
-312.6187 0.0000
-313.0779 0.0000
-314.3805 0.0000
-314.3153 0.0000
-314.4790 0.0000
-314.5022 0.0000
-314.0199 0.0000
-314.8860 0.0000
-313.3671 0.0000
-312.3281 0.0000
-312.6519 0.0000
-311.7549 0.0000
-312.2680 0.0000
-312.4473 0.0000
-313.1142 0.0000
-312.9791 0.0000
-313.4479 0.0000
-313.8532 0.0000
-314.2789 0.0000
-313.9762 0.0000
-312.8820 0.0000
-312.5270 0.0000
-312.2908 0.0000
-312.4441 0.0000
-312.4302 0.0000
-312.5678 0.0000
-312.8396 0.0000
-311.4372 0.0000
-311.7543 0.0000
-310.3319 0.0000
-310.2493 0.0000
-310.4945 0.0000
-309.9993 0.0000
-310.7682 0.0000
-309.5671 0.0000
-310.9622 0.0000
-309.0658 0.0000
-308.7336 0.0000
-310.0643 0.0000
-308.9279 0.0000
-308.7330 0.0000
-308.4340 0.0000
-307.1462 0.0000
-307.2233 0.0000
-306.7049 0.0000
-307.0427 0.0000
-305.9989 0.0000
-305.3817 0.0000
-305.5500 0.0000
-306.0128 0.0000
-304.5862 0.0000
-303.8711 0.0000
-303.6306 0.0000
-302.7397 0.0000
-352.3590 0.0000
-351.2380 0.0000
-349.5011 0.0000
-350.5732 0.0000
-350.6380 0.0000
-350.9244 0.0000
-351.3462 0.0000
-349.2255 0.0000
-351.2043 0.0000
-351.5770 0.0000
-350.6943 0.0000
-350.3300 0.0000
-348.8076 0.0000
-350.3791 0.0000
-351.3531 0.0000
-351.3581 0.0000
-348.4680 0.0000
-349.3299 0.0000
-349.9964 0.0000
-351.7951 0.0000
-350.3667 0.0000
-350.3861 0.0000
-351.2343 0.0000
-349.7394 0.0000
-350.9092 0.0000
-350.8612 0.0000
-351.5095 0.0000
-350.0207 0.0000
-349.9341 0.0000
-348.9022 0.0000
-348.0607 0.0000
-349.2104 0.0000
-348.3047 0.0000
-349.6089 0.0000
-352.3526 0.0000
-351.0791 0.0000
-351.3260 0.0000
-348.3962 0.0000
-349.1940 0.0000
-350.5608 0.0000
-352.3401 0.0000
-351.6344 0.0000
-352.1462 0.0000
-350.2472 0.0000
-349.9231 0.0000
-350.8145 0.0000
-351.1449 0.0000
-350.6630 0.0000
-349.8929 0.0000
-351.2946 0.0000
-350.3474 0.0000
-350.8678 0.0000
-351.2840 0.0000
-350.1297 0.0000
-348.5976 0.0000
-350.7941 0.0000
-350.5912 0.0000
-352.1869 0.0000
-349.7732 0.0000
-352.7237 0.0000
-351.0901 0.0000
-348.9944 0.0000
-350.0623 0.0000
-349.8592 0.0000
-350.6183 0.0000
-351.1128 0.0000
-351.3093 0.0000
-351.5535 0.0000
-349.9095 0.0000
-348.8633 0.0000
-351.9273 0.0000
-351.0409 0.0000
-352.1344 0.0000
-349.5045 0.0000
-351.8136 0.0000
-348.9208 0.0000
-350.7129 0.0000
-351.1449 0.0000
-351.1949 0.0000
-351.1672 0.0000
-349.9610 0.0000
-349.9773 0.0000
-350.6354 0.0000
-348.8109 0.0000
-350.4449 0.0000
-349.3899 0.0000
-351.2872 0.0000
-349.1715 0.0000
-351.8658 0.0000
-349.7379 0.0000
-351.8049 0.0000
-350.1452 0.0000
-350.5055 0.0000
-351.0172 0.0000
-349.8925 0.0000
-352.5063 0.0000
-350.3661 0.0000
-349.8048 0.0000
-351.3481 0.0000
-351.0108 0.0000
-308.5184 0.0000
-310.0786 0.0000
-310.5351 0.0000
-310.1114 0.0000
-310.3568 0.0000
-310.4325 0.0000
-309.2363 0.0000
-310.0238 0.0000
-308.8706 0.0000
-310.8796 0.0000
-311.1537 0.0000
-310.2286 0.0000
-308.8950 0.0000
-308.7256 0.0000
-309.4532 0.0000
-310.3144 0.0000
-310.0219 0.0000
-308.5270 0.0000
-309.8098 0.0000
-310.8705 0.0000
-309.4916 0.0000
-311.6864 0.0000
-310.3340 0.0000
-310.8453 0.0000
-310.3301 0.0000
-311.2398 0.0000
-310.3049 0.0000
-310.6858 0.0000
-309.8622 0.0000
-308.7951 0.0000
-310.0174 0.0000
-309.5761 0.0000
-309.9891 0.0000
-310.4906 0.0000
-310.2649 0.0000
-310.2995 0.0000
-310.5645 0.0000
-309.3261 0.0000
-309.8105 0.0000
-310.4869 0.0000
-310.4245 0.0000
-309.1421 0.0000
-310.7738 0.0000
-310.5031 0.0000
-310.2056 0.0000
-310.1848 0.0000
-309.9987 0.0000
-310.4500 0.0000
-309.7770 0.0000
-309.4075 0.0000
-309.7555 0.0000
-309.4387 0.0000
-309.4687 0.0000
-309.9746 0.0000
-310.3285 0.0000
-310.2636 0.0000
-309.4757 0.0000
-308.8110 0.0000
-308.3089 0.0000
-308.4641 0.0000
-308.9239 0.0000
-309.1548 0.0000
-309.7979 0.0000
-310.5923 0.0000
-310.6206 0.0000
-311.0927 0.0000
-311.5825 0.0000
-311.9132 0.0000
-311.8384 0.0000
-312.5679 0.0000
-311.9261 0.0000
-312.5506 0.0000
-312.2949 0.0000
-312.1354 0.0000
-312.4765 0.0000
-312.3668 0.0000
-311.5571 0.0000
-312.9489 0.0000
-313.7282 0.0000
-313.4344 0.0000
-314.3797 0.0000
-313.4033 0.0000
-312.7758 0.0000
-313.7113 0.0000
-313.3592 0.0000
-312.6960 0.0000
-312.5504 0.0000
-312.9654 0.0000
-313.9703 0.0000
-313.6433 0.0000
-313.5228 0.0000
-313.8400 0.0000
-314.7311 0.0000
-312.7612 0.0000
-313.5610 0.0000
-313.3810 0.0000
-314.2117 0.0000
-313.7298 0.0000
-314.4284 0.0000
-314.0703 0.0000
-315.1701 0.0000
-313.9438 0.0000
-313.5527 0.0000
-313.8110 0.0000
-313.9967 0.0000
-315.2732 0.0000
-313.6465 0.0000
-314.3994 0.0000
-314.3061 0.0000
-313.3260 0.0000
-313.1144 0.0000
-313.7187 0.0000
-313.4840 0.0000
-313.3257 0.0000
-312.6062 0.0000
-312.6631 0.0000
-313.0340 0.0000
-312.3391 0.0000
-312.7989 0.0000
-311.5942 0.0000
-311.5539 0.0000
-312.0457 0.0000
-312.3056 0.0000
-313.2111 0.0000
-314.4909 0.0000
-314.9150 0.0000
-314.9690 0.0000
-315.4849 0.0000
-314.1055 0.0000
-313.7443 0.0000
-314.8512 0.0000
-314.2735 0.0000
-314.4816 0.0000
-315.0047 0.0000
-314.4082 0.0000
-315.1826 0.0000
-315.9108 0.0000
-314.4007 0.0000
-315.4198 0.0000
-314.6115 0.0000
-315.8329 0.0000
-314.1791 0.0000
-314.5998 0.0000
-315.0428 0.0000
-314.6698 0.0000
-314.4514 0.0000
-313.7480 0.0000
-313.0134 0.0000
-312.7006 0.0000
-312.5446 0.0000
-311.8151 0.0000
-311.4619 0.0000
-311.1023 0.0000
-311.3124 0.0000
-311.1679 0.0000
-312.0458 0.0000
-311.2630 0.0000
-311.2124 0.0000
-310.1913 0.0000
-309.6798 0.0000
-309.8140 0.0000
-309.1145 0.0000
-309.0243 0.0000
-308.5890 0.0000
-309.0215 0.0000
-309.0686 0.0000
-309.7441 0.0000
-309.5454 0.0000
-309.4788 0.0000
-309.1493 0.0000
-308.5464 0.0000
-308.2124 0.0000
-308.0664 0.0000
-308.9117 0.0000
-307.7686 0.0000
-308.0832 0.0000
-308.2993 0.0000
-307.8789 0.0000
-309.3274 0.0000
-308.8903 0.0000
-307.9443 0.0000
-308.4846 0.0000
-308.3030 0.0000
-308.9760 0.0000
-308.1378 0.0000
-307.9566 0.0000
-307.7132 0.0000
-307.8439 0.0000
-308.5050 0.0000
-308.8821 0.0000
-309.0488 0.0000
-308.8253 0.0000
-309.3409 0.0000
-308.8987 0.0000
-308.3385 0.0000
-307.8229 0.0000
-307.4354 0.0000
-307.0564 0.0000
-307.2329 0.0000
-307.0037 0.0000
-290.1750 0.0000
-289.3918 0.0000
-289.2164 0.0000
-291.3070 0.0000
-290.0135 0.0000
-288.1621 0.0000
-289.3638 0.0000
-289.4243 0.0000
-289.3878 0.0000
-287.4926 0.0000
-289.7145 0.0000
-290.0412 0.0000
-288.5988 0.0000
-288.0875 0.0000
-288.4369 0.0000
-288.2368 0.0000
-287.5301 0.0000
-288.4609 0.0000
-287.7153 0.0000
-288.9728 0.0000
-287.7649 0.0000
-286.9840 0.0000
-287.6242 0.0000
-286.6482 0.0000
-287.2011 0.0000
-287.4726 0.0000
-285.4931 0.0000
-287.2732 0.0000
-285.6455 0.0000
-286.3168 0.0000
-285.8907 0.0000
-285.5615 0.0000
-284.6503 0.0000
-284.6116 0.0000
-284.2773 0.0000
-286.0683 0.0000
-283.5628 0.0000
-283.5779 0.0000
-282.5622 0.0000
-281.0688 0.0000
-282.6392 0.0000
-282.1357 0.0000
-281.9762 0.0000
-282.0441 0.0000
-281.5805 0.0000
-281.5038 0.0000
-281.4111 0.0000
-280.8236 0.0000
-280.8573 0.0000
-281.8449 0.0000
-282.8525 0.0000
-281.8840 0.0000
-281.5444 0.0000
-282.2114 0.0000
-281.1208 0.0000
-281.3484 0.0000
-280.6001 0.0000
-280.0115 0.0000
-280.6140 0.0000
-280.2904 0.0000
-281.5047 0.0000
-281.7368 0.0000
-282.5444 0.0000
-283.1693 0.0000
-282.9048 0.0000
-283.4048 0.0000
-285.4970 0.0000
-284.8424 0.0000
-286.2693 0.0000
-286.2452 0.0000
-287.9300 0.0000
-285.7796 0.0000
-287.3255 0.0000
-285.6785 0.0000
-285.8513 0.0000
-285.7061 0.0000
-285.8042 0.0000
-286.3733 0.0000
-284.6264 0.0000
-285.7814 0.0000
-284.5184 0.0000
-283.8430 0.0000
-283.1568 0.0000
-282.5736 0.0000
-283.5101 0.0000
-281.6208 0.0000
-282.6141 0.0000
-281.4783 0.0000
-279.5444 0.0000
-278.9290 0.0000
-278.3380 0.0000
-278.0604 0.0000
-277.1278 0.0000
-277.2818 0.0000
-277.0022 0.0000
-276.3263 0.0000
-276.6395 0.0000
-277.1747 0.0000
-277.0677 0.0000
