-100.0000 -100.0000
-339.0262 0.0000
-338.9666 0.0000
-339.0475 0.0000
-338.7851 0.0000
-339.0403 0.0000
-338.6871 0.0000
-338.8179 0.0000
-338.8226 0.0000
-338.9179 0.0000
-338.6371 0.0000
-338.5565 0.0000
-338.7432 0.0000
-338.9958 0.0000
-339.0396 0.0000
-338.8045 0.0000
-338.8750 0.0000
-338.7883 0.0000
-338.8825 0.0000
-339.0364 0.0000
-339.4312 0.0000
-338.4573 0.0000
-338.4753 0.0000
-338.6483 0.0000
-338.5193 0.0000
-338.6649 0.0000
-338.4078 0.0000
-338.1152 0.0000
-338.1077 0.0000
-337.7892 0.0000
-337.4390 0.0000
-337.3566 0.0000
-337.6188 0.0000
-337.5125 0.0000
-337.3104 0.0000
-337.2269 0.0000
-336.9372 0.0000
-336.9711 0.0000
-336.7018 0.0000
-336.5051 0.0000
-336.2587 0.0000
-335.9725 0.0000
-335.7200 0.0000
-335.8616 0.0000
-335.6174 0.0000
-335.4962 0.0000
-335.0728 0.0000
-334.8271 0.0000
-334.7965 0.0000
-335.1258 0.0000
-334.5822 0.0000
-334.7392 0.0000
-334.6717 0.0000
-335.0846 0.0000
-335.1472 0.0000
-334.6697 0.0000
-334.7985 0.0000
-335.0322 0.0000
-334.4984 0.0000
-334.6332 0.0000
-334.7474 0.0000
-334.5288 0.0000
-334.1426 0.0000
-334.2820 0.0000
-333.9342 0.0000
-334.2586 0.0000
-334.2049 0.0000
-333.9022 0.0000
-334.2348 0.0000
-334.0540 0.0000
-333.5278 0.0000
-333.3133 0.0000
-333.5391 0.0000
-333.6243 0.0000
-332.9912 0.0000
-332.9617 0.0000
-332.7230 0.0000
-332.2465 0.0000
-331.9329 0.0000
-332.4308 0.0000
-332.2167 0.0000
-332.3389 0.0000
-332.8910 0.0000
-331.9808 0.0000
-331.6889 0.0000
-331.9666 0.0000
-332.0409 0.0000
-332.1332 0.0000
-332.1318 0.0000
-332.0190 0.0000
-331.9207 0.0000
-331.5330 0.0000
-331.6262 0.0000
-331.7595 0.0000
-332.1298 0.0000
-331.9313 0.0000
-332.0559 0.0000
-331.6115 0.0000
-331.5903 0.0000
-331.2101 0.0000
-330.9188 0.0000
-336.6609 0.0000
-336.5671 0.0000
-336.6652 0.0000
-336.4679 0.0000
-336.2367 0.0000
-337.7916 0.0000
-336.6957 0.0000
-335.4598 0.0000
-334.7438 0.0000
-335.2606 0.0000
-335.3393 0.0000
-334.6864 0.0000
-333.5658 0.0000
-334.2772 0.0000
-334.3233 0.0000
-334.5542 0.0000
-333.5396 0.0000
-332.7627 0.0000
-331.4299 0.0000
-331.0584 0.0000
-330.8934 0.0000
-330.8600 0.0000
-330.2972 0.0000
-330.8907 0.0000
-331.5399 0.0000
-331.0718 0.0000
-330.5501 0.0000
-330.0525 0.0000
-329.2975 0.0000
-328.3864 0.0000
-327.9144 0.0000
-328.5884 0.0000
-328.9957 0.0000
-328.8428 0.0000
-329.3998 0.0000
-329.2631 0.0000
-328.6960 0.0000
-329.0696 0.0000
-328.7298 0.0000
-328.1631 0.0000
-328.6182 0.0000
-328.0218 0.0000
-327.1184 0.0000
-326.4614 0.0000
-326.2187 0.0000
-325.6119 0.0000
-325.7911 0.0000
-325.5562 0.0000
-325.4323 0.0000
-325.5096 0.0000
-324.7962 0.0000
-323.6771 0.0000
-323.2562 0.0000
-323.8532 0.0000
-323.9925 0.0000
-324.6645 0.0000
-324.3929 0.0000
-324.0240 0.0000
-323.5750 0.0000
-323.8329 0.0000
-323.7188 0.0000
-323.9337 0.0000
-324.6088 0.0000
-324.6332 0.0000
-324.0203 0.0000
-324.4058 0.0000
-324.1286 0.0000
-324.7692 0.0000
-324.8050 0.0000
-324.7954 0.0000
-325.0292 0.0000
-324.5796 0.0000
-323.3939 0.0000
-322.5041 0.0000
-321.6863 0.0000
-321.3566 0.0000
-322.1950 0.0000
-322.3904 0.0000
-322.4705 0.0000
-322.6633 0.0000
-322.7396 0.0000
-322.1504 0.0000
-322.8337 0.0000
-322.3180 0.0000
-322.4656 0.0000
-321.8007 0.0000
-321.5864 0.0000
-321.1368 0.0000
-320.6701 0.0000
-321.8724 0.0000
-321.5340 0.0000
-321.1128 0.0000
-320.4096 0.0000
-320.7949 0.0000
-320.3400 0.0000
-321.8705 0.0000
-319.7912 0.0000
-319.4746 0.0000
-319.9729 0.0000
-319.5468 0.0000
-331.2359 0.0000
-331.6978 0.0000
-330.1777 0.0000
-332.3253 0.0000
-331.0500 0.0000
-330.9084 0.0000
-331.0960 0.0000
-330.4418 0.0000
-331.5574 0.0000
-330.5853 0.0000
-331.5137 0.0000
-331.2422 0.0000
-331.1541 0.0000
-331.6502 0.0000
-330.6908 0.0000
-330.9825 0.0000
-330.7332 0.0000
-330.6741 0.0000
-330.8957 0.0000
-331.7002 0.0000
-330.3548 0.0000
-331.6023 0.0000
-330.5113 0.0000
-330.8615 0.0000
-331.8268 0.0000
-332.3827 0.0000
-331.7441 0.0000
-331.6465 0.0000
-331.2772 0.0000
-331.5042 0.0000
-331.1614 0.0000
-332.3475 0.0000
-332.0511 0.0000
-331.6778 0.0000
-331.3452 0.0000
-331.9994 0.0000
-331.1926 0.0000
-330.5464 0.0000
-330.0747 0.0000
-330.7188 0.0000
-330.0033 0.0000
-329.1952 0.0000
-329.6457 0.0000
-329.3655 0.0000
-329.1207 0.0000
-329.4096 0.0000
-328.9453 0.0000
-328.9446 0.0000
-328.9253 0.0000
-328.9086 0.0000
-328.9915 0.0000
-329.1178 0.0000
-329.3235 0.0000
-329.5413 0.0000
-330.5298 0.0000
-330.5639 0.0000
-330.5769 0.0000
-330.8620 0.0000
-330.4629 0.0000
-330.0143 0.0000
-330.5843 0.0000
-329.7334 0.0000
-330.5664 0.0000
-329.9275 0.0000
-330.1144 0.0000
-329.5490 0.0000
-329.5946 0.0000
-329.4546 0.0000
-330.1587 0.0000
-330.6417 0.0000
-329.8304 0.0000
-330.2545 0.0000
-330.1087 0.0000
-330.0870 0.0000
-329.5784 0.0000
-329.1140 0.0000
-329.5607 0.0000
-329.4399 0.0000
-329.8978 0.0000
-329.3558 0.0000
-329.9377 0.0000
-329.3951 0.0000
-329.8697 0.0000
-330.0480 0.0000
-330.4909 0.0000
-330.0500 0.0000
-329.6447 0.0000
-330.3251 0.0000
-330.2457 0.0000
-330.5216 0.0000
-331.6809 0.0000
-330.4007 0.0000
-330.5345 0.0000
-330.3671 0.0000
-330.1511 0.0000
-330.7969 0.0000
-330.1067 0.0000
-330.9577 0.0000
-330.2276 0.0000
-329.9482 0.0000
-355.1934 0.0000
-354.8516 0.0000
-354.3585 0.0000
-356.0797 0.0000
-355.2424 0.0000
-355.1562 0.0000
-354.6687 0.0000
-353.9172 0.0000
-355.8203 0.0000
-354.6047 0.0000
-355.8943 0.0000
-355.6554 0.0000
-355.3196 0.0000
-354.5180 0.0000
-354.9169 0.0000
-354.1908 0.0000
-355.2891 0.0000
-353.9941 0.0000
-354.7982 0.0000
-354.3818 0.0000
-355.5280 0.0000
-355.0180 0.0000
-355.0604 0.0000
-355.9715 0.0000
-355.3162 0.0000
-354.9735 0.0000
-353.7798 0.0000
-355.5733 0.0000
-354.1444 0.0000
-354.4085 0.0000
-354.7835 0.0000
-354.6132 0.0000
-354.0819 0.0000
-354.5001 0.0000
-354.9766 0.0000
-354.8174 0.0000
-354.9304 0.0000
-353.9330 0.0000
-355.3656 0.0000
-354.4186 0.0000
-353.8520 0.0000
-354.3031 0.0000
-356.0101 0.0000
-354.3678 0.0000
-354.2934 0.0000
-354.2205 0.0000
-354.6309 0.0000
-354.1532 0.0000
-355.2059 0.0000
-354.4386 0.0000
-354.7158 0.0000
-354.9354 0.0000
-354.8174 0.0000
-354.8475 0.0000
-353.8643 0.0000
-355.7067 0.0000
-354.8201 0.0000
-355.2147 0.0000
-354.7371 0.0000
-354.4160 0.0000
-354.1246 0.0000
-354.1791 0.0000
-354.7113 0.0000
-353.8518 0.0000
-358.1064 0.0000
-354.3030 0.0000
-354.8811 0.0000
-354.6849 0.0000
-355.1117 0.0000
-353.9367 0.0000
-353.8753 0.0000
-354.8335 0.0000
-355.6033 0.0000
-355.0793 0.0000
-353.5233 0.0000
-354.5773 0.0000
-354.0486 0.0000
-353.4312 0.0000
-354.8614 0.0000
-354.2730 0.0000
-355.1446 0.0000
-355.5763 0.0000
-355.3812 0.0000
-355.5851 0.0000
-355.3057 0.0000
-355.1156 0.0000
-354.2363 0.0000
-354.6295 0.0000
-355.3569 0.0000
-354.7878 0.0000
-354.4133 0.0000
-354.1896 0.0000
-353.9456 0.0000
-354.8766 0.0000
-354.9303 0.0000
-354.2895 0.0000
-355.2736 0.0000
-355.7196 0.0000
-354.2407 0.0000
-354.3324 0.0000
-305.9093 0.0000
-306.3912 0.0000
-306.9756 0.0000
-308.0128 0.0000
-307.5118 0.0000
-306.6043 0.0000
-306.6116 0.0000
-307.0284 0.0000
-306.5449 0.0000
-305.7385 0.0000
-305.4490 0.0000
-306.0181 0.0000
-305.1500 0.0000
-304.1939 0.0000
-304.4653 0.0000
-303.8595 0.0000
-303.7441 0.0000
-304.1041 0.0000
-303.7969 0.0000
-304.2285 0.0000
-304.0164 0.0000
-303.7343 0.0000
-303.6544 0.0000
-303.4888 0.0000
-303.8190 0.0000
-303.8824 0.0000
-303.2919 0.0000
-303.9266 0.0000
-303.4151 0.0000
-303.5164 0.0000
-304.4992 0.0000
-305.4331 0.0000
-305.6852 0.0000
-306.1958 0.0000
-305.7632 0.0000
-306.6936 0.0000
-306.4709 0.0000
-306.6590 0.0000
-306.3462 0.0000
-306.4990 0.0000
-307.3507 0.0000
-306.6660 0.0000
-306.6643 0.0000
-306.6589 0.0000
-306.5232 0.0000
-306.8785 0.0000
-307.4099 0.0000
-307.0552 0.0000
-307.3116 0.0000
-307.3250 0.0000
-307.5818 0.0000
-308.3181 0.0000
-307.2283 0.0000
-307.5410 0.0000
-307.2698 0.0000
-307.1609 0.0000
-306.3600 0.0000
-306.0547 0.0000
-305.9312 0.0000
-305.7649 0.0000
-306.4877 0.0000
-306.0602 0.0000
-306.6218 0.0000
-306.6843 0.0000
-306.4878 0.0000
-306.7898 0.0000
-306.7495 0.0000
-306.3859 0.0000
-306.1759 0.0000
-306.3328 0.0000
-306.3787 0.0000
-306.8305 0.0000
-307.1803 0.0000
-306.3470 0.0000
-306.7304 0.0000
-306.0893 0.0000
-306.4803 0.0000
-306.7177 0.0000
-305.6131 0.0000
-306.1887 0.0000
-306.5307 0.0000
-306.1955 0.0000
-306.3181 0.0000
-305.8790 0.0000
-306.0224 0.0000
-305.9249 0.0000
-306.7465 0.0000
-306.5234 0.0000
-306.9379 0.0000
-305.8365 0.0000
-306.4397 0.0000
-306.5754 0.0000
-305.5943 0.0000
-305.6196 0.0000
-304.9480 0.0000
-304.9992 0.0000
-304.0723 0.0000
-303.7824 0.0000
-303.4987 0.0000
