-340.43310 0.00000
-316.63710 0.00000
-315.96030 0.00000
-315.97970 0.00000
-316.60840 0.00000
-316.13960 0.00000
-315.79710 0.00000
-315.42750 0.00000
-314.67750 0.00000
-314.37570 0.00000
-314.19790 0.00000
-314.22060 0.00000
-314.46510 0.00000
-315.28770 0.00000
-315.01200 0.00000
-314.30560 0.00000
-313.39780 0.00000
-313.51070 0.00000
-312.84360 0.00000
-313.07400 0.00000
-313.06300 0.00000
-313.30820 0.00000
-313.53370 0.00000
-313.00160 0.00000
-312.24960 0.00000
-310.35760 0.00000
-310.33450 0.00000
-310.00830 0.00000
-309.46270 0.00000
-309.34250 0.00000
-308.40210 0.00000
-308.70100 0.00000
-307.23340 0.00000
-307.71700 0.00000
-307.45310 0.00000
-307.34490 0.00000
-307.96740 0.00000
-307.20790 0.00000
-306.17680 0.00000
-305.67700 0.00000
-306.03580 0.00000
-305.95260 0.00000
-306.22140 0.00000
-305.83620 0.00000
-305.72300 0.00000
-304.87480 0.00000
-303.82940 0.00000
-302.65050 0.00000
-303.08650 0.00000
-302.24550 0.00000
-302.46760 0.00000
-301.92550 0.00000
-300.18450 0.00000
-301.11380 0.00000
-299.71850 0.00000
-300.06420 0.00000
-300.36320 0.00000
-299.86830 0.00000
-301.22380 0.00000
-300.03460 0.00000
-299.78520 0.00000
-300.24860 0.00000
-300.78720 0.00000
-300.71850 0.00000
-300.15310 0.00000
-299.69050 0.00000
-299.96370 0.00000
-298.73160 0.00000
-297.94180 0.00000
-298.22240 0.00000
-297.15800 0.00000
-296.91900 0.00000
-297.08880 0.00000
-297.96140 0.00000
-297.48310 0.00000
-296.81440 0.00000
-297.22800 0.00000
-297.44810 0.00000
-296.35150 0.00000
-296.54090 0.00000
-296.26500 0.00000
-295.97860 0.00000
-296.58730 0.00000
-296.60760 0.00000
-296.88160 0.00000
-297.38580 0.00000
-296.81740 0.00000
-297.30430 0.00000
-297.37870 0.00000
-296.81970 0.00000
-297.02600 0.00000
-297.18480 0.00000
-296.79150 0.00000
-297.17750 0.00000
-297.61380 0.00000
-296.14260 0.00000
-296.10850 0.00000
-296.25450 0.00000
-295.53470 0.00000
-295.06450 0.00000
-296.17180 0.00000
-338.46490 0.00000
-338.85630 0.00000
-338.71730 0.00000
-338.05130 0.00000
-338.73220 0.00000
-339.19870 0.00000
-338.46560 0.00000
-339.00530 0.00000
-338.78600 0.00000
-338.30210 0.00000
-338.74540 0.00000
-338.29610 0.00000
-339.01850 0.00000
-339.07270 0.00000
-338.79240 0.00000
-338.50760 0.00000
-338.71130 0.00000
-338.68110 0.00000
-338.61220 0.00000
-337.82600 0.00000
-338.37290 0.00000
-339.40320 0.00000
-338.05560 0.00000
-338.68710 0.00000
-337.73280 0.00000
-339.12910 0.00000
-337.95360 0.00000
-337.99710 0.00000
-338.17070 0.00000
-339.44210 0.00000
-338.71940 0.00000
-338.44660 0.00000
-339.58610 0.00000
-338.70270 0.00000
-338.33960 0.00000
-338.79540 0.00000
-338.59260 0.00000
-338.33210 0.00000
-338.29560 0.00000
-338.11990 0.00000
-339.05910 0.00000
-339.21670 0.00000
-339.17010 0.00000
-338.06500 0.00000
-339.16890 0.00000
-339.22220 0.00000
-337.73000 0.00000
-338.74980 0.00000
-338.32030 0.00000
-339.01950 0.00000
-338.09880 0.00000
-339.19000 0.00000
-337.92950 0.00000
-338.50340 0.00000
-338.22850 0.00000
-339.23080 0.00000
-338.50530 0.00000
-338.63570 0.00000
-338.43990 0.00000
-338.69770 0.00000
-338.45070 0.00000
-339.05400 0.00000
-338.16420 0.00000
-338.98410 0.00000
-339.80680 0.00000
-338.75320 0.00000
-338.43100 0.00000
-339.22490 0.00000
-338.28130 0.00000
-337.94710 0.00000
-337.48540 0.00000
-338.17760 0.00000
-338.43480 0.00000
-339.21440 0.00000
-338.96790 0.00000
-339.54850 0.00000
-340.35070 0.00000
-340.72620 0.00000
-340.61880 0.00000
-341.44090 0.00000
-340.89990 0.00000
-340.91170 0.00000
-340.91200 0.00000
-340.90250 0.00000
-340.13430 0.00000
-339.72400 0.00000
-339.46350 0.00000
-338.35730 0.00000
-338.54560 0.00000
-337.92060 0.00000
-338.44100 0.00000
-338.03710 0.00000
-338.89470 0.00000
-338.64560 0.00000
-338.56850 0.00000
-337.61550 0.00000
-337.26200 0.00000
-336.20800 0.00000
-336.13660 0.00000
-335.78870 0.00000
-312.47690 0.00000
-312.60500 0.00000
-312.13730 0.00000
-312.28520 0.00000
-312.47770 0.00000
-311.95680 0.00000
-312.19130 0.00000
-312.34650 0.00000
-312.66230 0.00000
-311.69480 0.00000
-313.33820 0.00000
-310.16060 0.00000
-310.46070 0.00000
-308.91640 0.00000
-310.31220 0.00000
-311.04360 0.00000
-310.52440 0.00000
-311.81960 0.00000
-310.72320 0.00000
-310.44690 0.00000
-308.98360 0.00000
-308.92520 0.00000
-308.27420 0.00000
-306.91340 0.00000
-307.81220 0.00000
-307.55810 0.00000
-308.30600 0.00000
-307.98850 0.00000
-307.73300 0.00000
-308.48600 0.00000
-308.01720 0.00000
-308.47200 0.00000
-309.08480 0.00000
-308.68770 0.00000
-309.18330 0.00000
-309.17940 0.00000
-309.17710 0.00000
-309.21050 0.00000
-309.26840 0.00000
-308.94780 0.00000
-309.22850 0.00000
-310.21690 0.00000
-309.94100 0.00000
-310.08590 0.00000
-310.08220 0.00000
-309.58960 0.00000
-309.50310 0.00000
-310.32180 0.00000
-308.49340 0.00000
-308.65710 0.00000
-308.40380 0.00000
-309.46270 0.00000
-307.40840 0.00000
-307.40370 0.00000
-306.76540 0.00000
-306.72160 0.00000
-305.03470 0.00000
-303.68540 0.00000
-304.76060 0.00000
-304.73060 0.00000
-304.32110 0.00000
-305.78530 0.00000
-305.60720 0.00000
-303.91610 0.00000
-303.61470 0.00000
-304.52790 0.00000
-304.00490 0.00000
-303.28950 0.00000
-303.59170 0.00000
-301.71670 0.00000
-302.48690 0.00000
-301.48440 0.00000
-301.55990 0.00000
-301.79780 0.00000
-301.61010 0.00000
-301.33430 0.00000
-301.27260 0.00000
-301.48070 0.00000
-301.40750 0.00000
-301.90030 0.00000
-301.40340 0.00000
-301.48100 0.00000
-300.47340 0.00000
-301.90420 0.00000
-299.49620 0.00000
-300.34760 0.00000
-299.29480 0.00000
-300.34300 0.00000
-300.83050 0.00000
-300.92490 0.00000
-301.17970 0.00000
-299.68930 0.00000
-299.53930 0.00000
-298.67410 0.00000
-299.46350 0.00000
-299.74650 0.00000
-299.69930 0.00000
-299.81410 0.00000
-299.40570 0.00000
-298.18080 0.00000
-295.52500 0.00000
-296.29960 0.00000
-295.16110 0.00000
-296.29170 0.00000
-296.41210 0.00000
-295.41470 0.00000
-295.73400 0.00000
-295.95670 0.00000
-296.53820 0.00000
-295.59000 0.00000
-296.83080 0.00000
-295.98030 0.00000
-296.25710 0.00000
-297.00030 0.00000
-297.69690 0.00000
-297.00930 0.00000
-296.63260 0.00000
-297.23180 0.00000
-296.70640 0.00000
-296.24610 0.00000
-295.98120 0.00000
-296.33830 0.00000
-296.24880 0.00000
-295.94280 0.00000
-296.43250 0.00000
-295.22530 0.00000
-294.24450 0.00000
-295.42960 0.00000
-295.12840 0.00000
-294.00970 0.00000
-294.31660 0.00000
-293.86080 0.00000
-294.68360 0.00000
-294.84480 0.00000
-294.37680 0.00000
-294.64250 0.00000
-294.96490 0.00000
-294.03840 0.00000
-293.22050 0.00000
-292.78040 0.00000
-292.45280 0.00000
-291.49480 0.00000
-291.77300 0.00000
-291.94990 0.00000
-291.29040 0.00000
-291.20960 0.00000
-291.17460 0.00000
-291.98160 0.00000
-291.35610 0.00000
-291.32910 0.00000
-290.90220 0.00000
-290.14170 0.00000
-289.33040 0.00000
-289.73290 0.00000
-289.60920 0.00000
-290.07310 0.00000
-289.90400 0.00000
-290.69250 0.00000
-290.09160 0.00000
-289.71960 0.00000
-289.81840 0.00000
-290.04570 0.00000
-289.83820 0.00000
-289.84970 0.00000
-289.70690 0.00000
-290.09550 0.00000
-289.51330 0.00000
-290.14770 0.00000
-289.93640 0.00000
-288.75280 0.00000
-289.53380 0.00000
-288.88080 0.00000
-288.55210 0.00000
-288.04870 0.00000
-288.24540 0.00000
-287.81440 0.00000
-287.78390 0.00000
-287.63630 0.00000
-288.34010 0.00000
-287.54930 0.00000
-287.84760 0.00000
-288.01870 0.00000
-287.75880 0.00000
-288.27730 0.00000
-289.08060 0.00000
-287.96890 0.00000
-287.47130 0.00000
-287.55680 0.00000
-287.98140 0.00000
-288.14660 0.00000
-288.02910 0.00000
-288.36690 0.00000
-287.33410 0.00000
-286.95960 0.00000
-286.18610 0.00000
-287.07300 0.00000
-286.23360 0.00000
-286.04260 0.00000
-285.22540 0.00000
-317.03780 0.00000
-339.26570 0.00000
-338.92120 0.00000
-338.21530 0.00000
-338.11860 0.00000
-337.94830 0.00000
-339.45560 0.00000
-339.30180 0.00000
-338.01470 0.00000
-337.52160 0.00000
-337.97070 0.00000
-338.84340 0.00000
-338.45080 0.00000
-338.39470 0.00000
-338.18020 0.00000
-338.34040 0.00000
-340.05040 0.00000
-337.76580 0.00000
-339.35100 0.00000
-337.57860 0.00000
-338.61750 0.00000
-338.92600 0.00000
-338.73660 0.00000
-338.16980 0.00000
-338.28470 0.00000
-339.57750 0.00000
-339.00930 0.00000
-338.25450 0.00000
-339.12790 0.00000
-338.12250 0.00000
-339.21580 0.00000
-337.33900 0.00000
-339.49320 0.00000
-339.10960 0.00000
-337.45240 0.00000
-338.53930 0.00000
-338.85090 0.00000
-339.67310 0.00000
-339.40110 0.00000
-338.53380 0.00000
-338.70820 0.00000
-338.27470 0.00000
-338.83550 0.00000
-339.83530 0.00000
-337.75270 0.00000
-338.98370 0.00000
-339.28130 0.00000
-338.85320 0.00000
-339.46680 0.00000
-339.12990 0.00000
-339.07890 0.00000
-338.75460 0.00000
-339.45290 0.00000
-338.14440 0.00000
-339.61630 0.00000
-339.00250 0.00000
-337.99840 0.00000
-338.66390 0.00000
-338.09000 0.00000
-338.07910 0.00000
-339.54600 0.00000
-338.01360 0.00000
-338.95760 0.00000
-338.41710 0.00000
-339.49310 0.00000
-339.56130 0.00000
-338.90820 0.00000
-338.55330 0.00000
-339.05680 0.00000
-339.43860 0.00000
-339.76030 0.00000
-339.31690 0.00000
-339.22410 0.00000
-338.20750 0.00000
-338.09600 0.00000
-338.79770 0.00000
-338.76710 0.00000
-339.00640 0.00000
-339.01200 0.00000
-338.16070 0.00000
-339.18650 0.00000
-339.10830 0.00000
-338.52500 0.00000
-338.76540 0.00000
-339.05390 0.00000
-337.36410 0.00000
-338.06270 0.00000
-338.26530 0.00000
-339.30380 0.00000
-338.05960 0.00000
-339.48640 0.00000
-338.68280 0.00000
-339.12820 0.00000
-337.91010 0.00000
-337.21420 0.00000
-338.82210 0.00000
-337.95510 0.00000
-338.55390 0.00000
-338.48700 0.00000
-339.52320 0.00000
-338.32480 0.00000
-322.90930 0.00000
-322.91620 0.00000
-324.03580 0.00000
-321.76600 0.00000
-322.96530 0.00000
-322.50190 0.00000
-322.05240 0.00000
-322.07930 0.00000
-322.09390 0.00000
-323.26380 0.00000
-320.99890 0.00000
-323.05080 0.00000
-322.75760 0.00000
-323.55410 0.00000
-321.97590 0.00000
-322.38310 0.00000
-322.67830 0.00000
-322.71040 0.00000
-322.46310 0.00000
-323.49800 0.00000
-320.57920 0.00000
-323.27790 0.00000
-322.27580 0.00000
-323.01680 0.00000
-321.68960 0.00000
-321.41450 0.00000
-322.48180 0.00000
-322.26010 0.00000
-323.25440 0.00000
-322.26870 0.00000
-322.49800 0.00000
-322.79860 0.00000
-321.93540 0.00000
-322.35400 0.00000
-322.76940 0.00000
-322.54060 0.00000
-322.58110 0.00000
-322.56640 0.00000
-323.12050 0.00000
-322.19440 0.00000
-322.86600 0.00000
-323.09820 0.00000
-323.22430 0.00000
-322.73450 0.00000
-321.54500 0.00000
-322.00130 0.00000
-321.14780 0.00000
-321.98290 0.00000
-322.26890 0.00000
-323.12000 0.00000
-320.99220 0.00000
-321.01610 0.00000
-321.18780 0.00000
-322.71180 0.00000
-320.72350 0.00000
-320.94150 0.00000
-320.37190 0.00000
-319.58130 0.00000
-319.30990 0.00000
-321.17670 0.00000
-319.17200 0.00000
-319.73910 0.00000
-319.98460 0.00000
-320.80940 0.00000
-321.20100 0.00000
-321.65860 0.00000
-321.98480 0.00000
-322.89970 0.00000
-324.25240 0.00000
-323.00010 0.00000
-321.76570 0.00000
-321.99590 0.00000
-320.07950 0.00000
-320.21600 0.00000
-319.77280 0.00000
-319.57520 0.00000
-320.16550 0.00000
-320.44080 0.00000
-320.45690 0.00000
-320.12550 0.00000
-320.00900 0.00000
-319.66840 0.00000
-319.15990 0.00000
-318.68830 0.00000
-317.43800 0.00000
-316.53090 0.00000
-316.82530 0.00000
-315.97030 0.00000
-316.42180 0.00000
-314.91100 0.00000
-316.96190 0.00000
-314.08410 0.00000
-313.46970 0.00000
-313.73170 0.00000
-313.46820 0.00000
-313.98930 0.00000
-313.79580 0.00000
-313.35560 0.00000
-312.06890 0.00000
-312.00460 0.00000
-311.95760 0.00000
-311.62560 0.00000
-311.88620 0.00000
-312.03930 0.00000
-312.08260 0.00000
-311.34910 0.00000
-312.21670 0.00000
-311.21000 0.00000
-311.50440 0.00000
-311.32080 0.00000
-312.35770 0.00000
-311.26180 0.00000
-311.14370 0.00000
-311.52740 0.00000
-312.68930 0.00000
-312.08840 0.00000
-311.42350 0.00000
-311.80430 0.00000
-311.60620 0.00000
-311.18200 0.00000
-310.71930 0.00000
-310.22050 0.00000
-308.20400 0.00000
-308.84350 0.00000
-308.50990 0.00000
-308.24630 0.00000
-309.16210 0.00000
-309.50690 0.00000
-308.68440 0.00000
-308.40740 0.00000
-306.98320 0.00000
-306.42010 0.00000
-306.72850 0.00000
-306.23140 0.00000
-306.75560 0.00000
-307.02570 0.00000
-307.18200 0.00000
-306.24290 0.00000
-306.20900 0.00000
-306.03440 0.00000
-306.15610 0.00000
-306.40220 0.00000
-306.55980 0.00000
-306.66970 0.00000
-307.16010 0.00000
-307.30970 0.00000
-306.85480 0.00000
-307.72680 0.00000
-306.26810 0.00000
-306.31730 0.00000
-306.11950 0.00000
-306.41750 0.00000
-305.44040 0.00000
-305.68980 0.00000
-304.49100 0.00000
-303.45360 0.00000
-303.68030 0.00000
-303.82500 0.00000
-305.07090 0.00000
-304.47600 0.00000
-303.38050 0.00000
-303.50070 0.00000
-303.34340 0.00000
-302.40250 0.00000
-302.91080 0.00000
-303.46990 0.00000
-303.43500 0.00000
-303.56900 0.00000
-303.13940 0.00000
-302.84840 0.00000
-302.98500 0.00000
-303.30510 0.00000
-302.95570 0.00000
-302.78320 0.00000
-303.32910 0.00000
-302.52040 0.00000
-302.10730 0.00000
-301.11600 0.00000
-301.25330 0.00000
-300.36000 0.00000
-300.83970 0.00000
-300.42900 0.00000
-299.60210 0.00000
-298.65140 0.00000
-298.88950 0.00000
-299.37170 0.00000
-298.55400 0.00000
-298.31440 0.00000
-298.28150 0.00000
-297.31470 0.00000
-297.90030 0.00000
-297.23080 0.00000
-296.66370 0.00000
-296.40830 0.00000
-296.25000 0.00000
-296.45320 0.00000
-297.19180 0.00000
-296.62730 0.00000
-296.52230 0.00000
-296.10950 0.00000
-245.65780 0.00000
-246.21620 0.00000
-246.23170 0.00000
-246.18620 0.00000
-246.22020 0.00000
-245.80550 0.00000
-247.10860 0.00000
-246.18850 0.00000
-246.93800 0.00000
-246.56870 0.00000
-247.40870 0.00000
-247.20320 0.00000
-246.42120 0.00000
-246.92670 0.00000
-245.77220 0.00000
-246.56470 0.00000
-245.16920 0.00000
-245.86290 0.00000
-245.33100 0.00000
-245.19030 0.00000
-244.98310 0.00000
-244.09690 0.00000
-244.30830 0.00000
-243.33470 0.00000
-243.19120 0.00000
-242.79300 0.00000
-242.25100 0.00000
-242.89580 0.00000
-243.09930 0.00000
-242.91240 0.00000
-242.97330 0.00000
-243.37110 0.00000
-244.25670 0.00000
-243.45720 0.00000
-243.73750 0.00000
-244.47870 0.00000
-243.48430 0.00000
-243.49860 0.00000
-243.59270 0.00000
-244.24760 0.00000
-243.56190 0.00000
-241.43050 0.00000
-241.96290 0.00000
-241.26950 0.00000
-240.86040 0.00000
-240.21780 0.00000
-240.49770 0.00000
-241.02420 0.00000
-240.79300 0.00000
-241.89510 0.00000
-241.07520 0.00000
-241.90450 0.00000
-240.59520 0.00000
-240.77740 0.00000
-240.21920 0.00000
-240.41730 0.00000
-239.95170 0.00000
-240.58030 0.00000
-240.81550 0.00000
-240.43400 0.00000
-241.22290 0.00000
-241.06190 0.00000
-239.81580 0.00000
-240.16520 0.00000
-239.62480 0.00000
-239.64000 0.00000
-239.54120 0.00000
-240.90040 0.00000
-239.73560 0.00000
-240.08510 0.00000
-238.87010 0.00000
-238.09190 0.00000
-238.83480 0.00000
-238.21210 0.00000
-238.76520 0.00000
-239.04660 0.00000
-239.62610 0.00000
-239.31110 0.00000
-239.71360 0.00000
-239.86080 0.00000
-239.41500 0.00000
-239.27810 0.00000
-240.94550 0.00000
-241.54730 0.00000
-241.91280 0.00000
-241.63000 0.00000
-241.88210 0.00000
-241.73080 0.00000
-242.63540 0.00000
-243.17610 0.00000
-243.10850 0.00000
-243.92040 0.00000
-242.79620 0.00000
-243.32070 0.00000
-243.28150 0.00000
-244.87850 0.00000
-242.79550 0.00000
-242.69510 0.00000
-241.81780 0.00000
-338.62140 0.00000
-339.02920 0.00000
-338.55720 0.00000
-338.17640 0.00000
-340.89320 0.00000
-337.16220 0.00000
-338.22450 0.00000
-337.72850 0.00000
-336.89170 0.00000
-337.37270 0.00000
-336.66990 0.00000
-336.41640 0.00000
-337.05710 0.00000
-337.38120 0.00000
-338.80380 0.00000
-336.09580 0.00000
-336.10620 0.00000
-336.88360 0.00000
-336.51060 0.00000
-336.23750 0.00000
-336.58060 0.00000
-337.27330 0.00000
-335.92390 0.00000
-335.21200 0.00000
-333.75480 0.00000
-330.50980 0.00000
-330.92010 0.00000
-330.63940 0.00000
-329.68750 0.00000
-329.15570 0.00000
-328.81970 0.00000
-327.51760 0.00000
-326.77860 0.00000
-326.55770 0.00000
-327.38640 0.00000
-326.86890 0.00000
-326.45760 0.00000
-327.56280 0.00000
-325.47710 0.00000
-324.97430 0.00000
-325.92080 0.00000
-325.36420 0.00000
-324.78010 0.00000
-324.54340 0.00000
-323.51860 0.00000
-322.78170 0.00000
-322.67880 0.00000
-321.96890 0.00000
-322.39780 0.00000
-321.80520 0.00000
-321.87770 0.00000
-321.41320 0.00000
-321.44930 0.00000
-322.34950 0.00000
-322.65550 0.00000
-322.31540 0.00000
-322.37890 0.00000
-321.61630 0.00000
-320.61810 0.00000
-321.66080 0.00000
-321.09520 0.00000
-320.60160 0.00000
-319.87420 0.00000
-319.88210 0.00000
-320.40330 0.00000
-322.22650 0.00000
-322.30180 0.00000
-320.86080 0.00000
-320.36490 0.00000
-318.95290 0.00000
-319.14410 0.00000
-319.80730 0.00000
-320.68310 0.00000
-321.67640 0.00000
-322.75020 0.00000
-321.63850 0.00000
-322.40290 0.00000
-322.48070 0.00000
-323.18110 0.00000
-323.71580 0.00000
-323.50860 0.00000
-322.58280 0.00000
-323.84070 0.00000
-323.41000 0.00000
-325.13710 0.00000
-325.02660 0.00000
-325.09790 0.00000
-326.07460 0.00000
-327.46230 0.00000
-324.87890 0.00000
-323.92400 0.00000
-324.22050 0.00000
-324.78390 0.00000
-324.31330 0.00000
-323.21170 0.00000
-322.61430 0.00000
-322.25270 0.00000
-323.51750 0.00000
-321.58280 0.00000
-322.63020 0.00000
-322.91730 0.00000
-319.16000 0.00000
-318.51790 0.00000
-318.86420 0.00000
-319.19080 0.00000
-318.46270 0.00000
-318.06870 0.00000
-317.37810 0.00000
-316.77650 0.00000
-317.14590 0.00000
-317.82910 0.00000
-317.29820 0.00000
-317.14760 0.00000
-317.26910 0.00000
-316.82580 0.00000
-317.15180 0.00000
-317.52860 0.00000
-317.72420 0.00000
-317.95740 0.00000
-319.03130 0.00000
-319.87360 0.00000
-319.75120 0.00000
-319.00800 0.00000
-318.46220 0.00000
-319.12690 0.00000
-319.46420 0.00000
-317.86340 0.00000
-317.09180 0.00000
-317.02900 0.00000
-317.11960 0.00000
-317.72950 0.00000
-317.06290 0.00000
-317.33170 0.00000
-317.09200 0.00000
-316.54960 0.00000
-316.88260 0.00000
-317.51980 0.00000
-317.90030 0.00000
-317.41020 0.00000
-317.31210 0.00000
-317.40190 0.00000
-316.51010 0.00000
-316.40430 0.00000
-316.48220 0.00000
-316.58430 0.00000
-317.26730 0.00000
-316.79570 0.00000
-316.13950 0.00000
-316.03590 0.00000
-317.00920 0.00000
-317.15090 0.00000
-316.34700 0.00000
-316.36910 0.00000
-317.25560 0.00000
-317.45230 0.00000
-318.52960 0.00000
-318.17760 0.00000
-317.56640 0.00000
-317.34760 0.00000
-318.03720 0.00000
-317.89530 0.00000
-317.48970 0.00000
-316.98400 0.00000
-317.45990 0.00000
-317.57870 0.00000
-318.93590 0.00000
-317.39340 0.00000
-317.05610 0.00000
-317.92080 0.00000
-317.03260 0.00000
-316.77800 0.00000
-316.45880 0.00000
-317.60880 0.00000
-316.15370 0.00000
-317.36480 0.00000
-315.50600 0.00000
-315.12440 0.00000
-316.22440 0.00000
-315.64290 0.00000
-315.15740 0.00000
-315.62780 0.00000
-314.80750 0.00000
-315.79270 0.00000
-314.35870 0.00000
-314.28100 0.00000
-315.03450 0.00000
-314.47720 0.00000
-314.64050 0.00000
-314.64460 0.00000
-314.20080 0.00000
-314.00040 0.00000
-314.92260 0.00000
-313.71150 0.00000
-314.19470 0.00000
-314.00740 0.00000
-314.03940 0.00000
-314.11700 0.00000
-313.33990 0.00000
-313.68740 0.00000
-312.87150 0.00000
-312.66760 0.00000
-261.03990 0.00000
-261.66710 0.00000
-260.69330 0.00000
-260.66630 0.00000
-259.39830 0.00000
-258.78720 0.00000
-259.14370 0.00000
-259.53360 0.00000
-258.67160 0.00000
-258.45630 0.00000
-258.79390 0.00000
-258.92210 0.00000
-257.62570 0.00000
-256.91500 0.00000
-256.89020 0.00000
-256.61580 0.00000
-255.52380 0.00000
-256.26780 0.00000
-254.37150 0.00000
-254.63340 0.00000
-254.27910 0.00000
-252.19370 0.00000
-250.76860 0.00000
-251.58940 0.00000
-250.29970 0.00000
-250.75370 0.00000
-251.60960 0.00000
-251.35640 0.00000
-251.71530 0.00000
-251.91850 0.00000
-250.93300 0.00000
-251.01860 0.00000
-251.16350 0.00000
-250.53210 0.00000
-250.67920 0.00000
-250.82720 0.00000
-250.66180 0.00000
-251.04590 0.00000
-251.97530 0.00000
-252.63450 0.00000
-251.88840 0.00000
-251.90260 0.00000
-252.60800 0.00000
-251.94010 0.00000
-252.99680 0.00000
-251.68410 0.00000
-251.61980 0.00000
-252.44020 0.00000
-252.12290 0.00000
-252.22770 0.00000
-251.21840 0.00000
-251.90060 0.00000
-252.79530 0.00000
-252.46960 0.00000
-252.47840 0.00000
-252.22990 0.00000
-251.26140 0.00000
-250.59500 0.00000
-250.75810 0.00000
-252.57650 0.00000
-250.14760 0.00000
-250.44140 0.00000
-250.58410 0.00000
-249.54100 0.00000
-250.13960 0.00000
-249.44420 0.00000
-248.86270 0.00000
-248.79610 0.00000
-248.98840 0.00000
-248.38260 0.00000
-249.22340 0.00000
-249.07230 0.00000
-248.45250 0.00000
-248.81520 0.00000
-250.37440 0.00000
-251.08320 0.00000
-250.06500 0.00000
-250.68370 0.00000
-250.97440 0.00000
-249.50760 0.00000
-249.16520 0.00000
-248.78600 0.00000
-248.63610 0.00000
-248.66020 0.00000
-250.17880 0.00000
-249.17820 0.00000
-249.65250 0.00000
-249.04740 0.00000
-248.74810 0.00000
-247.17780 0.00000
-247.40370 0.00000
-248.25610 0.00000
-246.42920 0.00000
-246.05400 0.00000
-245.77260 0.00000
-245.18450 0.00000
-246.19560 0.00000
-245.63780 0.00000
-245.76760 0.00000
-244.79230 0.00000
-322.14510 0.00000
-320.85800 0.00000
-321.05970 0.00000
-319.86980 0.00000
-320.45970 0.00000
-321.62030 0.00000
-320.26750 0.00000
-319.69940 0.00000
-320.70720 0.00000
-321.48800 0.00000
-320.74680 0.00000
-321.45790 0.00000
-321.21170 0.00000
-320.38130 0.00000
-320.53050 0.00000
-321.68710 0.00000
-320.65160 0.00000
-320.79010 0.00000
-321.23610 0.00000
-320.47770 0.00000
-321.17840 0.00000
-320.24690 0.00000
-321.36950 0.00000
-321.46250 0.00000
-320.44990 0.00000
-322.11870 0.00000
-320.65430 0.00000
-321.08880 0.00000
-321.15110 0.00000
-320.52760 0.00000
-320.36320 0.00000
-320.05530 0.00000
-321.46170 0.00000
-321.82750 0.00000
-320.55840 0.00000
-321.55720 0.00000
-321.49330 0.00000
-320.58770 0.00000
-322.70180 0.00000
-321.31030 0.00000
-321.04390 0.00000
-320.83040 0.00000
-320.44770 0.00000
-320.74330 0.00000
-320.89620 0.00000
-320.23560 0.00000
-320.03060 0.00000
-320.58750 0.00000
-320.72030 0.00000
-319.95000 0.00000
-320.92940 0.00000
-320.76670 0.00000
-320.72780 0.00000
-321.03280 0.00000
-320.14430 0.00000
-320.93080 0.00000
-320.50610 0.00000
-321.03640 0.00000
-321.43200 0.00000
-321.73080 0.00000
-320.05590 0.00000
-320.21110 0.00000
-320.84310 0.00000
-321.58910 0.00000
-320.56750 0.00000
-320.31340 0.00000
-319.44270 0.00000
-320.89360 0.00000
-320.18340 0.00000
-320.67330 0.00000
-321.81130 0.00000
-320.39490 0.00000
-320.90250 0.00000
-321.38490 0.00000
-322.27800 0.00000
-319.63740 0.00000
-320.91350 0.00000
-321.14360 0.00000
-320.25470 0.00000
-320.75400 0.00000
-321.37070 0.00000
-320.89790 0.00000
-320.90580 0.00000
-321.19200 0.00000
-321.99600 0.00000
-321.10350 0.00000
-321.77580 0.00000
-321.44620 0.00000
-321.52640 0.00000
-319.90440 0.00000
-320.93540 0.00000
-321.12060 0.00000
-321.05710 0.00000
-320.87560 0.00000
-320.87380 0.00000
-320.80000 0.00000
-320.28380 0.00000
-320.35560 0.00000
-320.49380 0.00000
-339.48390 0.00000
-338.09550 0.00000
-337.86880 0.00000
-338.40920 0.00000
-338.61880 0.00000
-336.25210 0.00000
-335.75930 0.00000
-334.76180 0.00000
-333.47530 0.00000
-334.02800 0.00000
-334.36840 0.00000
-334.90740 0.00000
-334.93730 0.00000
-337.27220 0.00000
-333.80410 0.00000
-333.62700 0.00000
-334.24510 0.00000
-334.44560 0.00000
-335.81970 0.00000
-336.12570 0.00000
-335.63960 0.00000
-335.28900 0.00000
-335.66900 0.00000
-334.95170 0.00000
-335.30600 0.00000
-334.15880 0.00000
-335.62800 0.00000
-335.84120 0.00000
-335.15490 0.00000
-335.14260 0.00000
-333.67690 0.00000
-334.16820 0.00000
-333.56750 0.00000
-335.43160 0.00000
-335.55560 0.00000
-334.90390 0.00000
-334.11000 0.00000
-331.83260 0.00000
-330.48770 0.00000
-331.35250 0.00000
-330.86740 0.00000
-332.04250 0.00000
-332.48670 0.00000
-331.49020 0.00000
-331.21380 0.00000
-331.29160 0.00000
-331.01640 0.00000
-329.23920 0.00000
-329.42790 0.00000
-329.92310 0.00000
-331.44560 0.00000
-329.37040 0.00000
-328.62240 0.00000
-329.98640 0.00000
-330.46990 0.00000
-330.16690 0.00000
-330.48900 0.00000
-329.40500 0.00000
-328.92770 0.00000
-328.21650 0.00000
-330.71810 0.00000
-326.39040 0.00000
-327.70730 0.00000
-325.69050 0.00000
-324.77150 0.00000
-326.56690 0.00000
-325.26660 0.00000
-324.37430 0.00000
-324.21460 0.00000
-323.57070 0.00000
-323.88790 0.00000
-324.31210 0.00000
-324.07400 0.00000
-323.42720 0.00000
-323.03760 0.00000
-322.81540 0.00000
-323.52180 0.00000
-323.04100 0.00000
-322.16200 0.00000
-323.10920 0.00000
-322.66590 0.00000
-322.22320 0.00000
-321.70830 0.00000
-320.89760 0.00000
-322.81800 0.00000
-322.73210 0.00000
-322.79410 0.00000
-322.75120 0.00000
-325.70640 0.00000
-323.94320 0.00000
-322.14740 0.00000
-322.32320 0.00000
-321.83950 0.00000
-322.45050 0.00000
-322.39670 0.00000
-321.66060 0.00000
-321.81440 0.00000
-321.67290 0.00000
-320.45360 0.00000
-322.05020 0.00000
-319.14650 0.00000
-275.02080 0.00000
-273.93980 0.00000
-275.22380 0.00000
-275.38230 0.00000
-275.09380 0.00000
-275.35580 0.00000
-275.38840 0.00000
-275.42060 0.00000
-275.48360 0.00000
-276.93500 0.00000
-276.29330 0.00000
-276.16540 0.00000
-275.40350 0.00000
-276.98300 0.00000
-276.70790 0.00000
-276.96590 0.00000
-278.11860 0.00000
-277.57470 0.00000
-277.99370 0.00000
-278.32260 0.00000
-278.53190 0.00000
-277.82880 0.00000
-276.72490 0.00000
-277.32320 0.00000
-276.13430 0.00000
-275.79780 0.00000
-276.52110 0.00000
-275.08560 0.00000
-276.18050 0.00000
-274.06280 0.00000
-273.34070 0.00000
-273.77090 0.00000
-272.69600 0.00000
-272.22310 0.00000
-271.62000 0.00000
-271.24050 0.00000
-271.25480 0.00000
-270.73480 0.00000
-270.22020 0.00000
-270.33940 0.00000
-270.86260 0.00000
-270.85970 0.00000
-270.24360 0.00000
-270.11020 0.00000
-270.54520 0.00000
-270.47330 0.00000
-269.87300 0.00000
-268.18810 0.00000
-268.10390 0.00000
-268.79210 0.00000
-267.65100 0.00000
-267.25260 0.00000
-267.60060 0.00000
-268.60140 0.00000
-269.20760 0.00000
-268.07030 0.00000
-268.42370 0.00000
-267.10420 0.00000
-266.49990 0.00000
-268.09100 0.00000
-266.17000 0.00000
-265.86970 0.00000
-266.43050 0.00000
-264.58170 0.00000
-265.54240 0.00000
-264.97580 0.00000
-264.68150 0.00000
-264.46320 0.00000
-265.89300 0.00000
-264.07460 0.00000
-264.18950 0.00000
-265.27710 0.00000
-263.62330 0.00000
-262.91690 0.00000
-262.32120 0.00000
-262.19700 0.00000
-263.39570 0.00000
-262.30300 0.00000
-262.42490 0.00000
-262.60920 0.00000
-261.79610 0.00000
-263.09960 0.00000
-261.90630 0.00000
-261.68680 0.00000
-262.38380 0.00000
-261.82000 0.00000
-262.43440 0.00000
-261.12480 0.00000
-261.19010 0.00000
-262.04250 0.00000
-261.17370 0.00000
-261.71220 0.00000
-262.72660 0.00000
-262.36520 0.00000
-262.30100 0.00000
-262.94800 0.00000
-262.64500 0.00000
-262.07570 0.00000
-261.94290 0.00000
-261.44670 0.00000
-320.90990 0.00000
-320.77180 0.00000
-320.92340 0.00000
-320.80300 0.00000
-321.94990 0.00000
-320.49230 0.00000
-320.63180 0.00000
-320.72260 0.00000
-320.88990 0.00000
-319.04870 0.00000
-321.35350 0.00000
-320.81890 0.00000
-321.40360 0.00000
-321.87890 0.00000
-321.78460 0.00000
-321.41950 0.00000
-321.27620 0.00000
-321.77330 0.00000
-321.59890 0.00000
-320.82590 0.00000
-321.63930 0.00000
-321.31360 0.00000
-320.12970 0.00000
-320.25720 0.00000
-320.63550 0.00000
-320.93750 0.00000
-321.20930 0.00000
-321.44670 0.00000
-321.75240 0.00000
-320.63310 0.00000
-320.66420 0.00000
-320.23870 0.00000
-319.90900 0.00000
-319.67270 0.00000
-320.37470 0.00000
-321.52520 0.00000
-321.22080 0.00000
-320.97020 0.00000
-320.86220 0.00000
-320.91630 0.00000
-320.39220 0.00000
-321.65230 0.00000
-319.99030 0.00000
-320.02160 0.00000
-320.49630 0.00000
-320.94470 0.00000
-321.61810 0.00000
-320.63150 0.00000
-321.64230 0.00000
-320.99450 0.00000
-320.68680 0.00000
-321.16130 0.00000
-318.73490 0.00000
-320.26560 0.00000
-320.63780 0.00000
-320.48830 0.00000
-320.29370 0.00000
-321.83470 0.00000
-321.79230 0.00000
-319.58060 0.00000
-321.62950 0.00000
-320.97650 0.00000
-321.27500 0.00000
-322.19850 0.00000
-320.47610 0.00000
-321.27640 0.00000
-321.64860 0.00000
-320.65550 0.00000
-320.33380 0.00000
-321.62500 0.00000
-320.52390 0.00000
-320.59170 0.00000
-320.15060 0.00000
-320.77960 0.00000
-320.37260 0.00000
-320.45530 0.00000
-319.29630 0.00000
-321.20120 0.00000
-320.27910 0.00000
-320.84100 0.00000
-320.45560 0.00000
-321.59200 0.00000
-321.75730 0.00000
-321.17890 0.00000
-321.19750 0.00000
-320.90960 0.00000
-321.57280 0.00000
-320.85790 0.00000
-320.29350 0.00000
-321.39770 0.00000
-320.73050 0.00000
-320.09670 0.00000
-321.06130 0.00000
-321.38050 0.00000
-321.06900 0.00000
-320.28080 0.00000
-321.40100 0.00000
-321.50840 0.00000
-321.94920 0.00000
-320.51700 0.00000
-298.32010 0.00000
-297.39680 0.00000
-298.37980 0.00000
-298.84870 0.00000
-298.90110 0.00000
-298.61330 0.00000
-297.92140 0.00000
-299.18930 0.00000
-297.77940 0.00000
-297.71060 0.00000
-298.68870 0.00000
-298.75890 0.00000
-298.36530 0.00000
-298.38040 0.00000
-296.91510 0.00000
-298.35840 0.00000
-298.63830 0.00000
-297.19520 0.00000
-299.69470 0.00000
-297.51400 0.00000
-298.05390 0.00000
-299.00060 0.00000
-298.38240 0.00000
-297.56450 0.00000
-298.22850 0.00000
-298.29170 0.00000
-297.88470 0.00000
-298.29280 0.00000
-297.50050 0.00000
-297.39680 0.00000
-297.32930 0.00000
-299.06360 0.00000
-300.01050 0.00000
-298.30300 0.00000
-299.32930 0.00000
-297.84710 0.00000
-297.79910 0.00000
-298.65160 0.00000
-299.45560 0.00000
-298.03700 0.00000
-296.82930 0.00000
-298.31670 0.00000
-299.28610 0.00000
-297.65390 0.00000
-297.36440 0.00000
-298.42260 0.00000
-297.33630 0.00000
-298.65520 0.00000
-297.93430 0.00000
-297.98120 0.00000
-296.97550 0.00000
-295.96900 0.00000
-299.52840 0.00000
-298.20900 0.00000
-298.26350 0.00000
-297.02590 0.00000
-299.06850 0.00000
-297.97470 0.00000
-297.71650 0.00000
-299.76320 0.00000
-299.27700 0.00000
-298.31510 0.00000
-298.36200 0.00000
-299.04350 0.00000
-298.41510 0.00000
-298.04280 0.00000
-298.56290 0.00000
-298.69410 0.00000
-298.36150 0.00000
-298.97500 0.00000
-298.42740 0.00000
-299.36440 0.00000
-297.86370 0.00000
-298.41040 0.00000
-298.45720 0.00000
-298.21040 0.00000
-299.40770 0.00000
-299.34510 0.00000
-297.24830 0.00000
-298.13910 0.00000
-297.95860 0.00000
-299.20680 0.00000
-298.29990 0.00000
-297.97620 0.00000
-298.99170 0.00000
-297.97980 0.00000
-298.07550 0.00000
-297.46540 0.00000
-298.73560 0.00000
-298.90070 0.00000
-298.47940 0.00000
-299.44320 0.00000
-298.07600 0.00000
-298.42440 0.00000
-298.46170 0.00000
-297.53120 0.00000
-297.79220 0.00000
-298.44760 0.00000
-297.62300 0.00000
-341.35200 0.00000
-285.76250 0.00000
-285.96300 0.00000
-285.65930 0.00000
-287.09840 0.00000
-286.66330 0.00000
-286.34470 0.00000
-286.23840 0.00000
-285.21620 0.00000
-284.59210 0.00000
-284.73090 0.00000
-285.06370 0.00000
-284.93330 0.00000
-285.75890 0.00000
-287.01600 0.00000
-286.68170 0.00000
-286.91700 0.00000
-287.50290 0.00000
-287.87380 0.00000
-288.49950 0.00000
-289.28480 0.00000
-288.03550 0.00000
-288.81530 0.00000
-287.80370 0.00000
-285.60710 0.00000
-283.92630 0.00000
-283.03010 0.00000
-284.35080 0.00000
-282.46370 0.00000
-281.70640 0.00000
-281.22940 0.00000
-280.04010 0.00000
-279.97440 0.00000
-280.16120 0.00000
-279.38700 0.00000
-279.35810 0.00000
-278.86340 0.00000
-280.01250 0.00000
-277.77320 0.00000
-276.90240 0.00000
-277.38290 0.00000
-277.53400 0.00000
-276.43270 0.00000
-276.44920 0.00000
-276.13160 0.00000
-276.35490 0.00000
-276.35990 0.00000
-275.58660 0.00000
-276.02860 0.00000
-275.85960 0.00000
-276.47210 0.00000
-276.00310 0.00000
-275.12700 0.00000
-275.40210 0.00000
-273.67910 0.00000
-274.38300 0.00000
-274.36280 0.00000
-275.28340 0.00000
-275.67970 0.00000
-277.14230 0.00000
-277.60050 0.00000
-276.76200 0.00000
-277.25070 0.00000
-277.70430 0.00000
-279.35710 0.00000
-279.11340 0.00000
-279.23720 0.00000
-276.55420 0.00000
-275.65220 0.00000
-275.95630 0.00000
-276.26470 0.00000
-276.58160 0.00000
-276.52420 0.00000
-277.41310 0.00000
-277.29590 0.00000
-276.94520 0.00000
-276.91120 0.00000
-277.09190 0.00000
-277.20550 0.00000
-276.70760 0.00000
-276.04100 0.00000
-275.36920 0.00000
-274.64210 0.00000
-274.57470 0.00000
-275.30340 0.00000
-275.48110 0.00000
-276.28420 0.00000
-276.02260 0.00000
-276.22190 0.00000
-276.41630 0.00000
-276.50970 0.00000
-276.34200 0.00000
-276.79620 0.00000
-277.31020 0.00000
-277.68810 0.00000
-278.50070 0.00000
-277.27380 0.00000
-276.04570 0.00000
-274.91980 0.00000
-274.83040 0.00000
-275.72490 0.00000
-323.69060 0.00000
-323.04410 0.00000
-324.32970 0.00000
-323.82680 0.00000
-323.81900 0.00000
-324.01220 0.00000
-323.13620 0.00000
-322.49460 0.00000
-324.05890 0.00000
-323.97300 0.00000
-323.70440 0.00000
-324.35310 0.00000
-323.52100 0.00000
-323.57240 0.00000
-322.97010 0.00000
-323.47380 0.00000
-323.59590 0.00000
-324.24220 0.00000
-324.12650 0.00000
-325.15690 0.00000
-323.48340 0.00000
-324.21830 0.00000
-323.22160 0.00000
-324.25180 0.00000
-324.94580 0.00000
-321.87000 0.00000
-323.70830 0.00000
-324.63660 0.00000
-324.62650 0.00000
-323.46590 0.00000
-323.81220 0.00000
-324.59200 0.00000
-323.34840 0.00000
-323.51190 0.00000
-324.33820 0.00000
-323.96150 0.00000
-323.37190 0.00000
-324.55950 0.00000
-324.38020 0.00000
-323.55630 0.00000
-323.19850 0.00000
-323.93480 0.00000
-325.05790 0.00000
-323.60140 0.00000
-322.70710 0.00000
-324.07940 0.00000
-323.82220 0.00000
-325.78820 0.00000
-323.95370 0.00000
-324.05780 0.00000
-324.08420 0.00000
-324.01320 0.00000
-325.07930 0.00000
-324.79180 0.00000
-324.34630 0.00000
-323.77530 0.00000
-324.75900 0.00000
-323.91850 0.00000
-324.10360 0.00000
-324.88290 0.00000
-324.38760 0.00000
-324.98920 0.00000
-326.42860 0.00000
-328.06850 0.00000
-326.58380 0.00000
-326.61330 0.00000
-326.82790 0.00000
-328.22000 0.00000
-327.65970 0.00000
-328.27930 0.00000
-327.33490 0.00000
-327.93370 0.00000
-327.57510 0.00000
-329.08590 0.00000
-327.06090 0.00000
-327.20660 0.00000
-327.53070 0.00000
-326.66170 0.00000
-324.59730 0.00000
-323.39730 0.00000
-323.80760 0.00000
-323.05640 0.00000
-321.91700 0.00000
-322.16990 0.00000
-322.44770 0.00000
-322.19820 0.00000
-322.30570 0.00000
-322.75000 0.00000
-322.83570 0.00000
-322.50350 0.00000
-323.76860 0.00000
-322.44940 0.00000
-323.16070 0.00000
-321.79300 0.00000
-322.40020 0.00000
-321.69400 0.00000
-323.62370 0.00000
-323.65060 0.00000
-321.40380 0.00000
-320.95060 0.00000
-336.05490 0.00000
-334.46870 0.00000
-334.81590 0.00000
-335.25470 0.00000
-335.92310 0.00000
-335.27970 0.00000
-335.37150 0.00000
-334.73170 0.00000
-335.86860 0.00000
-334.59570 0.00000
-336.09360 0.00000
-335.07370 0.00000
-335.15580 0.00000
-336.00630 0.00000
-336.00960 0.00000
-335.45340 0.00000
-334.99720 0.00000
-335.06000 0.00000
-335.56770 0.00000
-335.80220 0.00000
-334.87720 0.00000
-335.26210 0.00000
-335.12040 0.00000
-334.97070 0.00000
-335.18320 0.00000
-335.38540 0.00000
-335.55180 0.00000
-334.87140 0.00000
-335.50880 0.00000
-335.80050 0.00000
-334.82660 0.00000
-335.05570 0.00000
-334.74630 0.00000
-334.76290 0.00000
-335.44980 0.00000
-335.54240 0.00000
-335.45520 0.00000
-335.36520 0.00000
-335.34350 0.00000
-335.45550 0.00000
-335.23190 0.00000
-335.85640 0.00000
-335.12120 0.00000
-335.31090 0.00000
-334.85610 0.00000
-334.95270 0.00000
-335.51090 0.00000
-335.20320 0.00000
-335.48680 0.00000
-336.19510 0.00000
-335.21090 0.00000
-335.46250 0.00000
-334.40790 0.00000
-335.09520 0.00000
-334.53070 0.00000
-335.01990 0.00000
-334.73620 0.00000
-335.87030 0.00000
-336.10710 0.00000
-334.94920 0.00000
-335.60000 0.00000
-335.73370 0.00000
-335.49580 0.00000
-335.98780 0.00000
-335.61900 0.00000
-335.49640 0.00000
-335.81960 0.00000
-335.46160 0.00000
-335.88550 0.00000
-336.14940 0.00000
-335.09810 0.00000
-334.90230 0.00000
-335.03940 0.00000
-335.36580 0.00000
-334.64720 0.00000
-335.74600 0.00000
-334.76080 0.00000
-335.14380 0.00000
-334.70640 0.00000
-335.65010 0.00000
-335.53420 0.00000
-335.79100 0.00000
-335.43280 0.00000
-335.55560 0.00000
-334.85450 0.00000
-334.65470 0.00000
-335.26720 0.00000
-334.93990 0.00000
-335.09390 0.00000
-335.44200 0.00000
-335.54300 0.00000
-335.20560 0.00000
-335.23780 0.00000
-335.03960 0.00000
-335.44030 0.00000
-334.38060 0.00000
-335.12250 0.00000
-335.41090 0.00000
-335.19300 0.00000
-335.30920 0.00000
-319.01370 0.00000
-319.03890 0.00000
-319.03260 0.00000
-318.67610 0.00000
-318.71250 0.00000
-318.98850 0.00000
-319.00160 0.00000
-318.39950 0.00000
-318.96400 0.00000
-319.23860 0.00000
-318.65490 0.00000
-318.01070 0.00000
-317.93220 0.00000
-318.20280 0.00000
-318.57330 0.00000
-317.89480 0.00000
-317.68270 0.00000
-317.20780 0.00000
-316.98030 0.00000
-317.83120 0.00000
-316.97680 0.00000
-316.65470 0.00000
-316.83700 0.00000
-317.19570 0.00000
-317.03650 0.00000
-317.35640 0.00000
-317.44870 0.00000
-316.83240 0.00000
-317.41990 0.00000
-317.37380 0.00000
-318.15490 0.00000
-317.65290 0.00000
-316.66130 0.00000
-317.17050 0.00000
-316.00480 0.00000
-315.71980 0.00000
-315.65030 0.00000
-315.44570 0.00000
-316.40890 0.00000
-316.63470 0.00000
-317.29690 0.00000
-317.50210 0.00000
-317.39880 0.00000
-317.33670 0.00000
-317.61550 0.00000
-317.54540 0.00000
-317.83950 0.00000
-317.76530 0.00000
-318.13500 0.00000
-318.39880 0.00000
-318.58000 0.00000
-318.63060 0.00000
-318.41180 0.00000
-318.38800 0.00000
-318.45710 0.00000
-318.49670 0.00000
-317.85950 0.00000
-318.19570 0.00000
-318.49020 0.00000
-318.21070 0.00000
-317.97330 0.00000
-317.99530 0.00000
-317.66470 0.00000
-318.05000 0.00000
-318.09230 0.00000
-317.78070 0.00000
-318.34070 0.00000
-319.11340 0.00000
-318.88450 0.00000
-319.26600 0.00000
-319.22970 0.00000
-318.62020 0.00000
-318.94490 0.00000
-319.32120 0.00000
-317.33870 0.00000
-317.44200 0.00000
-317.55980 0.00000
-317.72790 0.00000
-318.03890 0.00000
-318.32260 0.00000
-318.74560 0.00000
-317.72980 0.00000
-317.11790 0.00000
-317.18110 0.00000
-316.55820 0.00000
-316.55820 0.00000
-317.10550 0.00000
-316.64240 0.00000
-316.61530 0.00000
-316.76440 0.00000
-317.39530 0.00000
-317.19570 0.00000
-317.14710 0.00000
-316.87730 0.00000
-316.99160 0.00000
-317.96570 0.00000
-318.17480 0.00000
-318.23510 0.00000
-318.50760 0.00000
-285.11610 0.00000
-323.68120 0.00000
-323.81250 0.00000
-322.80430 0.00000
-324.27750 0.00000
-322.70430 0.00000
-324.14900 0.00000
-323.48780 0.00000
-322.58190 0.00000
-324.80760 0.00000
-322.71680 0.00000
-323.08420 0.00000
-324.27490 0.00000
-325.09030 0.00000
-323.94180 0.00000
-321.91950 0.00000
-323.43350 0.00000
-323.71350 0.00000
-323.90880 0.00000
-324.57420 0.00000
-324.29540 0.00000
-324.40150 0.00000
-324.20840 0.00000
-323.82780 0.00000
-323.78110 0.00000
-323.46340 0.00000
-325.87120 0.00000
-323.69760 0.00000
-324.15560 0.00000
-323.54860 0.00000
-323.76290 0.00000
-324.11990 0.00000
-323.44850 0.00000
-325.35840 0.00000
-324.25860 0.00000
-324.46780 0.00000
-323.53700 0.00000
-322.91910 0.00000
-323.06360 0.00000
-323.24450 0.00000
-322.92980 0.00000
-324.98390 0.00000
-323.50070 0.00000
-324.65580 0.00000
-323.94950 0.00000
-322.70680 0.00000
-323.53810 0.00000
-322.57490 0.00000
-323.38490 0.00000
-324.44970 0.00000
-325.28460 0.00000
-322.61380 0.00000
-322.30130 0.00000
-324.48310 0.00000
-323.48430 0.00000
-322.88430 0.00000
-324.84320 0.00000
-322.93720 0.00000
-323.37250 0.00000
-322.68880 0.00000
-324.83000 0.00000
-323.49890 0.00000
-323.35430 0.00000
-324.19340 0.00000
-322.99510 0.00000
-324.20310 0.00000
-323.05040 0.00000
-322.64090 0.00000
-323.19010 0.00000
-322.52080 0.00000
-323.67690 0.00000
-325.09110 0.00000
-324.73500 0.00000
-322.64360 0.00000
-322.73010 0.00000
-324.40620 0.00000
-325.18570 0.00000
-323.84120 0.00000
-323.36120 0.00000
-325.06090 0.00000
-323.70390 0.00000
-323.57490 0.00000
-323.43400 0.00000
-323.36740 0.00000
-325.92390 0.00000
-322.71960 0.00000
-322.89960 0.00000
-324.82240 0.00000
-326.44300 0.00000
-324.36540 0.00000
-323.24110 0.00000
-324.95010 0.00000
-324.23920 0.00000
-324.24960 0.00000
-323.61050 0.00000
-322.48900 0.00000
-324.40770 0.00000
-323.94360 0.00000
-321.88270 0.00000
-324.77320 0.00000
-324.17810 0.00000
-335.86700 0.00000
-335.88120 0.00000
-335.91780 0.00000
-335.93740 0.00000
-336.22380 0.00000
-336.05090 0.00000
-335.64050 0.00000
-336.12610 0.00000
-335.94620 0.00000
-336.11240 0.00000
-336.03770 0.00000
-335.82270 0.00000
-335.79910 0.00000
-336.24800 0.00000
-335.66370 0.00000
-335.81590 0.00000
-335.99100 0.00000
-336.25940 0.00000
-336.36790 0.00000
-336.55570 0.00000
-335.32270 0.00000
-336.04770 0.00000
-336.46420 0.00000
-336.58620 0.00000
-335.98610 0.00000
-335.12080 0.00000
-335.63760 0.00000
-336.36280 0.00000
-335.89060 0.00000
-336.02730 0.00000
-336.00650 0.00000
-336.39050 0.00000
-336.43720 0.00000
-335.35460 0.00000
-336.15820 0.00000
-335.55120 0.00000
-335.65930 0.00000
-335.96980 0.00000
-335.67850 0.00000
-335.87290 0.00000
-335.81990 0.00000
-335.87200 0.00000
-337.00860 0.00000
-336.53610 0.00000
-335.78930 0.00000
-336.05320 0.00000
-335.65410 0.00000
-335.66140 0.00000
-335.60160 0.00000
-335.85380 0.00000
-335.35540 0.00000
-335.37560 0.00000
-335.57480 0.00000
-335.91820 0.00000
-336.11590 0.00000
-336.18470 0.00000
-335.89230 0.00000
-335.60160 0.00000
-336.10690 0.00000
-335.93110 0.00000
-335.90250 0.00000
-335.98940 0.00000
-336.02240 0.00000
-336.89120 0.00000
-337.22020 0.00000
-335.74830 0.00000
-335.55830 0.00000
-336.23530 0.00000
-335.89140 0.00000
-336.05120 0.00000
-335.63210 0.00000
-335.66970 0.00000
-335.55690 0.00000
-335.85070 0.00000
-335.65540 0.00000
-335.23990 0.00000
-335.21750 0.00000
-334.68980 0.00000
-334.26160 0.00000
-333.76170 0.00000
-334.40680 0.00000
-334.30870 0.00000
-333.57390 0.00000
-334.05330 0.00000
-334.21730 0.00000
-333.90080 0.00000
-334.32800 0.00000
-333.92130 0.00000
-333.72870 0.00000
-333.88520 0.00000
-334.20990 0.00000
-333.93440 0.00000
-334.06890 0.00000
-333.49050 0.00000
-334.10120 0.00000
-334.12260 0.00000
-334.90570 0.00000
-335.63810 0.00000
-335.23620 0.00000
-335.33150 0.00000
-327.63260 0.00000
-328.04430 0.00000
-327.56550 0.00000
-327.52700 0.00000
-327.36210 0.00000
-327.22450 0.00000
-326.51270 0.00000
-326.53860 0.00000
-326.05300 0.00000
-325.38530 0.00000
-325.41490 0.00000
-325.37480 0.00000
-325.44650 0.00000
-325.89370 0.00000
-325.71060 0.00000
-326.00010 0.00000
-325.99460 0.00000
-326.24020 0.00000
-325.98610 0.00000
-325.64710 0.00000
-325.77380 0.00000
-325.70940 0.00000
-325.51340 0.00000
-325.25280 0.00000
-324.83470 0.00000
-325.20850 0.00000
-324.89260 0.00000
-324.66020 0.00000
-324.77870 0.00000
-324.35240 0.00000
-324.30450 0.00000
-324.56010 0.00000
-324.17280 0.00000
-323.65570 0.00000
-323.48490 0.00000
-323.76640 0.00000
-323.30630 0.00000
-323.31120 0.00000
-323.35400 0.00000
-323.57550 0.00000
-323.73520 0.00000
-323.51510 0.00000
-323.45960 0.00000
-322.98340 0.00000
-323.11500 0.00000
-323.43120 0.00000
-323.45670 0.00000
-323.01210 0.00000
-323.14740 0.00000
-322.84230 0.00000
-322.95790 0.00000
-322.74430 0.00000
-323.22800 0.00000
-322.72780 0.00000
-323.30230 0.00000
-323.30500 0.00000
-323.64230 0.00000
-323.67060 0.00000
-322.68200 0.00000
-322.51010 0.00000
-321.94160 0.00000
-320.98110 0.00000
-320.76320 0.00000
-321.10920 0.00000
-320.81440 0.00000
-320.76860 0.00000
-320.61040 0.00000
-320.71500 0.00000
-320.68440 0.00000
-320.34490 0.00000
-320.51360 0.00000
-320.20670 0.00000
-319.78180 0.00000
-319.84100 0.00000
-319.93960 0.00000
-320.49090 0.00000
-320.15400 0.00000
-320.34430 0.00000
-320.44160 0.00000
-320.54010 0.00000
-320.77740 0.00000
-319.87530 0.00000
-319.95090 0.00000
-320.12880 0.00000
-320.74880 0.00000
-320.80840 0.00000
-320.85290 0.00000
-320.76310 0.00000
-320.05440 0.00000
-320.53870 0.00000
-319.32250 0.00000
-319.32470 0.00000
-319.00370 0.00000
-319.76660 0.00000
-319.01720 0.00000
-319.14690 0.00000
-318.97720 0.00000
-319.31220 0.00000
-320.48730 0.00000
-318.84920 0.00000
-318.58650 0.00000
-319.48190 0.00000
-318.30900 0.00000
-319.27960 0.00000
-317.43720 0.00000
-316.85260 0.00000
-317.39470 0.00000
-316.75810 0.00000
-317.24170 0.00000
-317.04370 0.00000
-317.96960 0.00000
-316.92530 0.00000
-316.29960 0.00000
-317.29170 0.00000
-318.18240 0.00000
-317.21190 0.00000
-316.77480 0.00000
-317.23200 0.00000
-315.90300 0.00000
-316.03370 0.00000
-315.04680 0.00000
-314.63980 0.00000
-315.21480 0.00000
-315.47360 0.00000
-315.73340 0.00000
-314.78870 0.00000
-314.19500 0.00000
-314.87820 0.00000
-316.25170 0.00000
-314.57850 0.00000
-314.91130 0.00000
-313.90870 0.00000
-313.75760 0.00000
-315.19030 0.00000
-314.53830 0.00000
-314.46560 0.00000
-314.89700 0.00000
-315.09130 0.00000
-314.19340 0.00000
-314.35280 0.00000
-314.88650 0.00000
-313.18520 0.00000
-313.13430 0.00000
-313.94840 0.00000
-312.75630 0.00000
-313.22440 0.00000
-313.84950 0.00000
-312.61580 0.00000
-312.01450 0.00000
-312.14040 0.00000
-312.37620 0.00000
-313.32710 0.00000
-310.08030 0.00000
-309.84960 0.00000
-310.25800 0.00000
-309.78470 0.00000
-309.40030 0.00000
-309.60860 0.00000
-309.38980 0.00000
-309.40630 0.00000
-309.64360 0.00000
-310.36570 0.00000
-309.92390 0.00000
-309.54720 0.00000
-309.10990 0.00000
-309.20780 0.00000
-308.87790 0.00000
-308.66330 0.00000
-309.78740 0.00000
-309.64840 0.00000
-310.03540 0.00000
-309.47310 0.00000
-309.66330 0.00000
-309.49990 0.00000
-310.43810 0.00000
-309.41790 0.00000
-308.43650 0.00000
-308.64240 0.00000
-308.55160 0.00000
-308.90810 0.00000
-308.92980 0.00000
-309.01960 0.00000
-308.54640 0.00000
-309.54650 0.00000
-308.78120 0.00000
-308.06750 0.00000
-307.85380 0.00000
-308.08700 0.00000
-307.30460 0.00000
-307.96870 0.00000
-306.99120 0.00000
-307.30100 0.00000
-306.88350 0.00000
-306.99500 0.00000
-306.31480 0.00000
-306.82350 0.00000
-306.72330 0.00000
-306.55620 0.00000
-306.54640 0.00000
-323.90020 0.00000
-337.72110 0.00000
-337.63730 0.00000
-337.72540 0.00000
-338.10690 0.00000
-337.41400 0.00000
-337.59420 0.00000
-337.43550 0.00000
-337.29180 0.00000
-337.62440 0.00000
-337.18410 0.00000
-336.96030 0.00000
-337.34520 0.00000
-338.20720 0.00000
-338.47100 0.00000
-338.15250 0.00000
-338.31550 0.00000
-338.23740 0.00000
-338.44130 0.00000
-338.34730 0.00000
-338.38020 0.00000
-338.45290 0.00000
-338.51480 0.00000
-338.20670 0.00000
-338.10130 0.00000
-337.07540 0.00000
-338.16250 0.00000
-338.40410 0.00000
-339.12350 0.00000
-339.03230 0.00000
-339.11460 0.00000
-338.66660 0.00000
-337.74860 0.00000
-337.94150 0.00000
-338.11810 0.00000
-338.32600 0.00000
-338.69270 0.00000
-338.05440 0.00000
-337.70920 0.00000
-337.69030 0.00000
-337.53720 0.00000
-337.95490 0.00000
-338.29770 0.00000
-338.73950 0.00000
-338.08230 0.00000
-337.87170 0.00000
-337.14310 0.00000
-336.36640 0.00000
-336.55270 0.00000
-336.67930 0.00000
-336.32620 0.00000
-335.76250 0.00000
-334.94510 0.00000
-336.19850 0.00000
-336.24840 0.00000
-335.86510 0.00000
-335.93740 0.00000
-335.07150 0.00000
-334.99850 0.00000
-334.75940 0.00000
-335.39470 0.00000
-334.46170 0.00000
-334.68630 0.00000
-334.50540 0.00000
-334.30860 0.00000
-334.82430 0.00000
-334.96290 0.00000
-334.39800 0.00000
-334.09600 0.00000
-333.55760 0.00000
-333.67500 0.00000
-334.02090 0.00000
-334.42750 0.00000
-334.36440 0.00000
-334.72120 0.00000
-334.71690 0.00000
-336.66270 0.00000
-336.86520 0.00000
-337.14140 0.00000
-337.37520 0.00000
-336.99190 0.00000
-336.14060 0.00000
-336.36970 0.00000
-335.98370 0.00000
-336.53630 0.00000
-336.36000 0.00000
-336.53650 0.00000
-336.27780 0.00000
-337.57650 0.00000
-337.82640 0.00000
-337.64210 0.00000
-337.76960 0.00000
-337.36510 0.00000
-336.83340 0.00000
-336.47020 0.00000
-336.46840 0.00000
-336.19650 0.00000
-336.56850 0.00000
-335.76240 0.00000
-336.48120 0.00000
-335.99610 0.00000
-329.15830 0.00000
-329.14770 0.00000
-329.61690 0.00000
-329.50890 0.00000
-329.65820 0.00000
-329.79720 0.00000
-330.18430 0.00000
-330.09910 0.00000
-330.04180 0.00000
-329.83210 0.00000
-329.47140 0.00000
-329.44340 0.00000
-329.47830 0.00000
-329.20800 0.00000
-329.18540 0.00000
-329.51850 0.00000
-329.60770 0.00000
-329.49090 0.00000
-329.38400 0.00000
-329.41700 0.00000
-329.44430 0.00000
-329.49940 0.00000
-329.64430 0.00000
-329.37210 0.00000
-328.85610 0.00000
-328.83630 0.00000
-329.05520 0.00000
-329.03060 0.00000
-328.69350 0.00000
-328.48910 0.00000
-328.67280 0.00000
-328.69940 0.00000
-328.61400 0.00000
-328.46220 0.00000
-328.58540 0.00000
-328.72300 0.00000
-328.63340 0.00000
-328.61440 0.00000
-328.74180 0.00000
-328.91080 0.00000
-328.94540 0.00000
-328.66920 0.00000
-328.73150 0.00000
-328.93960 0.00000
-329.38760 0.00000
-329.74140 0.00000
-329.92770 0.00000
-329.73060 0.00000
-329.48590 0.00000
-329.58150 0.00000
-329.52030 0.00000
-329.42890 0.00000
-329.39370 0.00000
-329.99940 0.00000
-329.56690 0.00000
-329.51330 0.00000
-329.40240 0.00000
-329.03890 0.00000
-328.74830 0.00000
-329.05840 0.00000
-328.56950 0.00000
-328.97330 0.00000
-328.57350 0.00000
-328.57400 0.00000
-328.85490 0.00000
-329.09680 0.00000
-328.74070 0.00000
-328.71300 0.00000
-329.11030 0.00000
-329.20870 0.00000
-329.04150 0.00000
-328.91300 0.00000
-328.52180 0.00000
-328.61510 0.00000
-328.40350 0.00000
-328.71110 0.00000
-328.90790 0.00000
-328.43420 0.00000
-328.16290 0.00000
-327.77990 0.00000
-327.79930 0.00000
-327.60280 0.00000
-328.14650 0.00000
-328.21480 0.00000
-328.08030 0.00000
-328.04770 0.00000
-327.74650 0.00000
-327.80820 0.00000
-328.31590 0.00000
-328.01130 0.00000
-327.76410 0.00000
-327.84110 0.00000
-327.92650 0.00000
-327.57500 0.00000
-327.53290 0.00000
-327.81880 0.00000
-327.97700 0.00000
-328.32100 0.00000
-328.11640 0.00000
-327.76500 0.00000
-325.05680 0.00000
-325.94820 0.00000
-325.01490 0.00000
-325.31120 0.00000
-324.68840 0.00000
-324.11540 0.00000
-323.23550 0.00000
-323.80520 0.00000
-323.41770 0.00000
-324.01500 0.00000
-322.99720 0.00000
-322.80110 0.00000
-322.47520 0.00000
-322.19810 0.00000
-323.01410 0.00000
-324.04750 0.00000
-322.70510 0.00000
-323.28840 0.00000
-322.18850 0.00000
-322.33400 0.00000
-322.06740 0.00000
-321.78530 0.00000
-320.47580 0.00000
-320.90650 0.00000
-319.87990 0.00000
-320.13240 0.00000
-320.59740 0.00000
-320.86090 0.00000
-320.84440 0.00000
-321.38750 0.00000
-321.41580 0.00000
-321.50070 0.00000
-321.92970 0.00000
-321.79900 0.00000
-321.47300 0.00000
-322.11300 0.00000
-322.19540 0.00000
-322.45430 0.00000
-322.95270 0.00000
-322.96290 0.00000
-322.94320 0.00000
-322.77870 0.00000
-323.53670 0.00000
-322.50450 0.00000
-322.42330 0.00000
-323.35460 0.00000
-322.25510 0.00000
-322.28080 0.00000
-322.20780 0.00000
-321.99170 0.00000
-322.36230 0.00000
-322.65290 0.00000
-321.87480 0.00000
-322.06230 0.00000
-322.73480 0.00000
-322.82970 0.00000
-323.59960 0.00000
-323.57450 0.00000
-323.11320 0.00000
-324.07170 0.00000
-322.92930 0.00000
-322.83230 0.00000
-322.31130 0.00000
-321.96790 0.00000
-322.31510 0.00000
-321.66620 0.00000
-321.23160 0.00000
-321.35860 0.00000
-320.42590 0.00000
-320.70010 0.00000
-319.71720 0.00000
-320.10780 0.00000
-321.22750 0.00000
-320.28740 0.00000
-320.86090 0.00000
-320.40570 0.00000
-320.06500 0.00000
-319.18390 0.00000
-319.63280 0.00000
-318.77620 0.00000
-319.27590 0.00000
-319.99980 0.00000
-319.85120 0.00000
-319.07630 0.00000
-320.32600 0.00000
-319.60250 0.00000
-319.68090 0.00000
-319.49830 0.00000
-320.19790 0.00000
-318.31850 0.00000
-318.69170 0.00000
-319.05060 0.00000
-318.36120 0.00000
-318.50760 0.00000
-318.41470 0.00000
-318.69390 0.00000
-319.88490 0.00000
-318.79530 0.00000
-319.39350 0.00000
-318.97480 0.00000
-335.44060 0.00000
-334.81620 0.00000
-335.29840 0.00000
-334.49150 0.00000
-335.21990 0.00000
-335.50920 0.00000
-334.95070 0.00000
-335.16390 0.00000
-334.55860 0.00000
-335.72940 0.00000
-335.23680 0.00000
-335.85120 0.00000
-335.87710 0.00000
-335.03930 0.00000
-334.48500 0.00000
-335.72840 0.00000
-335.40670 0.00000
-335.11750 0.00000
-335.76090 0.00000
-335.15030 0.00000
-336.21240 0.00000
-335.60930 0.00000
-335.52700 0.00000
-335.65560 0.00000
-335.81640 0.00000
-336.41850 0.00000
-335.45860 0.00000
-335.39310 0.00000
-335.29190 0.00000
-335.15470 0.00000
-334.25070 0.00000
-335.31390 0.00000
-336.34300 0.00000
-335.30970 0.00000
-335.57220 0.00000
-336.15830 0.00000
-335.13220 0.00000
-334.53650 0.00000
-336.14450 0.00000
-335.19160 0.00000
-335.05790 0.00000
-335.51300 0.00000
-335.51930 0.00000
-334.97730 0.00000
-335.28890 0.00000
-335.10820 0.00000
-334.65800 0.00000
-335.57200 0.00000
-335.17180 0.00000
-334.92370 0.00000
-334.51220 0.00000
-334.67220 0.00000
-335.49230 0.00000
-335.15620 0.00000
-335.27540 0.00000
-335.24690 0.00000
-336.03550 0.00000
-334.87910 0.00000
-335.28620 0.00000
-335.86320 0.00000
-335.05070 0.00000
-334.47940 0.00000
-335.69020 0.00000
-335.69830 0.00000
-335.19220 0.00000
-335.40810 0.00000
-334.28090 0.00000
-335.60560 0.00000
-335.10050 0.00000
-335.60880 0.00000
-335.45180 0.00000
-335.41540 0.00000
-334.79040 0.00000
-335.31720 0.00000
-335.83750 0.00000
-334.89880 0.00000
-335.84710 0.00000
-334.93730 0.00000
-335.11860 0.00000
-335.29050 0.00000
-335.19280 0.00000
-335.20310 0.00000
-335.80260 0.00000
-335.50680 0.00000
-336.11090 0.00000
-335.14660 0.00000
-335.78980 0.00000
-335.95280 0.00000
-335.49390 0.00000
-335.09600 0.00000
-335.89590 0.00000
-335.78750 0.00000
-335.76740 0.00000
-335.21850 0.00000
-335.25400 0.00000
-335.01380 0.00000
-335.06630 0.00000
-334.61430 0.00000
-335.46730 0.00000
-337.69770 0.00000
-331.98310 0.00000
-331.95460 0.00000
-331.54960 0.00000
-332.19380 0.00000
-332.45820 0.00000
-332.44360 0.00000
-332.22650 0.00000
-331.78080 0.00000
-331.94000 0.00000
-331.79110 0.00000
-331.70410 0.00000
-331.78390 0.00000
-331.86350 0.00000
-332.01010 0.00000
-331.67400 0.00000
-331.41710 0.00000
-331.09680 0.00000
-330.86610 0.00000
-330.76530 0.00000
-331.03050 0.00000
-331.23650 0.00000
-331.27810 0.00000
-331.39610 0.00000
-331.09260 0.00000
-330.35050 0.00000
-330.62140 0.00000
-330.62100 0.00000
-330.83560 0.00000
-330.63260 0.00000
-330.69820 0.00000
-330.93140 0.00000
-330.65160 0.00000
-330.52290 0.00000
-330.87790 0.00000
-331.15230 0.00000
-330.90600 0.00000
-331.09750 0.00000
-330.78640 0.00000
-330.66610 0.00000
-330.66030 0.00000
-330.84830 0.00000
-330.59360 0.00000
-330.65360 0.00000
-330.50480 0.00000
-330.31880 0.00000
-330.23420 0.00000
-330.09630 0.00000
-329.85260 0.00000
-329.48790 0.00000
-329.86420 0.00000
-329.89700 0.00000
-329.55510 0.00000
-329.44120 0.00000
-329.46010 0.00000
-329.42010 0.00000
-329.54690 0.00000
-329.62380 0.00000
-329.47250 0.00000
-329.72450 0.00000
-330.10930 0.00000
-330.39030 0.00000
-330.05710 0.00000
-330.60570 0.00000
-330.88150 0.00000
-330.62770 0.00000
-330.64840 0.00000
-330.71630 0.00000
-330.78750 0.00000
-330.82420 0.00000
-330.31470 0.00000
-329.85150 0.00000
-329.99290 0.00000
-330.18880 0.00000
-330.11070 0.00000
-330.18880 0.00000
-330.06100 0.00000
-329.95570 0.00000
-330.46680 0.00000
-330.67060 0.00000
-330.70590 0.00000
-330.48870 0.00000
-330.66330 0.00000
-330.82050 0.00000
-330.31240 0.00000
-330.21190 0.00000
-330.06830 0.00000
-330.34910 0.00000
-330.04270 0.00000
-329.93990 0.00000
-330.18140 0.00000
-330.28920 0.00000
-330.08710 0.00000
-329.91820 0.00000
-329.60000 0.00000
-329.54450 0.00000
-329.36960 0.00000
-329.33950 0.00000
-329.32580 0.00000
-329.16010 0.00000
-329.30010 0.00000
-324.73890 0.00000
-324.59570 0.00000
-324.61930 0.00000
-325.49180 0.00000
-325.17140 0.00000
-324.23350 0.00000
-323.79430 0.00000
-324.26310 0.00000
-324.42150 0.00000
-325.43590 0.00000
-325.70660 0.00000
-326.43590 0.00000
-326.17690 0.00000
-327.26700 0.00000
-327.69810 0.00000
-327.83710 0.00000
-329.12530 0.00000
-329.23160 0.00000
-329.79010 0.00000
-329.20030 0.00000
-329.20380 0.00000
-329.49650 0.00000
-329.14040 0.00000
-328.37580 0.00000
-328.27220 0.00000
-327.92870 0.00000
-327.58870 0.00000
-327.71100 0.00000
-328.56780 0.00000
-328.32220 0.00000
-328.05770 0.00000
-328.61760 0.00000
-328.27690 0.00000
-328.53380 0.00000
-328.91740 0.00000
-329.05380 0.00000
-328.53640 0.00000
-328.32240 0.00000
-327.89340 0.00000
-327.82950 0.00000
-328.03240 0.00000
-328.96220 0.00000
-327.89330 0.00000
-327.67710 0.00000
-327.96030 0.00000
-327.89440 0.00000
-328.16170 0.00000
-328.34560 0.00000
-328.77260 0.00000
-328.46950 0.00000
-328.68100 0.00000
-328.11260 0.00000
-328.95510 0.00000
-328.44220 0.00000
-328.16990 0.00000
-328.41260 0.00000
-329.05120 0.00000
-328.19350 0.00000
-328.91660 0.00000
-329.51120 0.00000
-329.95460 0.00000
-328.67620 0.00000
-328.83500 0.00000
-328.30860 0.00000
-328.78730 0.00000
-329.29230 0.00000
-328.65430 0.00000
-328.62210 0.00000
-329.13690 0.00000
-328.40930 0.00000
-328.47890 0.00000
-329.57880 0.00000
-328.45410 0.00000
-328.33370 0.00000
-328.73210 0.00000
-327.99980 0.00000
-328.02170 0.00000
-328.53980 0.00000
-327.88890 0.00000
-328.16730 0.00000
-326.92460 0.00000
-327.45200 0.00000
-327.69200 0.00000
-326.21790 0.00000
-325.73530 0.00000
-326.29380 0.00000
-326.45960 0.00000
-326.35230 0.00000
-326.32850 0.00000
-326.71550 0.00000
-326.33350 0.00000
-326.56270 0.00000
-326.24720 0.00000
-327.01760 0.00000
-326.99430 0.00000
-327.35440 0.00000
-327.32820 0.00000
-326.84440 0.00000
-326.53330 0.00000
-326.45530 0.00000
-336.47480 0.00000
-334.86350 0.00000
-335.72870 0.00000
-336.32700 0.00000
-335.69760 0.00000
-335.75490 0.00000
-336.27190 0.00000
-335.56920 0.00000
-335.65850 0.00000
-335.05860 0.00000
-335.22320 0.00000
-334.18720 0.00000
-335.31060 0.00000
-334.82460 0.00000
-337.14930 0.00000
-336.45170 0.00000
-334.52120 0.00000
-336.31290 0.00000
-336.93530 0.00000
-335.07980 0.00000
-334.38860 0.00000
-335.48660 0.00000
-335.32000 0.00000
-336.12630 0.00000
-336.23890 0.00000
-335.01490 0.00000
-335.37840 0.00000
-335.23590 0.00000
-334.69520 0.00000
-335.19990 0.00000
-335.12250 0.00000
-335.74740 0.00000
-335.03620 0.00000
-335.79290 0.00000
-336.10810 0.00000
-334.61520 0.00000
-335.82970 0.00000
-335.33440 0.00000
-336.23790 0.00000
-335.19420 0.00000
-336.14430 0.00000
-337.38130 0.00000
-336.16280 0.00000
-335.88140 0.00000
-335.66050 0.00000
-336.43930 0.00000
-335.43440 0.00000
-336.73340 0.00000
-334.47170 0.00000
-336.91330 0.00000
-336.09320 0.00000
-336.19070 0.00000
-335.54710 0.00000
-334.85660 0.00000
-335.19040 0.00000
-336.95980 0.00000
-335.79640 0.00000
-335.35100 0.00000
-336.62790 0.00000
-336.45560 0.00000
-334.69110 0.00000
-336.19600 0.00000
-335.84130 0.00000
-336.06970 0.00000
-336.46120 0.00000
-335.62580 0.00000
-335.98170 0.00000
-333.88910 0.00000
-336.03300 0.00000
-335.68880 0.00000
-335.96550 0.00000
-335.91650 0.00000
-336.51730 0.00000
-336.30020 0.00000
-336.19010 0.00000
-335.13580 0.00000
-336.23030 0.00000
-335.62260 0.00000
-336.23490 0.00000
-335.71640 0.00000
-335.81460 0.00000
-335.44250 0.00000
-335.47550 0.00000
-337.03250 0.00000
-334.15750 0.00000
-335.76670 0.00000
-335.24470 0.00000
-336.66670 0.00000
-336.47830 0.00000
-336.48680 0.00000
-337.07930 0.00000
-334.44850 0.00000
-335.71960 0.00000
-334.88750 0.00000
-336.56590 0.00000
-335.35630 0.00000
-336.67170 0.00000
-334.67970 0.00000
-334.89670 0.00000
-336.39270 0.00000
-286.22210 0.00000
-286.39490 0.00000
-286.57150 0.00000
-285.66340 0.00000
-286.06760 0.00000
-285.87380 0.00000
-286.87200 0.00000
-287.09030 0.00000
-286.81430 0.00000
-287.04850 0.00000
-287.53250 0.00000
-286.82590 0.00000
-286.68240 0.00000
-287.40710 0.00000
-286.30480 0.00000
-287.03720 0.00000
-287.39250 0.00000
-287.91330 0.00000
-288.04030 0.00000
-287.58150 0.00000
-287.78310 0.00000
-287.66530 0.00000
-286.65010 0.00000
-286.24910 0.00000
-286.94240 0.00000
-286.04310 0.00000
-285.45950 0.00000
-286.21510 0.00000
-286.61980 0.00000
-287.33630 0.00000
-286.34180 0.00000
-286.75900 0.00000
-286.72250 0.00000
-287.78180 0.00000
-286.03110 0.00000
-286.41010 0.00000
-286.87570 0.00000
-285.38980 0.00000
-285.73570 0.00000
-286.69400 0.00000
-285.84140 0.00000
-284.88230 0.00000
-285.17210 0.00000
-284.76690 0.00000
-285.18150 0.00000
-284.63110 0.00000
-285.01100 0.00000
-285.70820 0.00000
-285.55450 0.00000
-285.63040 0.00000
-285.50060 0.00000
-287.03560 0.00000
-285.23390 0.00000
-284.81130 0.00000
-284.55520 0.00000
-286.02920 0.00000
-283.93800 0.00000
-282.91050 0.00000
-283.20400 0.00000
-283.15440 0.00000
-282.78150 0.00000
-282.14650 0.00000
-280.65480 0.00000
-281.58710 0.00000
-280.26390 0.00000
-279.90110 0.00000
-279.52530 0.00000
-280.83390 0.00000
-279.99440 0.00000
-279.27490 0.00000
-279.33220 0.00000
-279.59390 0.00000
-279.21250 0.00000
-278.83920 0.00000
-278.11590 0.00000
-278.31320 0.00000
-278.33010 0.00000
-278.63790 0.00000
-278.68340 0.00000
-278.86390 0.00000
-278.88540 0.00000
-278.79960 0.00000
-279.60100 0.00000
-279.85150 0.00000
-281.10780 0.00000
-279.60060 0.00000
-279.51660 0.00000
-279.61610 0.00000
-279.76530 0.00000
-280.19180 0.00000
-280.33310 0.00000
-280.16740 0.00000
-280.71100 0.00000
-280.62370 0.00000
-281.39650 0.00000
-281.92400 0.00000
-282.45580 0.00000
-281.91860 0.00000
-281.74550 0.00000
-332.23790 0.00000
-332.29350 0.00000
-332.45890 0.00000
-332.64400 0.00000
-332.51850 0.00000
-332.87730 0.00000
-333.26060 0.00000
-333.23540 0.00000
-333.31810 0.00000
-332.92900 0.00000
-334.01270 0.00000
-332.73820 0.00000
-333.10560 0.00000
-331.36660 0.00000
-330.36310 0.00000
-329.78140 0.00000
-329.65180 0.00000
-329.95870 0.00000
-328.72750 0.00000
-328.66190 0.00000
-328.80860 0.00000
-329.33450 0.00000
-329.75440 0.00000
-330.37760 0.00000
-330.73840 0.00000
-329.87800 0.00000
-328.80260 0.00000
-328.26870 0.00000
-328.18010 0.00000
-327.99250 0.00000
-329.04190 0.00000
-328.73470 0.00000
-329.30610 0.00000
-329.35640 0.00000
-329.26910 0.00000
-328.98180 0.00000
-328.47740 0.00000
-328.78700 0.00000
-328.46080 0.00000
-327.99290 0.00000
-327.50170 0.00000
-326.97510 0.00000
-327.04390 0.00000
-327.00470 0.00000
-326.94880 0.00000
-327.49330 0.00000
-326.80030 0.00000
-327.69950 0.00000
-327.10050 0.00000
-327.31500 0.00000
-328.11760 0.00000
-328.10750 0.00000
-328.45160 0.00000
-326.50450 0.00000
-326.21020 0.00000
-325.13530 0.00000
-325.10810 0.00000
-325.62970 0.00000
-325.82590 0.00000
-325.32290 0.00000
-325.76010 0.00000
-327.24780 0.00000
-326.27700 0.00000
-326.85870 0.00000
-326.28700 0.00000
-324.54760 0.00000
-325.60060 0.00000
-325.81410 0.00000
-325.46250 0.00000
-325.98790 0.00000
-325.66630 0.00000
-325.50060 0.00000
-326.01990 0.00000
-325.95700 0.00000
-325.59740 0.00000
-325.55510 0.00000
-324.04800 0.00000
-322.85070 0.00000
-322.92980 0.00000
-322.67130 0.00000
-323.29190 0.00000
-324.07770 0.00000
-324.08950 0.00000
-323.58830 0.00000
-323.15360 0.00000
-323.98230 0.00000
-323.17870 0.00000
-323.67490 0.00000
-322.99150 0.00000
-322.75910 0.00000
-322.68020 0.00000
-322.15730 0.00000
-323.23690 0.00000
-324.43600 0.00000
-325.54480 0.00000
-325.19890 0.00000
-324.43090 0.00000
-324.70870 0.00000
-325.60590 0.00000
-324.93160 0.00000
-325.29660 0.00000
-340.06660 0.00000
-340.09040 0.00000
-339.97320 0.00000
-340.15010 0.00000
-340.02140 0.00000
-340.04860 0.00000
-339.97430 0.00000
-340.27710 0.00000
-340.07960 0.00000
-340.14680 0.00000
-340.27360 0.00000
-340.12340 0.00000
-340.07040 0.00000
-340.39120 0.00000
-340.04170 0.00000
-340.07530 0.00000
-340.19170 0.00000
-339.93860 0.00000
-339.97610 0.00000
-339.79760 0.00000
-340.05440 0.00000
-340.32950 0.00000
-340.01160 0.00000
-340.12630 0.00000
-339.72180 0.00000
-340.06300 0.00000
-340.06820 0.00000
-340.05060 0.00000
-340.06080 0.00000
-340.02480 0.00000
-340.06030 0.00000
-340.31800 0.00000
-339.97080 0.00000
-340.15200 0.00000
-340.03660 0.00000
-339.80450 0.00000
-339.86550 0.00000
-339.82280 0.00000
-339.92120 0.00000
-340.15560 0.00000
-340.15720 0.00000
-340.17670 0.00000
-339.83100 0.00000
-340.08460 0.00000
-340.22970 0.00000
-339.98390 0.00000
-339.89940 0.00000
-339.72130 0.00000
-339.71410 0.00000
-339.63880 0.00000
-339.66110 0.00000
-339.61030 0.00000
-339.60680 0.00000
-339.53980 0.00000
-339.33420 0.00000
-339.39190 0.00000
-339.32450 0.00000
-339.56510 0.00000
-339.49950 0.00000
-339.48780 0.00000
-339.46120 0.00000
-339.24770 0.00000
-339.12440 0.00000
-339.15800 0.00000
-339.34120 0.00000
-339.48780 0.00000
-339.27340 0.00000
-339.29550 0.00000
-339.37150 0.00000
-339.42320 0.00000
-339.45820 0.00000
-339.71120 0.00000
-339.44750 0.00000
-339.06540 0.00000
-339.19000 0.00000
-339.27800 0.00000
-339.26050 0.00000
-339.21500 0.00000
-339.25470 0.00000
-339.27880 0.00000
-339.31180 0.00000
-339.53550 0.00000
-339.39560 0.00000
-339.07570 0.00000
-338.86290 0.00000
-338.99290 0.00000
-338.97450 0.00000
-338.87950 0.00000
-338.86020 0.00000
-338.88520 0.00000
-338.57040 0.00000
-338.60690 0.00000
-338.60250 0.00000
-338.81280 0.00000
-338.73590 0.00000
-338.70230 0.00000
-338.66140 0.00000
-338.50230 0.00000
-338.68880 0.00000
-338.60420 0.00000
-292.64130 0.00000
-293.41900 0.00000
-293.54030 0.00000
-293.23120 0.00000
-293.93140 0.00000
-292.99060 0.00000
-292.46060 0.00000
-292.63960 0.00000
-291.86370 0.00000
-291.05300 0.00000
-291.60230 0.00000
-292.35290 0.00000
-291.88300 0.00000
-292.56520 0.00000
-291.88630 0.00000
-291.92240 0.00000
-291.30650 0.00000
-292.09000 0.00000
-291.62300 0.00000
-291.78030 0.00000
-291.91450 0.00000
-290.46020 0.00000
-290.28280 0.00000
-290.33410 0.00000
-290.94760 0.00000
-290.69740 0.00000
-290.92170 0.00000
-290.56030 0.00000
-291.99380 0.00000
-291.89720 0.00000
-292.66950 0.00000
-293.34450 0.00000
-293.32140 0.00000
-292.87370 0.00000
-292.40050 0.00000
-292.45130 0.00000
-293.12540 0.00000
-292.90690 0.00000
-293.42630 0.00000
-293.03900 0.00000
-292.87580 0.00000
-293.16480 0.00000
-293.35580 0.00000
-293.10030 0.00000
-293.30590 0.00000
-292.62320 0.00000
-291.84580 0.00000
-291.91070 0.00000
-292.54340 0.00000
-290.86630 0.00000
-289.45340 0.00000
-289.17050 0.00000
-290.01830 0.00000
-290.55190 0.00000
-289.69160 0.00000
-290.05120 0.00000
-288.99100 0.00000
-289.45210 0.00000
-290.51960 0.00000
-290.54600 0.00000
-290.45590 0.00000
-289.98570 0.00000
-289.86620 0.00000
-290.08690 0.00000
-289.88940 0.00000
-289.15520 0.00000
-288.91450 0.00000
-288.78030 0.00000
-289.23070 0.00000
-288.40860 0.00000
-288.99910 0.00000
-288.52040 0.00000
-288.50540 0.00000
-288.79630 0.00000
-288.42730 0.00000
-288.97640 0.00000
-288.68220 0.00000
-288.68110 0.00000
-288.47610 0.00000
-287.10470 0.00000
-287.45280 0.00000
-287.08850 0.00000
-287.64140 0.00000
-287.41760 0.00000
-288.09050 0.00000
-288.04910 0.00000
-288.16100 0.00000
-288.45610 0.00000
-288.07890 0.00000
-287.19310 0.00000
-286.65080 0.00000
-286.80930 0.00000
-286.22480 0.00000
-286.83470 0.00000
-286.55330 0.00000
-285.97780 0.00000
-286.48960 0.00000
-286.73200 0.00000
-286.47380 0.00000
-285.73490 0.00000
-338.43860 0.00000
-338.56140 0.00000
-338.43220 0.00000
-338.73440 0.00000
-338.43470 0.00000
-338.53630 0.00000
-338.99280 0.00000
-338.83940 0.00000
-338.53550 0.00000
-338.52040 0.00000
-338.67250 0.00000
-338.50690 0.00000
-338.40090 0.00000
-338.98150 0.00000
-338.87540 0.00000
-338.64800 0.00000
-338.61380 0.00000
-338.83340 0.00000
-338.41210 0.00000
-338.81290 0.00000
-338.49580 0.00000
-338.59040 0.00000
-338.77280 0.00000
-338.56010 0.00000
-338.56530 0.00000
-338.47190 0.00000
-338.53910 0.00000
-338.54310 0.00000
-338.80790 0.00000
-338.32780 0.00000
-338.58310 0.00000
-338.49170 0.00000
-338.62450 0.00000
-338.87740 0.00000
-338.57920 0.00000
-338.60710 0.00000
-338.58500 0.00000
-338.69330 0.00000
-338.42560 0.00000
-338.52580 0.00000
-338.76980 0.00000
-338.73030 0.00000
-338.77230 0.00000
-338.75640 0.00000
-338.76400 0.00000
-338.81430 0.00000
-338.83860 0.00000
-338.62710 0.00000
-338.33350 0.00000
-338.84210 0.00000
-338.27330 0.00000
-338.70850 0.00000
-338.48330 0.00000
-338.62490 0.00000
-338.84460 0.00000
-338.46450 0.00000
-338.56190 0.00000
-338.49310 0.00000
-338.69340 0.00000
-338.68280 0.00000
-338.45580 0.00000
-338.93160 0.00000
-338.63450 0.00000
-338.63050 0.00000
-338.69900 0.00000
-338.76370 0.00000
-338.80010 0.00000
-338.67490 0.00000
-338.73350 0.00000
-338.48580 0.00000
-338.52450 0.00000
-338.65330 0.00000
-338.72950 0.00000
-338.63080 0.00000
-338.70050 0.00000
-338.71270 0.00000
-338.48170 0.00000
-338.70380 0.00000
-338.50230 0.00000
-338.61800 0.00000
-338.80070 0.00000
-338.57210 0.00000
-338.44430 0.00000
-338.89960 0.00000
-338.59580 0.00000
-338.51360 0.00000
-338.57940 0.00000
-338.57730 0.00000
-338.83310 0.00000
-338.93160 0.00000
-338.73540 0.00000
-338.71790 0.00000
-338.43910 0.00000
-338.58430 0.00000
-338.56710 0.00000
-338.91640 0.00000
-338.42200 0.00000
-338.73450 0.00000
-338.39540 0.00000
-331.92960 0.00000
-340.65030 0.00000
-340.46550 0.00000
-340.44760 0.00000
-340.43710 0.00000
-340.45910 0.00000
-340.63180 0.00000
-340.70250 0.00000
-340.68610 0.00000
-340.51530 0.00000
-340.71790 0.00000
-340.64230 0.00000
-340.69750 0.00000
-340.41700 0.00000
-340.30980 0.00000
-340.14400 0.00000
-340.13220 0.00000
-340.02000 0.00000
-339.86680 0.00000
-339.86920 0.00000
-339.80940 0.00000
-340.06370 0.00000
-340.04190 0.00000
-340.16920 0.00000
-340.13910 0.00000
-339.97450 0.00000
-339.70400 0.00000
-339.58480 0.00000
-339.63330 0.00000
-339.56860 0.00000
-339.74900 0.00000
-339.59270 0.00000
-339.76630 0.00000
-339.66550 0.00000
-339.50690 0.00000
-339.46770 0.00000
-339.43330 0.00000
-339.67780 0.00000
-339.71390 0.00000
-339.65220 0.00000
-339.58370 0.00000
-339.44950 0.00000
-339.45230 0.00000
-339.48400 0.00000
-339.37810 0.00000
-339.54210 0.00000
-339.57060 0.00000
-339.66930 0.00000
-339.72510 0.00000
-339.61110 0.00000
-339.54480 0.00000
-339.70630 0.00000
-339.64410 0.00000
-339.46050 0.00000
-339.45600 0.00000
-339.41420 0.00000
-339.41730 0.00000
-339.53460 0.00000
-339.59520 0.00000
-339.61040 0.00000
-339.66700 0.00000
-339.79330 0.00000
-339.85160 0.00000
-340.04570 0.00000
-340.02590 0.00000
-339.93840 0.00000
-340.28700 0.00000
-340.24020 0.00000
-340.13550 0.00000
-340.21180 0.00000
-340.18470 0.00000
-340.18320 0.00000
-340.29730 0.00000
-340.33790 0.00000
-340.28690 0.00000
-340.13900 0.00000
-339.98730 0.00000
-339.94860 0.00000
-340.10520 0.00000
-340.03150 0.00000
-340.09760 0.00000
-339.93800 0.00000
-339.85250 0.00000
-339.89190 0.00000
-339.77810 0.00000
-339.85330 0.00000
-339.78390 0.00000
-339.91130 0.00000
-339.78190 0.00000
-339.76730 0.00000
-339.99800 0.00000
-339.81610 0.00000
-340.07180 0.00000
-340.16870 0.00000
-340.31540 0.00000
-340.40750 0.00000
-340.08830 0.00000
-340.10540 0.00000
-340.12990 0.00000
-339.88770 0.00000
-340.01590 0.00000
-296.67480 0.00000
-296.31630 0.00000
-296.60100 0.00000
-296.21580 0.00000
-295.82250 0.00000
-295.70740 0.00000
-296.06530 0.00000
-295.65850 0.00000
-296.51020 0.00000
-296.45580 0.00000
-296.18700 0.00000
-295.87650 0.00000
-295.49090 0.00000
-296.02630 0.00000
-295.32920 0.00000
-295.67880 0.00000
-296.26320 0.00000
-296.37510 0.00000
-296.84780 0.00000
-297.24860 0.00000
-297.37280 0.00000
-296.60890 0.00000
-296.21220 0.00000
-297.21080 0.00000
-296.97520 0.00000
-296.49540 0.00000
-296.55250 0.00000
-296.81070 0.00000
-297.61390 0.00000
-296.71910 0.00000
-296.18900 0.00000
-296.43900 0.00000
-296.36390 0.00000
-295.51240 0.00000
-294.99540 0.00000
-294.54150 0.00000
-294.23090 0.00000
-294.20110 0.00000
-293.96620 0.00000
-294.38940 0.00000
-294.87300 0.00000
-295.12070 0.00000
-295.82730 0.00000
-296.44240 0.00000
-295.62210 0.00000
-295.54940 0.00000
-295.08470 0.00000
-294.88350 0.00000
-294.94650 0.00000
-295.31530 0.00000
-295.39850 0.00000
-294.64810 0.00000
-295.43210 0.00000
-295.41470 0.00000
-295.50350 0.00000
-294.76500 0.00000
-294.28550 0.00000
-294.59450 0.00000
-295.00840 0.00000
-295.18950 0.00000
-295.80920 0.00000
-295.37270 0.00000
-295.25370 0.00000
-295.74420 0.00000
-296.89520 0.00000
-296.46980 0.00000
-295.06210 0.00000
-295.64030 0.00000
-296.40950 0.00000
-294.82570 0.00000
-295.01690 0.00000
-295.36180 0.00000
-294.79420 0.00000
-295.50230 0.00000
-294.87090 0.00000
-294.46160 0.00000
-294.72690 0.00000
-293.94080 0.00000
-293.39970 0.00000
-292.84210 0.00000
-292.63850 0.00000
-292.73620 0.00000
-291.43750 0.00000
-291.27120 0.00000
-292.35570 0.00000
-292.72340 0.00000
-293.00260 0.00000
-292.26240 0.00000
-292.75660 0.00000
-292.82890 0.00000
-292.90000 0.00000
-292.50430 0.00000
-292.28340 0.00000
-292.14830 0.00000
-292.61640 0.00000
-293.05670 0.00000
-293.79200 0.00000
-293.72030 0.00000
-293.24030 0.00000
-292.71860 0.00000
-338.25480 0.00000
-338.63910 0.00000
-338.52320 0.00000
-338.46340 0.00000
-338.39030 0.00000
-338.63710 0.00000
-338.43210 0.00000
-338.58970 0.00000
-338.54360 0.00000
-338.85610 0.00000
-338.51320 0.00000
-338.53430 0.00000
-338.42010 0.00000
-338.43090 0.00000
-338.88080 0.00000
-338.69330 0.00000
-338.35760 0.00000
-338.70790 0.00000
-338.43040 0.00000
-338.69660 0.00000
-338.60400 0.00000
-338.52350 0.00000
-338.35720 0.00000
-338.65390 0.00000
-338.49450 0.00000
-338.75320 0.00000
-338.42860 0.00000
-338.45630 0.00000
-338.40550 0.00000
-338.79390 0.00000
-338.50760 0.00000
-338.52220 0.00000
-338.66130 0.00000
-338.66670 0.00000
-338.35700 0.00000
-338.67780 0.00000
-338.71640 0.00000
-338.70090 0.00000
-338.85030 0.00000
-338.62820 0.00000
-338.61920 0.00000
-338.63720 0.00000
-338.90630 0.00000
-338.57770 0.00000
-338.66630 0.00000
-338.72620 0.00000
-338.63100 0.00000
-338.61100 0.00000
-338.38960 0.00000
-338.52950 0.00000
-338.65630 0.00000
-338.46960 0.00000
-338.72730 0.00000
-338.55700 0.00000
-338.85620 0.00000
-338.44110 0.00000
-338.76730 0.00000
-338.72860 0.00000
-338.51660 0.00000
-338.69930 0.00000
-338.27810 0.00000
-338.44790 0.00000
-338.51310 0.00000
-338.54320 0.00000
-338.84790 0.00000
-338.46450 0.00000
-338.68770 0.00000
-338.54210 0.00000
-338.44480 0.00000
-338.70340 0.00000
-338.58990 0.00000
-338.66410 0.00000
-338.96420 0.00000
-338.59580 0.00000
-338.92880 0.00000
-338.79270 0.00000
-338.41610 0.00000
-338.46990 0.00000
-338.68330 0.00000
-338.56460 0.00000
-338.79130 0.00000
-338.47600 0.00000
-338.71590 0.00000
-338.55450 0.00000
-338.80640 0.00000
-338.63190 0.00000
-338.50500 0.00000
-338.62480 0.00000
-338.86660 0.00000
-338.66780 0.00000
-338.43770 0.00000
-338.85390 0.00000
-338.27370 0.00000
-338.66630 0.00000
-338.72180 0.00000
-338.69060 0.00000
-338.78380 0.00000
-338.15070 0.00000
-338.78190 0.00000
-338.59700 0.00000
-335.58160 0.00000
-334.36360 0.00000
-334.97070 0.00000
-336.37810 0.00000
-335.75290 0.00000
-335.45030 0.00000
-336.24180 0.00000
-336.66680 0.00000
-336.41710 0.00000
-336.24370 0.00000
-336.44030 0.00000
-336.14840 0.00000
-336.12320 0.00000
-336.08160 0.00000
-335.31880 0.00000
-335.74590 0.00000
-335.45410 0.00000
-335.47660 0.00000
-336.67630 0.00000
-335.81630 0.00000
-335.59610 0.00000
-335.80680 0.00000
-336.04280 0.00000
-336.14960 0.00000
-335.23580 0.00000
-335.68000 0.00000
-335.74050 0.00000
-336.20040 0.00000
-334.86420 0.00000
-336.20050 0.00000
-334.90240 0.00000
-335.73910 0.00000
-337.12060 0.00000
-335.60970 0.00000
-336.20610 0.00000
-336.64900 0.00000
-335.51390 0.00000
-335.62890 0.00000
-335.86470 0.00000
-336.21990 0.00000
-335.30710 0.00000
-335.52120 0.00000
-336.23780 0.00000
-336.25440 0.00000
-334.72560 0.00000
-334.20830 0.00000
-334.98640 0.00000
-335.23950 0.00000
-335.20920 0.00000
-334.98150 0.00000
-334.74520 0.00000
-335.18190 0.00000
-336.46620 0.00000
-336.29530 0.00000
-335.51820 0.00000
-335.98450 0.00000
-335.93980 0.00000
-334.84510 0.00000
-334.78670 0.00000
-335.30270 0.00000
-335.81060 0.00000
-335.31080 0.00000
-336.75620 0.00000
-336.16650 0.00000
-336.43050 0.00000
-335.59870 0.00000
-334.68910 0.00000
-336.47320 0.00000
-336.63870 0.00000
-336.93970 0.00000
-335.73260 0.00000
-336.08990 0.00000
-336.68530 0.00000
-336.30220 0.00000
-336.72060 0.00000
-335.57230 0.00000
-336.86060 0.00000
-335.21370 0.00000
-335.34110 0.00000
-336.32800 0.00000
-335.77730 0.00000
-335.56760 0.00000
-335.54190 0.00000
-335.87220 0.00000
-336.59610 0.00000
-335.69480 0.00000
-335.97140 0.00000
-335.56660 0.00000
-336.71250 0.00000
-336.01640 0.00000
-335.94640 0.00000
-335.90000 0.00000
-335.52680 0.00000
-336.11290 0.00000
-335.85470 0.00000
-336.19800 0.00000
-334.11010 0.00000
-335.06950 0.00000
-335.42300 0.00000
