0.00
0.00
86.30
82.41
80.57
84.05
86.50
84.46
88.55
87.93
90.59
86.71
91.41
86.91
89.78
89.78
82.21
78.12
78.94
78.94
73.21
74.64
74.85
74.85
73.01
71.98
71.98
67.69
67.69
67.69
67.69
73.42
66.87
65.24
66.26
66.26
66.46
65.44
64.83
64.21
63.60
63.60
64.21
66.67
66.67
67.69
70.76
68.92
70.35
70.35
70.35
70.14
73.82
73.82
74.23
75.87
77.71
77.71
77.91
77.91
79.75
78.94
78.94
82.62
78.94
78.94
81.19
83.84
86.09
90.39
89.37
89.57
89.16
89.78
91.41
91.41
91.41
90.59
88.55
90.39
92.02
92.02
92.43
93.05
93.46
92.84
93.05
92.23
93.46
92.43
92.84
91.82
91.00
91.00
90.39
91.21
91.62
91.62
91.41
90.18
90.18
90.18
90.18
90.18
90.18
90.18
90.18
90.18
90.18
90.18
90.18
90.18
90.18
90.18
90.18
90.18
90.18
90.18
90.18
90.18
90.18
90.18
90.18
90.18
90.18
90.18
90.18
90.18
90.18
90.18
90.18
90.18
90.18
90.18
90.18
90.18
90.18
90.18
90.18
90.18
90.18
90.18
90.18
90.18
90.18
90.18
90.18
90.18
90.18
90.18
90.18
90.18
90.18
90.18
90.18
90.18
90.18
90.18
90.18
90.18
90.18
90.18
90.18
90.18
90.18
90.18
90.18
90.18
90.18
90.18
90.18
90.18
90.18
90.18
90.18
90.18
90.18
90.18
90.18
90.18
90.18
90.18
90.18
90.18
90.18
90.18
90.18
90.18
90.18
90.18
90.18
90.18
90.18
90.18
90.18
90.18
90.18
90.18
90.18
90.18
90.18
90.18
90.18
90.18
90.18
90.18
90.18
90.18
90.18
90.18
90.18
90.18
90.18
90.18
90.18
90.18
90.18
90.18
90.18
90.18
90.18
90.18
90.18
90.18
90.18
90.18
90.18
90.18
90.18
90.18
90.18
90.18
90.18
90.18
90.18
90.18
90.18
90.18
90.18
90.18
90.18
90.18
90.18
90.18
90.18
90.18
90.18
90.18
90.18
90.18
90.18
60.33
60.33
60.33
60.33
60.33
60.33
60.33
60.33
60.33
60.33
60.33
60.33
60.33
60.33
60.33
60.33
60.33
60.33
60.33
60.33
60.33
60.33
60.33
60.33
60.33
60.33
60.33
60.33
60.33
60.33
60.33
60.33
60.33
60.33
60.33
60.33
60.33
60.33
60.33
60.33
60.33
60.33
60.33
60.33
60.33
60.33
60.33
60.33
60.33
60.33
60.33
60.33
60.33
60.33
60.33
60.33
60.33
60.33
60.33
60.33
60.33
60.33
60.33
60.33
60.33
60.33
60.33
60.33
60.33
60.33
60.33
60.33
60.33
60.33
60.33
60.33
60.33
60.33
60.33
60.33
60.33
60.33
60.33
60.33
60.33
60.33
60.33
60.33
60.33
60.33
60.33
60.33
60.33
60.33
60.33
60.33
60.33
60.33
60.33
60.33
60.33
60.33
60.33
60.33
60.33
60.33
60.33
60.33
60.33
60.33
60.33
60.33
60.33
60.33
60.33
60.33
60.33
60.33
60.33
60.33
60.33
60.33
60.33
60.33
60.33
60.33
60.33
60.33
60.33
60.33
60.33
60.33
60.33
60.33
60.33
60.33
60.33
60.33
60.33
60.33
60.33
60.33
60.33
60.33
60.33
60.33
60.33
60.33
60.33
60.33
60.94
60.33
60.33
60.33
60.33
60.33
60.33
60.33
60.33
60.33
60.33
60.33
60.33
60.33
60.33
60.33
60.33
60.33
60.33
60.33
60.33
60.33
61.15
60.74
60.74
61.15
61.96
61.76
61.96
61.35
60.74
60.74
60.74
60.74
60.74
60.74
60.33
60.53
60.74
60.33
60.33
60.33
60.33
60.33
60.33
60.33
60.33
60.33
60.33
60.33
60.33
60.33
60.33
60.33
60.33
60.33
60.33
60.33
60.33
60.33
60.53
61.15
60.74
60.74
61.35
61.35
61.35
61.15
60.53
60.53
60.33
60.53
60.33
60.53
60.94
60.74
60.74
60.53
60.74
60.74
60.53
60.53
60.53
60.53
60.53
60.53
60.53
60.53
60.53
60.53
60.53
60.53
60.33
60.53
61.15
61.96
61.15
60.94
61.96
