0.00
0.00
30.67
30.47
30.47
31.90
31.08
31.08
31.70
31.70
32.52
31.70
31.70
43.97
43.97
43.97
50.31
53.99
55.01
57.26
60.74
58.90
59.10
55.42
58.28
58.90
58.90
60.53
62.17
62.17
62.17
60.53
62.99
62.78
62.78
62.58
62.37
62.37
62.37
62.17
61.76
61.55
61.55
62.17
62.17
62.17
62.37
62.37
62.37
62.37
62.78
62.78
62.78
62.78
62.99
61.96
60.74
58.49
58.49
58.08
58.08
58.90
58.90
59.30
59.71
59.10
59.51
60.94
57.87
57.87
60.53
60.53
60.53
56.85
57.67
57.87
57.67
57.06
62.99
61.96
61.55
60.74
60.74
60.74
62.37
62.37
62.37
63.60
63.60
64.21
61.35
62.99
62.99
63.19
64.62
63.60
62.37
63.19
64.62
64.83
63.80
63.80
63.80
63.80
63.80
63.80
63.80
63.80
63.80
63.80
63.80
63.80
63.80
63.80
63.80
63.80
63.80
63.80
63.80
63.80
63.80
63.80
63.80
63.80
63.80
63.80
63.80
63.80
63.80
63.80
63.80
63.80
63.80
63.80
63.80
63.80
63.80
63.80
63.80
63.80
63.80
63.80
63.80
63.80
63.80
63.80
63.80
63.80
63.80
63.80
63.80
63.80
63.80
63.80
63.80
63.80
63.80
63.80
63.80
63.80
63.80
63.80
63.80
63.80
63.80
63.80
63.80
63.80
63.80
63.80
63.80
63.80
63.80
63.80
63.80
63.80
63.80
63.80
63.80
63.80
63.80
63.80
63.80
63.80
63.80
63.80
63.80
63.80
63.80
63.80
63.80
63.80
63.80
63.80
63.80
63.80
63.80
63.80
63.80
63.80
63.80
63.80
63.80
63.80
63.80
63.80
63.80
63.80
63.80
63.80
63.80
63.80
63.80
63.80
63.80
63.80
63.80
63.80
63.80
63.80
63.80
63.80
63.80
63.80
63.80
63.80
63.80
63.80
63.80
63.80
63.80
63.80
63.80
63.80
63.80
63.80
63.80
63.80
63.80
63.80
63.80
63.80
63.80
63.80
63.80
63.80
63.80
63.80
63.80
63.80
63.80
39.88
39.67
39.26
39.67
39.67
39.67
39.26
39.26
39.88
39.67
39.26
39.26
39.47
39.26
39.88
39.67
39.67
39.47
39.26
39.26
39.26
39.26
39.67
39.26
39.26
39.06
39.06
39.06
39.06
39.26
39.26
39.47
39.26
38.85
38.85
39.26
40.49
41.51
41.51
43.56
56.85
53.17
65.64
68.30
75.26
76.48
73.82
72.19
72.19
73.01
60.33
60.33
60.33
60.33
60.33
60.33
60.33
60.33
60.33
60.33
60.33
60.33
60.33
60.33
60.33
60.33
60.33
60.33
60.33
60.33
60.33
60.33
60.33
60.33
60.33
60.33
60.33
60.33
60.33
60.33
60.33
60.33
60.33
60.33
60.33
60.33
60.33
60.33
60.33
60.33
60.33
60.33
60.33
60.33
60.33
60.33
60.33
60.33
60.33
60.33
60.33
60.33
60.33
60.33
60.33
60.33
60.33
60.33
60.33
60.33
60.33
60.33
60.33
60.33
60.33
60.33
60.33
60.33
60.33
60.33
60.33
60.33
60.33
60.33
60.33
60.33
60.33
60.33
60.33
60.33
60.33
60.33
60.33
60.33
60.33
60.33
60.33
60.33
60.33
60.33
60.33
60.33
60.33
60.33
60.33
60.33
60.33
60.33
60.33
60.33
60.33
60.33
60.33
60.33
60.33
60.33
60.33
60.33
60.33
60.33
60.33
60.33
60.33
60.33
60.33
60.33
60.33
60.33
60.33
60.33
60.33
60.33
60.33
60.33
60.33
60.33
60.33
60.33
60.33
60.33
60.33
60.33
60.33
60.33
60.33
60.33
60.33
60.33
60.33
60.33
60.33
60.33
60.33
60.33
60.33
60.33
60.33
60.33
60.33
60.33
60.33
60.33
60.33
60.33
60.33
60.33
60.33
60.33
60.33
60.33
60.33
60.33
60.33
60.33
60.33
60.33
60.33
60.33
60.33
60.33
60.33
60.33
60.33
60.33
60.33
60.33
60.33
60.33
60.33
60.33
60.33
60.33
60.33
60.33
60.33
60.33
60.33
60.33
60.33
60.33
60.33
60.33
60.33
60.33
60.33
60.33
60.33
60.33
60.33
