0.00
60.33
60.33
60.33
60.33
60.33
60.33
60.33
60.33
60.33
60.33
60.33
60.33
60.33
60.33
60.33
60.33
60.33
60.33
60.33
60.33
60.33
60.33
60.33
60.33
60.33
60.33
60.33
60.33
60.33
60.33
60.33
60.33
60.33
60.33
60.33
60.33
60.33
60.33
60.33
60.33
60.33
60.33
60.33
60.33
60.33
60.33
60.33
60.33
60.33
60.33
60.33
60.33
60.33
60.33
60.33
60.33
60.33
60.33
60.33
60.33
60.33
60.33
60.33
60.33
60.33
60.33
60.33
60.33
60.33
60.33
60.33
60.33
60.33
60.33
60.33
60.33
60.33
60.33
60.33
60.33
60.33
60.33
60.33
60.33
60.33
60.33
60.33
60.33
60.33
60.33
60.33
60.33
60.33
60.33
60.33
60.33
60.33
60.33
60.33
60.33
65.03
70.76
66.46
51.12
50.72
60.53
59.51
75.05
83.03
80.57
81.60
79.75
79.75
79.55
81.80
81.80
81.80
81.80
78.94
79.14
80.57
81.60
83.44
84.46
84.66
82.00
83.03
81.60
81.60
81.39
79.55
77.30
77.30
75.26
67.28
61.35
72.60
72.60
81.39
79.55
84.87
84.66
83.44
83.03
82.82
83.23
84.87
85.07
85.28
84.66
85.28
84.87
84.87
84.46
83.64
84.25
84.25
84.25
86.50
85.69
84.46
84.46
85.07
85.07
84.46
85.07
85.07
85.07
84.05
81.60
81.60
82.41
80.78
82.41
84.25
84.46
84.05
80.57
80.78
80.78
80.16
81.39
83.23
80.78
82.21
79.96
79.14
79.35
79.75
79.35
80.78
80.78
79.75
79.75
82.82
82.82
81.80
79.96
80.16
80.16
61.96
64.21
64.62
64.62
65.64
66.67
64.83
65.64
67.69
65.85
66.67
64.83
67.48
64.42
64.62
64.01
64.21
63.39
61.96
62.58
62.99
61.76
61.76
61.76
61.76
61.76
61.76
61.76
61.76
61.76
61.76
61.76
61.15
61.15
61.76
61.55
61.76
61.15
60.74
60.53
60.74
60.94
60.94
60.94
60.94
60.74
60.74
60.53
60.53
60.74
61.35
62.17
62.17
62.17
62.17
62.17
62.17
62.17
62.17
62.17
64.21
64.83
65.03
64.21
67.89
64.62
64.62
64.83
64.01
64.01
63.60
62.78
62.37
62.37
64.42
62.99
62.99
62.99
64.83
65.03
65.03
63.39
64.42
64.42
67.08
67.08
63.80
63.60
63.60
64.21
62.58
62.37
62.37
61.76
60.94
60.53
60.53
60.53
60.74
60.94
60.94
60.94
60.94
60.94
60.94
60.94
60.94
60.94
60.94
60.94
60.94
60.94
60.94
60.94
60.94
60.94
60.94
60.94
60.94
60.94
60.94
60.94
60.94
60.94
60.94
60.94
60.94
60.94
60.94
60.94
60.94
60.94
60.94
60.94
60.94
60.94
60.94
60.94
60.94
60.94
60.94
60.94
60.94
60.94
60.94
60.94
60.94
60.94
60.94
60.94
60.94
60.94
60.94
60.94
60.94
60.94
60.94
60.94
60.94
60.94
60.94
60.94
60.94
60.94
60.94
60.94
60.94
60.94
60.94
60.94
60.94
60.94
60.94
60.94
60.94
60.94
60.94
60.94
60.94
60.94
60.94
60.94
60.94
60.94
60.94
60.94
60.94
60.94
60.94
60.94
60.94
60.94
60.94
60.94
60.94
60.94
60.94
60.94
60.94
60.94
60.94
60.94
60.94
60.94
60.94
60.94
60.94
60.94
60.94
60.94
60.94
60.94
60.94
60.94
60.94
60.94
60.94
60.94
60.94
60.94
60.94
60.94
60.94
60.94
60.94
60.94
60.94
60.94
60.94
60.94
60.94
60.94
60.94
60.94
60.94
60.94
60.94
60.94
60.94
60.94
60.94
60.94
60.94
60.94
60.94
60.94
60.94
60.94
60.94
60.94
60.94
60.94
60.94
60.94
60.94
60.94
60.94
60.94
60.94
60.94
60.94
60.94
60.94
60.94
60.94
60.94
60.94
60.94
60.94
60.94
60.94
60.94
60.94
60.94
60.94
60.94
60.94
60.94
60.94
60.94
60.94
60.94
60.94
60.94
60.94
60.94
60.94
60.94
60.94
60.94
60.94
60.94
60.94
60.94
60.94
60.94
60.94
60.94
60.94
