0.00
39.67
39.67
39.67
39.67
39.67
39.67
39.67
39.67
39.67
39.67
39.67
39.67
39.67
39.67
39.67
39.67
39.67
39.67
39.67
39.67
39.67
39.67
39.67
39.67
39.67
39.67
39.67
39.67
39.67
39.67
39.67
39.67
39.67
39.67
39.67
39.67
39.67
39.67
39.67
39.67
39.67
39.67
39.67
39.67
39.67
39.67
39.67
39.67
39.67
39.67
39.67
39.67
39.67
39.67
39.67
39.67
39.67
39.67
39.67
39.67
39.67
39.67
39.67
39.67
39.67
39.67
39.67
39.67
39.67
39.67
39.67
39.67
39.67
39.67
39.67
39.67
39.67
39.67
39.67
39.67
39.67
39.67
39.67
39.67
39.67
39.67
39.67
39.67
39.67
39.67
39.67
39.67
39.67
39.67
39.67
39.67
39.67
39.67
39.67
39.67
60.33
60.33
60.33
60.33
60.33
60.33
60.33
60.33
60.33
60.33
60.33
60.33
60.33
60.33
60.33
60.33
60.33
60.33
60.33
60.33
60.33
60.33
60.33
60.33
60.33
60.33
60.33
60.33
60.33
60.33
60.33
60.33
60.33
60.33
60.33
60.33
60.33
60.33
60.33
60.33
60.33
60.33
60.33
60.33
60.33
60.33
60.33
60.33
60.33
60.33
60.33
60.33
60.33
60.33
60.33
60.33
60.33
60.33
60.33
60.33
60.33
60.33
60.33
60.33
60.33
60.33
60.33
60.33
60.33
60.33
60.33
60.33
60.33
60.33
60.33
60.33
60.33
60.33
60.33
60.33
60.33
60.33
60.33
60.33
60.33
60.33
60.33
60.33
60.33
60.33
60.33
60.33
60.33
60.33
60.33
60.33
60.33
60.33
60.33
60.33
60.33
60.33
60.33
60.33
60.33
60.33
60.33
60.33
60.33
60.33
60.33
60.33
60.33
60.33
60.33
60.33
60.33
60.33
60.33
60.33
60.33
60.33
60.33
60.33
60.33
60.33
60.33
60.33
60.33
60.33
60.33
60.33
60.33
60.33
60.33
60.33
60.33
60.33
60.33
60.33
60.33
60.33
60.33
60.33
60.33
60.33
60.33
60.33
60.33
60.33
60.33
60.33
60.33
60.33
60.33
60.33
60.33
60.33
60.33
60.33
60.33
60.33
60.33
60.33
60.33
60.33
60.33
60.33
60.33
60.33
60.33
60.33
60.33
60.33
60.33
60.33
60.33
60.33
60.33
60.33
60.33
60.33
60.33
60.33
60.33
60.33
60.33
60.33
60.33
60.33
60.33
60.33
60.33
60.33
60.33
60.33
60.33
60.33
60.33
60.33
78.94
78.94
77.10
75.46
74.64
74.44
74.44
75.46
75.66
76.48
79.55
79.55
76.89
80.16
80.16
79.96
79.96
78.94
78.94
78.53
79.96
81.19
81.19
81.19
80.78
79.75
79.75
76.48
75.87
75.87
77.10
77.10
80.57
77.91
80.37
80.37
81.80
81.80
83.03
81.60
81.60
82.62
82.62
82.62
82.82
82.41
80.37
81.39
82.21
81.80
84.66
84.66
84.66
84.66
84.66
84.87
84.87
84.25
82.41
82.62
83.23
83.23
82.62
83.23
82.21
80.78
80.78
84.66
84.66
86.71
84.66
84.25
83.84
83.23
82.62
81.60
83.44
83.44
84.05
84.25
84.25
84.25
85.69
85.89
86.09
85.89
87.73
86.09
86.50
88.55
90.39
90.39
90.59
89.98
90.59
91.62
91.41
91.41
89.98
89.57
89.57
89.57
89.57
89.57
89.57
89.57
89.57
89.57
89.57
89.57
89.57
89.57
89.57
89.57
89.57
89.57
89.57
89.57
89.57
89.57
89.57
89.57
89.57
89.57
89.57
89.57
89.57
89.57
89.57
89.57
89.57
89.57
89.57
89.57
89.57
89.57
89.57
89.57
89.57
89.57
89.57
89.57
89.57
89.57
89.57
89.57
89.57
89.57
89.57
89.57
89.57
89.57
89.57
89.57
89.57
89.57
89.57
89.57
89.57
89.57
89.57
89.57
89.57
89.57
89.57
89.57
89.57
89.57
89.57
89.57
89.57
89.57
89.57
89.57
89.57
89.57
89.57
89.57
89.57
89.57
89.57
89.57
89.57
89.57
89.57
89.57
89.57
89.57
89.57
89.57
89.57
89.57
89.57
89.57
89.57
89.57
89.57
89.57
89.57
