0.00
36.20
36.20
35.99
36.61
36.61
36.61
36.40
36.61
36.61
36.81
37.63
37.22
38.24
38.24
37.83
37.83
39.67
40.49
39.88
40.49
40.29
39.88
39.88
48.26
60.94
49.90
56.03
59.92
40.70
48.06
39.47
66.05
66.46
57.06
61.15
60.53
66.46
66.67
67.48
80.37
80.37
79.35
72.39
51.12
41.72
41.72
49.49
55.01
48.67
41.92
51.53
47.85
47.85
42.94
41.72
39.67
39.47
38.45
39.67
39.88
39.88
39.67
39.47
39.67
39.67
39.67
39.67
39.26
39.26
39.06
39.26
39.26
39.26
39.26
39.67
40.29
40.70
50.10
50.10
50.10
62.37
56.85
44.58
41.51
43.35
42.54
42.13
40.29
40.70
40.29
42.33
40.29
40.70
44.38
42.94
43.35
43.35
50.51
64.62
64.62
90.80
89.37
89.37
89.37
90.80
88.75
87.32
85.69
81.39
81.80
78.32
80.78
83.84
80.57
76.89
77.91
75.87
76.48
77.10
76.48
74.85
73.01
70.96
72.39
76.07
77.51
73.82
72.60
76.07
76.48
76.69
76.89
76.89
75.66
74.64
77.71
75.26
75.26
74.23
77.10
70.96
70.96
73.82
74.44
74.64
77.10
77.10
77.10
73.01
73.01
73.01
70.14
71.57
70.96
70.96
68.51
69.94
68.10
66.67
65.03
63.19
62.17
62.58
65.03
63.80
62.99
62.17
61.76
61.76
61.55
61.76
61.76
61.76
61.76
61.96
61.96
61.76
61.55
61.76
61.76
61.76
61.76
61.76
61.35
61.76
61.76
61.35
61.35
61.35
61.35
61.76
61.76
61.76
61.76
61.76
61.96
61.76
61.76
61.76
61.96
61.96
61.96
61.96
61.96
61.96
61.96
61.96
61.96
61.96
61.96
61.96
61.96
61.96
61.96
61.96
61.96
61.96
61.96
61.96
61.96
61.96
61.96
61.96
61.96
61.96
61.96
61.96
61.96
61.96
61.96
61.96
61.96
61.96
61.96
61.96
61.96
61.96
61.96
61.96
61.96
61.96
61.96
61.96
61.96
61.96
61.96
61.96
61.96
61.96
61.96
61.96
61.96
61.96
67.08
67.08
68.30
68.30
69.94
69.12
69.73
69.73
68.71
68.92
69.73
69.73
65.85
67.28
70.55
68.92
69.33
68.51
68.92
69.94
69.12
68.71
68.10
69.73
70.55
71.17
71.78
72.39
74.03
73.62
73.21
74.03
72.39
73.62
73.62
73.01
73.01
72.19
73.82
72.80
72.60
72.19
72.19
70.55
68.92
67.89
68.10
68.10
68.10
68.10
68.10
68.10
68.10
68.10
68.10
68.10
68.10
68.10
68.10
68.10
68.10
68.10
68.10
68.10
68.10
68.10
68.10
68.10
68.10
68.10
68.10
68.10
68.10
68.10
68.10
68.10
68.10
68.10
68.10
68.10
68.10
68.10
68.10
68.10
68.10
68.10
68.10
68.10
68.10
68.10
68.10
68.10
68.10
68.10
68.10
68.10
68.10
68.10
68.10
68.10
68.10
68.10
68.10
68.10
68.10
68.10
68.10
68.10
68.10
68.10
68.10
68.10
68.10
68.10
68.10
68.10
68.10
68.10
68.10
68.10
68.10
68.10
68.10
68.10
68.10
68.10
68.10
68.10
68.10
68.10
68.10
68.10
68.10
68.10
68.10
68.10
68.10
68.10
68.10
68.10
68.10
68.10
68.10
68.10
68.10
68.10
68.10
68.10
68.10
68.10
68.10
68.10
68.10
68.10
68.10
68.10
68.10
68.10
68.10
68.10
68.10
68.10
68.10
68.10
68.10
68.10
68.10
68.10
68.10
68.10
68.10
68.10
68.10
68.10
68.10
68.10
68.10
68.10
68.10
68.10
68.10
68.10
68.10
68.10
68.10
68.10
68.10
68.10
68.10
68.10
68.10
68.10
68.10
68.10
68.10
68.10
68.10
68.10
68.10
68.10
68.10
68.10
68.10
68.10
68.10
68.10
68.10
68.10
68.10
68.10
68.10
68.10
68.10
68.10
68.10
68.10
68.10
68.10
68.10
68.10
68.10
68.10
68.10
68.10
68.10
68.10
68.10
68.10
68.10
68.10
68.10
68.10
68.10
68.10
68.10
68.10
68.10
68.10
68.10
68.10
68.10
68.10
68.10
68.10
68.10
68.10
