0.00
60.33
60.33
60.33
60.33
60.33
60.33
60.33
60.33
60.33
60.33
60.33
60.33
60.33
60.33
60.33
60.33
60.33
60.33
60.33
60.33
60.33
60.33
60.33
60.33
60.33
60.33
60.33
60.33
60.33
60.33
60.33
60.33
60.33
60.33
60.33
60.33
60.33
60.33
60.33
60.33
60.33
60.33
60.33
60.33
60.33
60.33
60.33
60.33
60.33
60.33
60.33
60.33
60.33
60.33
60.33
60.33
60.33
60.33
60.33
60.33
60.33
60.33
60.33
60.33
60.33
60.33
60.33
60.33
60.33
60.33
60.33
60.33
60.33
60.33
60.33
60.33
60.33
60.33
60.33
60.33
60.33
60.33
60.33
60.33
60.33
60.33
60.33
60.33
60.33
60.33
60.33
60.33
60.33
60.33
60.33
60.33
60.33
60.33
60.33
60.33
60.33
60.33
60.33
60.33
60.33
60.33
60.33
60.33
60.33
60.33
60.33
60.33
60.33
60.33
60.33
60.33
60.33
60.33
60.33
60.33
60.33
60.33
60.33
60.33
60.33
60.33
60.33
60.33
60.33
60.33
60.33
60.33
60.33
60.33
60.33
60.33
60.33
60.33
60.33
60.33
60.33
60.33
60.33
60.33
60.33
60.33
60.33
60.33
60.33
60.33
60.33
60.33
60.33
60.33
60.33
60.33
60.33
60.33
60.33
60.33
60.33
60.33
60.33
60.33
60.33
60.33
60.33
60.33
60.33
60.33
60.33
60.33
60.33
60.33
60.33
60.33
60.33
60.33
60.33
60.33
60.33
60.33
60.33
60.33
60.33
60.33
60.33
60.33
60.33
60.33
60.33
60.33
60.33
60.33
60.33
60.33
60.33
60.33
60.33
60.33
80.98
80.98
83.03
83.64
84.66
84.66
84.25
84.87
85.07
85.28
85.28
85.28
85.28
85.07
84.66
84.66
84.66
84.46
83.03
85.48
85.48
84.46
83.03
83.44
83.03
82.00
81.80
82.00
82.21
82.41
82.62
81.60
81.19
82.82
82.82
82.82
83.23
83.23
83.03
83.23
83.44
84.46
85.89
86.09
86.50
86.30
86.50
86.50
86.50
86.30
86.50
86.50
86.30
86.30
86.30
86.30
86.30
86.30
87.12
86.30
87.32
87.53
86.91
87.12
87.73
86.91
86.50
86.50
86.50
86.71
86.71
86.30
86.09
86.09
86.09
86.09
86.09
86.09
86.09
86.50
87.32
85.69
87.53
87.73
87.73
87.12
87.12
87.12
85.28
84.46
84.46
82.82
82.00
82.41
80.98
78.94
75.87
75.66
76.69
77.71
77.71
77.71
77.71
77.71
77.71
77.71
77.71
77.71
77.71
77.71
77.71
77.71
77.71
77.71
77.71
77.71
77.71
77.71
77.71
77.71
77.71
77.71
77.71
77.71
77.71
77.71
77.71
77.71
77.71
77.71
77.71
77.71
77.71
77.71
77.71
77.71
77.71
77.71
77.71
77.71
77.71
77.71
77.71
77.71
77.71
77.71
77.71
77.71
77.71
77.71
77.71
77.71
77.71
77.71
77.71
77.71
77.71
77.71
77.71
77.71
77.71
77.71
77.71
77.71
77.71
77.71
77.71
77.71
77.71
77.71
77.71
77.71
77.71
77.71
77.71
77.71
77.71
77.71
77.71
77.71
77.71
77.71
77.71
77.71
77.71
77.71
77.71
77.71
77.71
77.71
77.71
77.71
77.71
77.71
77.71
77.71
77.71
77.71
77.71
77.71
77.71
77.71
77.71
77.71
77.71
77.71
77.71
77.71
77.71
77.71
77.71
77.71
77.71
77.71
77.71
77.71
77.71
77.71
77.71
77.71
77.71
77.71
77.71
77.71
77.71
77.71
77.71
77.71
77.71
77.71
77.71
77.71
77.71
77.71
77.71
77.71
77.71
77.71
77.71
77.71
77.71
77.71
77.71
77.71
77.71
77.71
77.71
77.71
77.71
77.71
77.71
77.71
77.71
77.71
77.71
77.71
77.71
77.71
77.71
77.71
77.71
77.71
77.71
77.71
77.71
77.71
77.71
77.71
77.71
77.71
77.71
77.71
77.71
77.71
77.71
77.71
77.71
77.71
77.71
77.71
77.71
77.71
77.71
77.71
77.71
77.71
77.71
77.71
77.71
77.71
77.71
77.71
77.71
77.71
77.71
77.71
77.71
77.71
77.71
