0.00
60.33
60.33
60.33
60.33
60.33
60.33
60.33
60.33
60.33
60.33
60.33
60.33
60.33
60.33
60.33
60.33
60.33
60.33
60.33
60.33
60.33
60.33
60.33
60.33
60.33
60.33
60.33
60.33
60.33
60.33
60.33
60.33
60.33
60.33
60.33
60.33
60.33
60.33
60.33
60.33
60.33
60.33
60.33
60.33
60.33
60.33
60.33
60.33
60.33
60.33
60.33
60.33
60.33
60.33
60.33
60.33
60.33
60.33
60.33
60.33
60.33
60.33
60.33
60.33
60.33
60.33
60.33
60.33
60.33
60.33
60.33
60.33
60.33
60.33
60.33
60.33
60.33
60.33
60.33
60.33
60.33
60.33
60.33
60.33
60.33
60.33
60.33
60.33
60.33
60.33
60.33
60.33
60.33
60.33
60.33
60.33
60.33
60.33
60.33
60.33
60.33
60.33
60.33
60.33
60.33
60.33
60.33
60.33
60.33
60.33
60.33
60.33
60.33
60.33
60.33
60.33
60.33
60.33
60.33
60.33
60.33
60.33
60.33
60.33
60.33
60.33
60.33
60.33
60.33
60.33
60.33
60.33
60.33
60.33
60.33
60.33
60.33
60.33
60.33
60.33
60.33
60.33
60.33
60.33
60.33
60.33
60.33
60.33
60.33
60.33
60.33
60.33
60.33
60.33
60.33
60.33
60.33
60.33
60.33
60.33
60.33
60.33
60.33
60.33
60.33
60.33
60.33
60.33
60.33
60.33
60.33
60.33
60.33
60.33
60.33
60.33
60.33
60.33
60.33
60.33
60.33
60.33
60.33
60.33
60.33
60.33
60.33
60.33
60.33
60.33
60.33
60.33
60.33
60.33
60.33
60.33
60.33
60.33
60.33
60.33
61.55
62.17
62.58
63.19
63.80
63.80
63.19
63.80
65.24
64.42
64.83
64.62
64.62
63.39
63.60
62.37
62.58
62.37
62.17
62.17
62.17
61.55
61.35
60.74
60.74
60.74
60.94
60.94
60.74
60.94
61.15
60.74
60.53
60.53
60.74
60.74
60.74
60.53
60.53
60.53
60.53
60.53
60.53
60.53
60.53
60.53
60.53
60.33
60.33
60.53
60.53
60.53
60.53
60.53
60.53
60.74
60.74
60.74
60.94
60.74
61.15
61.15
61.15
60.94
61.96
61.15
60.94
60.94
60.74
60.74
60.74
60.74
60.74
60.74
60.74
60.53
60.74
60.74
61.15
61.15
61.15
61.15
61.15
61.15
62.17
62.17
61.15
61.15
60.94
61.15
60.94
60.74
60.74
60.74
60.74
60.53
60.53
60.53
60.53
60.53
60.53
60.53
60.53
60.53
60.53
60.53
60.53
60.53
60.53
60.53
60.53
60.53
60.53
60.53
60.53
60.53
60.53
60.53
60.53
60.53
60.53
60.53
60.53
60.53
60.53
60.53
60.53
60.53
60.53
60.53
60.53
60.53
60.53
60.53
60.53
60.53
60.53
60.53
60.53
60.53
60.53
60.53
60.53
60.53
60.53
60.53
60.53
60.53
60.53
60.53
60.53
60.53
60.53
60.53
60.53
60.53
60.53
60.53
60.53
60.53
60.53
60.53
60.53
60.53
60.53
60.53
60.53
60.53
60.53
60.53
60.53
60.53
60.53
60.53
60.53
60.53
60.53
60.53
60.53
60.53
60.53
60.53
60.53
60.53
60.53
60.53
60.53
60.53
60.53
60.53
60.53
60.53
60.53
60.53
60.53
60.53
60.53
60.53
60.53
60.53
60.53
60.53
60.53
60.53
60.53
60.53
60.53
60.53
60.53
60.53
60.53
60.53
60.53
60.53
60.53
60.53
60.53
60.53
60.53
60.53
60.53
60.53
60.53
60.53
60.53
60.53
60.53
60.53
60.53
60.53
60.53
60.53
60.53
60.53
60.53
60.53
60.53
60.53
60.53
60.53
60.53
60.53
60.53
60.53
60.53
60.53
60.53
60.53
60.53
60.53
60.53
60.53
60.53
60.53
60.53
60.53
60.53
60.53
60.53
60.53
60.53
60.53
60.53
60.53
60.53
60.53
60.53
60.53
60.53
60.53
60.53
60.53
60.53
60.53
60.53
60.53
60.53
60.53
60.53
60.53
60.53
60.53
60.53
60.53
60.53
60.53
60.53
60.53
60.53
60.53
60.53
60.53
60.53
60.53
60.53
60.53
60.53
60.53
60.53
