0.00
59.10
59.10
59.10
59.30
59.10
59.10
59.71
59.10
59.30
59.51
59.71
59.71
60.12
60.12
60.12
60.12
60.12
60.12
60.12
60.12
60.12
60.12
60.12
60.12
60.12
60.12
60.12
60.12
60.12
60.12
60.12
60.12
60.12
60.12
60.12
60.12
60.12
60.12
60.12
60.12
60.33
60.12
60.12
60.12
60.12
60.12
60.12
60.12
60.12
60.12
60.12
60.12
60.12
60.12
60.12
60.12
60.12
60.12
60.12
60.12
60.12
60.12
60.12
60.12
60.12
60.12
60.12
60.12
59.92
60.12
60.12
60.12
60.12
59.92
59.92
60.12
60.12
60.12
60.12
60.12
60.12
60.12
60.12
60.12
60.12
60.12
60.12
60.12
60.12
60.12
60.12
60.12
60.12
60.12
60.12
60.12
60.12
60.12
60.33
60.33
39.67
39.67
39.47
39.47
39.47
39.47
39.47
38.85
36.81
36.40
34.76
36.81
36.81
36.81
35.99
34.76
34.36
36.61
37.22
37.22
36.61
36.61
35.99
36.20
36.61
37.22
36.81
36.61
37.63
38.65
39.47
39.47
39.26
39.06
39.06
39.26
38.85
38.85
38.24
38.85
36.81
37.01
36.40
36.61
37.83
37.83
37.63
37.01
39.26
36.81
35.99
37.63
38.65
37.63
38.04
37.42
37.22
37.22
35.79
38.45
46.42
53.78
51.74
51.74
53.78
56.03
70.35
75.66
75.87
74.85
74.85
74.85
73.82
73.62
76.07
74.64
76.07
75.46
77.51
76.28
74.23
74.85
70.96
79.35
70.96
74.85
72.19
73.82
56.44
57.46
43.35
43.35
41.72
42.54
39.06
39.06
39.67
43.35
43.15
39.06
60.33
60.33
60.33
60.33
60.33
60.33
60.33
60.33
60.33
60.33
60.33
60.33
60.33
60.33
60.33
60.33
60.33
60.33
60.33
60.33
60.33
60.33
60.33
60.33
60.33
60.33
60.33
60.33
60.33
60.33
60.33
60.33
60.33
60.33
60.33
60.33
60.33
60.33
60.33
60.33
60.33
60.33
60.33
60.33
60.33
60.33
60.33
60.33
60.33
60.33
60.33
60.33
60.33
60.33
60.33
60.33
60.33
60.33
60.33
60.33
60.33
60.33
60.33
60.33
60.33
60.33
60.33
60.33
60.33
60.33
60.33
60.33
60.33
60.33
60.33
60.33
60.33
60.33
60.33
60.33
60.33
60.33
60.33
60.33
60.33
60.33
60.33
60.33
60.33
60.33
60.33
60.33
60.33
60.33
60.33
60.33
60.33
60.33
60.33
60.33
60.33
60.33
60.33
60.33
60.33
60.33
60.33
60.33
60.33
60.33
60.33
60.33
60.33
60.33
60.33
60.33
60.33
60.33
60.33
60.33
60.33
60.33
60.33
60.33
60.33
60.33
60.33
60.33
60.33
60.33
60.33
60.33
60.33
60.33
60.33
60.33
60.33
60.33
60.33
60.33
60.33
60.33
60.33
60.33
60.33
60.33
60.33
60.33
60.33
60.33
60.33
60.33
60.33
60.33
60.33
60.33
60.33
60.33
60.33
60.33
60.33
60.33
60.33
60.33
60.33
60.33
60.33
60.33
60.33
60.33
60.33
60.33
60.33
60.33
60.33
60.33
60.33
60.33
60.33
60.33
60.33
60.33
60.33
60.33
60.33
60.33
60.33
60.33
60.33
60.33
60.33
60.33
60.33
60.33
60.33
60.33
60.33
60.33
60.33
60.33
88.14
86.71
86.71
86.71
85.69
85.48
85.28
85.28
84.46
83.44
83.44
84.46
84.66
85.89
85.48
85.48
85.07
84.46
85.48
86.30
86.30
86.30
88.55
86.91
86.71
87.12
88.14
88.75
88.75
88.75
88.75
88.75
89.16
90.80
91.00
90.80
90.80
91.21
90.18
88.75
89.78
89.78
89.78
88.34
87.73
87.32
87.32
87.32
87.12
86.30
86.30
85.69
85.69
85.69
84.46
84.46
84.25
84.05
83.23
83.03
83.03
83.64
82.62
82.82
83.84
83.84
84.87
84.46
84.46
84.46
83.84
83.84
83.84
83.84
83.84
83.84
85.69
84.87
85.48
85.48
83.44
83.23
83.23
83.84
84.46
83.64
83.44
83.23
82.62
80.98
80.98
80.78
82.21
83.03
83.03
83.03
82.00
82.41
84.66
