0.00
0.00
60.33
60.33
60.33
60.33
60.33
60.33
60.33
60.33
60.33
60.33
60.33
60.33
60.33
60.33
60.33
60.33
60.33
60.33
60.33
60.33
60.33
60.33
60.33
60.33
60.33
60.33
60.33
60.33
60.33
60.33
60.33
60.33
60.33
60.33
60.33
60.33
60.33
60.33
60.33
60.33
60.33
60.33
60.33
60.33
60.33
60.33
60.33
60.33
60.33
60.33
60.33
60.33
60.33
60.33
60.33
60.33
60.33
60.33
60.33
60.33
60.33
60.33
60.33
60.33
60.33
60.33
60.33
60.33
60.33
60.33
60.33
60.33
60.33
60.33
60.33
60.33
60.33
60.33
60.33
60.33
60.33
60.33
60.33
60.33
60.33
60.33
60.33
60.33
60.33
60.33
60.33
60.33
60.33
60.33
60.33
60.33
60.33
60.33
60.33
64.62
64.83
64.83
65.24
65.24
65.44
65.03
64.01
63.19
63.19
62.58
62.58
62.58
62.58
62.17
62.17
61.76
61.15
61.35
61.15
61.15
61.15
61.15
61.15
61.15
61.35
61.35
61.35
61.76
61.76
61.96
62.17
62.17
61.55
61.35
61.76
61.35
61.76
61.96
62.58
61.55
61.55
62.37
62.37
62.58
62.99
62.78
62.78
61.55
62.78
61.76
61.55
61.76
62.17
62.17
61.76
61.76
60.53
60.53
60.53
60.53
60.53
60.53
60.53
60.53
60.53
60.53
60.53
60.53
60.33
60.33
60.53
60.53
60.53
60.53
60.53
60.53
60.53
60.53
60.53
60.53
60.53
60.53
60.53
60.53
60.53
60.53
60.53
60.53
60.53
60.53
60.53
60.53
60.53
60.53
60.74
60.74
60.74
60.74
61.15
61.15
61.15
61.15
61.15
61.15
61.15
61.15
61.15
61.15
61.15
61.15
61.15
61.15
61.15
61.15
61.15
61.15
61.15
61.15
61.15
61.15
61.15
61.15
61.15
61.15
61.15
61.15
61.15
61.15
61.15
61.15
61.15
61.15
61.15
61.15
61.15
61.15
61.15
61.15
61.15
61.15
61.15
61.15
61.15
61.15
61.15
61.15
61.15
61.15
61.15
60.12
60.12
60.12
60.12
60.12
60.12
60.12
60.12
60.12
60.12
60.12
60.12
60.12
60.33
60.12
60.33
60.33
60.33
60.33
60.33
60.33
60.33
60.33
60.33
60.12
60.33
60.33
60.33
60.33
60.33
60.33
60.33
60.33
60.33
60.33
60.33
60.33
60.33
60.33
60.33
60.33
60.33
60.33
60.33
60.33
60.33
60.33
60.33
60.33
60.33
72.19
70.14
68.51
67.48
67.28
66.67
65.44
65.44
66.05
67.69
69.53
69.12
66.05
68.51
68.51
68.71
68.71
66.67
66.46
66.46
66.46
66.67
65.03
63.60
64.83
64.62
65.44
65.03
64.21
63.60
64.21
63.80
64.83
63.60
64.21
63.80
64.01
64.01
65.03
63.39
62.78
62.99
62.78
62.78
63.19
63.19
61.76
62.37
63.19
62.37
63.60
62.37
61.96
62.37
62.37
62.37
62.99
62.58
61.76
61.55
61.76
60.74
60.74
60.94
60.94
60.74
60.74
60.74
60.74
60.74
60.53
60.53
61.15
60.74
60.74
60.74
60.74
60.53
60.53
60.53
60.53
60.53
60.53
60.53
60.53
60.53
60.53
60.53
60.53
60.94
60.94
60.94
60.94
61.15
61.15
61.15
61.15
61.15
60.94
61.35
60.33
60.33
60.33
60.33
60.33
60.33
60.33
60.33
60.33
60.33
60.33
60.33
60.33
60.33
60.33
60.33
60.33
60.33
60.33
60.33
60.33
60.33
60.33
60.33
60.33
60.33
60.33
60.33
60.33
60.33
60.33
60.33
60.33
60.33
60.33
60.33
60.33
60.33
60.33
60.33
60.33
60.33
60.33
60.33
60.33
60.33
60.33
60.33
60.33
60.33
60.33
60.33
60.33
60.33
60.33
60.33
60.33
60.33
60.33
60.33
60.33
60.33
60.33
60.33
60.33
60.33
60.33
60.33
60.33
60.33
60.33
60.33
60.33
60.33
60.33
60.33
60.33
60.33
60.33
60.33
60.33
60.33
60.33
60.33
60.33
60.33
60.33
60.33
60.33
60.33
60.33
60.33
60.33
60.33
60.33
60.33
60.33
60.33
60.33
