0.00
39.06
39.06
37.63
37.22
37.22
35.99
35.99
37.42
38.24
38.24
38.45
39.06
37.42
37.83
37.83
36.81
38.24
35.79
36.81
39.06
39.06
39.06
35.99
38.45
36.81
38.24
37.42
38.85
37.63
36.81
37.83
39.47
38.04
39.26
39.67
40.70
43.97
43.97
48.67
62.37
62.58
60.94
60.94
53.78
53.58
53.58
53.37
53.37
47.24
46.22
44.79
42.94
39.26
39.26
39.47
39.26
39.26
39.26
39.26
38.24
39.67
44.17
44.17
43.56
43.35
43.35
43.97
45.60
39.47
45.60
46.63
46.63
46.22
40.08
42.13
46.01
48.06
56.65
56.65
56.65
66.87
66.87
53.17
47.24
59.92
60.53
60.53
60.53
63.60
61.15
61.15
61.55
61.55
64.01
64.21
65.24
64.83
65.03
68.10
67.48
67.48
67.48
60.33
60.33
60.33
60.33
60.33
60.33
60.33
60.33
60.33
60.33
60.33
60.33
60.33
60.33
60.33
60.33
60.33
60.33
60.33
60.33
60.33
60.33
60.33
60.33
60.33
60.33
60.33
60.33
60.33
60.33
60.33
60.33
60.33
60.33
60.33
60.33
60.33
60.33
60.33
60.33
60.33
60.33
60.33
60.33
60.33
60.33
60.33
60.33
60.33
60.33
60.33
60.33
60.33
60.33
60.33
60.33
60.33
60.33
60.33
60.33
60.33
60.33
60.33
60.33
60.33
60.33
60.33
60.33
60.33
60.33
60.33
60.33
60.33
60.33
60.33
60.33
60.33
60.33
60.33
60.33
60.33
60.33
60.33
60.33
60.33
60.33
60.33
60.33
60.33
60.33
60.33
60.33
60.33
60.33
60.33
60.33
60.33
60.33
60.33
60.33
60.33
60.33
60.33
60.33
60.33
60.33
60.33
60.33
60.33
60.33
60.33
60.33
60.33
60.33
60.33
60.33
60.33
60.33
60.33
60.33
60.33
60.33
60.33
60.33
60.33
60.33
60.33
60.33
60.33
60.33
60.33
60.33
60.33
60.33
60.33
60.33
60.33
60.33
60.33
60.33
60.33
60.33
60.33
60.33
60.33
60.33
60.33
60.33
60.33
60.33
60.33
60.33
60.33
60.33
60.33
60.33
60.33
60.33
60.33
60.33
60.33
60.33
60.33
60.33
60.33
60.33
60.33
60.33
60.33
60.33
60.33
60.33
60.33
60.33
60.33
60.33
60.33
60.33
60.33
60.33
60.33
60.33
60.33
60.33
60.33
60.33
60.33
60.33
60.33
60.33
60.33
60.33
60.33
60.33
60.33
60.33
60.33
60.33
60.33
60.33
60.33
60.33
60.33
60.33
60.33
60.33
60.33
60.33
60.33
60.33
60.33
60.53
60.33
60.33
60.53
60.53
60.53
60.53
60.53
60.53
60.53
60.53
60.74
60.53
60.74
60.74
60.74
60.53
60.53
60.53
60.53
60.53
60.74
60.74
60.74
60.74
60.74
60.74
60.74
60.74
60.74
60.74
60.53
60.53
60.53
60.53
60.74
60.74
60.74
60.74
60.74
60.74
60.53
60.53
60.74
60.53
60.33
60.33
60.33
60.33
60.33
60.33
60.33
60.33
60.53
60.53
60.53
60.74
60.74
60.74
61.15
60.74
60.74
60.74
60.74
60.33
60.53
60.53
60.53
60.33
60.53
60.33
60.33
60.33
60.33
60.33
60.33
60.74
60.74
60.53
60.74
60.74
60.74
60.74
60.74
60.94
60.94
60.94
60.94
60.94
60.94
60.94
60.94
60.94
60.94
60.94
60.94
60.94
60.94
60.94
60.94
60.94
60.94
60.94
60.94
60.94
60.94
60.94
60.94
60.94
60.94
60.94
60.94
60.94
60.94
60.94
60.94
60.94
60.94
60.94
60.94
60.94
60.94
60.94
60.94
60.94
60.94
60.94
60.94
60.94
60.94
60.94
60.94
60.94
60.94
60.94
60.94
60.94
60.94
60.94
60.94
60.94
60.94
60.94
60.94
60.94
60.94
60.94
60.94
60.94
60.94
60.94
60.94
60.94
60.94
60.94
60.94
60.94
60.94
60.94
60.94
60.94
60.94
60.94
60.94
60.94
60.94
60.94
60.94
60.94
60.94
60.94
60.94
60.94
60.94
60.94
60.94
60.94
60.94
60.94
60.94
60.94
60.94
60.94
60.94
60.94
60.94
