0.00
0.64
0.64
0.64
0.64
0.64
0.64
0.63
0.64
0.64
0.64
0.63
0.63
0.63
0.63
0.63
0.63
0.63
0.63
0.63
0.63
0.63
0.63
0.63
0.63
0.63
0.63
0.63
0.63
0.63
0.63
0.63
0.63
0.63
0.63
0.63
0.63
0.63
0.63
0.63
0.63
0.63
0.63
0.63
0.63
0.63
0.63
0.63
0.63
0.63
0.63
0.63
0.63
0.63
0.63
0.63
0.63
0.63
0.63
0.63
0.63
0.63
0.63
0.63
0.63
0.63
0.63
0.63
0.63
0.63
0.63
0.63
0.63
0.63
0.63
0.63
0.63
0.63
0.63
0.63
0.63
0.63
0.63
0.63
0.63
0.63
0.63
0.63
0.63
0.63
0.63
0.63
0.63
0.63
0.63
0.63
0.63
0.63
0.63
0.63
0.63
0.78
0.78
0.78
0.78
0.78
0.78
0.78
0.78
0.79
0.80
0.81
0.79
0.79
0.79
0.80
0.81
0.81
0.80
0.79
0.79
0.80
0.80
0.80
0.80
0.80
0.79
0.79
0.80
0.79
0.78
0.78
0.78
0.78
0.78
0.78
0.78
0.78
0.78
0.79
0.78
0.79
0.79
0.80
0.80
0.79
0.79
0.79
0.79
0.78
0.79
0.80
0.79
0.78
0.79
0.79
0.79
0.79
0.79
0.80
0.78
0.73
0.68
0.69
0.69
0.68
0.66
0.54
0.49
0.49
0.50
0.50
0.50
0.51
0.51
0.49
0.50
0.49
0.50
0.47
0.49
0.51
0.50
0.54
0.45
0.54
0.50
0.53
0.51
0.66
0.65
0.75
0.75
0.76
0.76
0.78
0.78
0.78
0.75
0.75
0.78
0.63
0.63
0.63
0.63
0.63
0.63
0.63
0.63
0.63
0.63
0.63
0.63
0.63
0.63
0.63
0.63
0.63
0.63
0.63
0.63
0.63
0.63
0.63
0.63
0.63
0.63
0.63
0.63
0.63
0.63
0.63
0.63
0.63
0.63
0.63
0.63
0.63
0.63
0.63
0.63
0.63
0.63
0.63
0.63
0.63
0.63
0.63
0.63
0.63
0.63
0.63
0.63
0.63
0.63
0.63
0.63
0.63
0.63
0.63
0.63
0.63
0.63
0.63
0.63
0.63
0.63
0.63
0.63
0.63
0.63
0.63
0.63
0.63
0.63
0.63
0.63
0.63
0.63
0.63
0.63
0.63
0.63
0.63
0.63
0.63
0.63
0.63
0.63
0.63
0.63
0.63
0.63
0.63
0.63
0.63
0.63
0.63
0.63
0.63
0.63
0.63
0.63
0.63
0.63
0.63
0.63
0.63
0.63
0.63
0.63
0.63
0.63
0.63
0.63
0.63
0.63
0.63
0.63
0.63
0.63
0.63
0.63
0.63
0.63
0.63
0.63
0.63
0.63
0.63
0.63
0.63
0.63
0.63
0.63
0.63
0.63
0.63
0.63
0.63
0.63
0.63
0.63
0.63
0.63
0.63
0.63
0.63
0.63
0.63
0.63
0.63
0.63
0.63
0.63
0.63
0.63
0.63
0.63
0.63
0.63
0.63
0.63
0.63
0.63
0.63
0.63
0.63
0.63
0.63
0.63
0.63
0.63
0.63
0.63
0.63
0.63
0.63
0.63
0.63
0.63
0.63
0.63
0.63
0.63
0.63
0.63
0.63
0.63
0.63
0.63
0.63
0.63
0.63
0.63
0.63
0.63
0.63
0.63
0.63
0.63
0.34
0.36
0.36
0.36
0.38
0.38
0.38
0.38
0.39
0.41
0.41
0.39
0.39
0.38
0.38
0.38
0.39
0.39
0.38
0.37
0.37
0.37
0.34
0.36
0.36
0.36
0.34
0.34
0.34
0.34
0.34
0.34
0.33
0.30
0.30
0.30
0.30
0.30
0.31
0.34
0.32
0.32
0.32
0.34
0.35
0.36
0.36
0.36
0.36
0.37
0.37
0.38
0.38
0.38
0.39
0.39
0.40
0.40
0.41
0.41
0.41
0.40
0.42
0.41
0.40
0.40
0.39
0.39
0.39
0.39
0.40
0.40
0.40
0.40
0.40
0.40
0.38
0.39
0.38
0.38
0.41
0.41
0.41
0.40
0.39
0.40
0.41
0.41
0.42
0.44
0.44
0.44
0.42
0.41
0.41
0.41
0.42
0.42
0.39
