0.00
0.80
0.80
0.80
0.80
0.80
0.80
0.80
0.80
0.80
0.79
0.79
0.79
0.79
0.79
0.79
0.79
0.78
0.77
0.78
0.77
0.77
0.78
0.78
0.72
0.62
0.71
0.66
0.63
0.77
0.72
0.78
0.58
0.58
0.66
0.62
0.63
0.58
0.58
0.57
0.44
0.44
0.45
0.53
0.70
0.76
0.76
0.71
0.67
0.72
0.76
0.70
0.72
0.72
0.76
0.76
0.78
0.78
0.78
0.78
0.78
0.78
0.78
0.78
0.78
0.78
0.78
0.78
0.78
0.78
0.78
0.78
0.78
0.78
0.78
0.78
0.77
0.77
0.71
0.71
0.71
0.61
0.66
0.74
0.76
0.75
0.76
0.76
0.77
0.77
0.77
0.76
0.77
0.77
0.75
0.76
0.75
0.75
0.70
0.59
0.59
0.30
0.33
0.33
0.33
0.30
0.34
0.36
0.38
0.43
0.43
0.47
0.44
0.40
0.44
0.48
0.47
0.49
0.48
0.48
0.48
0.50
0.52
0.54
0.53
0.49
0.47
0.51
0.52
0.49
0.48
0.48
0.48
0.48
0.49
0.50
0.47
0.50
0.50
0.51
0.48
0.54
0.54
0.51
0.51
0.50
0.48
0.48
0.48
0.52
0.52
0.52
0.55
0.53
0.54
0.54
0.56
0.55
0.56
0.58
0.59
0.61
0.62
0.61
0.59
0.60
0.61
0.62
0.62
0.62
0.62
0.62
0.62
0.62
0.62
0.62
0.62
0.62
0.62
0.62
0.62
0.62
0.62
0.62
0.62
0.62
0.62
0.62
0.62
0.62
0.62
0.62
0.62
0.62
0.62
0.62
0.62
0.62
0.62
0.62
0.62
0.62
0.62
0.62
0.62
0.62
0.62
0.62
0.62
0.62
0.62
0.62
0.62
0.62
0.62
0.62
0.62
0.62
0.62
0.62
0.62
0.62
0.62
0.62
0.62
0.62
0.62
0.62
0.62
0.62
0.62
0.62
0.62
0.62
0.62
0.62
0.62
0.62
0.62
0.62
0.62
0.62
0.62
0.62
0.62
0.62
0.62
0.62
0.62
0.62
0.62
0.62
0.62
0.62
0.57
0.57
0.56
0.56
0.55
0.56
0.55
0.55
0.56
0.56
0.55
0.55
0.58
0.57
0.54
0.56
0.55
0.56
0.56
0.55
0.56
0.56
0.56
0.55
0.54
0.54
0.53
0.53
0.51
0.51
0.52
0.51
0.53
0.51
0.51
0.52
0.52
0.53
0.51
0.52
0.52
0.53
0.53
0.54
0.56
0.57
0.56
0.56
0.56
0.56
0.56
0.56
0.56
0.56
0.56
0.56
0.56
0.56
0.56
0.56
0.56
0.56
0.56
0.56
0.56
0.56
0.56
0.56
0.56
0.56
0.56
0.56
0.56
0.56
0.56
0.56
0.56
0.56
0.56
0.56
0.56
0.56
0.56
0.56
0.56
0.56
0.56
0.56
0.56
0.56
0.56
0.56
0.56
0.56
0.56
0.56
0.56
0.56
0.56
0.56
0.56
0.56
0.56
0.56
0.56
0.56
0.56
0.56
0.56
0.56
0.56
0.56
0.56
0.56
0.56
0.56
0.56
0.56
0.56
0.56
0.56
0.56
0.56
0.56
0.56
0.56
0.56
0.56
0.56
0.56
0.56
0.56
0.56
0.56
0.56
0.56
0.56
0.56
0.56
0.56
0.56
0.56
0.56
0.56
0.56
0.56
0.56
0.56
0.56
0.56
0.56
0.56
0.56
0.56
0.56
0.56
0.56
0.56
0.56
0.56
0.56
0.56
0.56
0.56
0.56
0.56
0.56
0.56
0.56
0.56
0.56
0.56
0.56
0.56
0.56
0.56
0.56
0.56
0.56
0.56
0.56
0.56
0.56
0.56
0.56
0.56
0.56
0.56
0.56
0.56
0.56
0.56
0.56
0.56
0.56
0.56
0.56
0.56
0.56
0.56
0.56
0.56
0.56
0.56
0.56
0.56
0.56
0.56
0.56
0.56
0.56
0.56
0.56
0.56
0.56
0.56
0.56
0.56
0.56
0.56
0.56
0.56
0.56
0.56
0.56
0.56
0.56
0.56
0.56
0.56
0.56
0.56
0.56
0.56
0.56
0.56
0.56
0.56
0.56
0.56
0.56
0.56
0.56
0.56
0.56
0.56
