0.00
0.63
0.63
0.63
0.63
0.63
0.63
0.63
0.63
0.63
0.63
0.63
0.63
0.63
0.63
0.63
0.63
0.63
0.63
0.63
0.63
0.63
0.63
0.63
0.63
0.63
0.63
0.63
0.63
0.63
0.63
0.63
0.63
0.63
0.63
0.63
0.63
0.63
0.63
0.63
0.63
0.63
0.63
0.63
0.63
0.63
0.63
0.63
0.63
0.63
0.63
0.63
0.63
0.63
0.63
0.63
0.63
0.63
0.63
0.63
0.63
0.63
0.63
0.63
0.63
0.63
0.63
0.63
0.63
0.63
0.63
0.63
0.63
0.63
0.63
0.63
0.63
0.63
0.63
0.63
0.63
0.63
0.63
0.63
0.63
0.63
0.63
0.63
0.63
0.63
0.63
0.63
0.63
0.63
0.63
0.63
0.63
0.63
0.63
0.63
0.63
0.59
0.54
0.58
0.70
0.70
0.63
0.64
0.50
0.41
0.44
0.43
0.45
0.45
0.45
0.43
0.43
0.43
0.43
0.46
0.46
0.44
0.43
0.41
0.39
0.39
0.42
0.41
0.43
0.43
0.43
0.45
0.48
0.48
0.50
0.57
0.62
0.52
0.52
0.43
0.45
0.39
0.39
0.41
0.41
0.41
0.41
0.39
0.39
0.38
0.39
0.38
0.39
0.39
0.39
0.40
0.40
0.40
0.40
0.37
0.38
0.39
0.39
0.39
0.39
0.39
0.39
0.39
0.39
0.40
0.43
0.43
0.42
0.44
0.42
0.40
0.39
0.40
0.44
0.44
0.44
0.45
0.43
0.41
0.44
0.42
0.45
0.46
0.45
0.45
0.45
0.44
0.44
0.45
0.45
0.41
0.41
0.43
0.45
0.45
0.45
0.62
0.60
0.59
0.59
0.59
0.58
0.59
0.59
0.57
0.58
0.58
0.59
0.57
0.60
0.59
0.60
0.60
0.61
0.62
0.61
0.61
0.62
0.62
0.62
0.62
0.62
0.62
0.62
0.62
0.62
0.62
0.62
0.62
0.62
0.62
0.62
0.62
0.62
0.63
0.63
0.63
0.62
0.62
0.62
0.62
0.63
0.63
0.63
0.63
0.63
0.62
0.62
0.62
0.62
0.62
0.62
0.62
0.62
0.62
0.62
0.60
0.59
0.59
0.60
0.57
0.59
0.59
0.59
0.60
0.60
0.60
0.61
0.61
0.61
0.60
0.61
0.61
0.61
0.59
0.59
0.59
0.61
0.60
0.60
0.57
0.57
0.60
0.60
0.60
0.60
0.61
0.61
0.61
0.62
0.62
0.63
0.63
0.63
0.63
0.62
0.62
0.62
0.62
0.62
0.62
0.62
0.62
0.62
0.62
0.62
0.62
0.62
0.62
0.62
0.62
0.62
0.62
0.62
0.62
0.62
0.62
0.62
0.62
0.62
0.62
0.62
0.62
0.62
0.62
0.62
0.62
0.62
0.62
0.62
0.62
0.62
0.62
0.62
0.62
0.62
0.62
0.62
0.62
0.62
0.62
0.62
0.62
0.62
0.62
0.62
0.62
0.62
0.62
0.62
0.62
0.62
0.62
0.62
0.62
0.62
0.62
0.62
0.62
0.62
0.62
0.62
0.62
0.62
0.62
0.62
0.62
0.62
0.62
0.62
0.62
0.62
0.62
0.62
0.62
0.62
0.62
0.62
0.62
0.62
0.62
0.62
0.62
0.62
0.62
0.62
0.62
0.62
0.62
0.62
0.62
0.62
0.62
0.62
0.62
0.62
0.62
0.62
0.62
0.62
0.62
0.62
0.62
0.62
0.62
0.62
0.62
0.62
0.62
0.62
0.62
0.62
0.62
0.62
0.62
0.62
0.62
0.62
0.62
0.62
0.62
0.62
0.62
0.62
0.62
0.62
0.62
0.62
0.62
0.62
0.62
0.62
0.62
0.62
0.62
0.62
0.62
0.62
0.62
0.62
0.62
0.62
0.62
0.62
0.62
0.62
0.62
0.62
0.62
0.62
0.62
0.62
0.62
0.62
0.62
0.62
0.62
0.62
0.62
0.62
0.62
0.62
0.62
0.62
0.62
0.62
0.62
0.62
0.62
0.62
0.62
0.62
0.62
0.62
0.62
0.62
0.62
0.62
0.62
0.62
0.62
0.62
0.62
0.62
0.62
0.62
0.62
0.62
0.62
0.62
0.62
0.62
0.62
0.62
0.62
