-100.0000 -100.0000
-320.6039 0.0000
-320.3446 0.0000
-320.4657 0.0000
-321.4606 0.0000
-320.6393 0.0000
-320.7483 0.0000
-319.5870 0.0000
-320.9509 0.0000
-321.2305 0.0000
-321.6664 0.0000
-322.4302 0.0000
-322.6582 0.0000
-321.8051 0.0000
-321.4417 0.0000
-321.2088 0.0000
-321.1429 0.0000
-320.6659 0.0000
-321.6502 0.0000
-322.7031 0.0000
-323.8056 0.0000
-324.2148 0.0000
-324.8858 0.0000
-325.0522 0.0000
-323.5835 0.0000
-323.1701 0.0000
-323.6676 0.0000
-323.9675 0.0000
-323.8121 0.0000
-322.9674 0.0000
-323.6670 0.0000
-323.2850 0.0000
-323.7899 0.0000
-323.3463 0.0000
-323.8093 0.0000
-324.1296 0.0000
-324.3268 0.0000
-323.3110 0.0000
-324.5914 0.0000
-324.2711 0.0000
-324.8225 0.0000
-324.8924 0.0000
-325.2736 0.0000
-325.6789 0.0000
-326.0420 0.0000
-325.5100 0.0000
-326.1493 0.0000
-326.7046 0.0000
-328.2460 0.0000
-326.9054 0.0000
-327.1529 0.0000
-326.2837 0.0000
-326.8953 0.0000
-326.6965 0.0000
-326.9285 0.0000
-327.8371 0.0000
-325.3152 0.0000
-324.6420 0.0000
-325.1069 0.0000
-325.5973 0.0000
-325.8837 0.0000
-326.4559 0.0000
-326.9898 0.0000
-328.0055 0.0000
-327.6440 0.0000
-327.8084 0.0000
-327.8931 0.0000
-328.0072 0.0000
-328.9942 0.0000
-327.2473 0.0000
-327.6153 0.0000
-327.6489 0.0000
-326.8652 0.0000
-327.4170 0.0000
-327.7944 0.0000
-328.3581 0.0000
-329.1179 0.0000
-327.8343 0.0000
-327.2888 0.0000
-326.6920 0.0000
-326.5020 0.0000
-326.9166 0.0000
-326.4345 0.0000
-325.9606 0.0000
-326.3975 0.0000
-325.4433 0.0000
-325.1711 0.0000
-326.0278 0.0000
-325.0625 0.0000
-325.6412 0.0000
-324.5926 0.0000
-324.5183 0.0000
-325.1206 0.0000
-324.9027 0.0000
-324.0443 0.0000
-324.7381 0.0000
-324.7087 0.0000
-323.8198 0.0000
-324.8464 0.0000
-324.2888 0.0000
-324.0330 0.0000
-319.8711 0.0000
-319.8905 0.0000
-320.3079 0.0000
-319.8489 0.0000
-319.7317 0.0000
-319.4461 0.0000
-319.5665 0.0000
-319.4102 0.0000
-318.7624 0.0000
-318.5493 0.0000
-318.6507 0.0000
-318.5812 0.0000
-318.5425 0.0000
-318.8328 0.0000
-318.7769 0.0000
-318.6691 0.0000
-318.8378 0.0000
-318.5582 0.0000
-317.8371 0.0000
-318.2809 0.0000
-318.6474 0.0000
-318.3505 0.0000
-318.2984 0.0000
-318.1580 0.0000
-318.4325 0.0000
-317.9918 0.0000
-318.6971 0.0000
-318.3487 0.0000
-318.0017 0.0000
-318.1785 0.0000
-317.5833 0.0000
-317.6702 0.0000
-317.8485 0.0000
-317.7256 0.0000
-318.0974 0.0000
-318.3772 0.0000
-317.9118 0.0000
-317.1131 0.0000
-316.9435 0.0000
-318.1486 0.0000
-317.2554 0.0000
-317.8701 0.0000
-317.7494 0.0000
-317.9797 0.0000
-318.1348 0.0000
-318.0198 0.0000
-318.3658 0.0000
-317.8111 0.0000
-317.1223 0.0000
-317.6534 0.0000
-316.7419 0.0000
-316.5793 0.0000
-315.8207 0.0000
-315.7819 0.0000
-315.8558 0.0000
-315.9229 0.0000
-315.7308 0.0000
-316.5866 0.0000
-316.6819 0.0000
-316.5566 0.0000
-316.3738 0.0000
-315.8066 0.0000
-315.8892 0.0000
-316.3974 0.0000
-316.5067 0.0000
-316.1692 0.0000
-316.1898 0.0000
-315.8323 0.0000
-315.6060 0.0000
-315.8879 0.0000
-316.2624 0.0000
-315.8370 0.0000
-316.2072 0.0000
-316.9573 0.0000
-316.6058 0.0000
-317.1819 0.0000
-316.7244 0.0000
-316.5573 0.0000
-317.1606 0.0000
-316.9505 0.0000
-316.2088 0.0000
-316.2145 0.0000
-316.4051 0.0000
-316.4020 0.0000
-316.4829 0.0000
-317.1107 0.0000
-317.0134 0.0000
-317.1765 0.0000
-317.8165 0.0000
-317.7248 0.0000
-318.0147 0.0000
-317.9109 0.0000
-317.7450 0.0000
-318.1577 0.0000
-317.9612 0.0000
-318.3090 0.0000
-318.1345 0.0000
-318.3329 0.0000
-318.4244 0.0000
-318.1601 0.0000
-348.2804 0.0000
-348.1372 0.0000
-347.4777 0.0000
-346.8663 0.0000
-347.8706 0.0000
-347.6060 0.0000
-349.0347 0.0000
-348.6709 0.0000
-348.4565 0.0000
-348.0302 0.0000
-348.3005 0.0000
-348.5611 0.0000
-348.0347 0.0000
-347.8695 0.0000
-347.6439 0.0000
-348.3329 0.0000
-347.3775 0.0000
-347.3615 0.0000
-348.0902 0.0000
-347.6728 0.0000
-348.1551 0.0000
-348.1860 0.0000
-348.2491 0.0000
-348.2036 0.0000
-347.7761 0.0000
-347.8942 0.0000
-347.4238 0.0000
-347.7001 0.0000
-347.4515 0.0000
-347.2554 0.0000
-347.8293 0.0000
-347.7761 0.0000
-348.6032 0.0000
-347.3123 0.0000
-347.7055 0.0000
-348.0103 0.0000
-347.6525 0.0000
-348.7086 0.0000
-348.7147 0.0000
-347.2463 0.0000
-347.7537 0.0000
-347.8858 0.0000
-347.9614 0.0000
-348.0298 0.0000
-347.6196 0.0000
-347.5407 0.0000
-348.3549 0.0000
-348.4274 0.0000
-347.7799 0.0000
-347.5393 0.0000
-348.4570 0.0000
-349.0265 0.0000
-348.5142 0.0000
-348.3323 0.0000
-348.8217 0.0000
-349.2130 0.0000
-348.6697 0.0000
-349.0222 0.0000
-348.5051 0.0000
-348.5978 0.0000
-348.7893 0.0000
-349.1812 0.0000
-349.8731 0.0000
-348.7792 0.0000
-348.3788 0.0000
-347.4633 0.0000
-347.4704 0.0000
-347.7166 0.0000
-347.7372 0.0000
-348.0146 0.0000
-347.0135 0.0000
-347.1819 0.0000
-347.7093 0.0000
-347.3686 0.0000
-347.2215 0.0000
-347.7426 0.0000
-347.7201 0.0000
-347.7518 0.0000
-348.5662 0.0000
-348.2430 0.0000
-348.5370 0.0000
-347.9709 0.0000
-347.3843 0.0000
-346.9948 0.0000
-346.7906 0.0000
-346.0692 0.0000
-346.1556 0.0000
-346.5738 0.0000
-346.4066 0.0000
-346.9102 0.0000
-346.8719 0.0000
-346.5393 0.0000
-346.2760 0.0000
-346.9541 0.0000
-345.9848 0.0000
-346.1591 0.0000
-346.3633 0.0000
-346.3475 0.0000
-346.7775 0.0000
-346.5144 0.0000
-331.0078 0.0000
-331.7472 0.0000
-331.5468 0.0000
-331.3548 0.0000
-331.2184 0.0000
-331.4409 0.0000
-331.3162 0.0000
-331.7628 0.0000
-331.5189 0.0000
-331.1738 0.0000
-331.6401 0.0000
-331.0621 0.0000
-331.0639 0.0000
-330.9941 0.0000
-330.9094 0.0000
-330.2808 0.0000
-329.6722 0.0000
-329.2752 0.0000
-330.0818 0.0000
-328.8633 0.0000
-328.9271 0.0000
-328.9861 0.0000
-329.1156 0.0000
-329.2390 0.0000
-329.0010 0.0000
-328.6338 0.0000
-328.6317 0.0000
-329.8861 0.0000
-328.1255 0.0000
-328.4346 0.0000
-328.2018 0.0000
-327.2349 0.0000
-327.9009 0.0000
-327.5179 0.0000
-327.3358 0.0000
-327.3613 0.0000
-327.0794 0.0000
-327.1847 0.0000
-327.1292 0.0000
-326.4673 0.0000
-326.9531 0.0000
-327.8211 0.0000
-327.3977 0.0000
-327.2438 0.0000
-327.2012 0.0000
-327.8047 0.0000
-327.9176 0.0000
-328.2212 0.0000
-328.2307 0.0000
-327.1561 0.0000
-327.2642 0.0000
-327.3773 0.0000
-327.9233 0.0000
-326.7451 0.0000
-326.7600 0.0000
-327.4957 0.0000
-325.9212 0.0000
-325.0968 0.0000
-325.3276 0.0000
-325.9780 0.0000
-325.5478 0.0000
-325.3189 0.0000
-324.6165 0.0000
-324.8751 0.0000
-325.5882 0.0000
-324.7796 0.0000
-324.7351 0.0000
-324.5986 0.0000
-325.1514 0.0000
-325.8321 0.0000
-326.9887 0.0000
-326.2926 0.0000
-325.1401 0.0000
-325.3351 0.0000
-325.7888 0.0000
-327.2251 0.0000
-324.7446 0.0000
-323.3908 0.0000
-322.6021 0.0000
-322.7832 0.0000
-321.7141 0.0000
-321.8753 0.0000
-321.3506 0.0000
-321.2603 0.0000
-320.3386 0.0000
-321.1164 0.0000
-321.1977 0.0000
-319.7107 0.0000
-319.2272 0.0000
-318.4207 0.0000
-319.4119 0.0000
-318.3993 0.0000
-318.0736 0.0000
-318.8777 0.0000
-317.9272 0.0000
-317.9805 0.0000
-318.3946 0.0000
-318.1593 0.0000
-318.4379 0.0000
-317.5961 0.0000
-297.7428 0.0000
-297.5030 0.0000
-297.0590 0.0000
-298.7443 0.0000
-297.7372 0.0000
-297.7351 0.0000
-297.1261 0.0000
-297.7385 0.0000
-297.8448 0.0000
-296.8352 0.0000
-297.6594 0.0000
-298.1066 0.0000
-298.9645 0.0000
-298.5278 0.0000
-298.3782 0.0000
-298.2855 0.0000
-297.0611 0.0000
-297.3980 0.0000
-296.2283 0.0000
-295.7211 0.0000
-295.0023 0.0000
-295.1240 0.0000
-295.9999 0.0000
-295.9127 0.0000
-295.7281 0.0000
-296.4575 0.0000
-296.6970 0.0000
-297.6583 0.0000
-297.5983 0.0000
-295.6967 0.0000
-296.7172 0.0000
-296.8023 0.0000
-297.3152 0.0000
-298.2563 0.0000
-296.3182 0.0000
-296.2882 0.0000
-296.0439 0.0000
-296.7044 0.0000
-295.6299 0.0000
-295.8164 0.0000
-296.0734 0.0000
-295.8098 0.0000
-295.0657 0.0000
-295.9386 0.0000
-295.7745 0.0000
-296.8224 0.0000
-297.9877 0.0000
-297.3733 0.0000
-296.6223 0.0000
-295.8810 0.0000
-296.3378 0.0000
-297.1239 0.0000
-296.6324 0.0000
-296.6007 0.0000
-296.8739 0.0000
-295.6043 0.0000
-295.1843 0.0000
-295.4180 0.0000
-294.6639 0.0000
-295.0518 0.0000
-295.6375 0.0000
-295.8104 0.0000
-294.8727 0.0000
-295.1059 0.0000
-294.4752 0.0000
-294.0463 0.0000
-292.6532 0.0000
-293.7344 0.0000
-293.3832 0.0000
-292.9559 0.0000
-292.4878 0.0000
-290.1975 0.0000
-289.9305 0.0000
-287.7392 0.0000
-288.7648 0.0000
-287.1857 0.0000
-286.0672 0.0000
-286.9978 0.0000
-287.2595 0.0000
-285.6163 0.0000
-285.1155 0.0000
-285.5809 0.0000
-284.6230 0.0000
-285.1266 0.0000
-284.7210 0.0000
-284.9560 0.0000
-285.7171 0.0000
-286.2733 0.0000
-287.1134 0.0000
-286.5308 0.0000
-287.7800 0.0000
-285.3088 0.0000
-286.1076 0.0000
-285.1893 0.0000
-287.6212 0.0000
-283.9687 0.0000
-286.8156 0.0000
-283.5471 0.0000
-283.1718 0.0000
