-100.0000 -100.0000
-322.0280 0.0000
-321.5300 0.0000
-321.5252 0.0000
-321.0010 0.0000
-321.3281 0.0000
-320.8766 0.0000
-321.2019 0.0000
-320.6498 0.0000
-320.6062 0.0000
-320.8164 0.0000
-321.0396 0.0000
-321.0027 0.0000
-321.5002 0.0000
-321.8607 0.0000
-322.4769 0.0000
-322.4744 0.0000
-322.2776 0.0000
-321.5083 0.0000
-321.4492 0.0000
-320.7592 0.0000
-320.6152 0.0000
-320.5788 0.0000
-320.4903 0.0000
-320.7918 0.0000
-321.2371 0.0000
-321.1681 0.0000
-321.1942 0.0000
-321.1176 0.0000
-320.8079 0.0000
-320.4397 0.0000
-319.9590 0.0000
-319.7433 0.0000
-320.3185 0.0000
-320.2674 0.0000
-320.0060 0.0000
-320.1517 0.0000
-320.2995 0.0000
-321.1859 0.0000
-321.4284 0.0000
-321.7519 0.0000
-320.5961 0.0000
-320.6475 0.0000
-320.5548 0.0000
-320.3105 0.0000
-320.6505 0.0000
-320.9781 0.0000
-321.0367 0.0000
-321.5886 0.0000
-320.8563 0.0000
-320.1364 0.0000
-320.0597 0.0000
-319.8079 0.0000
-319.7267 0.0000
-319.6253 0.0000
-319.0177 0.0000
-318.8999 0.0000
-319.4103 0.0000
-318.6111 0.0000
-318.0535 0.0000
-318.4537 0.0000
-318.4365 0.0000
-317.9581 0.0000
-317.5484 0.0000
-317.6645 0.0000
-317.8121 0.0000
-317.8649 0.0000
-317.9468 0.0000
-318.5996 0.0000
-318.4733 0.0000
-318.3560 0.0000
-318.2112 0.0000
-318.3338 0.0000
-317.9365 0.0000
-318.4906 0.0000
-318.4109 0.0000
-319.2767 0.0000
-317.8383 0.0000
-317.7260 0.0000
-317.5258 0.0000
-317.9202 0.0000
-317.9173 0.0000
-318.8243 0.0000
-317.6737 0.0000
-317.8072 0.0000
-317.5612 0.0000
-317.5357 0.0000
-317.2993 0.0000
-316.8482 0.0000
-316.3584 0.0000
-317.3561 0.0000
-317.7511 0.0000
-317.6763 0.0000
-318.0964 0.0000
-318.7220 0.0000
-318.8943 0.0000
-319.1616 0.0000
-319.7508 0.0000
-319.9313 0.0000
-319.8158 0.0000
-319.9926 0.0000
-347.8603 0.0000
-347.4675 0.0000
-347.8417 0.0000
-348.4806 0.0000
-348.6912 0.0000
-347.5183 0.0000
-348.1172 0.0000
-348.3937 0.0000
-348.5123 0.0000
-348.0189 0.0000
-347.8003 0.0000
-347.7412 0.0000
-347.8384 0.0000
-348.1059 0.0000
-347.9090 0.0000
-348.0148 0.0000
-348.1436 0.0000
-347.8053 0.0000
-348.4178 0.0000
-347.8732 0.0000
-348.6431 0.0000
-347.0070 0.0000
-348.9602 0.0000
-348.5319 0.0000
-348.3719 0.0000
-348.0706 0.0000
-348.6256 0.0000
-347.9937 0.0000
-347.9103 0.0000
-348.2314 0.0000
-347.2396 0.0000
-347.6270 0.0000
-348.0894 0.0000
-347.6852 0.0000
-347.7283 0.0000
-347.7717 0.0000
-348.6541 0.0000
-347.9191 0.0000
-347.6432 0.0000
-348.5742 0.0000
-348.5313 0.0000
-348.0247 0.0000
-348.2727 0.0000
-348.1966 0.0000
-348.4231 0.0000
-347.8598 0.0000
-348.7322 0.0000
-348.0138 0.0000
-347.2186 0.0000
-347.4970 0.0000
-348.1945 0.0000
-347.9758 0.0000
-347.6035 0.0000
-347.9957 0.0000
-347.7818 0.0000
-347.9255 0.0000
-347.6353 0.0000
-348.8075 0.0000
-347.9569 0.0000
-348.1549 0.0000
-347.5969 0.0000
-347.8412 0.0000
-347.7802 0.0000
-348.1803 0.0000
-348.0121 0.0000
-347.4690 0.0000
-347.4711 0.0000
-348.4190 0.0000
-348.4161 0.0000
-348.1209 0.0000
-347.7028 0.0000
-347.1793 0.0000
-347.5869 0.0000
-347.1965 0.0000
-348.2605 0.0000
-347.7603 0.0000
-347.9069 0.0000
-348.3680 0.0000
-348.2487 0.0000
-347.5007 0.0000
-348.3934 0.0000
-348.6827 0.0000
-349.1890 0.0000
-346.9062 0.0000
-348.6203 0.0000
-348.1422 0.0000
-348.2273 0.0000
-347.7369 0.0000
-347.5674 0.0000
-347.8198 0.0000
-348.0865 0.0000
-347.1390 0.0000
-348.2989 0.0000
-347.9333 0.0000
-348.2409 0.0000
-347.5703 0.0000
-348.0108 0.0000
-347.9300 0.0000
-347.9996 0.0000
-347.8020 0.0000
-332.8126 0.0000
-332.3977 0.0000
-331.7381 0.0000
-330.6779 0.0000
-332.6720 0.0000
-332.1145 0.0000
-332.7353 0.0000
-332.3549 0.0000
-332.4292 0.0000
-332.5517 0.0000
-332.3929 0.0000
-332.4809 0.0000
-332.4077 0.0000
-332.7285 0.0000
-333.0658 0.0000
-333.4154 0.0000
-332.9738 0.0000
-332.6679 0.0000
-333.0874 0.0000
-332.3582 0.0000
-333.2127 0.0000
-333.3718 0.0000
-333.4451 0.0000
-333.4516 0.0000
-333.2461 0.0000
-333.3905 0.0000
-333.1798 0.0000
-332.9761 0.0000
-332.8918 0.0000
-332.5536 0.0000
-332.6079 0.0000
-332.9339 0.0000
-332.9176 0.0000
-332.7633 0.0000
-332.5843 0.0000
-332.4124 0.0000
-332.2970 0.0000
-332.7929 0.0000
-333.0096 0.0000
-332.5740 0.0000
-332.7533 0.0000
-332.6078 0.0000
-332.5779 0.0000
-333.0955 0.0000
-332.5654 0.0000
-332.0861 0.0000
-331.6920 0.0000
-332.1099 0.0000
-331.9973 0.0000
-331.4270 0.0000
-332.3613 0.0000
-331.9052 0.0000
-332.1913 0.0000
-331.7512 0.0000
-332.8534 0.0000
-332.6426 0.0000
-332.8286 0.0000
-333.1555 0.0000
-333.0555 0.0000
-333.2652 0.0000
-333.1328 0.0000
-333.7907 0.0000
-333.3279 0.0000
-332.4055 0.0000
-332.0186 0.0000
-331.3867 0.0000
-331.3804 0.0000
-331.7648 0.0000
-331.8661 0.0000
-332.4196 0.0000
-331.2735 0.0000
-331.4778 0.0000
-332.0114 0.0000
-332.5174 0.0000
-331.7505 0.0000
-331.8699 0.0000
-331.5105 0.0000
-331.5359 0.0000
-331.8549 0.0000
-331.7174 0.0000
-331.7739 0.0000
-331.4750 0.0000
-331.0057 0.0000
-330.8847 0.0000
-330.6610 0.0000
-330.2639 0.0000
-330.9949 0.0000
-330.5407 0.0000
-330.6691 0.0000
-331.1639 0.0000
-331.0941 0.0000
-330.8782 0.0000
-331.4814 0.0000
-331.4863 0.0000
-331.1379 0.0000
-331.0614 0.0000
-331.4602 0.0000
-331.9986 0.0000
-332.0988 0.0000
-332.2945 0.0000
-307.1107 0.0000
-307.0289 0.0000
-306.5643 0.0000
-305.5345 0.0000
-306.0628 0.0000
-306.3081 0.0000
-307.1666 0.0000
-306.9923 0.0000
-307.0513 0.0000
-306.9831 0.0000
-307.1678 0.0000
-306.3517 0.0000
-307.4095 0.0000
-307.4298 0.0000
-305.9701 0.0000
-305.5806 0.0000
-306.2504 0.0000
-306.4218 0.0000
-306.4498 0.0000
-306.5295 0.0000
-307.0242 0.0000
-306.1049 0.0000
-306.2278 0.0000
-305.6382 0.0000
-306.5866 0.0000
-304.7482 0.0000
-305.9763 0.0000
-305.2579 0.0000
-305.1216 0.0000
-305.8242 0.0000
-305.3529 0.0000
-305.8806 0.0000
-306.1409 0.0000
-305.3017 0.0000
-304.9556 0.0000
-304.4586 0.0000
-304.7313 0.0000
-304.6893 0.0000
-304.3026 0.0000
-305.6044 0.0000
-303.2144 0.0000
-303.9863 0.0000
-304.3557 0.0000
-302.8346 0.0000
-302.9601 0.0000
-304.7237 0.0000
-303.1262 0.0000
-302.1070 0.0000
-301.8244 0.0000
-301.3577 0.0000
-301.7650 0.0000
-301.2035 0.0000
-301.4089 0.0000
-301.5703 0.0000
-302.5822 0.0000
-301.6802 0.0000
-301.2435 0.0000
-301.7871 0.0000
-301.6711 0.0000
-301.7456 0.0000
-302.2224 0.0000
-301.4829 0.0000
-301.2279 0.0000
-301.4914 0.0000
-300.0355 0.0000
-300.7749 0.0000
-302.2498 0.0000
-300.6484 0.0000
-300.6256 0.0000
-300.7859 0.0000
-301.0909 0.0000
-301.7282 0.0000
-302.2652 0.0000
-301.5061 0.0000
-301.1402 0.0000
-301.5738 0.0000
-300.8687 0.0000
-301.2652 0.0000
-300.1609 0.0000
-299.8880 0.0000
-300.4032 0.0000
-302.0755 0.0000
-301.9201 0.0000
-300.6823 0.0000
-301.1249 0.0000
-299.8720 0.0000
-299.0483 0.0000
-298.5820 0.0000
-300.6247 0.0000
-300.0757 0.0000
-299.5769 0.0000
-300.0397 0.0000
-299.9942 0.0000
-299.1845 0.0000
-299.4334 0.0000
-298.0174 0.0000
-298.6573 0.0000
-299.0226 0.0000
-298.4570 0.0000
-299.3660 0.0000
-327.0488 0.0000
-326.7656 0.0000
-326.2575 0.0000
-325.2789 0.0000
-324.9140 0.0000
-328.8804 0.0000
-326.1307 0.0000
-326.2973 0.0000
-325.7945 0.0000
-326.4451 0.0000
-326.1934 0.0000
-327.9403 0.0000
-326.4992 0.0000
-327.8282 0.0000
-325.4003 0.0000
-326.3239 0.0000
-326.3226 0.0000
-326.2667 0.0000
-326.6565 0.0000
-325.5815 0.0000
-326.7961 0.0000
-326.0679 0.0000
-326.9808 0.0000
-326.2834 0.0000
-325.4265 0.0000
-325.9131 0.0000
-327.3722 0.0000
-325.3738 0.0000
-324.5836 0.0000
-327.5594 0.0000
-325.5126 0.0000
-326.1953 0.0000
-327.0928 0.0000
-328.0184 0.0000
-325.3081 0.0000
-325.5019 0.0000
-325.5545 0.0000
-326.1050 0.0000
-325.3553 0.0000
-327.9980 0.0000
-328.0631 0.0000
-326.5773 0.0000
-327.2308 0.0000
-325.3780 0.0000
-326.3632 0.0000
-326.5726 0.0000
-325.3039 0.0000
-326.5890 0.0000
-326.8835 0.0000
-325.1413 0.0000
-327.0056 0.0000
-326.8207 0.0000
-327.6924 0.0000
-327.6315 0.0000
-324.4466 0.0000
-324.8662 0.0000
-327.2777 0.0000
-324.9823 0.0000
-325.4958 0.0000
-327.3313 0.0000
-327.6467 0.0000
-325.6135 0.0000
-324.5529 0.0000
-326.4943 0.0000
-327.4599 0.0000
-326.9534 0.0000
-326.1640 0.0000
-327.6081 0.0000
-326.2462 0.0000
-324.6608 0.0000
-327.0174 0.0000
-326.8060 0.0000
-325.2781 0.0000
-326.7561 0.0000
-325.5038 0.0000
-329.4203 0.0000
-326.1942 0.0000
-328.3077 0.0000
-326.7519 0.0000
-325.5072 0.0000
-325.0798 0.0000
-327.8573 0.0000
-328.0636 0.0000
-325.2163 0.0000
-325.4359 0.0000
-325.8487 0.0000
-326.0682 0.0000
-325.6787 0.0000
-327.3465 0.0000
-327.6198 0.0000
-325.4904 0.0000
-326.9723 0.0000
-326.8979 0.0000
-326.9569 0.0000
-326.2029 0.0000
-325.8222 0.0000
-326.6363 0.0000
-327.6598 0.0000
-325.6203 0.0000
