-100.0000 -100.0000
-343.4050 0.0000
-342.4954 0.0000
-342.4038 0.0000
-341.9301 0.0000
-341.9557 0.0000
-341.9346 0.0000
-342.4009 0.0000
-342.0115 0.0000
-341.8905 0.0000
-341.7223 0.0000
-341.3423 0.0000
-341.4828 0.0000
-342.0220 0.0000
-341.2825 0.0000
-341.2895 0.0000
-341.2886 0.0000
-341.2572 0.0000
-340.8868 0.0000
-341.0556 0.0000
-340.3117 0.0000
-340.1463 0.0000
-340.2289 0.0000
-340.3448 0.0000
-340.1639 0.0000
-339.9311 0.0000
-340.0949 0.0000
-340.3902 0.0000
-339.9706 0.0000
-340.2818 0.0000
-339.7838 0.0000
-339.7727 0.0000
-339.3050 0.0000
-339.4279 0.0000
-339.2020 0.0000
-339.3726 0.0000
-339.3874 0.0000
-339.1144 0.0000
-339.0536 0.0000
-339.1833 0.0000
-339.0184 0.0000
-338.6628 0.0000
-338.6264 0.0000
-338.6083 0.0000
-338.4163 0.0000
-337.9436 0.0000
-337.6549 0.0000
-337.8226 0.0000
-337.9337 0.0000
-337.9345 0.0000
-338.3531 0.0000
-338.6384 0.0000
-338.8597 0.0000
-339.3487 0.0000
-338.2955 0.0000
-338.3140 0.0000
-338.5092 0.0000
-339.1360 0.0000
-339.3049 0.0000
-339.2017 0.0000
-339.2746 0.0000
-338.9518 0.0000
-338.9611 0.0000
-338.9850 0.0000
-339.1264 0.0000
-338.9210 0.0000
-338.4891 0.0000
-338.4668 0.0000
-338.2006 0.0000
-338.0210 0.0000
-338.2161 0.0000
-338.1880 0.0000
-338.0543 0.0000
-338.1191 0.0000
-338.2574 0.0000
-337.9396 0.0000
-338.0042 0.0000
-338.2667 0.0000
-338.0160 0.0000
-338.2776 0.0000
-338.0195 0.0000
-337.9417 0.0000
-337.5999 0.0000
-337.8507 0.0000
-337.7977 0.0000
-338.0273 0.0000
-338.6548 0.0000
-338.6097 0.0000
-338.6569 0.0000
-338.5183 0.0000
-338.6557 0.0000
-338.7565 0.0000
-338.7824 0.0000
-338.3232 0.0000
-338.2835 0.0000
-337.5935 0.0000
-337.8318 0.0000
-337.5935 0.0000
-337.8109 0.0000
-337.2207 0.0000
-337.3414 0.0000
-335.3846 0.0000
-335.7561 0.0000
-335.8470 0.0000
-335.8120 0.0000
-335.4070 0.0000
-334.7513 0.0000
-335.1681 0.0000
-334.6312 0.0000
-334.4631 0.0000
-334.8049 0.0000
-334.5226 0.0000
-334.7141 0.0000
-334.6070 0.0000
-334.7750 0.0000
-334.1891 0.0000
-334.2475 0.0000
-335.2057 0.0000
-336.1664 0.0000
-334.8239 0.0000
-334.8636 0.0000
-335.2631 0.0000
-336.3187 0.0000
-336.2189 0.0000
-335.6622 0.0000
-336.0919 0.0000
-336.6755 0.0000
-335.7668 0.0000
-336.0214 0.0000
-335.7285 0.0000
-336.1224 0.0000
-335.0576 0.0000
-335.3334 0.0000
-335.1683 0.0000
-334.4346 0.0000
-334.4868 0.0000
-334.3552 0.0000
-335.8641 0.0000
-334.9974 0.0000
-334.2711 0.0000
-335.4583 0.0000
-335.0959 0.0000
-332.9048 0.0000
-332.4201 0.0000
-332.3733 0.0000
-331.9185 0.0000
-331.2059 0.0000
-331.7055 0.0000
-331.3805 0.0000
-329.9168 0.0000
-330.8273 0.0000
-329.7683 0.0000
-329.9720 0.0000
-330.4855 0.0000
-329.3686 0.0000
-331.0282 0.0000
-330.0820 0.0000
-328.7056 0.0000
-329.1144 0.0000
-328.7275 0.0000
-328.7999 0.0000
-328.2290 0.0000
-328.2009 0.0000
-328.6842 0.0000
-327.8909 0.0000
-328.3794 0.0000
-328.6149 0.0000
-327.7918 0.0000
-325.6385 0.0000
-325.9987 0.0000
-326.0899 0.0000
-326.7377 0.0000
-326.3563 0.0000
-326.4364 0.0000
-326.4316 0.0000
-326.6192 0.0000
-326.8039 0.0000
-326.8639 0.0000
-326.5703 0.0000
-327.4145 0.0000
-327.7387 0.0000
-327.8467 0.0000
-327.2066 0.0000
-325.7914 0.0000
-325.6715 0.0000
-324.8765 0.0000
-325.3372 0.0000
-325.9960 0.0000
-326.7225 0.0000
-326.2621 0.0000
-326.6705 0.0000
-327.0231 0.0000
-325.9745 0.0000
-325.6589 0.0000
-326.3195 0.0000
-324.6758 0.0000
-324.4261 0.0000
-323.8551 0.0000
-323.5226 0.0000
-323.9584 0.0000
-323.9213 0.0000
-379.2428 0.0000
-378.7435 0.0000
-377.1960 0.0000
-376.3025 0.0000
-379.7538 0.0000
-376.1151 0.0000
-379.4587 0.0000
-379.2951 0.0000
-378.9721 0.0000
-377.7924 0.0000
-377.6353 0.0000
-378.2652 0.0000
-378.2217 0.0000
-378.8154 0.0000
-378.1544 0.0000
-379.0030 0.0000
-377.7217 0.0000
-378.0529 0.0000
-377.7140 0.0000
-375.5515 0.0000
-379.3707 0.0000
-377.6394 0.0000
-377.9877 0.0000
-378.2860 0.0000
-377.7006 0.0000
-380.0731 0.0000
-377.1672 0.0000
-376.0231 0.0000
-377.2311 0.0000
-376.8700 0.0000
-379.0129 0.0000
-378.6513 0.0000
-377.4112 0.0000
-376.5705 0.0000
-379.0069 0.0000
-378.2137 0.0000
-377.3748 0.0000
-379.0113 0.0000
-378.5106 0.0000
-374.9291 0.0000
-376.8760 0.0000
-378.4349 0.0000
-377.6420 0.0000
-379.4827 0.0000
-377.2261 0.0000
-376.0472 0.0000
-377.6233 0.0000
-380.0189 0.0000
-377.0840 0.0000
-375.8775 0.0000
-378.5696 0.0000
-380.0347 0.0000
-378.8058 0.0000
-378.6945 0.0000
-379.9188 0.0000
-378.4992 0.0000
-380.7759 0.0000
-378.7046 0.0000
-379.1175 0.0000
-379.6445 0.0000
-377.2870 0.0000
-377.2976 0.0000
-378.7380 0.0000
-375.3650 0.0000
-374.7709 0.0000
-371.9225 0.0000
-373.2262 0.0000
-371.6163 0.0000
-373.8237 0.0000
-373.1459 0.0000
-369.7200 0.0000
-370.7202 0.0000
-369.9826 0.0000
-369.9414 0.0000
-366.7010 0.0000
-366.4287 0.0000
-367.5544 0.0000
-368.3803 0.0000
-368.3678 0.0000
-368.1272 0.0000
-369.6198 0.0000
-367.3734 0.0000
-366.3074 0.0000
-366.0952 0.0000
-364.1843 0.0000
-363.0232 0.0000
-364.3204 0.0000
-363.1122 0.0000
-361.4436 0.0000
-362.9949 0.0000
-360.8813 0.0000
-360.8658 0.0000
-360.5175 0.0000
-362.1272 0.0000
-359.8058 0.0000
-360.9363 0.0000
-361.4406 0.0000
-359.8697 0.0000
-359.9164 0.0000
-360.0238 0.0000
-292.9205 0.0000
-292.0734 0.0000
-292.0654 0.0000
-292.1349 0.0000
-292.5566 0.0000
-291.8321 0.0000
-290.8081 0.0000
-291.6783 0.0000
-291.6553 0.0000
-291.2163 0.0000
-291.2378 0.0000
-290.8087 0.0000
-290.4969 0.0000
-290.5228 0.0000
-291.2912 0.0000
-289.7051 0.0000
-289.0766 0.0000
-288.5362 0.0000
-288.7702 0.0000
-288.2646 0.0000
-287.5775 0.0000
-286.5461 0.0000
-286.7653 0.0000
-287.3122 0.0000
-286.3944 0.0000
-286.8781 0.0000
-286.3675 0.0000
-287.3915 0.0000
-286.8703 0.0000
-286.8517 0.0000
-286.2459 0.0000
-285.9611 0.0000
-285.1111 0.0000
-286.3076 0.0000
-286.4347 0.0000
-286.0041 0.0000
-285.4430 0.0000
-285.8222 0.0000
-285.4576 0.0000
-285.9544 0.0000
-286.9421 0.0000
-287.3607 0.0000
-286.7382 0.0000
-286.9683 0.0000
-285.9897 0.0000
-285.9370 0.0000
-286.1767 0.0000
-285.9088 0.0000
-284.6599 0.0000
-284.4626 0.0000
-284.8523 0.0000
-284.5609 0.0000
-284.3974 0.0000
-283.6513 0.0000
-283.8964 0.0000
-283.1599 0.0000
-283.6585 0.0000
-283.1301 0.0000
-283.2893 0.0000
-282.8895 0.0000
-282.8711 0.0000
-283.1044 0.0000
-283.1472 0.0000
-283.1301 0.0000
-283.0265 0.0000
-282.7060 0.0000
-282.4734 0.0000
-282.0889 0.0000
-282.3733 0.0000
-282.3574 0.0000
-282.0968 0.0000
-281.8408 0.0000
-281.9876 0.0000
-282.0397 0.0000
-282.6492 0.0000
-283.4788 0.0000
-282.5877 0.0000
-282.5802 0.0000
-282.4143 0.0000
-282.6547 0.0000
-282.8144 0.0000
-282.6680 0.0000
-283.2562 0.0000
-283.8358 0.0000
-284.3226 0.0000
-284.0497 0.0000
-284.3641 0.0000
-284.1053 0.0000
-284.1975 0.0000
-283.7569 0.0000
-284.3198 0.0000
-284.0656 0.0000
-284.9203 0.0000
-284.8504 0.0000
-284.5862 0.0000
-283.5876 0.0000
-282.6328 0.0000
-282.1327 0.0000
-281.1880 0.0000
-281.1205 0.0000
-313.8025 0.0000
-314.4766 0.0000
-313.4584 0.0000
-313.7624 0.0000
-313.2691 0.0000
-314.6555 0.0000
-314.1986 0.0000
-314.3102 0.0000
-313.7596 0.0000
-313.8565 0.0000
-313.7095 0.0000
-313.3485 0.0000
-313.8920 0.0000
-313.5908 0.0000
-312.7428 0.0000
-313.7071 0.0000
-313.9039 0.0000
-313.8640 0.0000
-314.1175 0.0000
-313.8216 0.0000
-313.7380 0.0000
-313.8394 0.0000
-313.5515 0.0000
-313.7153 0.0000
-313.0144 0.0000
-313.9632 0.0000
-314.3721 0.0000
-313.3070 0.0000
-313.2150 0.0000
-313.7247 0.0000
-313.6675 0.0000
-313.8025 0.0000
-314.5366 0.0000
-314.1622 0.0000
-313.1296 0.0000
-313.8723 0.0000
-313.8092 0.0000
-313.6152 0.0000
-313.3351 0.0000
-313.2689 0.0000
-313.7489 0.0000
-313.5695 0.0000
-313.4064 0.0000
-314.3536 0.0000
-313.8245 0.0000
-313.9070 0.0000
-313.8587 0.0000
-314.9323 0.0000
-313.5775 0.0000
-313.5238 0.0000
-314.2778 0.0000
-314.4180 0.0000
-314.1668 0.0000
-314.4453 0.0000
-314.2440 0.0000
-313.5208 0.0000
-314.0806 0.0000
-313.5407 0.0000
-313.0880 0.0000
-313.6466 0.0000
-313.4327 0.0000
-313.5291 0.0000
-313.8525 0.0000
-313.7174 0.0000
-313.5552 0.0000
-314.0147 0.0000
-313.3327 0.0000
-314.5635 0.0000
-314.1348 0.0000
-312.9723 0.0000
-314.0746 0.0000
-313.4170 0.0000
-313.6199 0.0000
-313.4726 0.0000
-313.0917 0.0000
-313.9026 0.0000
-313.8400 0.0000
-313.5596 0.0000
-313.8597 0.0000
-312.8266 0.0000
-313.4813 0.0000
-314.1090 0.0000
-313.7582 0.0000
-313.7889 0.0000
-313.4224 0.0000
-314.3595 0.0000
-313.3237 0.0000
-312.9012 0.0000
-313.6737 0.0000
-313.1299 0.0000
-313.9864 0.0000
-313.4879 0.0000
-313.5905 0.0000
-313.5668 0.0000
-313.5700 0.0000
-313.1443 0.0000
-313.6469 0.0000
-313.7011 0.0000
-313.5656 0.0000
