-100.0000 -100.0000
-406.2573 0.0000
-405.5919 0.0000
-405.1652 0.0000
-405.1014 0.0000
-405.3432 0.0000
-404.8763 0.0000
-405.5818 0.0000
-403.8876 0.0000
-404.0436 0.0000
-403.6936 0.0000
-402.6273 0.0000
-401.8774 0.0000
-402.8255 0.0000
-404.1586 0.0000
-404.4443 0.0000
-403.9419 0.0000
-404.5979 0.0000
-402.0777 0.0000
-402.4650 0.0000
-400.4698 0.0000
-398.8865 0.0000
-398.8353 0.0000
-397.6293 0.0000
-397.4500 0.0000
-397.6655 0.0000
-398.1955 0.0000
-399.1591 0.0000
-397.4748 0.0000
-399.1520 0.0000
-396.6751 0.0000
-397.4786 0.0000
-394.6066 0.0000
-395.8369 0.0000
-393.7773 0.0000
-393.4241 0.0000
-392.8874 0.0000
-392.4129 0.0000
-391.8829 0.0000
-392.6426 0.0000
-390.6494 0.0000
-390.0599 0.0000
-389.0980 0.0000
-388.8706 0.0000
-387.1628 0.0000
-387.5294 0.0000
-384.3715 0.0000
-383.6435 0.0000
-383.4094 0.0000
-384.0420 0.0000
-384.1269 0.0000
-384.4904 0.0000
-386.4798 0.0000
-387.0572 0.0000
-385.1286 0.0000
-384.7066 0.0000
-386.6948 0.0000
-386.2160 0.0000
-386.6055 0.0000
-387.6091 0.0000
-387.5730 0.0000
-386.2444 0.0000
-385.7819 0.0000
-384.5384 0.0000
-384.3290 0.0000
-384.3523 0.0000
-382.7567 0.0000
-384.1343 0.0000
-382.6103 0.0000
-381.6014 0.0000
-382.1773 0.0000
-383.1369 0.0000
-381.6826 0.0000
-381.5031 0.0000
-381.9158 0.0000
-382.3035 0.0000
-381.3304 0.0000
-383.2493 0.0000
-384.3170 0.0000
-385.6594 0.0000
-383.1477 0.0000
-382.2848 0.0000
-380.5827 0.0000
-381.4030 0.0000
-380.2969 0.0000
-380.7170 0.0000
-382.8319 0.0000
-381.6246 0.0000
-382.5809 0.0000
-381.4391 0.0000
-383.2876 0.0000
-382.6747 0.0000
-382.6605 0.0000
-382.5300 0.0000
-383.0942 0.0000
-378.5871 0.0000
-379.5670 0.0000
-378.8753 0.0000
-379.9295 0.0000
-377.5423 0.0000
-377.8018 0.0000
-324.4348 0.0000
-322.6895 0.0000
-323.4479 0.0000
-322.3691 0.0000
-320.8732 0.0000
-320.0961 0.0000
-319.3033 0.0000
-318.5867 0.0000
-317.9649 0.0000
-317.8072 0.0000
-318.4590 0.0000
-319.4201 0.0000
-318.5567 0.0000
-318.9018 0.0000
-318.3130 0.0000
-319.3409 0.0000
-318.6729 0.0000
-319.8406 0.0000
-318.5330 0.0000
-318.2447 0.0000
-317.8350 0.0000
-319.5325 0.0000
-319.6991 0.0000
-319.2550 0.0000
-319.4508 0.0000
-319.1095 0.0000
-318.7476 0.0000
-318.3226 0.0000
-318.5581 0.0000
-318.4580 0.0000
-318.1885 0.0000
-318.5651 0.0000
-317.2068 0.0000
-317.7770 0.0000
-317.9044 0.0000
-317.0598 0.0000
-317.9369 0.0000
-317.3146 0.0000
-317.3923 0.0000
-316.6829 0.0000
-317.1452 0.0000
-316.2860 0.0000
-315.8843 0.0000
-316.2878 0.0000
-315.4095 0.0000
-315.3153 0.0000
-315.7249 0.0000
-316.4089 0.0000
-315.2600 0.0000
-316.0567 0.0000
-315.9136 0.0000
-316.5028 0.0000
-316.6984 0.0000
-315.7362 0.0000
-316.7848 0.0000
-316.6158 0.0000
-316.6452 0.0000
-315.2612 0.0000
-315.0063 0.0000
-314.5640 0.0000
-314.2963 0.0000
-313.4897 0.0000
-312.4715 0.0000
-311.5717 0.0000
-311.5393 0.0000
-311.0648 0.0000
-310.5181 0.0000
-309.4535 0.0000
-309.7641 0.0000
-309.3801 0.0000
-309.9392 0.0000
-309.9125 0.0000
-310.7198 0.0000
-311.3475 0.0000
-308.8364 0.0000
-308.4679 0.0000
-309.0583 0.0000
-308.8456 0.0000
-308.6204 0.0000
-308.2382 0.0000
-307.7534 0.0000
-307.5605 0.0000
-305.4113 0.0000
-305.8411 0.0000
-306.1647 0.0000
-305.1857 0.0000
-305.4904 0.0000
-305.3527 0.0000
-304.9143 0.0000
-305.2743 0.0000
-305.7497 0.0000
-305.2822 0.0000
-305.5888 0.0000
-304.9056 0.0000
-304.3859 0.0000
-304.3078 0.0000
-304.3537 0.0000
-304.4302 0.0000
-303.7103 0.0000
-303.4404 0.0000
-318.3121 0.0000
-317.7527 0.0000
-318.6536 0.0000
-318.0007 0.0000
-318.6161 0.0000
-318.4347 0.0000
-318.7336 0.0000
-318.8007 0.0000
-318.8718 0.0000
-317.8978 0.0000
-318.5417 0.0000
-317.9887 0.0000
-319.1601 0.0000
-318.4123 0.0000
-318.1042 0.0000
-318.5347 0.0000
-317.9518 0.0000
-318.1276 0.0000
-318.1416 0.0000
-317.8226 0.0000
-318.0189 0.0000
-318.0728 0.0000
-317.6510 0.0000
-317.8307 0.0000
-317.5098 0.0000
-318.2569 0.0000
-318.7391 0.0000
-318.1049 0.0000
-317.8305 0.0000
-317.6201 0.0000
-318.0043 0.0000
-318.4145 0.0000
-317.8225 0.0000
-318.3392 0.0000
-318.1018 0.0000
-318.5593 0.0000
-317.5757 0.0000
-318.3048 0.0000
-318.6707 0.0000
-317.8120 0.0000
-318.7862 0.0000
-318.9559 0.0000
-318.0702 0.0000
-318.6372 0.0000
-318.2970 0.0000
-318.3025 0.0000
-318.4155 0.0000
-318.0060 0.0000
-318.7705 0.0000
-318.5612 0.0000
-318.9762 0.0000
-318.1695 0.0000
-317.4900 0.0000
-317.5954 0.0000
-317.2525 0.0000
-317.4382 0.0000
-317.5105 0.0000
-317.1248 0.0000
-316.2796 0.0000
-316.3533 0.0000
-316.9723 0.0000
-316.1738 0.0000
-316.5636 0.0000
-316.4987 0.0000
-315.8144 0.0000
-315.3610 0.0000
-315.0594 0.0000
-315.7820 0.0000
-315.1962 0.0000
-315.5969 0.0000
-315.3552 0.0000
-315.8979 0.0000
-316.6123 0.0000
-316.4573 0.0000
-316.4427 0.0000
-317.4307 0.0000
-316.2950 0.0000
-315.7956 0.0000
-315.8859 0.0000
-315.9655 0.0000
-316.3135 0.0000
-316.4545 0.0000
-315.9033 0.0000
-315.0880 0.0000
-314.2378 0.0000
-313.6270 0.0000
-313.3792 0.0000
-313.7805 0.0000
-314.4770 0.0000
-314.1972 0.0000
-313.6593 0.0000
-312.9933 0.0000
-313.2813 0.0000
-313.3848 0.0000
-312.4004 0.0000
-312.4763 0.0000
-312.5052 0.0000
-312.8337 0.0000
-313.6236 0.0000
-313.7025 0.0000
-346.1771 0.0000
-346.9044 0.0000
-346.5166 0.0000
-346.1575 0.0000
-346.4489 0.0000
-346.4484 0.0000
-346.2087 0.0000
-346.7181 0.0000
-346.5173 0.0000
-346.2807 0.0000
-347.4186 0.0000
-345.9824 0.0000
-346.8710 0.0000
-346.9804 0.0000
-346.7530 0.0000
-345.8360 0.0000
-346.1282 0.0000
-345.6510 0.0000
-346.7406 0.0000
-346.1758 0.0000
-347.1015 0.0000
-345.8163 0.0000
-346.9079 0.0000
-346.7339 0.0000
-346.4404 0.0000
-346.7322 0.0000
-346.3994 0.0000
-347.0741 0.0000
-346.6534 0.0000
-346.9090 0.0000
-346.5306 0.0000
-346.0041 0.0000
-346.3735 0.0000
-346.3056 0.0000
-346.9664 0.0000
-346.7584 0.0000
-346.2809 0.0000
-346.8352 0.0000
-346.4805 0.0000
-346.5026 0.0000
-347.0286 0.0000
-346.5448 0.0000
-346.5859 0.0000
-346.7599 0.0000
-346.6706 0.0000
-347.1415 0.0000
-346.3463 0.0000
-345.9130 0.0000
-346.3919 0.0000
-345.8643 0.0000
-346.3130 0.0000
-346.9518 0.0000
-346.7350 0.0000
-346.4393 0.0000
-346.0405 0.0000
-347.1944 0.0000
-346.6352 0.0000
-346.0327 0.0000
-346.6481 0.0000
-346.3026 0.0000
-346.1196 0.0000
-346.3073 0.0000
-346.5462 0.0000
-346.6938 0.0000
-346.7729 0.0000
-346.1889 0.0000
-347.2209 0.0000
-345.7909 0.0000
-346.5399 0.0000
-346.4805 0.0000
-347.3744 0.0000
-346.7476 0.0000
-346.0138 0.0000
-346.4971 0.0000
-346.8766 0.0000
-347.1605 0.0000
-346.4505 0.0000
-346.2847 0.0000
-346.2758 0.0000
-346.2573 0.0000
-345.5969 0.0000
-346.6055 0.0000
-345.9661 0.0000
-346.3901 0.0000
-346.1180 0.0000
-346.5523 0.0000
-346.9182 0.0000
-346.1613 0.0000
-346.5057 0.0000
-346.4620 0.0000
-346.9473 0.0000
-346.1413 0.0000
-345.5675 0.0000
-347.4722 0.0000
-345.8955 0.0000
-346.1520 0.0000
-347.0086 0.0000
-346.7632 0.0000
-346.3931 0.0000
-346.5793 0.0000
-346.3058 0.0000
-347.2938 0.0000
-345.8258 0.0000
-346.1606 0.0000
-346.5987 0.0000
-347.3213 0.0000
-347.3109 0.0000
-347.1821 0.0000
-346.4597 0.0000
-346.3878 0.0000
-345.9584 0.0000
-345.9491 0.0000
-346.8738 0.0000
-346.6235 0.0000
-345.7680 0.0000
-345.9836 0.0000
-346.5650 0.0000
-346.0591 0.0000
-346.8608 0.0000
-347.3995 0.0000
-346.3229 0.0000
-346.4237 0.0000
-346.4656 0.0000
-345.6045 0.0000
-346.3154 0.0000
-346.7028 0.0000
-347.4829 0.0000
-346.1931 0.0000
-346.1713 0.0000
-346.6400 0.0000
-346.8068 0.0000
-346.6050 0.0000
-346.8904 0.0000
-346.5316 0.0000
-345.6815 0.0000
-346.6923 0.0000
-346.7815 0.0000
-346.4467 0.0000
-346.5330 0.0000
-346.0014 0.0000
-346.3561 0.0000
-346.4817 0.0000
-346.6892 0.0000
-347.3781 0.0000
-346.7855 0.0000
-346.4629 0.0000
-346.3735 0.0000
-346.6722 0.0000
-346.3965 0.0000
-346.2384 0.0000
-346.7706 0.0000
-346.8346 0.0000
-347.3020 0.0000
-346.8732 0.0000
-346.9614 0.0000
-346.5028 0.0000
-347.0291 0.0000
-346.5562 0.0000
-345.6716 0.0000
-346.4635 0.0000
-346.0823 0.0000
-346.2752 0.0000
-346.7060 0.0000
-346.5660 0.0000
-346.6323 0.0000
-346.9629 0.0000
-346.0468 0.0000
-346.7798 0.0000
-347.2107 0.0000
-346.3299 0.0000
-346.8693 0.0000
-346.3599 0.0000
-346.8775 0.0000
-346.6938 0.0000
-346.2738 0.0000
-346.6441 0.0000
-347.1182 0.0000
-346.6014 0.0000
-346.8372 0.0000
-346.4643 0.0000
-346.8361 0.0000
-347.1017 0.0000
-346.1327 0.0000
-346.6447 0.0000
-346.6183 0.0000
-346.8032 0.0000
-346.5516 0.0000
-346.2158 0.0000
-346.6334 0.0000
-346.4317 0.0000
-346.9502 0.0000
-346.4871 0.0000
-346.6498 0.0000
-346.5072 0.0000
-346.4597 0.0000
-345.7410 0.0000
-346.6118 0.0000
-346.5750 0.0000
-346.5669 0.0000
