-100.0000 -100.0000
-344.9681 0.0000
-344.6572 0.0000
-344.8352 0.0000
-344.5246 0.0000
-344.8976 0.0000
-344.5018 0.0000
-343.9607 0.0000
-344.0089 0.0000
-343.8385 0.0000
-344.2442 0.0000
-343.8131 0.0000
-343.4992 0.0000
-343.4074 0.0000
-342.8332 0.0000
-341.6769 0.0000
-341.6314 0.0000
-342.3583 0.0000
-341.0780 0.0000
-341.8870 0.0000
-341.3239 0.0000
-341.3255 0.0000
-340.8580 0.0000
-341.1605 0.0000
-340.2555 0.0000
-340.6325 0.0000
-340.6499 0.0000
-340.8043 0.0000
-341.9327 0.0000
-341.0896 0.0000
-340.5477 0.0000
-340.1465 0.0000
-339.6059 0.0000
-339.6508 0.0000
-339.7364 0.0000
-340.9129 0.0000
-339.1693 0.0000
-339.6690 0.0000
-339.8447 0.0000
-340.2164 0.0000
-339.9361 0.0000
-339.5658 0.0000
-339.1634 0.0000
-338.9621 0.0000
-338.9814 0.0000
-339.3619 0.0000
-339.5950 0.0000
-339.0025 0.0000
-338.7417 0.0000
-338.7218 0.0000
-338.1740 0.0000
-337.6811 0.0000
-337.2817 0.0000
-337.6407 0.0000
-338.1372 0.0000
-337.5453 0.0000
-337.7964 0.0000
-338.9436 0.0000
-337.9514 0.0000
-337.6561 0.0000
-338.0427 0.0000
-338.1751 0.0000
-338.6258 0.0000
-338.4650 0.0000
-338.4549 0.0000
-337.0515 0.0000
-337.4935 0.0000
-336.9202 0.0000
-337.3358 0.0000
-337.5665 0.0000
-337.5536 0.0000
-336.6257 0.0000
-336.1792 0.0000
-335.9571 0.0000
-336.5535 0.0000
-336.4672 0.0000
-336.0468 0.0000
-336.5540 0.0000
-336.7050 0.0000
-336.5021 0.0000
-336.6982 0.0000
-336.5162 0.0000
-336.3512 0.0000
-336.4010 0.0000
-336.2382 0.0000
-335.5723 0.0000
-335.3140 0.0000
-335.5288 0.0000
-335.1822 0.0000
-335.7760 0.0000
-335.9371 0.0000
-336.4360 0.0000
-336.5261 0.0000
-336.1812 0.0000
-336.5313 0.0000
-336.7157 0.0000
-336.4224 0.0000
-336.0861 0.0000
-336.1519 0.0000
-335.6524 0.0000
-335.5690 0.0000
-376.9260 0.0000
-378.4455 0.0000
-379.1207 0.0000
-378.9473 0.0000
-378.8313 0.0000
-375.4310 0.0000
-377.0226 0.0000
-378.5932 0.0000
-379.0559 0.0000
-377.9110 0.0000
-378.1368 0.0000
-377.1955 0.0000
-379.5879 0.0000
-377.8298 0.0000
-378.3559 0.0000
-378.1705 0.0000
-377.9451 0.0000
-375.9146 0.0000
-377.0767 0.0000
-377.7120 0.0000
-378.7133 0.0000
-375.8787 0.0000
-378.5168 0.0000
-378.8226 0.0000
-377.7515 0.0000
-377.8045 0.0000
-378.7488 0.0000
-378.1449 0.0000
-376.5859 0.0000
-376.3955 0.0000
-375.0200 0.0000
-376.7478 0.0000
-380.1480 0.0000
-376.5780 0.0000
-377.1340 0.0000
-379.4917 0.0000
-377.7244 0.0000
-378.0272 0.0000
-377.1742 0.0000
-380.3785 0.0000
-378.0148 0.0000
-376.8339 0.0000
-379.1256 0.0000
-378.5652 0.0000
-377.9638 0.0000
-377.2888 0.0000
-377.9339 0.0000
-379.0136 0.0000
-377.3279 0.0000
-378.5320 0.0000
-378.4831 0.0000
-377.1355 0.0000
-376.5234 0.0000
-379.9955 0.0000
-379.4071 0.0000
-379.1425 0.0000
-375.5001 0.0000
-379.5007 0.0000
-377.0377 0.0000
-376.7980 0.0000
-377.4440 0.0000
-379.2009 0.0000
-379.5312 0.0000
-377.8454 0.0000
-378.8078 0.0000
-378.0152 0.0000
-377.1381 0.0000
-376.8055 0.0000
-379.4660 0.0000
-377.4504 0.0000
-377.2172 0.0000
-377.0526 0.0000
-378.5665 0.0000
-375.5717 0.0000
-380.8837 0.0000
-376.5581 0.0000
-378.3416 0.0000
-377.7055 0.0000
-377.7281 0.0000
-378.0183 0.0000
-378.7226 0.0000
-377.4598 0.0000
-378.7805 0.0000
-378.3796 0.0000
-376.8886 0.0000
-378.3599 0.0000
-378.5984 0.0000
-377.0348 0.0000
-376.4522 0.0000
-377.5215 0.0000
-376.5431 0.0000
-375.3903 0.0000
-377.0582 0.0000
-378.7091 0.0000
-379.7215 0.0000
-375.9834 0.0000
-377.1229 0.0000
-376.1177 0.0000
-378.5999 0.0000
-378.7201 0.0000
-302.9425 0.0000
-301.8832 0.0000
-300.2543 0.0000
-301.5177 0.0000
-300.8027 0.0000
-300.8040 0.0000
-300.9204 0.0000
-300.2701 0.0000
-300.4594 0.0000
-300.9505 0.0000
-301.2556 0.0000
-300.1410 0.0000
-300.4860 0.0000
-300.1777 0.0000
-299.9087 0.0000
-299.9361 0.0000
-300.1325 0.0000
-299.0413 0.0000
-299.1722 0.0000
-299.4852 0.0000
-298.3616 0.0000
-297.9149 0.0000
-298.6942 0.0000
-298.1016 0.0000
-297.7510 0.0000
-297.4084 0.0000
-297.3363 0.0000
-297.0189 0.0000
-296.6423 0.0000
-295.6447 0.0000
-294.8252 0.0000
-294.7845 0.0000
-294.9709 0.0000
-294.6216 0.0000
-294.6309 0.0000
-295.0580 0.0000
-295.6000 0.0000
-295.3232 0.0000
-296.1178 0.0000
-295.6746 0.0000
-295.1316 0.0000
-295.0345 0.0000
-295.6711 0.0000
-295.1879 0.0000
-294.4253 0.0000
-295.5939 0.0000
-294.5288 0.0000
-294.5946 0.0000
-294.7771 0.0000
-294.6951 0.0000
-294.1576 0.0000
-293.9486 0.0000
-293.8723 0.0000
-294.1316 0.0000
-293.9156 0.0000
-293.9452 0.0000
-294.0010 0.0000
-294.8261 0.0000
-292.8485 0.0000
-292.6040 0.0000
-293.0839 0.0000
-292.9532 0.0000
-292.8621 0.0000
-292.4596 0.0000
-292.5062 0.0000
-292.6736 0.0000
-292.0591 0.0000
-292.9914 0.0000
-291.8217 0.0000
-291.9036 0.0000
-291.5339 0.0000
-290.5207 0.0000
-291.4171 0.0000
-291.7506 0.0000
-292.7611 0.0000
-292.2824 0.0000
-293.4273 0.0000
-293.2296 0.0000
-293.8678 0.0000
-293.8730 0.0000
-293.9164 0.0000
-293.8211 0.0000
-293.9794 0.0000
-294.4482 0.0000
-294.3228 0.0000
-294.6893 0.0000
-294.6373 0.0000
-295.8180 0.0000
-294.1259 0.0000
-294.2112 0.0000
-294.6977 0.0000
-294.2207 0.0000
-293.4638 0.0000
-293.7764 0.0000
-294.6359 0.0000
-295.4038 0.0000
-293.9259 0.0000
-294.0002 0.0000
-294.0490 0.0000
-294.1002 0.0000
-313.5564 0.0000
-314.5953 0.0000
-313.4745 0.0000
-312.7200 0.0000
-313.4722 0.0000
-314.0487 0.0000
-312.9882 0.0000
-313.7420 0.0000
-313.8205 0.0000
-313.4491 0.0000
-314.4382 0.0000
-313.3373 0.0000
-314.1042 0.0000
-313.6628 0.0000
-313.4902 0.0000
-313.4131 0.0000
-313.8072 0.0000
-312.8832 0.0000
-314.1675 0.0000
-313.6223 0.0000
-314.6852 0.0000
-313.2871 0.0000
-313.9681 0.0000
-313.6909 0.0000
-313.8933 0.0000
-313.9847 0.0000
-314.1739 0.0000
-314.1811 0.0000
-313.6914 0.0000
-313.7849 0.0000
-314.1863 0.0000
-313.4829 0.0000
-313.6221 0.0000
-313.9261 0.0000
-313.7051 0.0000
-313.5396 0.0000
-312.8946 0.0000
-313.8659 0.0000
-313.4350 0.0000
-313.4607 0.0000
-313.7205 0.0000
-314.3683 0.0000
-314.2775 0.0000
-313.6911 0.0000
-313.5140 0.0000
-314.0371 0.0000
-313.0645 0.0000
-313.5885 0.0000
-313.7180 0.0000
-312.6001 0.0000
-313.4890 0.0000
-314.2047 0.0000
-314.0405 0.0000
-313.7614 0.0000
-313.3585 0.0000
-314.7671 0.0000
-313.3742 0.0000
-313.3268 0.0000
-313.9211 0.0000
-313.5518 0.0000
-313.5194 0.0000
-313.4519 0.0000
-313.3922 0.0000
-313.8147 0.0000
-313.5004 0.0000
-313.8700 0.0000
-314.0339 0.0000
-313.5148 0.0000
-313.9784 0.0000
-313.9651 0.0000
-314.4783 0.0000
-314.4582 0.0000
-312.6043 0.0000
-313.4248 0.0000
-313.9237 0.0000
-313.9167 0.0000
-314.0124 0.0000
-313.2587 0.0000
-314.0961 0.0000
-313.4327 0.0000
-313.1908 0.0000
-313.4240 0.0000
-313.3819 0.0000
-313.4349 0.0000
-313.2817 0.0000
-314.4810 0.0000
-314.3051 0.0000
-312.4028 0.0000
-313.4756 0.0000
-313.2459 0.0000
-313.9275 0.0000
-313.9650 0.0000
-313.0355 0.0000
-314.2991 0.0000
-312.8125 0.0000
-313.8043 0.0000
-314.5504 0.0000
-313.7854 0.0000
-313.5539 0.0000
-313.7866 0.0000
-332.3763 0.0000
-332.7654 0.0000
-331.8653 0.0000
-331.8582 0.0000
-331.8636 0.0000
-333.1355 0.0000
-332.1671 0.0000
-332.5316 0.0000
-331.9829 0.0000
-332.7420 0.0000
-332.2107 0.0000
-332.0874 0.0000
-332.8285 0.0000
-333.1733 0.0000
-331.4753 0.0000
-332.2285 0.0000
-332.3050 0.0000
-332.7777 0.0000
-332.5258 0.0000
-332.6839 0.0000
-332.3623 0.0000
-331.8280 0.0000
-332.8553 0.0000
-332.1118 0.0000
-332.7425 0.0000
-332.7001 0.0000
-333.1750 0.0000
-332.1477 0.0000
-332.2313 0.0000
-332.3162 0.0000
-332.1715 0.0000
-332.5102 0.0000
-332.5553 0.0000
-332.9771 0.0000
-332.1148 0.0000
-331.4314 0.0000
-331.3109 0.0000
-332.2657 0.0000
-332.1016 0.0000
-332.9214 0.0000
-332.8733 0.0000
-332.6364 0.0000
-332.3503 0.0000
-332.4421 0.0000
-332.8093 0.0000
-332.3270 0.0000
-332.2641 0.0000
-332.2568 0.0000
-332.0429 0.0000
-331.8010 0.0000
-333.0088 0.0000
-332.3123 0.0000
-332.4466 0.0000
-332.2474 0.0000
-331.9049 0.0000
-331.3279 0.0000
-333.0225 0.0000
-332.3855 0.0000
-332.0916 0.0000
-332.8080 0.0000
-332.6443 0.0000
-331.7213 0.0000
-331.9662 0.0000
-332.7085 0.0000
-333.0266 0.0000
-332.4259 0.0000
-331.4500 0.0000
-331.9942 0.0000
-331.9869 0.0000
-331.7281 0.0000
-332.1639 0.0000
-332.0182 0.0000
-332.2749 0.0000
-331.6743 0.0000
-332.7830 0.0000
-332.8638 0.0000
-332.4616 0.0000
-332.8359 0.0000
-333.0729 0.0000
-331.9547 0.0000
-333.0392 0.0000
-333.0312 0.0000
-332.0894 0.0000
-331.6908 0.0000
-332.2120 0.0000
-331.5582 0.0000
-331.9488 0.0000
-331.5804 0.0000
-333.2083 0.0000
-332.6868 0.0000
-332.3519 0.0000
-332.6342 0.0000
-332.1567 0.0000
-332.3353 0.0000
-332.3948 0.0000
-331.3003 0.0000
-332.9102 0.0000
-332.8258 0.0000
-331.6481 0.0000
