-100.0000 -100.0000
-344.4349 0.0000
-343.1764 0.0000
-342.6725 0.0000
-342.2877 0.0000
-341.5760 0.0000
-340.5886 0.0000
-342.5451 0.0000
-339.1875 0.0000
-338.7475 0.0000
-339.3360 0.0000
-338.5448 0.0000
-336.9207 0.0000
-337.1625 0.0000
-337.3418 0.0000
-337.1940 0.0000
-337.7773 0.0000
-338.0422 0.0000
-338.0497 0.0000
-337.6447 0.0000
-335.9090 0.0000
-335.5567 0.0000
-335.3340 0.0000
-335.0058 0.0000
-335.5405 0.0000
-335.1826 0.0000
-336.2238 0.0000
-337.4196 0.0000
-336.8613 0.0000
-336.6378 0.0000
-334.3323 0.0000
-335.0966 0.0000
-334.7197 0.0000
-334.9693 0.0000
-333.7651 0.0000
-332.7059 0.0000
-332.2723 0.0000
-331.6324 0.0000
-331.1370 0.0000
-331.4006 0.0000
-331.6159 0.0000
-331.0822 0.0000
-330.1365 0.0000
-330.3928 0.0000
-329.9785 0.0000
-329.6046 0.0000
-327.8749 0.0000
-327.1951 0.0000
-326.9189 0.0000
-326.9920 0.0000
-327.2682 0.0000
-327.7608 0.0000
-328.1930 0.0000
-329.2588 0.0000
-327.9273 0.0000
-327.7028 0.0000
-328.1279 0.0000
-329.3673 0.0000
-330.2473 0.0000
-329.5041 0.0000
-329.7179 0.0000
-328.7864 0.0000
-329.3245 0.0000
-328.7320 0.0000
-329.2162 0.0000
-328.7205 0.0000
-327.2725 0.0000
-327.6025 0.0000
-327.7970 0.0000
-328.3762 0.0000
-329.1929 0.0000
-327.9847 0.0000
-327.6205 0.0000
-327.5149 0.0000
-328.2374 0.0000
-328.4920 0.0000
-328.0157 0.0000
-328.5427 0.0000
-328.4530 0.0000
-329.2605 0.0000
-329.0916 0.0000
-329.3319 0.0000
-328.4909 0.0000
-328.5944 0.0000
-327.7325 0.0000
-327.0001 0.0000
-328.0880 0.0000
-328.9268 0.0000
-329.1856 0.0000
-329.6202 0.0000
-331.1271 0.0000
-331.8960 0.0000
-332.1805 0.0000
-332.6262 0.0000
-331.9284 0.0000
-329.2913 0.0000
-330.0790 0.0000
-329.1022 0.0000
-329.4804 0.0000
-328.7802 0.0000
-328.6413 0.0000
-344.5675 0.0000
-345.9842 0.0000
-346.5829 0.0000
-345.9200 0.0000
-347.4161 0.0000
-343.4900 0.0000
-344.9423 0.0000
-345.8929 0.0000
-346.1048 0.0000
-345.1743 0.0000
-345.1016 0.0000
-343.6802 0.0000
-343.5483 0.0000
-343.7072 0.0000
-343.9677 0.0000
-344.0993 0.0000
-345.2022 0.0000
-345.5004 0.0000
-345.3827 0.0000
-347.4662 0.0000
-347.1977 0.0000
-348.8307 0.0000
-348.1307 0.0000
-346.6796 0.0000
-345.5285 0.0000
-344.7851 0.0000
-345.8650 0.0000
-346.7378 0.0000
-346.5924 0.0000
-347.1678 0.0000
-345.2074 0.0000
-344.8495 0.0000
-345.0816 0.0000
-343.8636 0.0000
-345.0881 0.0000
-344.4181 0.0000
-345.2420 0.0000
-344.5457 0.0000
-344.2180 0.0000
-347.0733 0.0000
-344.5563 0.0000
-343.0911 0.0000
-343.0139 0.0000
-344.0787 0.0000
-343.6034 0.0000
-342.4720 0.0000
-341.3592 0.0000
-340.9239 0.0000
-339.0259 0.0000
-340.5595 0.0000
-340.1291 0.0000
-339.3996 0.0000
-338.7632 0.0000
-337.9466 0.0000
-338.7968 0.0000
-338.7279 0.0000
-337.2746 0.0000
-336.4608 0.0000
-335.7518 0.0000
-334.3554 0.0000
-334.2250 0.0000
-333.9653 0.0000
-336.5833 0.0000
-335.5912 0.0000
-335.7336 0.0000
-336.1528 0.0000
-333.8926 0.0000
-332.7328 0.0000
-333.1377 0.0000
-333.5381 0.0000
-334.1823 0.0000
-332.0012 0.0000
-331.5197 0.0000
-332.0325 0.0000
-333.1736 0.0000
-333.8698 0.0000
-334.9660 0.0000
-333.8556 0.0000
-332.8972 0.0000
-332.2336 0.0000
-332.5194 0.0000
-331.5960 0.0000
-330.8300 0.0000
-331.0894 0.0000
-330.5610 0.0000
-331.5131 0.0000
-332.3311 0.0000
-332.8217 0.0000
-331.1454 0.0000
-330.0229 0.0000
-330.1867 0.0000
-329.1116 0.0000
-328.8079 0.0000
-330.4052 0.0000
-331.4648 0.0000
-331.9565 0.0000
-331.3559 0.0000
-331.7597 0.0000
-334.6234 0.0000
-334.5888 0.0000
-333.9935 0.0000
-334.5279 0.0000
-334.1215 0.0000
-334.0862 0.0000
-334.8690 0.0000
-334.5314 0.0000
-334.9568 0.0000
-335.3345 0.0000
-335.4482 0.0000
-335.2226 0.0000
-334.9786 0.0000
-334.8620 0.0000
-335.6646 0.0000
-335.3652 0.0000
-335.3591 0.0000
-335.7467 0.0000
-335.3156 0.0000
-335.0892 0.0000
-335.1313 0.0000
-334.7842 0.0000
-334.6659 0.0000
-334.5782 0.0000
-334.5469 0.0000
-334.9528 0.0000
-334.8905 0.0000
-335.2555 0.0000
-334.7185 0.0000
-334.1304 0.0000
-333.6249 0.0000
-332.8106 0.0000
-333.1399 0.0000
-333.0934 0.0000
-333.1920 0.0000
-332.8649 0.0000
-332.8792 0.0000
-333.0416 0.0000
-333.1428 0.0000
-334.1516 0.0000
-334.6134 0.0000
-333.3465 0.0000
-333.2257 0.0000
-333.6328 0.0000
-333.7216 0.0000
-333.9160 0.0000
-332.8705 0.0000
-332.8458 0.0000
-332.9636 0.0000
-333.5164 0.0000
-334.0732 0.0000
-333.5171 0.0000
-333.5238 0.0000
-333.7697 0.0000
-333.4315 0.0000
-334.0389 0.0000
-334.2513 0.0000
-334.2405 0.0000
-334.5149 0.0000
-334.8099 0.0000
-333.8341 0.0000
-333.9563 0.0000
-333.2111 0.0000
-333.1012 0.0000
-332.8624 0.0000
-332.0336 0.0000
-332.2235 0.0000
-331.1657 0.0000
-331.5378 0.0000
-332.0773 0.0000
-332.4773 0.0000
-332.9473 0.0000
-331.9380 0.0000
-332.3749 0.0000
-332.8143 0.0000
-332.5929 0.0000
-332.1711 0.0000
-332.4631 0.0000
-333.5335 0.0000
-332.8154 0.0000
-334.0134 0.0000
-332.5558 0.0000
-332.9168 0.0000
-332.8521 0.0000
-332.3933 0.0000
-332.1070 0.0000
-331.4865 0.0000
-331.4222 0.0000
-331.3621 0.0000
-331.3717 0.0000
-331.3771 0.0000
-331.5179 0.0000
-331.3890 0.0000
-331.3654 0.0000
-330.6993 0.0000
-330.8672 0.0000
-329.8803 0.0000
-330.7816 0.0000
-330.6573 0.0000
-331.0118 0.0000
-331.2518 0.0000
-331.3130 0.0000
-358.7435 0.0000
-361.7183 0.0000
-362.2250 0.0000
-359.8861 0.0000
-359.0757 0.0000
-359.8951 0.0000
-360.5753 0.0000
-359.5456 0.0000
-359.2922 0.0000
-361.0160 0.0000
-360.6532 0.0000
-357.7343 0.0000
-361.6425 0.0000
-360.7465 0.0000
-359.3101 0.0000
-357.8207 0.0000
-359.8494 0.0000
-358.3184 0.0000
-359.1864 0.0000
-357.9714 0.0000
-361.6675 0.0000
-358.1326 0.0000
-360.4344 0.0000
-360.8689 0.0000
-360.6590 0.0000
-360.4475 0.0000
-360.7614 0.0000
-362.6685 0.0000
-360.5720 0.0000
-362.5437 0.0000
-359.5445 0.0000
-359.8683 0.0000
-361.3650 0.0000
-358.4921 0.0000
-359.5567 0.0000
-359.9106 0.0000
-359.6012 0.0000
-359.0681 0.0000
-359.0094 0.0000
-359.4636 0.0000
-359.1245 0.0000
-361.9300 0.0000
-358.1975 0.0000
-358.0398 0.0000
-360.1472 0.0000
-360.0925 0.0000
-360.2882 0.0000
-360.4212 0.0000
-360.0459 0.0000
-360.2092 0.0000
-361.1570 0.0000
-359.5690 0.0000
-361.4211 0.0000
-358.8432 0.0000
-359.0069 0.0000
-361.7519 0.0000
-359.6829 0.0000
-357.7449 0.0000
-358.8340 0.0000
-360.2356 0.0000
-358.6422 0.0000
-361.9073 0.0000
-360.0945 0.0000
-360.6613 0.0000
-358.0609 0.0000
-358.7964 0.0000
-361.2760 0.0000
-360.8832 0.0000
-360.5768 0.0000
-360.0055 0.0000
-363.7207 0.0000
-361.7257 0.0000
-359.6958 0.0000
-361.0605 0.0000
-360.4399 0.0000
-361.7719 0.0000
-357.7786 0.0000
-358.2649 0.0000
-359.2001 0.0000
-359.6678 0.0000
-356.3850 0.0000
-360.2798 0.0000
-358.8947 0.0000
-358.0123 0.0000
-359.5159 0.0000
-359.7009 0.0000
-360.7598 0.0000
-359.4120 0.0000
-359.0316 0.0000
-361.0915 0.0000
-363.8359 0.0000
-358.4779 0.0000
-355.9760 0.0000
-360.6414 0.0000
-358.3682 0.0000
-362.4369 0.0000
-361.7164 0.0000
-360.4981 0.0000
-361.0256 0.0000
-359.7894 0.0000
-360.3513 0.0000
-362.1990 0.0000
-357.7166 0.0000
-357.8200 0.0000
-359.9588 0.0000
-362.0264 0.0000
-360.7044 0.0000
-362.1166 0.0000
-358.9802 0.0000
-360.7510 0.0000
-358.3909 0.0000
-358.2146 0.0000
-360.6789 0.0000
-362.1828 0.0000
-356.8296 0.0000
-358.6534 0.0000
-358.6727 0.0000
-359.8982 0.0000
-359.9534 0.0000
-360.5594 0.0000
-360.4849 0.0000
-359.7060 0.0000
-360.3183 0.0000
-358.9717 0.0000
-359.9490 0.0000
-360.4838 0.0000
-361.7040 0.0000
-359.2307 0.0000
-357.3692 0.0000
-360.2478 0.0000
-359.1437 0.0000
-359.8057 0.0000
-360.8576 0.0000
-361.3483 0.0000
-359.6325 0.0000
-358.0669 0.0000
-358.5620 0.0000
-359.8352 0.0000
-360.4963 0.0000
-362.2781 0.0000
-361.7111 0.0000
-359.4948 0.0000
-360.3258 0.0000
-359.6569 0.0000
-360.1245 0.0000
-360.4925 0.0000
-359.2990 0.0000
-360.6219 0.0000
-358.6422 0.0000
-358.3081 0.0000
-361.4085 0.0000
-361.1011 0.0000
-362.7921 0.0000
-360.0252 0.0000
-358.0379 0.0000
-357.0176 0.0000
-360.9092 0.0000
-361.2417 0.0000
-358.4626 0.0000
-359.0958 0.0000
-360.9131 0.0000
-359.0456 0.0000
-359.8110 0.0000
-360.9845 0.0000
-362.1558 0.0000
-360.1667 0.0000
-357.7452 0.0000
-360.1480 0.0000
-359.7715 0.0000
-359.0656 0.0000
-359.9040 0.0000
-360.5564 0.0000
-359.8103 0.0000
-359.1305 0.0000
-361.1321 0.0000
-360.5524 0.0000
-362.2131 0.0000
-361.4573 0.0000
-362.6798 0.0000
-359.2617 0.0000
-361.0914 0.0000
-363.5247 0.0000
-358.3870 0.0000
-359.2599 0.0000
-359.9513 0.0000
-357.9219 0.0000
-359.1454 0.0000
-357.3876 0.0000
-361.8458 0.0000
-360.8503 0.0000
-359.4864 0.0000
-361.5820 0.0000
-359.9502 0.0000
-360.3172 0.0000
-360.1141 0.0000
-357.9275 0.0000
-361.6404 0.0000
-360.2983 0.0000
-358.7650 0.0000
