-100.0000 -100.0000
-388.1475 0.0000
-380.1048 0.0000
-379.1487 0.0000
-377.6543 0.0000
-378.4450 0.0000
-379.4466 0.0000
-378.1074 0.0000
-378.3594 0.0000
-378.2967 0.0000
-377.1182 0.0000
-375.1900 0.0000
-376.6075 0.0000
-378.3700 0.0000
-374.2026 0.0000
-374.0003 0.0000
-373.0113 0.0000
-374.5090 0.0000
-371.1344 0.0000
-372.5831 0.0000
-368.9634 0.0000
-367.3668 0.0000
-366.2442 0.0000
-365.6982 0.0000
-365.7111 0.0000
-364.8489 0.0000
-364.9802 0.0000
-362.6630 0.0000
-361.3349 0.0000
-363.4199 0.0000
-360.2857 0.0000
-360.2959 0.0000
-357.7140 0.0000
-358.4948 0.0000
-357.7353 0.0000
-360.6399 0.0000
-356.4358 0.0000
-355.2485 0.0000
-355.1188 0.0000
-356.1869 0.0000
-352.9081 0.0000
-352.0762 0.0000
-351.9907 0.0000
-351.6973 0.0000
-351.5121 0.0000
-350.0434 0.0000
-348.4899 0.0000
-348.3529 0.0000
-346.9358 0.0000
-347.3575 0.0000
-348.3765 0.0000
-349.1565 0.0000
-347.2982 0.0000
-348.7751 0.0000
-347.6703 0.0000
-347.6739 0.0000
-350.1570 0.0000
-350.2099 0.0000
-348.2806 0.0000
-348.8306 0.0000
-346.6563 0.0000
-345.6073 0.0000
-346.0370 0.0000
-345.2309 0.0000
-345.1578 0.0000
-343.9513 0.0000
-344.5837 0.0000
-344.8231 0.0000
-343.6987 0.0000
-342.5837 0.0000
-342.3826 0.0000
-341.8046 0.0000
-342.2906 0.0000
-342.8648 0.0000
-342.7503 0.0000
-342.1622 0.0000
-341.6456 0.0000
-341.9471 0.0000
-342.4396 0.0000
-343.4730 0.0000
-341.3762 0.0000
-340.4447 0.0000
-339.9351 0.0000
-340.4871 0.0000
-340.6269 0.0000
-340.7883 0.0000
-342.2991 0.0000
-341.5022 0.0000
-341.8446 0.0000
-340.7251 0.0000
-341.3797 0.0000
-342.3490 0.0000
-341.5012 0.0000
-339.9922 0.0000
-341.2955 0.0000
-338.6848 0.0000
-339.2579 0.0000
-338.7684 0.0000
-339.4322 0.0000
-338.7652 0.0000
-339.3113 0.0000
-337.3830 0.0000
-337.5740 0.0000
-337.5496 0.0000
-337.7189 0.0000
-337.7294 0.0000
-337.0012 0.0000
-336.8254 0.0000
-337.0353 0.0000
-337.4282 0.0000
-337.3297 0.0000
-337.1463 0.0000
-337.3224 0.0000
-337.3276 0.0000
-337.2935 0.0000
-337.3562 0.0000
-337.3932 0.0000
-337.3881 0.0000
-337.2760 0.0000
-336.9765 0.0000
-337.0879 0.0000
-337.2807 0.0000
-336.8850 0.0000
-337.2213 0.0000
-337.7023 0.0000
-336.8950 0.0000
-336.9779 0.0000
-337.4214 0.0000
-337.6483 0.0000
-337.5415 0.0000
-337.3636 0.0000
-336.4506 0.0000
-336.2556 0.0000
-336.7826 0.0000
-336.7204 0.0000
-336.4717 0.0000
-336.6240 0.0000
-336.8222 0.0000
-336.7920 0.0000
-336.5359 0.0000
-337.0318 0.0000
-337.0138 0.0000
-336.9571 0.0000
-337.0304 0.0000
-337.5746 0.0000
-337.6817 0.0000
-337.3781 0.0000
-337.7326 0.0000
-337.6553 0.0000
-336.7646 0.0000
-336.9583 0.0000
-336.9991 0.0000
-337.1494 0.0000
-336.4743 0.0000
-336.9562 0.0000
-337.3438 0.0000
-337.6433 0.0000
-336.5905 0.0000
-337.0633 0.0000
-336.8863 0.0000
-336.2830 0.0000
-336.0588 0.0000
-336.1454 0.0000
-336.8103 0.0000
-335.8712 0.0000
-336.1386 0.0000
-336.5293 0.0000
-336.4304 0.0000
-336.3583 0.0000
-336.4511 0.0000
-336.3730 0.0000
-336.4415 0.0000
-336.5681 0.0000
-336.6952 0.0000
-336.1653 0.0000
-336.7650 0.0000
-335.9568 0.0000
-336.0532 0.0000
-336.3332 0.0000
-336.1962 0.0000
-336.2430 0.0000
-336.5964 0.0000
-336.4787 0.0000
-336.2244 0.0000
-336.7056 0.0000
-336.4466 0.0000
-336.4047 0.0000
-336.3321 0.0000
-336.1908 0.0000
-336.4067 0.0000
-336.4793 0.0000
-336.3162 0.0000
-335.9257 0.0000
-335.9011 0.0000
-335.9137 0.0000
-336.2269 0.0000
-335.8828 0.0000
-336.0216 0.0000
-336.0377 0.0000
-336.4872 0.0000
-336.6396 0.0000
-323.8348 0.0000
-322.2646 0.0000
-321.5409 0.0000
-323.1872 0.0000
-323.0430 0.0000
-322.2759 0.0000
-322.5881 0.0000
-322.7560 0.0000
-324.3490 0.0000
-324.0256 0.0000
-322.6338 0.0000
-320.3115 0.0000
-321.5409 0.0000
-320.9083 0.0000
-321.1702 0.0000
-321.8067 0.0000
-323.2166 0.0000
-322.5566 0.0000
-323.2530 0.0000
-321.7213 0.0000
-319.6746 0.0000
-318.8081 0.0000
-320.6723 0.0000
-318.5732 0.0000
-316.4546 0.0000
-316.7753 0.0000
-316.9723 0.0000
-315.2738 0.0000
-315.1272 0.0000
-314.4251 0.0000
-314.6579 0.0000
-315.7566 0.0000
-314.1801 0.0000
-315.2467 0.0000
-315.5243 0.0000
-315.3473 0.0000
-314.8483 0.0000
-313.7326 0.0000
-314.6997 0.0000
-313.0448 0.0000
-312.4057 0.0000
-312.7895 0.0000
-312.7224 0.0000
-312.0505 0.0000
-311.3039 0.0000
-311.8763 0.0000
-311.2728 0.0000
-310.9243 0.0000
-311.9358 0.0000
-311.1815 0.0000
-311.5168 0.0000
-310.6378 0.0000
-309.6948 0.0000
-310.3068 0.0000
-306.7507 0.0000
-307.3175 0.0000
-307.9301 0.0000
-308.6461 0.0000
-307.0412 0.0000
-306.5262 0.0000
-307.3007 0.0000
-305.1807 0.0000
-304.1330 0.0000
-303.7681 0.0000
-304.0944 0.0000
-303.6541 0.0000
-303.7603 0.0000
-304.0183 0.0000
-304.7000 0.0000
-304.0793 0.0000
-304.5991 0.0000
-303.1804 0.0000
-303.2328 0.0000
-303.0114 0.0000
-303.2291 0.0000
-303.4785 0.0000
-307.2475 0.0000
-303.5155 0.0000
-304.4538 0.0000
-303.2499 0.0000
-303.5704 0.0000
-304.7423 0.0000
-303.7676 0.0000
-304.2931 0.0000
-303.7153 0.0000
-304.5984 0.0000
-302.4345 0.0000
-302.6052 0.0000
-303.2918 0.0000
-303.7630 0.0000
-302.6977 0.0000
-303.1557 0.0000
-301.5000 0.0000
-302.0720 0.0000
-301.2597 0.0000
-301.8954 0.0000
-301.0740 0.0000
-301.3705 0.0000
-301.1091 0.0000
-300.9513 0.0000
-332.2505 0.0000
-331.6573 0.0000
-332.4374 0.0000
-332.2175 0.0000
-331.7306 0.0000
-332.6534 0.0000
-332.0685 0.0000
-331.9585 0.0000
-332.3765 0.0000
-332.4114 0.0000
-332.2794 0.0000
-331.5184 0.0000
-332.7446 0.0000
-332.7454 0.0000
-332.3969 0.0000
-332.4628 0.0000
-332.2903 0.0000
-331.5309 0.0000
-332.0620 0.0000
-332.1001 0.0000
-332.7394 0.0000
-331.5090 0.0000
-332.3834 0.0000
-332.4536 0.0000
-332.3454 0.0000
-332.5608 0.0000
-332.6295 0.0000
-332.8282 0.0000
-332.8057 0.0000
-333.1204 0.0000
-332.7373 0.0000
-332.5858 0.0000
-332.4415 0.0000
-332.3043 0.0000
-332.4514 0.0000
-333.0021 0.0000
-332.2593 0.0000
-332.0654 0.0000
-332.0887 0.0000
-332.2070 0.0000
-331.6889 0.0000
-332.8053 0.0000
-331.9958 0.0000
-331.8326 0.0000
-332.8223 0.0000
-332.3240 0.0000
-332.7490 0.0000
-332.5552 0.0000
-332.3288 0.0000
-331.9955 0.0000
-332.6283 0.0000
-331.6391 0.0000
-332.5531 0.0000
-331.7191 0.0000
-332.0372 0.0000
-332.1710 0.0000
-332.4433 0.0000
-331.7580 0.0000
-332.3777 0.0000
-332.1096 0.0000
-332.2437 0.0000
-332.8030 0.0000
-332.5091 0.0000
-332.8079 0.0000
-331.1466 0.0000
-332.0600 0.0000
-332.8716 0.0000
-332.8130 0.0000
-332.5724 0.0000
-331.7255 0.0000
-333.7004 0.0000
-333.2226 0.0000
-331.6866 0.0000
-332.5887 0.0000
-332.2417 0.0000
-333.0510 0.0000
-331.7040 0.0000
-332.3361 0.0000
-332.1839 0.0000
-331.7219 0.0000
-331.2818 0.0000
-331.8756 0.0000
-331.9844 0.0000
-332.2382 0.0000
-332.4545 0.0000
-332.3923 0.0000
-331.9422 0.0000
-332.2929 0.0000
-332.1951 0.0000
-332.4334 0.0000
-333.2746 0.0000
-331.8796 0.0000
-331.7117 0.0000
-332.0895 0.0000
-332.1553 0.0000
-332.4794 0.0000
-332.7390 0.0000
-332.5041 0.0000
-332.5949 0.0000
-332.6112 0.0000
-280.9920 0.0000
-280.8216 0.0000
-280.3589 0.0000
-280.5602 0.0000
-281.6792 0.0000
-279.9670 0.0000
-279.6762 0.0000
-279.7564 0.0000
-280.3989 0.0000
-279.1607 0.0000
-279.1059 0.0000
-278.9132 0.0000
-279.2957 0.0000
-279.4131 0.0000
-279.7553 0.0000
-279.8254 0.0000
-279.8035 0.0000
-278.9690 0.0000
-279.7491 0.0000
-279.9609 0.0000
-279.3794 0.0000
-279.7166 0.0000
-279.3190 0.0000
-279.6305 0.0000
-279.4937 0.0000
-279.4552 0.0000
-278.2631 0.0000
-278.8718 0.0000
-279.2327 0.0000
-279.9750 0.0000
-281.0576 0.0000
-280.1342 0.0000
-278.8385 0.0000
-278.0496 0.0000
-276.8608 0.0000
-277.3667 0.0000
-277.8118 0.0000
-278.3327 0.0000
-278.1249 0.0000
-277.9090 0.0000
-278.4723 0.0000
-277.9197 0.0000
-278.5792 0.0000
-278.4788 0.0000
-278.3600 0.0000
-279.1930 0.0000
-278.7353 0.0000
-277.4400 0.0000
-278.5423 0.0000
-278.3693 0.0000
-276.8504 0.0000
-276.7176 0.0000
-276.7502 0.0000
-277.1903 0.0000
-277.5904 0.0000
-278.0206 0.0000
-278.3287 0.0000
-277.8155 0.0000
-277.4535 0.0000
-277.1078 0.0000
-275.8241 0.0000
-276.0283 0.0000
-274.9336 0.0000
-273.8642 0.0000
-274.1010 0.0000
-274.2495 0.0000
-275.3515 0.0000
-275.5382 0.0000
-276.2943 0.0000
-276.8058 0.0000
-277.5710 0.0000
-276.2810 0.0000
-276.9166 0.0000
-277.3954 0.0000
-277.2992 0.0000
-277.5728 0.0000
-277.1652 0.0000
-278.0823 0.0000
-276.1500 0.0000
-276.4895 0.0000
-276.3149 0.0000
-276.0657 0.0000
-276.4448 0.0000
-276.3296 0.0000
-276.7737 0.0000
-276.5719 0.0000
-276.8224 0.0000
-276.7242 0.0000
-277.3231 0.0000
-276.4068 0.0000
-275.9094 0.0000
-275.3497 0.0000
-276.2197 0.0000
-275.2301 0.0000
-275.5329 0.0000
-275.7899 0.0000
-275.5270 0.0000
-275.4807 0.0000
-275.6076 0.0000
