-100.0000 -100.0000
-337.6864 0.0000
-337.1722 0.0000
-337.0370 0.0000
-336.8107 0.0000
-336.9232 0.0000
-337.0607 0.0000
-337.0463 0.0000
-336.9549 0.0000
-337.0332 0.0000
-336.9489 0.0000
-336.4809 0.0000
-336.4448 0.0000
-336.7825 0.0000
-336.4365 0.0000
-336.3163 0.0000
-336.1656 0.0000
-336.6524 0.0000
-336.2449 0.0000
-336.2957 0.0000
-335.6647 0.0000
-335.3080 0.0000
-335.2417 0.0000
-335.0097 0.0000
-335.0997 0.0000
-334.8542 0.0000
-334.9234 0.0000
-334.5650 0.0000
-334.3502 0.0000
-334.7293 0.0000
-334.1677 0.0000
-334.2628 0.0000
-333.6927 0.0000
-333.8013 0.0000
-333.6851 0.0000
-334.2038 0.0000
-334.0325 0.0000
-333.6996 0.0000
-333.4611 0.0000
-333.6881 0.0000
-333.3193 0.0000
-332.9663 0.0000
-332.7184 0.0000
-332.5420 0.0000
-332.5312 0.0000
-332.2026 0.0000
-331.6204 0.0000
-331.6021 0.0000
-330.8654 0.0000
-331.4532 0.0000
-331.6848 0.0000
-331.8203 0.0000
-332.1095 0.0000
-332.4175 0.0000
-332.0464 0.0000
-331.7786 0.0000
-332.5476 0.0000
-332.8085 0.0000
-333.0291 0.0000
-333.2511 0.0000
-332.9967 0.0000
-332.6216 0.0000
-332.9138 0.0000
-332.7886 0.0000
-332.8780 0.0000
-332.4352 0.0000
-332.4800 0.0000
-332.1711 0.0000
-331.6733 0.0000
-330.9484 0.0000
-330.5634 0.0000
-330.2164 0.0000
-330.3794 0.0000
-330.1373 0.0000
-329.3909 0.0000
-329.9993 0.0000
-328.8538 0.0000
-328.8251 0.0000
-329.6749 0.0000
-329.3493 0.0000
-329.0145 0.0000
-328.4260 0.0000
-328.5775 0.0000
-328.8376 0.0000
-329.2740 0.0000
-329.9359 0.0000
-330.1939 0.0000
-329.8952 0.0000
-330.4552 0.0000
-329.1357 0.0000
-329.8248 0.0000
-329.4013 0.0000
-328.9149 0.0000
-328.3629 0.0000
-329.1537 0.0000
-328.6792 0.0000
-329.0111 0.0000
-328.6791 0.0000
-328.5687 0.0000
-327.9604 0.0000
-328.1606 0.0000
-328.3716 0.0000
-329.6739 0.0000
-329.5482 0.0000
-329.1427 0.0000
-329.4391 0.0000
-327.4093 0.0000
-327.4667 0.0000
-327.8018 0.0000
-328.7131 0.0000
-327.0234 0.0000
-326.6935 0.0000
-327.3047 0.0000
-327.5088 0.0000
-327.2663 0.0000
-327.4322 0.0000
-326.6115 0.0000
-326.5171 0.0000
-325.4650 0.0000
-323.9200 0.0000
-323.8535 0.0000
-324.0758 0.0000
-322.7995 0.0000
-323.7795 0.0000
-323.5454 0.0000
-323.3728 0.0000
-323.9633 0.0000
-323.4914 0.0000
-324.2717 0.0000
-323.3539 0.0000
-322.2277 0.0000
-321.0595 0.0000
-319.4265 0.0000
-320.6449 0.0000
-320.6735 0.0000
-319.7447 0.0000
-319.9456 0.0000
-320.2297 0.0000
-320.4963 0.0000
-320.0688 0.0000
-320.9679 0.0000
-320.9209 0.0000
-319.1879 0.0000
-318.7960 0.0000
-319.3680 0.0000
-319.3005 0.0000
-319.0848 0.0000
-318.3772 0.0000
-318.3484 0.0000
-316.3640 0.0000
-315.5551 0.0000
-315.9448 0.0000
-315.9644 0.0000
-315.9147 0.0000
-317.7042 0.0000
-319.0563 0.0000
-319.5414 0.0000
-318.2507 0.0000
-319.4359 0.0000
-318.4576 0.0000
-317.2455 0.0000
-316.6047 0.0000
-317.3998 0.0000
-318.9281 0.0000
-318.0110 0.0000
-318.5018 0.0000
-319.4442 0.0000
-320.3111 0.0000
-319.4227 0.0000
-319.7442 0.0000
-319.1176 0.0000
-319.2078 0.0000
-319.6981 0.0000
-320.2420 0.0000
-318.9948 0.0000
-320.8861 0.0000
-318.9387 0.0000
-319.2879 0.0000
-320.5083 0.0000
-320.9130 0.0000
-320.7382 0.0000
-321.4604 0.0000
-320.4682 0.0000
-319.2464 0.0000
-319.6978 0.0000
-318.4444 0.0000
-319.6316 0.0000
-318.5447 0.0000
-318.4293 0.0000
-319.2966 0.0000
-318.8215 0.0000
-318.0070 0.0000
-317.0232 0.0000
-316.5605 0.0000
-316.7335 0.0000
-316.7640 0.0000
-316.2981 0.0000
-315.7429 0.0000
-315.4522 0.0000
-316.1646 0.0000
-315.8271 0.0000
-336.3094 0.0000
-334.2899 0.0000
-334.0749 0.0000
-334.4480 0.0000
-336.2788 0.0000
-334.9213 0.0000
-335.8356 0.0000
-334.1467 0.0000
-336.7377 0.0000
-335.4137 0.0000
-336.0608 0.0000
-334.9458 0.0000
-335.9189 0.0000
-337.5045 0.0000
-338.9054 0.0000
-340.0960 0.0000
-341.6959 0.0000
-341.3388 0.0000
-342.1692 0.0000
-341.1782 0.0000
-340.7236 0.0000
-339.4874 0.0000
-339.5618 0.0000
-339.7970 0.0000
-337.6950 0.0000
-337.2799 0.0000
-338.0856 0.0000
-336.8515 0.0000
-337.0412 0.0000
-334.9970 0.0000
-334.6251 0.0000
-335.6673 0.0000
-334.7945 0.0000
-335.4358 0.0000
-335.4710 0.0000
-336.6401 0.0000
-336.9267 0.0000
-337.6580 0.0000
-337.9321 0.0000
-336.8874 0.0000
-336.5295 0.0000
-337.1729 0.0000
-337.7908 0.0000
-337.3522 0.0000
-336.3664 0.0000
-337.2757 0.0000
-336.8636 0.0000
-336.7165 0.0000
-336.7215 0.0000
-336.4086 0.0000
-337.1736 0.0000
-336.1424 0.0000
-334.3439 0.0000
-334.4623 0.0000
-335.8345 0.0000
-333.0464 0.0000
-334.4881 0.0000
-333.9221 0.0000
-331.7114 0.0000
-329.6155 0.0000
-331.0305 0.0000
-331.1552 0.0000
-330.6700 0.0000
-328.6248 0.0000
-327.4229 0.0000
-327.8280 0.0000
-327.9905 0.0000
-328.3937 0.0000
-328.3613 0.0000
-327.5196 0.0000
-326.9805 0.0000
-328.4383 0.0000
-328.9107 0.0000
-329.9217 0.0000
-327.9707 0.0000
-329.7143 0.0000
-332.3124 0.0000
-329.8865 0.0000
-328.4817 0.0000
-329.0612 0.0000
-329.8931 0.0000
-329.2529 0.0000
-328.6871 0.0000
-327.8915 0.0000
-327.7501 0.0000
-327.5968 0.0000
-328.0193 0.0000
-326.5482 0.0000
-325.2300 0.0000
-326.5113 0.0000
-325.6590 0.0000
-325.9049 0.0000
-326.2469 0.0000
-327.2841 0.0000
-325.6631 0.0000
-326.5136 0.0000
-325.9084 0.0000
-326.3242 0.0000
-326.1364 0.0000
-326.4464 0.0000
-330.9150 0.0000
-332.1266 0.0000
-331.8397 0.0000
-330.7966 0.0000
-330.9044 0.0000
-331.8317 0.0000
-330.9476 0.0000
-332.0296 0.0000
-331.1625 0.0000
-331.3958 0.0000
-331.6619 0.0000
-330.3512 0.0000
-332.0457 0.0000
-331.3390 0.0000
-331.5074 0.0000
-330.2807 0.0000
-330.9575 0.0000
-329.9742 0.0000
-329.6514 0.0000
-329.1425 0.0000
-329.9360 0.0000
-327.8843 0.0000
-327.9955 0.0000
-327.8922 0.0000
-327.7029 0.0000
-328.3930 0.0000
-327.8884 0.0000
-327.9329 0.0000
-328.2244 0.0000
-329.1228 0.0000
-328.4558 0.0000
-328.7901 0.0000
-329.0147 0.0000
-328.4639 0.0000
-327.9479 0.0000
-327.1249 0.0000
-326.6100 0.0000
-325.8672 0.0000
-325.3394 0.0000
-325.2897 0.0000
-325.3614 0.0000
-326.6088 0.0000
-324.1035 0.0000
-323.7657 0.0000
-323.0875 0.0000
-322.2506 0.0000
-321.8661 0.0000
-322.5370 0.0000
-322.1629 0.0000
-322.0604 0.0000
-322.4187 0.0000
-322.1184 0.0000
-322.7038 0.0000
-322.0001 0.0000
-321.7621 0.0000
-322.3929 0.0000
-322.4248 0.0000
-321.6338 0.0000
-320.5054 0.0000
-320.5270 0.0000
-320.2808 0.0000
-320.9414 0.0000
-320.7117 0.0000
-321.5308 0.0000
-319.4643 0.0000
-319.5545 0.0000
-319.9041 0.0000
-320.6158 0.0000
-320.2664 0.0000
-320.3215 0.0000
-321.5969 0.0000
-320.6623 0.0000
-320.3451 0.0000
-320.4804 0.0000
-320.4566 0.0000
-320.7330 0.0000
-320.4231 0.0000
-320.3703 0.0000
-320.5870 0.0000
-320.4967 0.0000
-319.4164 0.0000
-318.7523 0.0000
-318.9408 0.0000
-318.6838 0.0000
-318.8985 0.0000
-318.1659 0.0000
-318.5430 0.0000
-318.3839 0.0000
-317.8430 0.0000
-318.5285 0.0000
-319.3562 0.0000
-319.1469 0.0000
-318.6684 0.0000
-317.9459 0.0000
-316.9883 0.0000
-318.2543 0.0000
-317.7486 0.0000
-317.8690 0.0000
-317.8623 0.0000
-317.5415 0.0000
-318.0699 0.0000
-317.9231 0.0000
-317.9229 0.0000
-318.6736 0.0000
-317.0913 0.0000
-317.1395 0.0000
-317.7111 0.0000
-318.2033 0.0000
-317.3775 0.0000
-317.7894 0.0000
-317.7182 0.0000
-316.8317 0.0000
-316.5774 0.0000
-317.2490 0.0000
-315.0885 0.0000
-315.0892 0.0000
-315.2876 0.0000
-316.4668 0.0000
-315.2726 0.0000
-314.7547 0.0000
-314.9754 0.0000
-314.8360 0.0000
-314.6348 0.0000
-316.2596 0.0000
-315.3780 0.0000
-315.4250 0.0000
-314.6729 0.0000
-314.5399 0.0000
-313.7715 0.0000
-314.6517 0.0000
-314.4694 0.0000
-314.2433 0.0000
-313.6847 0.0000
-313.2504 0.0000
-313.7393 0.0000
-312.6986 0.0000
-311.4373 0.0000
-312.2849 0.0000
-312.0923 0.0000
-313.3436 0.0000
-313.5443 0.0000
-312.1315 0.0000
-312.4319 0.0000
-311.6794 0.0000
-312.5532 0.0000
-313.3522 0.0000
-312.2752 0.0000
-312.6780 0.0000
-312.8250 0.0000
-313.2232 0.0000
-312.3445 0.0000
-312.7660 0.0000
-313.0629 0.0000
-313.2198 0.0000
-310.9084 0.0000
-309.3022 0.0000
-308.8225 0.0000
-308.1887 0.0000
-308.2372 0.0000
-308.1457 0.0000
-308.5946 0.0000
-308.0745 0.0000
-306.8881 0.0000
-307.1744 0.0000
-308.0072 0.0000
-306.4513 0.0000
-305.9559 0.0000
-306.1015 0.0000
-305.3950 0.0000
-305.3060 0.0000
-304.6150 0.0000
-305.1682 0.0000
-305.2554 0.0000
-303.9008 0.0000
-303.9393 0.0000
-304.7658 0.0000
-305.4603 0.0000
-305.6265 0.0000
-305.3822 0.0000
-304.5778 0.0000
-304.2027 0.0000
-305.1832 0.0000
-304.6104 0.0000
-304.1891 0.0000
-304.0137 0.0000
-302.9080 0.0000
-301.8803 0.0000
-300.6772 0.0000
-300.6619 0.0000
-300.6004 0.0000
-299.6984 0.0000
-300.7002 0.0000
-300.4191 0.0000
-300.1949 0.0000
-300.5172 0.0000
-299.6108 0.0000
-299.2243 0.0000
-299.3270 0.0000
-298.5019 0.0000
