-100.0000 -100.0000
-356.0522 0.0000
-353.1883 0.0000
-352.9793 0.0000
-352.8543 0.0000
-352.9562 0.0000
-353.2215 0.0000
-353.4532 0.0000
-353.5829 0.0000
-353.3474 0.0000
-353.2400 0.0000
-352.9743 0.0000
-353.9326 0.0000
-355.3231 0.0000
-354.7265 0.0000
-354.6865 0.0000
-354.5287 0.0000
-354.5800 0.0000
-353.7661 0.0000
-354.7341 0.0000
-353.3211 0.0000
-352.6609 0.0000
-352.5229 0.0000
-352.6939 0.0000
-352.4223 0.0000
-351.8408 0.0000
-351.8910 0.0000
-351.3435 0.0000
-350.9260 0.0000
-351.3625 0.0000
-351.0292 0.0000
-350.9387 0.0000
-350.1075 0.0000
-350.4912 0.0000
-350.5885 0.0000
-352.1527 0.0000
-351.7928 0.0000
-351.2051 0.0000
-351.3812 0.0000
-351.3947 0.0000
-350.6467 0.0000
-350.2426 0.0000
-350.4525 0.0000
-350.6477 0.0000
-350.9565 0.0000
-350.3106 0.0000
-349.6433 0.0000
-349.4177 0.0000
-348.8543 0.0000
-349.2661 0.0000
-349.6556 0.0000
-349.9084 0.0000
-348.9942 0.0000
-349.3800 0.0000
-349.6168 0.0000
-349.6892 0.0000
-350.6165 0.0000
-351.2974 0.0000
-351.3071 0.0000
-351.7942 0.0000
-351.2261 0.0000
-350.4817 0.0000
-350.4704 0.0000
-350.2118 0.0000
-350.6115 0.0000
-349.8813 0.0000
-350.3737 0.0000
-350.2848 0.0000
-350.3921 0.0000
-349.7454 0.0000
-349.1201 0.0000
-348.1703 0.0000
-348.6132 0.0000
-348.5151 0.0000
-348.0022 0.0000
-347.6588 0.0000
-347.3276 0.0000
-347.2886 0.0000
-347.6903 0.0000
-348.5991 0.0000
-347.9711 0.0000
-347.4252 0.0000
-347.6683 0.0000
-347.9592 0.0000
-348.2201 0.0000
-348.3238 0.0000
-349.0015 0.0000
-348.7898 0.0000
-348.9455 0.0000
-348.2987 0.0000
-348.7730 0.0000
-349.1295 0.0000
-348.6759 0.0000
-348.0132 0.0000
-348.6212 0.0000
-348.2508 0.0000
-348.5019 0.0000
-347.9037 0.0000
-347.8524 0.0000
-347.4831 0.0000
-347.9559 0.0000
-328.0269 0.0000
-327.7791 0.0000
-328.1137 0.0000
-328.5841 0.0000
-329.6471 0.0000
-329.3173 0.0000
-329.4841 0.0000
-329.8221 0.0000
-330.0139 0.0000
-329.8107 0.0000
-329.2815 0.0000
-328.5191 0.0000
-328.5317 0.0000
-328.9523 0.0000
-329.6798 0.0000
-329.2649 0.0000
-329.3932 0.0000
-328.8245 0.0000
-329.2451 0.0000
-329.3686 0.0000
-329.9695 0.0000
-329.1647 0.0000
-329.8999 0.0000
-330.6946 0.0000
-330.7209 0.0000
-330.3713 0.0000
-330.8390 0.0000
-330.9434 0.0000
-330.8603 0.0000
-330.7358 0.0000
-330.0003 0.0000
-329.7017 0.0000
-330.0278 0.0000
-329.1812 0.0000
-329.0444 0.0000
-328.7100 0.0000
-329.2409 0.0000
-329.3389 0.0000
-329.1290 0.0000
-330.3448 0.0000
-330.8280 0.0000
-330.8946 0.0000
-331.3722 0.0000
-331.1362 0.0000
-331.1662 0.0000
-330.9538 0.0000
-330.9427 0.0000
-331.1167 0.0000
-330.8782 0.0000
-331.1255 0.0000
-331.2186 0.0000
-330.8451 0.0000
-330.6820 0.0000
-331.1517 0.0000
-330.5959 0.0000
-330.4872 0.0000
-330.4790 0.0000
-330.9975 0.0000
-330.8208 0.0000
-331.0917 0.0000
-331.0998 0.0000
-331.5132 0.0000
-331.6859 0.0000
-331.7148 0.0000
-331.9486 0.0000
-331.7416 0.0000
-331.0773 0.0000
-331.6715 0.0000
-331.1253 0.0000
-331.2539 0.0000
-330.9080 0.0000
-330.4563 0.0000
-330.1447 0.0000
-329.3753 0.0000
-330.3243 0.0000
-329.9240 0.0000
-330.3157 0.0000
-330.0925 0.0000
-330.2553 0.0000
-329.7624 0.0000
-329.8750 0.0000
-330.6965 0.0000
-331.8546 0.0000
-331.0927 0.0000
-331.3783 0.0000
-331.4597 0.0000
-331.4160 0.0000
-331.5123 0.0000
-331.0653 0.0000
-330.7520 0.0000
-331.1993 0.0000
-330.7775 0.0000
-330.9803 0.0000
-331.5023 0.0000
-332.0666 0.0000
-331.7451 0.0000
-331.7797 0.0000
-331.5749 0.0000
-331.8820 0.0000
-332.1929 0.0000
-316.1350 0.0000
-315.8781 0.0000
-317.2438 0.0000
-317.1252 0.0000
-319.2255 0.0000
-319.1352 0.0000
-318.9433 0.0000
-319.5585 0.0000
-320.7671 0.0000
-320.6669 0.0000
-319.8206 0.0000
-319.1427 0.0000
-319.6166 0.0000
-319.0668 0.0000
-320.2261 0.0000
-322.1664 0.0000
-322.7763 0.0000
-323.8665 0.0000
-322.7772 0.0000
-321.4951 0.0000
-323.5048 0.0000
-323.6574 0.0000
-322.6382 0.0000
-322.7189 0.0000
-319.5663 0.0000
-321.5468 0.0000
-318.2034 0.0000
-315.7131 0.0000
-316.4079 0.0000
-316.4803 0.0000
-317.5122 0.0000
-318.7797 0.0000
-318.3727 0.0000
-318.3400 0.0000
-319.6018 0.0000
-318.5995 0.0000
-318.5263 0.0000
-319.7175 0.0000
-320.4909 0.0000
-320.0068 0.0000
-320.7065 0.0000
-321.4749 0.0000
-320.3989 0.0000
-321.2702 0.0000
-320.5895 0.0000
-318.5529 0.0000
-318.5491 0.0000
-319.4215 0.0000
-319.6299 0.0000
-319.8051 0.0000
-321.3292 0.0000
-321.5956 0.0000
-319.5836 0.0000
-320.4654 0.0000
-321.2344 0.0000
-320.3095 0.0000
-322.4963 0.0000
-319.3948 0.0000
-319.6545 0.0000
-320.7803 0.0000
-319.9737 0.0000
-320.9819 0.0000
-322.3283 0.0000
-319.3005 0.0000
-318.6218 0.0000
-317.4672 0.0000
-317.8184 0.0000
-317.5875 0.0000
-318.8917 0.0000
-318.7540 0.0000
-318.2422 0.0000
-318.5905 0.0000
-318.9078 0.0000
-318.6006 0.0000
-316.4518 0.0000
-316.0630 0.0000
-316.1136 0.0000
-316.9336 0.0000
-317.5283 0.0000
-314.4999 0.0000
-315.3965 0.0000
-314.9226 0.0000
-313.8936 0.0000
-313.8292 0.0000
-312.5826 0.0000
-311.3044 0.0000
-311.5956 0.0000
-311.9312 0.0000
-311.4296 0.0000
-311.6531 0.0000
-310.5385 0.0000
-310.6366 0.0000
-311.0478 0.0000
-311.4299 0.0000
-308.2419 0.0000
-308.6331 0.0000
-308.7625 0.0000
-308.9261 0.0000
-307.7129 0.0000
-307.1894 0.0000
-325.9093 0.0000
-325.9449 0.0000
-327.1133 0.0000
-327.1522 0.0000
-325.1137 0.0000
-326.5330 0.0000
-324.4207 0.0000
-326.9214 0.0000
-326.1886 0.0000
-326.6729 0.0000
-327.2672 0.0000
-326.1055 0.0000
-326.8389 0.0000
-326.9303 0.0000
-325.6978 0.0000
-326.1525 0.0000
-326.9081 0.0000
-325.7724 0.0000
-326.1545 0.0000
-325.5829 0.0000
-326.9233 0.0000
-325.9615 0.0000
-327.1329 0.0000
-326.4485 0.0000
-326.9473 0.0000
-327.6240 0.0000
-327.1989 0.0000
-328.8802 0.0000
-326.1435 0.0000
-326.7353 0.0000
-328.6295 0.0000
-326.3113 0.0000
-326.3659 0.0000
-327.8176 0.0000
-326.7973 0.0000
-326.5548 0.0000
-324.4872 0.0000
-325.5608 0.0000
-325.6330 0.0000
-324.2586 0.0000
-325.6846 0.0000
-327.5560 0.0000
-326.8101 0.0000
-325.1257 0.0000
-325.6561 0.0000
-325.7116 0.0000
-326.9451 0.0000
-327.3455 0.0000
-325.4376 0.0000
-325.5932 0.0000
-327.6986 0.0000
-326.7017 0.0000
-326.7387 0.0000
-324.9993 0.0000
-326.3764 0.0000
-327.2548 0.0000
-326.1950 0.0000
-324.5622 0.0000
-326.6858 0.0000
-325.3308 0.0000
-326.9370 0.0000
-327.2557 0.0000
-325.4964 0.0000
-326.5966 0.0000
-324.5617 0.0000
-325.2823 0.0000
-326.1075 0.0000
-327.7556 0.0000
-327.6834 0.0000
-326.3155 0.0000
-327.6014 0.0000
-327.3883 0.0000
-324.7131 0.0000
-328.1012 0.0000
-326.8330 0.0000
-328.0171 0.0000
-326.7843 0.0000
-324.8993 0.0000
-327.4582 0.0000
-325.7654 0.0000
-322.9856 0.0000
-323.9474 0.0000
-327.6390 0.0000
-325.4896 0.0000
-326.9867 0.0000
-328.7136 0.0000
-326.6528 0.0000
-325.3512 0.0000
-326.2559 0.0000
-326.4627 0.0000
-328.2719 0.0000
-326.9211 0.0000
-327.0782 0.0000
-326.5292 0.0000
-326.5282 0.0000
-328.1177 0.0000
-327.9652 0.0000
-326.5509 0.0000
-327.0970 0.0000
-326.7270 0.0000
-316.6322 0.0000
-318.5049 0.0000
-317.1526 0.0000
-316.7007 0.0000
-317.6179 0.0000
-319.0071 0.0000
-317.5352 0.0000
-318.7184 0.0000
-317.1568 0.0000
-317.4019 0.0000
-316.9137 0.0000
-317.1281 0.0000
-318.1132 0.0000
-318.1477 0.0000
-315.8753 0.0000
-316.8098 0.0000
-317.2326 0.0000
-316.4970 0.0000
-317.7198 0.0000
-318.5774 0.0000
-318.1186 0.0000
-317.9494 0.0000
-316.8901 0.0000
-315.9447 0.0000
-317.1598 0.0000
-318.0972 0.0000
-318.3526 0.0000
-317.2473 0.0000
-317.3667 0.0000
-317.1725 0.0000
-317.5529 0.0000
-316.7205 0.0000
-318.4764 0.0000
-318.3203 0.0000
-316.5853 0.0000
-317.1156 0.0000
-317.1705 0.0000
-316.9403 0.0000
-317.5056 0.0000
-317.6842 0.0000
-317.9954 0.0000
-317.5125 0.0000
-317.6887 0.0000
-318.4593 0.0000
-317.5890 0.0000
-317.4596 0.0000
-317.3884 0.0000
-317.5765 0.0000
-316.8896 0.0000
-316.7801 0.0000
-319.0095 0.0000
-317.6921 0.0000
-319.0011 0.0000
-318.0152 0.0000
-318.9758 0.0000
-318.4163 0.0000
-318.7865 0.0000
-318.0698 0.0000
-316.4920 0.0000
-316.9949 0.0000
-317.1512 0.0000
-317.1888 0.0000
-317.3659 0.0000
-317.4380 0.0000
-318.4088 0.0000
-318.3763 0.0000
-317.0788 0.0000
-317.6533 0.0000
-318.1545 0.0000
-317.6411 0.0000
-318.0682 0.0000
-317.4705 0.0000
-318.1020 0.0000
-318.5791 0.0000
-317.4625 0.0000
-318.4141 0.0000
-318.2788 0.0000
-317.7338 0.0000
-318.0779 0.0000
-317.8433 0.0000
-318.0704 0.0000
-318.0551 0.0000
-317.0514 0.0000
-317.5047 0.0000
-318.9545 0.0000
-317.6204 0.0000
-316.8931 0.0000
-316.5756 0.0000
-317.8456 0.0000
-317.7689 0.0000
-317.5848 0.0000
-318.0282 0.0000
-317.8580 0.0000
-317.5403 0.0000
-317.4002 0.0000
-316.6435 0.0000
-317.8713 0.0000
-318.5951 0.0000
-317.4017 0.0000
