-100.0000 -100.0000
-385.2298 0.0000
-381.3371 0.0000
-379.7164 0.0000
-380.4295 0.0000
-381.1726 0.0000
-379.9775 0.0000
-380.5706 0.0000
-380.2735 0.0000
-379.1845 0.0000
-379.1276 0.0000
-378.6550 0.0000
-377.9913 0.0000
-379.8347 0.0000
-377.4362 0.0000
-378.6598 0.0000
-377.5344 0.0000
-379.3612 0.0000
-374.8557 0.0000
-376.3746 0.0000
-371.6831 0.0000
-371.3937 0.0000
-368.6429 0.0000
-368.0740 0.0000
-367.9957 0.0000
-367.3229 0.0000
-367.3282 0.0000
-366.0888 0.0000
-366.4699 0.0000
-367.3769 0.0000
-367.5154 0.0000
-367.7197 0.0000
-365.5029 0.0000
-365.6702 0.0000
-363.6292 0.0000
-364.8321 0.0000
-363.3010 0.0000
-363.0222 0.0000
-361.1409 0.0000
-361.9578 0.0000
-359.2742 0.0000
-356.9614 0.0000
-357.7327 0.0000
-357.6110 0.0000
-357.8974 0.0000
-356.9804 0.0000
-355.3546 0.0000
-354.7208 0.0000
-352.7268 0.0000
-352.7796 0.0000
-353.8953 0.0000
-353.6440 0.0000
-353.2589 0.0000
-353.4134 0.0000
-352.4534 0.0000
-349.5984 0.0000
-351.4694 0.0000
-351.7181 0.0000
-348.3816 0.0000
-348.3166 0.0000
-348.5920 0.0000
-348.9052 0.0000
-350.2748 0.0000
-348.2206 0.0000
-346.8425 0.0000
-347.5386 0.0000
-348.2974 0.0000
-349.2631 0.0000
-350.2197 0.0000
-347.2629 0.0000
-349.1201 0.0000
-347.0681 0.0000
-347.7511 0.0000
-347.8399 0.0000
-348.0497 0.0000
-349.1247 0.0000
-347.8716 0.0000
-346.7565 0.0000
-347.1811 0.0000
-347.8887 0.0000
-346.3857 0.0000
-346.3819 0.0000
-346.5724 0.0000
-347.6980 0.0000
-347.2337 0.0000
-346.0523 0.0000
-348.1140 0.0000
-345.9068 0.0000
-345.6652 0.0000
-345.0692 0.0000
-346.6002 0.0000
-347.1581 0.0000
-345.1279 0.0000
-344.2506 0.0000
-345.0748 0.0000
-344.7498 0.0000
-345.6425 0.0000
-345.2040 0.0000
-346.6359 0.0000
-344.5111 0.0000
-345.5501 0.0000
-338.4969 0.0000
-338.3059 0.0000
-338.3703 0.0000
-339.7766 0.0000
-339.6758 0.0000
-336.9420 0.0000
-337.0758 0.0000
-337.0893 0.0000
-338.0846 0.0000
-338.2013 0.0000
-338.4012 0.0000
-337.6399 0.0000
-338.0895 0.0000
-338.1043 0.0000
-338.2735 0.0000
-338.5153 0.0000
-338.8941 0.0000
-338.7694 0.0000
-339.4859 0.0000
-339.3217 0.0000
-339.6606 0.0000
-339.2442 0.0000
-339.9097 0.0000
-340.2284 0.0000
-339.9500 0.0000
-339.6247 0.0000
-340.3739 0.0000
-340.6007 0.0000
-340.1323 0.0000
-340.1970 0.0000
-338.5978 0.0000
-338.3962 0.0000
-338.7523 0.0000
-338.2168 0.0000
-338.2473 0.0000
-338.5296 0.0000
-339.4137 0.0000
-338.6844 0.0000
-337.9635 0.0000
-339.2411 0.0000
-338.4061 0.0000
-337.7087 0.0000
-337.9955 0.0000
-337.8702 0.0000
-338.5356 0.0000
-338.0212 0.0000
-338.4241 0.0000
-339.3603 0.0000
-337.3783 0.0000
-337.8367 0.0000
-338.2893 0.0000
-337.7012 0.0000
-336.8716 0.0000
-337.2208 0.0000
-337.3701 0.0000
-337.1026 0.0000
-335.8782 0.0000
-337.5009 0.0000
-336.2889 0.0000
-336.1621 0.0000
-335.8910 0.0000
-336.6652 0.0000
-337.3005 0.0000
-337.6390 0.0000
-337.9074 0.0000
-336.5946 0.0000
-336.1654 0.0000
-336.6228 0.0000
-337.4635 0.0000
-336.8435 0.0000
-336.2578 0.0000
-335.9493 0.0000
-335.7199 0.0000
-335.0910 0.0000
-336.0978 0.0000
-334.7006 0.0000
-334.5573 0.0000
-334.6872 0.0000
-334.6745 0.0000
-335.1071 0.0000
-335.2467 0.0000
-335.2356 0.0000
-336.2994 0.0000
-335.3767 0.0000
-335.6288 0.0000
-335.6806 0.0000
-336.2171 0.0000
-336.3088 0.0000
-335.9144 0.0000
-335.9995 0.0000
-335.8729 0.0000
-334.9651 0.0000
-334.8079 0.0000
-335.0759 0.0000
-335.0628 0.0000
-334.5177 0.0000
-334.2788 0.0000
-333.4362 0.0000
-333.5069 0.0000
-333.8411 0.0000
-336.9041 0.0000
-336.6008 0.0000
-336.5499 0.0000
-336.4397 0.0000
-336.9242 0.0000
-336.0468 0.0000
-336.3631 0.0000
-336.2672 0.0000
-336.3837 0.0000
-336.3088 0.0000
-336.1738 0.0000
-335.9191 0.0000
-336.2831 0.0000
-336.3031 0.0000
-336.5857 0.0000
-336.7687 0.0000
-336.7487 0.0000
-336.7216 0.0000
-337.0782 0.0000
-336.6867 0.0000
-336.9074 0.0000
-336.7237 0.0000
-336.8708 0.0000
-337.0503 0.0000
-336.4812 0.0000
-336.8098 0.0000
-336.6226 0.0000
-336.2209 0.0000
-336.3577 0.0000
-335.9593 0.0000
-336.1688 0.0000
-336.1609 0.0000
-336.1428 0.0000
-335.7128 0.0000
-336.2461 0.0000
-336.2162 0.0000
-336.1309 0.0000
-336.4467 0.0000
-335.8277 0.0000
-335.3249 0.0000
-335.5768 0.0000
-335.8152 0.0000
-335.9852 0.0000
-335.8881 0.0000
-335.5750 0.0000
-335.4580 0.0000
-335.5553 0.0000
-335.9078 0.0000
-335.5094 0.0000
-334.9449 0.0000
-335.1324 0.0000
-335.4158 0.0000
-335.3819 0.0000
-335.6997 0.0000
-336.0540 0.0000
-335.5932 0.0000
-336.2061 0.0000
-335.7673 0.0000
-335.7242 0.0000
-335.4526 0.0000
-335.2458 0.0000
-335.5780 0.0000
-336.2269 0.0000
-335.1153 0.0000
-334.9473 0.0000
-334.4315 0.0000
-334.7571 0.0000
-334.2371 0.0000
-334.9365 0.0000
-334.6581 0.0000
-334.4479 0.0000
-334.7504 0.0000
-335.1098 0.0000
-334.8150 0.0000
-334.4263 0.0000
-334.2488 0.0000
-334.4886 0.0000
-334.5681 0.0000
-335.2967 0.0000
-334.3078 0.0000
-334.8043 0.0000
-335.1603 0.0000
-334.1406 0.0000
-334.0959 0.0000
-333.6358 0.0000
-333.2647 0.0000
-333.9879 0.0000
-333.8154 0.0000
-333.4784 0.0000
-333.5640 0.0000
-333.0222 0.0000
-332.9945 0.0000
-333.1392 0.0000
-333.6200 0.0000
-332.6774 0.0000
-332.8242 0.0000
-332.3126 0.0000
-332.6321 0.0000
-332.5795 0.0000
-332.3231 0.0000
-300.6639 0.0000
-299.5834 0.0000
-299.9293 0.0000
-299.1264 0.0000
-299.9556 0.0000
-300.0425 0.0000
-297.8439 0.0000
-299.6430 0.0000
-297.9578 0.0000
-297.2316 0.0000
-296.4860 0.0000
-295.9991 0.0000
-296.2810 0.0000
-296.7842 0.0000
-296.4433 0.0000
-295.6330 0.0000
-295.2883 0.0000
-295.1773 0.0000
-295.6068 0.0000
-295.6302 0.0000
-294.8425 0.0000
-293.3295 0.0000
-293.7277 0.0000
-294.8746 0.0000
-293.0529 0.0000
-293.5949 0.0000
-295.3184 0.0000
-293.6194 0.0000
-293.8071 0.0000
-294.3334 0.0000
-295.0042 0.0000
-295.0834 0.0000
-296.0578 0.0000
-297.4574 0.0000
-295.1267 0.0000
-293.6263 0.0000
-292.7148 0.0000
-292.6541 0.0000
-292.6223 0.0000
-293.6947 0.0000
-292.6793 0.0000
-295.2693 0.0000
-294.9865 0.0000
-294.7422 0.0000
-293.2036 0.0000
-293.1132 0.0000
-293.4380 0.0000
-293.5830 0.0000
-291.5542 0.0000
-290.4418 0.0000
-291.5758 0.0000
-289.6480 0.0000
-289.4658 0.0000
-288.8226 0.0000
-289.4481 0.0000
-288.0253 0.0000
-289.3525 0.0000
-288.8218 0.0000
-288.0331 0.0000
-288.3383 0.0000
-289.0854 0.0000
-289.9251 0.0000
-289.1431 0.0000
-289.1746 0.0000
-288.1486 0.0000
-288.5616 0.0000
-287.8766 0.0000
-288.4041 0.0000
-289.2875 0.0000
-288.2409 0.0000
-288.8915 0.0000
-289.4480 0.0000
-290.9369 0.0000
-289.1937 0.0000
-289.2069 0.0000
-289.5098 0.0000
-289.2236 0.0000
-289.6274 0.0000
-288.8256 0.0000
-289.7473 0.0000
-289.4828 0.0000
-289.4662 0.0000
-291.3047 0.0000
-289.3640 0.0000
-289.3230 0.0000
-289.1973 0.0000
-289.6030 0.0000
-289.1013 0.0000
-289.1179 0.0000
-288.4483 0.0000
-288.9912 0.0000
-289.5382 0.0000
-289.3698 0.0000
-289.1151 0.0000
-289.4106 0.0000
-287.5195 0.0000
-286.9263 0.0000
-286.1579 0.0000
-285.3953 0.0000
-286.0074 0.0000
-286.1451 0.0000
-286.1932 0.0000
-286.0933 0.0000
-286.3773 0.0000
-286.4568 0.0000
-287.1205 0.0000
-286.2677 0.0000
-286.5965 0.0000
-287.5114 0.0000
-287.3381 0.0000
-287.6625 0.0000
-287.9030 0.0000
-288.4038 0.0000
-288.3236 0.0000
-289.1452 0.0000
-289.5657 0.0000
-289.1022 0.0000
-289.0299 0.0000
-289.4550 0.0000
-289.9530 0.0000
-290.4005 0.0000
-290.4077 0.0000
-290.2070 0.0000
-289.9199 0.0000
-290.6648 0.0000
-290.3467 0.0000
-289.1621 0.0000
-289.2097 0.0000
-289.5422 0.0000
-289.5243 0.0000
-289.6364 0.0000
-289.3575 0.0000
-286.8371 0.0000
-286.7668 0.0000
-284.8725 0.0000
-283.9025 0.0000
-282.2661 0.0000
-282.1150 0.0000
-280.6147 0.0000
-281.6403 0.0000
-283.5314 0.0000
-280.3856 0.0000
-280.6543 0.0000
-279.7114 0.0000
-280.6930 0.0000
-283.4036 0.0000
-280.7988 0.0000
-280.2306 0.0000
-281.2260 0.0000
-280.4153 0.0000
-280.2255 0.0000
-280.7770 0.0000
-279.0557 0.0000
-279.1740 0.0000
-278.0999 0.0000
-277.4528 0.0000
-276.9306 0.0000
-276.5640 0.0000
-276.6965 0.0000
-275.8256 0.0000
-276.2696 0.0000
-276.9782 0.0000
-275.0089 0.0000
-274.0359 0.0000
-274.6252 0.0000
-274.7029 0.0000
-274.6504 0.0000
-275.6008 0.0000
-276.3919 0.0000
-276.5558 0.0000
-276.9025 0.0000
-276.4265 0.0000
-275.9992 0.0000
-274.3470 0.0000
-275.6022 0.0000
-275.4700 0.0000
-273.9909 0.0000
-274.5263 0.0000
-273.8233 0.0000
-273.5334 0.0000
-274.1725 0.0000
-274.6121 0.0000
-276.0286 0.0000
-274.5297 0.0000
-274.9782 0.0000
-274.6977 0.0000
-274.6963 0.0000
-274.0683 0.0000
-274.0953 0.0000
-273.9065 0.0000
-273.2943 0.0000
-273.8699 0.0000
-275.8881 0.0000
-273.3217 0.0000
-274.4148 0.0000
-273.7477 0.0000
-274.8561 0.0000
-273.1732 0.0000
-272.9842 0.0000
