0.00
60.33
60.33
60.33
60.33
60.33
60.33
60.33
60.33
60.33
60.33
60.33
60.33
60.33
60.33
60.33
60.33
60.33
60.33
60.33
60.33
60.33
60.33
60.33
60.33
60.33
60.33
60.33
60.33
60.33
60.33
60.33
60.33
60.33
60.33
60.33
60.33
60.33
60.33
60.33
60.33
60.33
60.33
60.33
60.33
60.33
60.33
60.33
60.33
60.33
60.33
60.33
60.33
60.33
60.33
60.33
60.33
60.33
60.33
60.33
60.33
60.33
60.33
60.33
60.33
60.33
60.33
60.33
60.33
60.33
60.33
60.33
60.33
60.33
60.33
60.33
60.33
60.33
60.33
60.33
60.33
60.33
60.33
60.33
60.33
60.33
60.33
60.33
60.33
60.33
60.33
60.33
60.33
60.33
60.33
60.33
60.33
60.33
60.33
60.33
60.33
60.33
60.33
60.33
60.33
60.33
60.33
60.33
60.33
60.33
60.33
60.33
60.33
60.33
60.33
60.33
60.33
60.33
60.33
60.33
60.33
60.33
60.33
60.33
60.33
60.33
60.33
60.33
60.33
60.33
60.33
60.33
60.33
60.33
60.33
60.33
60.33
60.33
60.33
60.33
60.33
60.33
60.33
60.33
60.33
60.33
60.33
60.33
60.33
60.33
60.33
60.33
60.33
60.33
60.33
60.33
60.33
60.33
60.33
60.33
60.33
60.33
60.33
60.33
60.33
60.33
60.33
60.33
60.33
60.33
60.33
60.33
60.33
60.33
60.33
60.33
60.33
60.33
60.33
60.33
60.33
60.33
60.33
60.33
60.33
60.33
60.33
60.33
60.33
60.33
60.33
60.33
60.33
60.33
60.33
60.33
60.33
60.33
60.33
60.33
60.33
60.33
60.33
60.33
60.33
60.33
60.33
60.33
60.33
60.33
60.33
60.33
60.33
60.33
60.33
60.33
60.33
60.33
60.33
60.33
60.33
60.33
60.33
60.33
60.33
60.33
60.33
60.33
60.33
60.33
60.33
60.33
60.33
60.33
60.33
60.33
60.33
60.33
60.33
60.33
60.33
60.33
60.33
60.33
60.33
60.33
60.33
60.33
60.33
60.33
60.33
39.67
39.67
39.67
39.67
39.67
39.67
39.67
39.67
39.67
39.67
39.67
39.67
39.67
39.67
39.67
39.67
39.67
39.67
39.67
39.67
39.67
39.67
39.67
39.67
39.67
39.67
39.67
40.08
40.70
40.70
40.70
40.70
41.10
40.70
40.70
40.29
39.88
40.08
40.08
39.88
39.88
39.88
40.08
40.08
40.08
40.08
40.08
40.08
41.72
41.72
87.53
87.53
87.73
87.73
86.91
87.53
87.73
88.55
88.55
88.14
88.55
88.55
88.75
88.55
88.55
87.73
88.75
88.75
88.55
88.14
88.14
88.55
88.75
88.75
88.75
88.75
88.14
88.14
88.34
88.34
88.34
88.34
88.14
88.55
88.96
89.16
89.37
89.37
89.37
88.75
89.16
88.75
88.75
88.55
88.55
87.93
87.12
88.34
88.55
88.75
88.34
88.34
88.34
88.34
87.32
88.14
88.34
88.34
88.14
88.34
88.34
88.55
88.34
88.14
88.14
88.34
88.55
87.93
88.34
88.55
88.75
88.55
88.75
89.37
89.37
89.37
89.16
90.18
90.18
90.18
90.39
90.59
90.39
90.39
89.98
89.57
89.37
88.96
89.37
88.75
88.55
88.55
88.75
88.14
88.14
88.55
87.73
87.73
87.73
87.73
87.73
87.73
87.73
87.73
87.73
87.73
87.73
87.73
87.73
87.73
87.73
87.73
87.73
87.73
87.73
87.73
87.73
87.73
87.73
87.73
87.73
87.73
87.73
87.73
87.73
87.73
87.73
87.73
87.73
87.73
87.73
87.73
87.73
87.73
87.73
87.73
87.73
87.73
87.73
87.73
87.73
87.73
87.73
87.73
87.73
87.73
87.73
87.73
87.73
87.73
87.73
87.73
87.73
87.73
87.73
87.73
87.73
87.73
87.73
87.73
87.73
87.73
87.73
87.73
87.73
87.73
87.73
87.73
87.73
87.73
87.73
87.73
87.73
87.73
87.73
87.73
87.73
87.73
87.73
87.73
87.73
87.73
87.73
87.73
87.73
87.73
87.73
87.73
87.73
87.73
87.73
87.73
87.73
87.73
87.73
87.73
87.73
87.73
87.73
