0.00
55.42
52.76
53.99
55.21
59.92
59.71
59.92
54.60
50.10
52.15
51.74
54.40
59.71
51.94
51.94
50.31
51.94
49.90
49.90
46.42
46.42
50.10
51.74
51.33
51.94
46.42
43.56
42.94
45.60
53.99
53.78
50.51
50.51
49.69
46.22
45.60
46.22
45.40
44.38
40.70
43.35
43.35
45.40
45.60
45.19
44.17
40.29
40.08
40.08
39.67
39.67
39.67
39.67
39.67
39.67
39.67
39.67
39.67
40.08
44.38
45.19
49.08
53.78
53.99
52.56
48.88
49.08
49.08
49.08
51.12
52.97
53.17
52.97
49.08
49.69
49.08
52.56
53.78
58.69
53.78
53.78
53.78
49.69
49.08
49.08
45.60
40.08
40.08
40.08
40.08
40.08
39.67
40.08
43.76
40.70
40.29
40.29
39.67
40.29
40.29
40.29
40.29
40.29
40.29
40.29
40.29
40.29
40.29
40.29
40.29
40.29
40.29
40.29
40.29
40.29
40.29
40.29
40.29
40.29
40.29
40.29
40.29
40.29
40.29
40.29
40.29
40.29
40.29
40.29
40.29
40.29
40.29
40.29
40.29
40.29
40.29
40.29
40.29
40.29
40.29
40.29
40.29
40.29
40.29
40.29
40.29
40.29
40.29
40.29
40.29
40.29
40.29
40.29
40.29
40.29
40.29
40.29
40.29
40.29
40.29
40.29
40.29
40.29
40.29
40.29
40.29
40.29
40.29
40.29
40.29
40.29
40.29
40.29
40.29
40.29
40.29
40.29
40.29
40.29
40.29
40.29
40.29
40.29
40.29
40.29
40.29
40.29
40.29
40.29
40.29
40.29
40.29
40.29
40.29
40.29
40.29
40.29
40.29
40.29
40.29
40.29
40.29
37.83
38.85
37.83
37.42
37.42
37.42
37.42
37.42
37.42
37.42
37.42
37.42
37.42
37.42
37.01
37.01
37.01
36.81
35.58
35.38
34.97
35.38
34.56
34.15
34.36
34.36
34.36
33.95
33.74
33.54
33.54
33.54
33.54
34.15
34.15
34.15
34.36
34.36
33.74
33.33
32.52
31.70
32.11
31.29
32.72
33.13
31.90
33.13
33.13
33.13
34.36
34.36
34.36
34.36
34.36
34.36
34.36
34.56
34.56
34.36
34.15
33.74
33.74
33.74
33.74
33.74
33.74
34.15
34.56
34.36
34.36
34.36
34.36
34.15
34.15
34.36
34.36
34.36
33.95
33.33
33.13
33.13
33.74
33.74
33.74
33.74
33.74
33.74
33.74
33.74
34.56
34.56
34.56
34.36
33.74
33.74
33.74
33.95
60.33
60.33
60.33
60.33
60.33
60.33
60.33
60.33
60.33
60.33
60.33
60.33
60.33
60.33
60.33
60.33
60.33
60.33
60.33
60.33
60.33
60.33
60.33
60.33
60.33
60.33
60.33
60.33
60.33
60.33
60.33
60.33
60.33
60.33
60.33
60.33
60.33
60.33
60.33
60.33
60.33
60.33
60.33
60.33
60.33
60.33
60.33
60.33
60.33
60.33
60.33
60.33
60.33
60.33
60.33
60.33
60.33
60.33
60.33
60.33
60.33
60.33
60.33
60.33
60.33
60.33
60.33
60.33
60.33
60.33
60.33
60.33
60.33
60.33
60.33
60.33
60.33
60.33
60.33
60.33
60.33
60.33
60.33
60.33
60.33
60.33
60.33
60.33
60.33
60.33
60.33
60.33
60.33
60.33
60.33
60.33
60.33
60.33
60.33
60.33
60.33
60.33
60.33
60.33
60.33
60.33
60.33
60.33
60.33
60.33
60.33
60.33
60.33
60.33
60.33
60.33
60.33
60.33
60.33
60.33
60.33
60.33
60.33
60.33
60.33
60.33
60.33
60.33
60.33
60.33
60.33
60.33
60.33
60.33
60.33
60.33
60.33
60.33
60.33
60.33
60.33
60.33
60.33
60.33
60.33
60.33
60.33
60.33
60.33
60.33
60.33
60.33
60.33
60.33
60.33
60.33
60.33
60.33
60.33
60.33
60.33
60.33
60.33
60.33
60.33
60.33
60.33
60.33
60.33
60.33
60.33
60.33
60.33
60.33
60.33
60.33
60.33
60.33
60.33
60.33
60.33
60.33
60.33
60.33
60.33
60.33
60.33
60.33
60.33
60.33
60.33
60.33
60.33
60.33
60.33
60.33
60.33
60.33
60.33
