0.00
39.67
39.67
39.67
39.67
39.67
39.67
39.67
39.67
39.67
39.67
39.67
39.67
39.67
39.67
39.67
39.67
39.67
39.67
39.67
39.67
39.67
39.67
39.67
39.67
39.67
39.67
39.67
39.67
39.67
39.67
39.67
39.67
39.67
39.67
39.67
39.67
39.67
39.67
39.67
39.67
39.67
39.67
39.67
39.67
39.67
39.67
39.67
39.67
39.67
39.67
39.67
39.67
39.67
39.67
39.67
39.67
39.67
39.67
39.67
39.67
39.67
39.67
39.67
39.67
39.67
39.67
39.67
39.67
39.67
39.67
39.67
39.67
39.67
39.67
39.67
39.67
39.67
39.67
39.67
39.67
39.67
39.67
39.67
39.67
39.67
39.67
39.67
39.67
39.67
39.67
39.67
39.67
39.67
39.67
39.67
39.67
39.67
39.67
39.67
39.67
40.08
40.08
40.08
40.08
40.08
40.70
43.76
43.76
44.79
44.38
44.38
44.38
43.97
45.60
49.08
49.08
54.19
49.08
55.21
49.08
45.81
49.08
49.08
49.08
50.31
51.94
54.19
54.19
55.01
59.51
59.51
59.30
59.30
59.30
54.40
54.40
59.30
61.55
60.74
61.35
62.78
64.01
65.85
70.76
73.82
75.87
78.12
75.66
72.39
77.51
78.73
77.30
74.85
81.60
80.98
81.19
73.62
74.85
71.17
72.39
74.23
78.73
79.14
81.19
77.51
78.32
81.39
81.19
79.35
79.14
77.30
76.48
77.30
76.69
78.53
73.82
79.14
76.89
71.17
76.48
74.23
72.60
68.71
66.26
64.42
64.42
66.05
63.80
63.19
63.60
63.60
66.46
66.46
66.46
66.26
66.46
66.46
64.21
61.96
62.99
62.99
62.99
62.99
62.99
62.99
62.99
62.99
62.99
62.99
62.99
62.99
62.99
62.99
62.99
62.99
62.99
62.99
62.99
62.99
62.99
62.99
62.99
62.99
62.99
62.99
62.99
62.99
62.99
62.99
62.99
62.99
62.99
62.99
62.99
62.99
62.99
62.99
62.99
62.99
62.99
62.99
62.99
62.99
62.99
62.99
62.99
62.99
62.99
62.99
62.99
39.67
39.67
39.67
39.67
39.67
39.67
39.67
39.67
39.67
39.67
39.67
39.67
39.67
39.67
39.67
39.67
39.67
39.67
39.67
39.67
39.67
39.67
39.67
39.67
39.67
39.67
39.67
39.67
39.67
39.67
39.67
39.67
39.67
39.67
39.67
39.67
39.67
39.67
39.67
39.67
39.67
39.67
39.67
39.67
39.67
39.67
39.67
39.67
39.67
39.67
34.56
34.56
34.76
34.76
34.76
35.17
34.56
34.56
34.56
34.36
35.17
35.17
35.79
35.79
35.79
34.76
35.79
34.76
35.79
36.20
35.99
36.20
37.22
36.61
36.40
37.22
37.01
37.42
37.42
37.42
37.22
37.22
37.42
37.01
37.01
37.22
37.22
37.22
37.22
38.65
37.63
37.42
37.42
37.63
37.63
41.72
44.79
42.13
42.13
46.42
46.42
42.33
62.99
42.13
46.83
39.47
42.13
42.13
47.03
47.03
56.24
41.92
47.03
45.19
45.19
40.70
46.01
64.01
48.47
66.05
66.05
66.05
48.06
41.72
40.70
38.24
39.67
38.65
38.65
38.65
39.26
38.45
38.45
40.49
40.49
42.74
40.90
63.19
54.60
71.78
72.39
79.35
79.14
82.62
77.10
49.08
78.73
64.62
50.10
60.94
60.33
60.33
60.33
60.33
60.33
60.33
60.33
60.33
60.33
60.33
60.33
60.33
60.33
60.33
60.33
60.33
60.33
60.33
60.33
60.33
60.33
60.33
60.33
60.33
60.33
60.33
60.33
60.33
60.33
60.33
60.33
60.33
60.33
60.33
60.33
60.33
60.33
60.33
60.33
60.33
60.33
60.33
60.33
60.33
60.33
60.33
60.33
60.33
60.33
60.33
60.33
60.33
60.33
60.33
60.33
60.33
60.33
60.33
60.33
60.33
60.33
60.33
60.33
60.33
60.33
60.33
60.33
60.33
60.33
60.33
60.33
60.33
60.33
60.33
60.33
60.33
60.33
60.33
60.33
60.33
60.33
60.33
60.33
60.33
60.33
60.33
60.33
60.33
60.33
60.33
60.33
60.33
60.33
60.33
60.33
60.33
60.33
60.33
60.33
