0.00
39.47
39.47
39.47
39.47
39.47
39.47
39.47
39.47
39.47
39.47
39.47
39.47
39.47
39.47
39.47
39.26
39.47
39.47
39.47
39.47
39.47
39.47
39.47
39.67
39.26
39.26
39.47
39.47
39.67
39.47
39.47
39.47
39.47
39.47
39.47
39.47
39.67
39.67
39.67
39.67
39.47
39.47
39.47
39.47
39.47
39.47
39.47
39.47
39.47
39.47
39.47
39.47
39.47
39.47
39.47
39.47
39.47
39.47
39.26
39.26
39.47
39.06
39.47
39.47
39.06
39.06
39.47
39.47
39.26
39.47
39.47
39.47
39.47
39.47
38.65
38.85
39.06
39.06
39.47
39.47
38.85
38.85
38.85
38.85
39.06
38.85
38.85
39.47
39.06
38.85
38.85
39.26
39.67
39.67
39.67
39.67
39.67
39.26
39.26
38.85
38.85
38.85
38.85
38.85
38.85
60.33
60.33
60.33
60.33
60.33
60.33
60.33
60.33
60.33
60.33
60.33
60.33
60.33
60.33
60.33
60.33
60.33
60.33
60.33
60.33
60.33
60.33
60.33
60.33
60.33
60.33
60.33
60.33
60.33
60.33
60.33
60.33
60.33
60.33
60.33
60.33
60.33
60.33
60.33
60.33
60.33
60.33
60.33
60.33
60.33
60.33
60.33
60.33
60.33
60.33
60.33
60.33
60.33
60.33
60.33
60.33
60.33
60.33
60.33
60.33
60.33
60.33
60.33
60.33
60.33
60.33
60.33
60.33
60.33
60.33
60.33
60.33
60.33
60.33
60.33
60.33
60.33
60.33
60.33
60.33
60.33
60.33
60.33
60.33
60.33
60.33
60.33
60.33
60.33
60.33
60.33
60.33
60.33
60.33
60.33
60.53
60.33
60.33
60.33
60.33
60.33
60.33
60.33
60.33
60.33
61.55
63.19
64.83
65.03
64.42
65.64
64.83
74.03
74.03
71.57
66.26
61.55
62.37
62.17
62.17
62.37
63.39
64.42
63.39
62.99
62.99
62.37
62.37
64.01
64.42
70.55
74.64
75.87
74.64
76.69
69.53
64.83
64.83
65.85
62.99
62.17
63.60
63.19
63.19
63.19
62.78
63.80
63.80
64.62
62.78
62.17
63.19
63.19
61.96
62.17
62.17
61.76
61.96
61.55
61.55
61.55
61.55
61.55
63.19
61.96
62.17
65.03
66.26
68.71
69.73
65.03
68.51
66.05
65.85
65.85
65.85
69.53
69.33
71.78
71.78
71.78
70.35
69.12
70.55
71.57
77.71
77.71
77.91
75.05
75.05
73.62
73.21
73.21
67.48
74.64
74.64
78.12
78.94
82.00
79.55
83.23
81.39
85.07
86.30
85.89
85.89
85.69
86.30
86.50
86.50
85.89
85.89
85.28
84.25
84.05
85.07
85.07
86.09
86.91
86.71
88.14
87.12
87.53
87.53
87.53
87.53
87.73
87.53
87.53
87.53
86.50
86.91
86.91
86.91
82.62
84.46
84.46
82.82
82.82
82.00
75.66
74.85
77.51
77.51
77.71
78.32
81.39
80.78
80.37
76.28
76.28
76.28
79.75
82.21
82.21
82.82
83.03
80.98
81.80
81.80
81.80
81.80
76.89
80.57
78.94
78.94
78.12
81.39
82.62
82.62
85.07
85.69
86.09
86.09
85.69
85.69
86.50
86.09
85.28
85.28
84.05
84.25
82.62
82.62
81.80
79.96
79.35
76.69
75.05
79.14
82.41
81.19
81.19
82.21
79.75
87.73
87.73
86.50
86.30
86.50
86.50
86.50
86.30
86.30
86.50
86.50
86.50
86.50
86.50
86.71
86.71
87.12
86.91
87.32
88.34
88.34
88.34
88.75
88.34
88.55
88.75
89.16
88.75
88.75
88.75
89.57
89.78
89.78
89.78
90.80
90.39
89.98
89.98
89.98
89.98
89.57
89.37
89.37
88.96
87.53
87.93
87.93
88.34
88.34
88.34
88.34
88.55
89.37
89.37
89.57
89.37
89.37
87.53
87.53
87.53
89.16
89.16
88.96
88.96
88.75
87.53
88.75
88.14
88.14
88.14
88.14
88.34
89.37
89.57
89.57
89.16
89.78
88.96
89.78
89.16
88.96
89.78
90.18
89.78
89.78
89.57
89.57
89.57
89.98
90.18
90.39
91.00
91.00
90.59
90.18
89.78
89.37
89.16
89.78
