0.00
39.67
39.67
39.67
39.67
39.67
39.67
39.67
39.67
39.67
39.67
39.67
39.67
39.67
39.67
39.67
39.67
39.67
39.67
39.67
39.67
39.67
39.67
39.67
39.67
39.67
39.67
39.67
39.67
39.67
39.67
39.67
39.67
39.67
39.67
39.67
39.67
39.67
39.67
39.67
39.67
39.67
39.67
39.67
39.67
39.67
39.67
39.67
39.67
39.67
39.67
39.67
39.67
39.67
39.67
39.67
39.67
39.67
39.67
39.67
39.67
39.67
39.67
39.67
39.67
39.67
39.67
39.67
39.67
39.67
39.67
39.67
39.67
39.67
39.67
39.67
39.67
39.67
39.67
39.67
39.67
39.67
39.67
39.67
39.67
39.67
39.67
39.67
39.67
39.67
39.67
39.67
39.67
39.67
39.67
39.67
39.67
39.67
39.67
39.67
39.67
38.85
39.26
39.47
39.47
39.06
39.06
39.06
39.06
38.85
38.85
38.85
38.85
38.85
38.85
38.85
38.85
38.85
38.65
38.65
38.85
38.85
38.85
38.65
38.65
38.65
38.45
38.85
38.24
37.42
37.63
38.24
38.65
38.85
38.24
38.85
38.85
38.85
38.85
38.85
39.06
39.06
39.06
39.06
39.06
38.85
38.65
38.65
38.85
38.45
38.45
38.45
38.45
38.45
38.45
38.24
38.45
38.45
38.24
37.83
38.04
38.04
37.22
37.63
38.65
38.24
38.45
37.83
38.04
37.63
37.63
38.04
38.24
37.63
38.04
38.24
38.24
38.85
39.06
38.85
38.85
39.06
38.24
37.01
36.81
37.42
37.01
35.99
35.99
36.20
36.81
36.61
36.81
37.22
37.22
36.81
37.22
37.22
38.04
38.04
38.24
60.33
60.33
60.33
60.33
60.33
60.33
60.33
60.33
60.33
60.33
60.33
60.33
60.33
60.33
60.33
60.33
60.33
60.33
60.33
60.33
60.33
60.33
60.33
60.33
60.33
60.33
60.33
60.33
60.33
60.33
60.33
60.33
60.33
60.33
60.33
60.33
60.33
60.33
60.33
60.33
60.33
60.33
60.33
60.33
60.33
60.33
60.33
60.33
60.33
60.33
60.33
60.33
60.33
60.33
60.33
60.33
60.33
60.33
60.33
60.33
60.33
60.33
60.33
60.33
60.33
60.33
60.33
60.33
60.33
60.33
60.33
60.33
60.33
60.33
60.33
60.33
60.33
60.33
60.33
60.33
60.33
60.33
60.33
60.33
60.33
60.33
60.33
60.33
60.33
60.33
60.33
60.33
60.33
60.33
60.33
60.33
60.33
60.33
60.33
60.33
60.33
60.33
60.33
60.33
60.33
60.33
60.33
60.33
60.33
60.33
60.33
60.33
60.33
60.33
60.33
60.33
60.33
60.33
60.33
60.33
60.33
60.33
60.33
60.33
60.33
60.33
60.33
60.33
60.33
60.33
60.33
60.33
60.33
60.33
60.33
60.33
60.33
60.33
60.33
60.33
60.33
60.33
60.33
60.33
60.33
60.33
60.33
60.33
60.33
60.33
60.33
60.33
60.33
60.33
60.33
60.33
60.33
60.33
60.33
60.33
60.33
60.33
60.33
60.33
60.33
60.33
60.33
60.33
60.33
60.33
60.33
60.33
60.33
60.33
60.33
60.33
60.33
60.33
60.33
60.33
60.33
60.33
60.33
60.33
60.33
60.33
60.33
60.33
60.33
60.33
60.33
60.33
60.33
60.33
60.33
60.33
60.33
60.33
60.33
60.33
60.33
60.33
60.33
60.33
60.33
60.33
60.33
60.33
60.33
60.33
60.33
60.33
60.33
60.33
60.33
60.33
60.33
60.33
60.33
60.33
60.33
60.33
60.33
60.33
60.33
60.33
60.33
60.33
60.33
60.33
60.33
60.33
60.33
60.33
60.33
60.33
60.33
60.33
60.33
60.33
60.33
60.33
60.33
60.33
60.33
60.33
60.33
60.33
60.33
60.33
60.33
60.33
60.33
60.33
60.33
60.33
60.33
60.33
60.33
60.33
60.33
60.33
60.33
60.33
60.33
60.33
60.33
60.33
60.33
60.33
60.33
60.33
60.33
60.33
60.33
60.33
60.33
60.33
60.33
60.33
60.33
60.33
60.33
60.33
60.33
60.33
60.33
60.33
60.33
60.33
60.33
60.33
60.33
60.33
60.33
60.33
60.33
60.33
60.33
