0.00
60.33
60.33
60.33
60.33
60.33
60.33
60.33
60.33
60.33
60.33
60.33
60.33
60.33
60.33
60.33
60.33
60.33
60.33
60.33
60.33
60.33
60.33
60.33
60.33
60.33
60.33
60.33
60.33
60.33
60.33
60.33
60.33
60.33
60.33
60.33
60.33
60.33
60.33
60.33
60.33
60.33
60.33
60.33
60.33
60.33
60.33
60.33
60.33
60.33
60.33
60.33
60.33
60.33
60.33
60.33
60.33
60.33
60.33
60.33
60.33
60.33
60.33
60.33
60.33
60.33
60.33
60.33
60.33
60.33
60.33
60.33
60.33
60.33
60.33
60.33
60.33
60.33
60.33
60.33
60.33
60.33
60.33
60.33
60.33
60.33
60.33
60.33
60.33
60.33
60.33
60.33
60.33
60.33
60.33
60.33
60.33
60.33
60.33
60.33
60.33
60.33
60.33
60.33
60.33
60.33
60.33
60.33
60.33
60.33
60.33
60.33
60.33
60.33
60.33
60.33
60.33
60.33
60.33
60.33
60.33
60.33
60.33
60.33
60.33
60.33
60.33
60.33
60.33
60.33
60.33
60.33
60.33
60.33
60.33
60.33
60.33
60.33
60.33
60.33
60.33
60.33
60.33
60.33
60.33
60.33
60.33
60.33
60.33
60.33
60.33
60.33
60.33
60.33
60.33
60.33
60.33
60.33
60.33
60.33
60.33
60.33
60.33
60.33
60.33
60.33
60.33
60.33
60.33
60.33
60.33
60.33
60.33
60.33
60.33
60.33
60.33
60.33
60.33
60.33
60.33
60.33
60.33
60.33
60.33
60.33
60.33
60.33
60.33
60.33
60.33
60.33
60.33
60.33
60.33
60.33
60.33
60.33
60.33
60.33
60.33
52.97
71.98
82.82
82.82
89.78
88.55
89.16
88.75
88.75
88.96
88.96
86.30
83.44
87.12
88.14
88.14
88.96
88.96
89.37
89.78
90.59
91.62
91.62
92.02
91.62
91.82
91.82
91.82
91.82
91.21
91.21
91.21
91.62
91.62
91.62
91.62
91.62
91.41
91.41
91.41
90.59
90.18
90.18
89.37
89.37
89.37
89.16
89.16
89.37
88.96
89.16
89.16
89.16
88.75
89.37
88.75
89.16
88.96
88.55
88.55
87.93
87.32
87.32
87.32
87.53
88.34
88.34
88.34
88.34
87.53
87.32
88.75
89.16
89.16
89.57
89.16
88.96
88.75
88.14
87.93
87.93
86.71
86.71
87.32
87.93
87.93
87.93
86.50
86.50
86.91
87.73
87.93
88.14
88.34
88.75
88.55
88.14
88.14
87.73
87.73
87.73
87.73
87.73
87.73
87.73
87.73
87.73
87.73
87.73
87.73
87.73
87.73
87.73
87.73
87.73
87.73
87.73
87.73
87.73
87.73
87.73
87.73
87.73
87.73
87.73
87.73
87.73
87.73
87.73
87.73
87.73
87.73
87.73
87.73
87.73
87.73
87.73
87.73
87.73
87.73
87.73
87.73
87.73
87.73
87.73
87.73
87.73
87.73
87.73
87.73
87.73
87.73
87.73
87.73
87.73
87.73
87.73
87.73
87.73
87.73
87.73
87.73
87.73
87.73
87.73
87.73
87.73
87.73
87.73
87.73
87.73
87.73
87.73
87.73
87.73
87.73
87.73
87.73
87.73
87.73
87.73
87.73
87.73
87.73
87.73
87.73
87.73
87.73
87.73
87.73
87.73
87.73
87.73
87.73
87.73
87.73
87.73
87.73
87.73
87.73
87.73
87.73
87.73
87.73
87.73
87.73
87.73
87.73
87.73
87.73
87.73
87.73
87.73
87.73
87.73
87.73
87.73
87.73
87.73
87.73
87.73
87.73
87.73
87.73
87.73
87.73
87.73
87.73
87.73
87.73
87.73
87.73
87.73
87.73
87.73
87.73
87.73
87.73
87.73
87.73
87.73
87.73
87.73
87.73
87.73
87.73
87.73
87.73
87.73
87.73
87.73
87.73
87.73
87.73
87.73
87.73
87.73
87.73
87.73
87.73
87.73
87.73
87.73
87.73
87.73
87.73
87.73
87.73
87.73
87.73
87.73
87.73
87.73
87.73
87.73
87.73
87.73
87.73
87.73
87.73
87.73
87.73
87.73
87.73
87.73
87.73
87.73
87.73
87.73
87.73
87.73
87.73
87.73
87.73
87.73
87.73
87.73
87.73
87.73
