0.00
39.67
39.67
39.67
39.67
39.67
39.67
39.67
39.67
39.67
39.67
39.67
39.67
39.67
39.67
39.67
39.67
39.67
39.67
39.67
39.67
39.67
39.67
39.67
39.67
39.67
39.67
39.67
39.67
39.67
39.67
39.67
39.67
39.67
39.67
39.67
39.67
39.67
39.67
39.67
39.67
39.67
39.67
39.67
39.67
39.67
39.67
39.67
39.67
39.67
39.67
39.67
39.67
39.67
39.67
39.67
39.67
39.67
39.67
39.67
39.67
39.67
39.67
39.67
39.67
39.67
39.67
39.67
39.67
39.67
39.67
39.67
39.67
39.67
39.67
39.67
39.67
39.67
39.67
39.67
39.67
39.67
39.67
39.67
39.67
39.67
39.67
39.67
39.67
39.67
39.67
39.67
39.67
39.67
39.67
39.67
39.67
39.67
39.67
39.67
39.67
60.33
60.33
60.33
60.33
60.33
60.33
60.33
60.33
60.33
60.33
60.33
60.33
60.33
60.33
60.33
60.33
60.33
60.33
60.33
60.33
60.33
60.33
60.33
60.33
60.33
60.33
60.33
60.33
60.33
60.33
60.33
60.33
60.33
60.33
60.33
60.33
60.33
60.33
60.33
60.33
60.33
60.33
60.33
60.33
60.33
60.33
60.33
60.33
60.33
60.33
60.33
60.33
60.33
60.33
60.33
60.33
60.33
60.33
60.33
60.33
60.33
60.33
60.33
60.33
60.33
60.33
60.33
60.33
60.33
60.33
60.33
60.33
60.33
60.33
60.33
60.33
60.33
60.33
60.33
60.33
60.33
60.33
60.33
60.33
60.33
60.33
60.33
60.33
60.33
60.33
60.33
60.33
60.33
60.33
60.33
60.33
60.33
60.33
60.33
60.33
60.33
60.33
60.33
60.33
60.33
60.33
60.33
60.33
60.33
60.33
60.33
60.33
60.33
60.33
60.33
60.33
60.33
60.33
60.33
60.33
60.33
60.33
60.33
60.33
60.33
60.33
60.33
60.33
60.33
60.33
60.33
60.33
60.33
60.33
60.33
60.33
60.33
60.33
60.33
60.33
60.33
60.33
60.33
60.33
60.33
60.33
60.33
60.33
60.33
60.33
39.67
39.67
39.67
39.67
39.67
39.67
39.67
39.67
39.67
39.67
39.67
39.67
39.67
39.67
39.67
39.67
39.67
39.67
39.67
39.67
39.67
39.67
39.67
39.67
39.67
39.67
39.67
39.67
39.67
39.67
39.67
39.67
39.67
39.67
39.67
39.67
39.67
39.67
39.67
39.67
39.67
39.67
39.67
39.67
39.67
39.67
39.67
39.67
39.67
39.67
92.64
92.64
92.64
92.64
94.27
93.66
93.66
91.00
91.00
91.82
90.80
91.21
91.00
91.00
90.80
91.00
87.53
87.53
90.18
90.80
90.80
90.80
91.82
90.80
90.80
90.80
91.62
91.62
91.62
91.62
91.62
91.41
92.84
92.84
92.84
94.68
94.68
94.48
94.48
94.89
94.89
94.89
95.91
95.91
95.50
95.91
95.71
95.71
95.71
95.71
95.71
95.50
95.71
96.11
95.30
95.30
95.30
95.09
95.09
95.09
95.09
94.89
93.87
94.07
94.07
94.07
94.48
94.27
94.68
94.68
94.68
93.66
94.27
94.27
94.27
94.27
94.27
94.68
94.68
94.68
94.68
94.68
94.48
94.27
94.27
94.07
94.07
94.48
94.48
93.66
93.66
93.87
94.07
94.07
94.07
94.89
94.07
94.07
94.48
94.48
94.48
94.48
94.48
94.48
94.48
94.48
94.48
94.48
94.48
94.48
94.48
94.48
94.48
94.48
94.48
94.48
94.48
94.48
94.48
94.48
94.48
94.48
94.48
94.48
94.48
94.48
94.48
94.48
94.48
94.48
94.48
94.48
94.48
94.48
94.48
94.48
94.48
94.48
94.48
94.48
94.48
94.48
94.48
94.48
94.48
94.48
94.48
94.48
94.48
94.48
94.48
94.48
94.48
94.48
94.48
94.48
94.48
94.48
94.48
94.48
94.48
94.48
94.48
94.48
94.48
94.48
94.48
94.48
94.48
94.48
94.48
94.48
94.48
94.48
94.48
94.48
94.48
94.48
94.48
94.48
94.48
94.48
94.48
94.48
94.48
94.48
94.48
94.48
94.48
94.48
94.48
94.48
94.48
94.48
94.48
94.48
94.48
94.48
94.48
