0.00
60.33
60.33
60.33
60.33
60.33
60.33
60.33
60.33
60.33
60.33
60.33
60.33
60.33
60.33
60.33
60.33
60.33
60.33
60.33
60.33
60.33
60.33
60.33
60.33
60.33
60.33
60.33
60.33
60.33
60.33
60.33
60.33
60.33
60.33
60.33
60.33
60.33
60.33
60.33
60.33
60.33
60.33
60.33
60.33
60.33
60.33
60.33
60.33
60.33
60.33
60.33
60.33
60.33
60.33
60.33
60.33
60.33
60.33
60.33
60.33
60.33
60.33
60.33
60.33
60.33
60.33
60.33
60.33
60.33
60.33
60.33
60.33
60.33
60.33
60.33
60.33
60.33
60.33
60.33
60.33
60.33
60.33
60.33
60.33
60.33
60.33
60.33
60.33
60.33
60.33
60.33
60.33
60.33
60.33
60.33
60.33
60.33
60.33
60.33
60.33
60.33
60.33
60.33
60.33
60.33
60.33
60.33
60.33
60.33
60.33
60.33
60.33
60.33
60.33
60.33
60.33
60.33
60.33
60.33
60.33
60.33
60.33
60.33
60.33
60.33
60.33
60.33
60.33
60.33
60.33
60.33
60.33
60.33
60.33
60.33
60.33
60.33
60.33
60.33
60.33
60.33
60.33
60.33
60.33
60.33
60.33
60.33
60.33
60.33
60.33
60.33
60.33
60.33
60.33
60.33
60.33
60.33
60.33
60.33
60.33
60.33
60.33
60.33
60.33
60.33
60.33
60.33
60.33
60.33
60.33
60.33
60.33
60.33
60.33
60.33
60.33
60.33
60.33
60.33
60.33
60.33
60.33
60.33
60.33
60.33
60.33
60.33
60.33
60.33
60.33
60.33
60.33
60.33
60.33
60.33
60.33
60.33
60.33
60.33
60.33
64.21
69.53
76.07
73.82
74.03
72.60
71.98
72.60
68.30
69.73
64.62
64.62
63.60
63.60
63.60
62.58
62.37
53.17
53.17
52.97
58.90
62.58
62.37
62.78
66.67
64.42
64.42
62.58
62.37
63.39
64.21
66.46
66.26
64.42
68.10
68.10
66.46
63.80
66.46
66.26
66.67
73.01
69.94
68.10
71.78
76.48
77.30
80.78
85.89
87.93
88.34
85.07
85.07
81.39
80.57
80.57
80.16
79.96
84.25
84.25
84.25
84.25
84.25
86.91
85.28
85.28
80.57
80.57
80.57
83.23
85.07
85.07
81.19
82.62
80.78
84.46
84.46
84.46
86.09
86.09
88.14
86.71
88.14
88.14
88.14
87.73
87.73
87.93
87.93
87.93
87.32
88.34
87.12
88.75
88.75
90.18
90.18
89.78
91.21
91.21
91.21
91.21
91.21
91.21
91.21
91.21
91.21
91.21
91.21
91.21
91.21
91.21
91.21
91.21
91.21
91.21
91.21
91.21
91.21
91.21
91.21
91.21
91.21
91.21
91.21
91.21
91.21
91.21
91.21
91.21
91.21
91.21
91.21
91.21
91.21
91.21
91.21
91.21
91.21
91.21
91.21
91.21
91.21
91.21
91.21
91.21
91.21
91.21
91.21
91.21
91.21
91.21
91.21
91.21
91.21
91.21
91.21
91.21
91.21
91.21
91.21
91.21
91.21
91.21
91.21
91.21
91.21
91.21
91.21
91.21
91.21
91.21
91.21
91.21
91.21
91.21
91.21
91.21
91.21
91.21
91.21
91.21
91.21
91.21
91.21
91.21
91.21
91.21
91.21
91.21
91.21
91.21
91.21
91.21
91.21
91.21
91.21
91.21
91.21
91.21
91.21
91.21
91.21
91.21
91.21
91.21
91.21
91.21
91.21
91.21
91.21
91.21
91.21
91.21
91.21
91.21
91.21
91.21
91.21
91.21
91.21
91.21
91.21
91.21
91.21
91.21
91.21
91.21
91.21
91.21
91.21
91.21
91.21
91.21
91.21
91.21
91.21
91.21
91.21
91.21
91.21
91.21
91.21
91.21
91.21
91.21
91.21
91.21
91.21
91.21
91.21
91.21
91.21
91.21
91.21
91.21
91.21
91.21
91.21
91.21
91.21
91.21
91.21
91.21
91.21
91.21
91.21
91.21
91.21
91.21
91.21
91.21
91.21
91.21
91.21
91.21
91.21
91.21
91.21
91.21
91.21
91.21
91.21
91.21
91.21
91.21
91.21
91.21
91.21
91.21
91.21
91.21
91.21
91.21
91.21
91.21
91.21
91.21
91.21
