0.00
39.67
39.67
39.67
39.67
39.67
39.67
39.67
39.67
39.67
39.67
39.67
39.67
39.67
39.67
39.67
39.67
39.67
39.67
39.67
39.67
39.67
39.67
39.67
39.67
39.67
39.67
39.67
39.67
39.67
39.67
39.67
39.67
39.67
39.67
39.67
39.67
39.67
39.67
39.67
39.67
39.67
39.67
39.67
39.67
39.67
39.67
39.67
39.67
39.67
39.67
39.67
39.67
39.67
39.67
39.67
39.67
39.67
39.67
39.67
39.67
39.67
39.67
39.67
39.67
39.67
39.67
39.67
39.67
39.67
39.67
39.67
39.67
39.67
39.67
39.67
39.67
39.67
39.67
39.67
39.67
39.67
39.67
39.67
39.67
39.67
39.67
39.67
39.67
39.67
39.67
39.67
39.67
39.67
39.67
39.67
39.67
39.67
39.67
39.67
39.67
39.88
39.88
39.88
39.88
39.88
39.88
39.88
39.88
39.88
39.88
39.88
39.88
39.88
39.88
39.88
39.88
39.88
39.67
39.88
39.88
39.88
39.67
39.67
39.67
40.08
40.08
40.08
40.08
40.49
40.49
40.08
40.08
40.08
40.08
40.08
40.08
40.08
40.08
40.08
40.08
40.08
40.08
40.29
40.49
40.49
40.90
40.90
40.90
40.90
43.76
43.15
41.51
41.51
55.21
73.01
73.01
61.35
61.35
52.97
68.92
61.35
64.42
66.05
66.05
65.85
73.82
80.37
75.05
73.82
66.46
61.96
61.96
76.48
80.98
76.89
76.89
83.44
83.44
81.39
83.03
83.64
88.34
88.34
88.34
87.93
84.05
85.07
86.71
84.46
83.84
80.98
80.57
65.44
46.42
47.03
55.62
55.62
55.62
52.97
52.97
52.97
52.97
52.97
52.97
52.97
52.97
52.97
52.97
52.97
52.97
52.97
52.97
52.97
52.97
52.97
52.97
52.97
52.97
52.97
52.97
52.97
52.97
52.97
52.97
52.97
52.97
52.97
52.97
52.97
52.97
52.97
52.97
52.97
52.97
52.97
52.97
52.97
52.97
52.97
52.97
52.97
52.97
52.97
52.97
52.97
52.97
52.97
52.97
52.97
52.97
39.67
39.67
39.67
39.67
39.67
39.67
39.67
39.67
39.67
39.67
39.67
39.67
39.67
39.67
39.67
39.67
39.67
39.67
39.67
39.67
39.67
39.67
39.67
39.67
39.67
39.67
39.67
39.67
39.67
39.67
39.67
39.67
39.67
39.67
39.67
39.67
39.67
39.67
39.67
39.67
39.67
39.67
39.67
39.67
39.67
39.67
39.67
39.67
39.67
39.67
60.33
60.33
60.33
60.33
60.33
60.33
60.33
60.33
61.35
61.35
61.35
61.35
62.37
62.99
62.99
62.17
64.62
62.99
62.99
61.96
61.96
61.96
61.96
62.99
64.42
65.85
64.01
64.42
65.85
68.71
70.76
70.76
69.12
65.85
71.17
69.94
70.35
70.35
70.14
65.03
69.94
71.37
70.14
70.14
66.67
62.99
63.39
62.78
61.76
61.76
61.55
61.76
62.58
62.58
61.15
60.94
60.94
62.78
61.35
60.74
60.53
60.53
60.53
60.53
60.33
60.33
60.33
60.33
60.33
60.33
60.33
60.33
60.53
60.74
60.74
62.37
62.37
63.60
64.21
63.19
63.60
62.99
62.99
62.37
62.37
61.76
60.94
60.94
61.96
60.94
61.15
61.15
61.55
61.76
62.37
64.83
61.55
61.55
61.55
61.76
60.94
60.94
60.53
60.53
60.53
60.33
60.33
60.33
60.33
60.33
60.33
60.33
60.33
60.33
60.33
60.53
60.53
60.53
60.53
60.53
60.53
60.74
62.58
60.74
60.74
62.58
62.78
60.74
60.74
60.74
60.74
62.58
65.44
68.51
68.51
67.89
63.39
66.26
68.30
65.64
65.64
62.78
63.19
61.55
60.53
60.53
60.74
60.94
62.37
62.37
61.96
62.17
66.87
66.87
64.62
64.62
64.62
61.96
62.58
63.60
64.62
65.44
62.99
60.94
61.15
60.94
60.94
60.74
61.55
61.55
60.74
60.74
60.74
61.76
61.76
61.15
62.99
62.99
64.21
63.60
65.03
65.03
64.01
62.99
62.99
63.60
62.99
64.62
68.10
68.51
68.51
68.51
68.10
66.67
65.64
66.67
64.21
67.28
68.51
