0.00
39.67
39.67
39.67
39.67
39.67
39.67
39.67
39.67
39.67
39.67
39.67
39.67
39.67
39.67
39.67
39.67
39.67
39.67
39.67
39.67
39.67
39.67
39.67
39.67
39.67
39.67
39.67
39.67
39.67
39.67
39.67
39.67
39.67
39.67
39.67
39.67
39.67
39.67
39.67
39.67
39.67
39.67
39.67
39.67
39.67
39.67
39.67
39.67
39.67
39.67
39.67
39.67
39.67
39.67
39.67
39.67
39.67
39.67
39.67
39.67
39.67
39.67
39.88
39.88
39.88
39.88
39.67
39.88
39.88
39.88
39.88
39.88
39.88
39.88
39.88
39.67
39.67
39.88
39.88
39.88
39.67
39.88
39.67
39.88
39.88
39.88
39.88
39.88
40.08
40.08
40.08
40.08
39.88
39.88
39.88
40.08
40.08
39.88
39.88
39.88
39.88
39.88
39.88
39.88
39.88
39.88
39.88
39.88
39.88
39.88
39.88
39.88
39.88
39.88
39.88
39.88
39.88
39.88
39.88
39.88
39.88
39.88
39.88
39.88
39.88
39.88
39.88
39.88
39.88
39.88
39.88
39.88
39.88
39.88
39.88
39.88
39.88
39.88
39.88
39.88
39.88
39.88
39.88
39.88
39.88
39.88
39.88
39.88
39.88
39.88
39.88
39.88
39.88
39.88
39.88
39.88
39.88
39.88
39.88
39.88
39.88
39.88
39.88
39.88
39.88
39.88
39.88
39.88
39.88
39.88
39.88
39.88
39.88
39.88
39.88
39.88
39.88
39.88
39.88
39.88
39.88
39.88
39.88
39.88
39.88
39.88
39.88
39.88
39.88
39.88
39.88
39.88
39.88
39.88
39.88
39.88
39.88
39.88
39.88
39.88
39.88
39.88
39.88
39.88
60.33
60.33
60.33
60.33
60.33
60.33
60.33
60.33
60.33
60.33
60.33
60.33
60.33
60.53
60.53
60.53
60.33
60.33
60.33
60.33
60.33
60.33
60.33
60.33
60.33
60.33
60.33
60.33
60.33
60.33
60.33
60.33
60.33
60.33
60.33
60.33
60.33
60.33
60.33
60.33
60.33
60.33
60.33
60.33
60.33
60.33
60.33
60.33
60.33
60.33
60.33
60.33
60.33
60.33
60.33
60.33
60.33
60.33
60.33
60.33
60.33
60.33
60.33
60.33
60.33
60.33
60.33
60.33
60.33
60.33
60.33
60.33
60.33
60.33
60.33
60.33
60.33
60.33
60.33
60.33
60.33
60.33
60.33
60.33
60.33
60.33
60.33
60.33
60.33
60.33
60.33
60.33
60.33
60.33
60.33
60.33
60.33
60.33
60.33
60.33
60.33
60.33
60.33
60.33
60.33
60.33
60.33
60.33
60.33
60.33
60.33
60.33
60.33
60.33
60.33
60.33
60.33
60.33
60.33
60.33
60.33
60.33
60.33
60.33
60.33
60.33
60.33
60.33
60.33
60.33
60.33
60.33
60.33
60.33
60.33
60.33
60.33
60.33
60.33
60.33
60.33
60.33
60.33
60.33
60.33
60.33
60.33
60.33
60.33
60.33
60.33
60.33
60.33
60.33
60.33
60.33
60.33
60.33
60.33
60.33
60.33
60.33
60.33
60.33
60.33
60.33
60.33
60.33
60.33
60.33
60.33
60.33
60.33
60.33
60.33
60.33
60.33
60.33
60.33
60.33
60.33
60.33
60.33
60.33
60.33
60.33
60.33
60.33
60.33
60.33
60.33
60.33
60.33
60.33
60.33
60.33
94.48
95.50
94.89
95.30
95.50
95.30
95.50
94.89
95.09
94.27
94.27
94.68
94.68
93.66
93.66
95.09
94.68
94.07
94.07
94.07
94.07
93.66
93.66
93.46
93.46
93.87
93.87
93.05
92.43
92.43
92.43
92.43
92.43
92.43
92.64
92.43
91.82
91.82
92.23
92.02
90.59
90.59
91.00
91.00
91.21
91.21
91.21
90.80
90.80
90.80
90.80
90.80
91.00
93.05
91.82
91.82
91.82
91.00
91.00
91.00
91.00
92.23
91.21
90.59
90.59
90.59
90.59
90.59
90.80
90.80
90.39
90.39
91.41
91.41
91.41
91.62
91.41
91.41
92.64
92.64
92.23
92.23
91.82
91.62
91.62
91.62
91.62
91.62
92.84
92.23
92.23
92.64
92.43
91.41
91.21
91.41
90.59
91.00
90.59
