0.00
0.78
0.78
0.78
0.78
0.78
0.78
0.78
0.78
0.78
0.78
0.78
0.78
0.78
0.78
0.78
0.78
0.78
0.78
0.78
0.78
0.78
0.78
0.78
0.78
0.78
0.78
0.78
0.78
0.78
0.78
0.78
0.78
0.78
0.78
0.78
0.78
0.78
0.78
0.78
0.78
0.78
0.78
0.78
0.78
0.78
0.78
0.78
0.78
0.78
0.78
0.78
0.78
0.78
0.78
0.78
0.78
0.78
0.78
0.78
0.78
0.78
0.78
0.78
0.78
0.78
0.78
0.78
0.78
0.78
0.78
0.78
0.78
0.78
0.78
0.78
0.78
0.78
0.78
0.78
0.78
0.78
0.78
0.78
0.78
0.78
0.78
0.78
0.78
0.78
0.78
0.78
0.78
0.78
0.78
0.78
0.78
0.78
0.78
0.78
0.78
0.78
0.78
0.78
0.78
0.78
0.63
0.63
0.63
0.63
0.63
0.63
0.63
0.63
0.63
0.63
0.63
0.63
0.63
0.63
0.63
0.63
0.63
0.63
0.63
0.63
0.63
0.63
0.63
0.63
0.63
0.63
0.63
0.63
0.63
0.63
0.63
0.63
0.63
0.63
0.63
0.63
0.63
0.63
0.63
0.63
0.63
0.63
0.63
0.63
0.63
0.63
0.63
0.63
0.63
0.63
0.63
0.63
0.63
0.63
0.63
0.63
0.63
0.63
0.63
0.63
0.63
0.63
0.63
0.63
0.63
0.63
0.63
0.63
0.63
0.63
0.63
0.63
0.63
0.63
0.63
0.63
0.63
0.63
0.63
0.63
0.63
0.63
0.63
0.63
0.63
0.63
0.63
0.63
0.63
0.63
0.63
0.63
0.63
0.63
0.63
0.63
0.63
0.63
0.63
0.63
0.63
0.63
0.63
0.63
0.63
0.62
0.61
0.59
0.59
0.60
0.59
0.59
0.51
0.51
0.53
0.58
0.62
0.61
0.62
0.62
0.61
0.61
0.60
0.61
0.61
0.61
0.61
0.61
0.60
0.60
0.54
0.50
0.49
0.50
0.48
0.55
0.59
0.59
0.58
0.61
0.62
0.60
0.61
0.61
0.61
0.61
0.60
0.60
0.59
0.61
0.62
0.61
0.61
0.62
0.62
0.62
0.62
0.62
0.62
0.62
0.62
0.62
0.62
0.61
0.62
0.62
0.59
0.58
0.56
0.55
0.59
0.56
0.58
0.58
0.58
0.58
0.55
0.55
0.53
0.53
0.53
0.54
0.56
0.54
0.53
0.47
0.47
0.47
0.50
0.50
0.51
0.52
0.52
0.57
0.50
0.50
0.47
0.46
0.42
0.45
0.41
0.43
0.39
0.37
0.38
0.38
0.38
0.37
0.37
0.37
0.38
0.38
0.38
0.40
0.40
0.39
0.39
0.37
0.36
0.36
0.34
0.36
0.35
0.35
0.35
0.35
0.35
0.35
0.35
0.35
0.37
0.36
0.36
0.36
0.42
0.39
0.39
0.41
0.41
0.42
0.49
0.50
0.47
0.47
0.47
0.47
0.43
0.44
0.44
0.49
0.49
0.49
0.45
0.42
0.42
0.41
0.41
0.44
0.43
0.43
0.43
0.43
0.48
0.44
0.46
0.46
0.47
0.43
0.42
0.42
0.39
0.38
0.37
0.37
0.38
0.38
0.37
0.37
0.38
0.38
0.40
0.40
0.42
0.42
0.43
0.45
0.45
0.48
0.50
0.46
0.42
0.43
0.43
0.42
0.45
0.35
0.35
0.37
0.37
0.37
0.37
0.37
0.37
0.37
0.37
0.37
0.37
0.37
0.37
0.36
0.36
0.36
0.36
0.36
0.34
0.34
0.34
0.34
0.34
0.34
0.34
0.33
0.34
0.34
0.34
0.32
0.32
0.32
0.32
0.30
0.31
0.32
0.32
0.32
0.32
0.32
0.33
0.33
0.33
0.35
0.35
0.35
0.34
0.34
0.34
0.34
0.34
0.33
0.33
0.32
0.33
0.33
0.35
0.35
0.35
0.33
0.33
0.33
0.33
0.34
0.35
0.34
0.34
0.34
0.34
0.34
0.34
0.33
0.32
0.32
0.33
0.32
0.33
0.32
0.33
0.33
0.32
0.31
0.32
0.32
0.32
0.32
0.32
0.32
0.31
0.31
0.30
0.30
0.31
0.31
0.32
0.33
0.33
0.32
