0.00
0.78
0.78
0.78
0.78
0.78
0.78
0.78
0.78
0.78
0.78
0.78
0.78
0.78
0.78
0.78
0.78
0.78
0.78
0.78
0.78
0.78
0.78
0.78
0.78
0.78
0.78
0.78
0.78
0.78
0.78
0.78
0.78
0.78
0.78
0.78
0.78
0.78
0.78
0.78
0.78
0.78
0.78
0.78
0.78
0.78
0.78
0.78
0.78
0.78
0.78
0.78
0.78
0.78
0.78
0.78
0.78
0.78
0.78
0.78
0.78
0.78
0.78
0.78
0.78
0.78
0.78
0.78
0.78
0.78
0.78
0.78
0.78
0.78
0.78
0.78
0.78
0.78
0.78
0.78
0.78
0.78
0.78
0.78
0.78
0.78
0.78
0.78
0.78
0.78
0.78
0.78
0.78
0.78
0.78
0.78
0.78
0.78
0.78
0.78
0.78
0.78
0.78
0.78
0.78
0.78
0.78
0.78
0.78
0.78
0.78
0.78
0.78
0.78
0.78
0.78
0.78
0.78
0.78
0.78
0.78
0.78
0.78
0.78
0.78
0.77
0.77
0.77
0.77
0.77
0.77
0.77
0.77
0.77
0.77
0.77
0.77
0.77
0.77
0.77
0.77
0.77
0.77
0.77
0.77
0.77
0.77
0.77
0.77
0.77
0.75
0.75
0.76
0.76
0.67
0.52
0.52
0.62
0.62
0.69
0.56
0.62
0.60
0.58
0.58
0.58
0.51
0.44
0.50
0.51
0.58
0.62
0.62
0.48
0.44
0.48
0.48
0.41
0.41
0.43
0.41
0.40
0.34
0.34
0.34
0.35
0.40
0.39
0.36
0.39
0.40
0.44
0.44
0.59
0.73
0.73
0.67
0.67
0.67
0.69
0.69
0.69
0.69
0.69
0.69
0.69
0.69
0.69
0.69
0.69
0.69
0.69
0.69
0.69
0.69
0.69
0.69
0.69
0.69
0.69
0.69
0.69
0.69
0.69
0.69
0.69
0.69
0.69
0.69
0.69
0.69
0.69
0.69
0.69
0.69
0.69
0.69
0.69
0.69
0.69
0.69
0.69
0.69
0.69
0.69
0.69
0.69
0.69
0.69
0.69
0.69
0.78
0.78
0.78
0.78
0.78
0.78
0.78
0.78
0.78
0.78
0.78
0.78
0.78
0.78
0.78
0.78
0.78
0.78
0.78
0.78
0.78
0.78
0.78
0.78
0.78
0.78
0.78
0.78
0.78
0.78
0.78
0.78
0.78
0.78
0.78
0.78
0.78
0.78
0.78
0.78
0.78
0.78
0.78
0.78
0.78
0.78
0.78
0.78
0.78
0.78
0.63
0.63
0.63
0.63
0.63
0.63
0.63
0.63
0.62
0.62
0.62
0.62
0.61
0.61
0.61
0.62
0.59
0.61
0.61
0.62
0.62
0.62
0.62
0.61
0.60
0.58
0.60
0.60
0.58
0.56
0.54
0.54
0.56
0.58
0.54
0.55
0.54
0.54
0.55
0.59
0.55
0.54
0.55
0.55
0.58
0.61
0.61
0.61
0.62
0.62
0.62
0.62
0.61
0.61
0.62
0.62
0.62
0.61
0.62
0.63
0.63
0.63
0.63
0.63
0.63
0.63
0.63
0.63
0.63
0.63
0.63
0.63
0.63
0.63
0.63
0.61
0.61
0.60
0.60
0.61
0.60
0.61
0.61
0.61
0.61
0.62
0.62
0.62
0.62
0.62
0.62
0.62
0.62
0.62
0.61
0.59
0.62
0.62
0.62
0.62
0.62
0.62
0.63
0.63
0.63
0.63
0.63
0.63
0.63
0.63
0.63
0.63
0.63
0.63
0.63
0.63
0.63
0.63
0.63
0.63
0.63
0.63
0.61
0.63
0.63
0.61
0.61
0.63
0.63
0.63
0.63
0.61
0.59
0.56
0.56
0.57
0.61
0.58
0.56
0.59
0.59
0.61
0.61
0.62
0.63
0.63
0.63
0.62
0.61
0.61
0.62
0.62
0.58
0.58
0.59
0.59
0.59
0.62
0.61
0.60
0.59
0.59
0.61
0.62
0.62
0.62
0.62
0.63
0.62
0.62
0.63
0.63
0.63
0.62
0.62
0.62
0.61
0.61
0.60
0.60
0.59
0.59
0.60
0.61
0.61
0.60
0.61
0.59
0.56
0.56
0.56
0.56
0.56
0.58
0.59
0.58
0.60
0.57
0.56
