0.00
0.78
0.78
0.78
0.78
0.78
0.78
0.78
0.78
0.78
0.78
0.78
0.78
0.78
0.78
0.78
0.78
0.78
0.78
0.78
0.78
0.78
0.78
0.78
0.78
0.78
0.78
0.78
0.78
0.78
0.78
0.78
0.78
0.78
0.78
0.78
0.78
0.78
0.78
0.78
0.78
0.78
0.78
0.78
0.78
0.78
0.78
0.78
0.78
0.78
0.78
0.78
0.78
0.78
0.78
0.78
0.78
0.78
0.78
0.78
0.78
0.78
0.78
0.78
0.78
0.78
0.78
0.78
0.78
0.78
0.78
0.78
0.78
0.78
0.78
0.78
0.78
0.78
0.78
0.78
0.78
0.78
0.78
0.78
0.78
0.78
0.78
0.78
0.78
0.78
0.78
0.78
0.78
0.78
0.78
0.78
0.78
0.78
0.78
0.78
0.78
0.77
0.77
0.77
0.77
0.77
0.77
0.75
0.75
0.74
0.75
0.75
0.75
0.75
0.74
0.71
0.71
0.68
0.71
0.67
0.71
0.74
0.71
0.71
0.71
0.70
0.69
0.68
0.68
0.67
0.64
0.64
0.64
0.64
0.64
0.68
0.68
0.64
0.62
0.63
0.62
0.61
0.60
0.58
0.54
0.51
0.49
0.47
0.49
0.53
0.47
0.46
0.48
0.50
0.43
0.44
0.43
0.51
0.50
0.54
0.53
0.51
0.46
0.46
0.43
0.47
0.47
0.43
0.43
0.45
0.46
0.48
0.48
0.48
0.48
0.46
0.51
0.46
0.48
0.54
0.48
0.51
0.52
0.56
0.58
0.60
0.60
0.58
0.60
0.61
0.60
0.60
0.58
0.58
0.58
0.58
0.58
0.58
0.60
0.62
0.61
0.61
0.61
0.61
0.61
0.61
0.61
0.61
0.61
0.61
0.61
0.61
0.61
0.61
0.61
0.61
0.61
0.61
0.61
0.61
0.61
0.61
0.61
0.61
0.61
0.61
0.61
0.61
0.61
0.61
0.61
0.61
0.61
0.61
0.61
0.61
0.61
0.61
0.61
0.61
0.61
0.61
0.61
0.61
0.61
0.61
0.61
0.61
0.61
0.61
0.61
0.78
0.78
0.78
0.78
0.78
0.78
0.78
0.78
0.78
0.78
0.78
0.78
0.78
0.78
0.78
0.78
0.78
0.78
0.78
0.78
0.78
0.78
0.78
0.78
0.78
0.78
0.78
0.78
0.78
0.78
0.78
0.78
0.78
0.78
0.78
0.78
0.78
0.78
0.78
0.78
0.78
0.78
0.78
0.78
0.78
0.78
0.78
0.78
0.78
0.78
0.81
0.81
0.81
0.81
0.81
0.81
0.81
0.81
0.81
0.81
0.81
0.81
0.80
0.80
0.80
0.81
0.80
0.81
0.80
0.80
0.80
0.80
0.79
0.80
0.80
0.79
0.79
0.79
0.79
0.79
0.79
0.79
0.79
0.79
0.79
0.79
0.79
0.79
0.79
0.78
0.79
0.79
0.79
0.79
0.79
0.76
0.74
0.76
0.76
0.73
0.73
0.76
0.61
0.76
0.73
0.78
0.76
0.76
0.73
0.73
0.66
0.76
0.73
0.74
0.74
0.77
0.73
0.60
0.72
0.58
0.58
0.58
0.72
0.76
0.77
0.79
0.78
0.78
0.78
0.78
0.78
0.78
0.78
0.77
0.77
0.76
0.77
0.61
0.67
0.53
0.53
0.45
0.46
0.42
0.48
0.71
0.46
0.59
0.71
0.62
0.63
0.63
0.63
0.63
0.63
0.63
0.63
0.63
0.63
0.63
0.63
0.63
0.63
0.63
0.63
0.63
0.63
0.63
0.63
0.63
0.63
0.63
0.63
0.63
0.63
0.63
0.63
0.63
0.63
0.63
0.63
0.63
0.63
0.63
0.63
0.63
0.63
0.63
0.63
0.63
0.63
0.63
0.63
0.63
0.63
0.63
0.63
0.63
0.63
0.63
0.63
0.63
0.63
0.63
0.63
0.63
0.63
0.63
0.63
0.63
0.63
0.63
0.63
0.63
0.63
0.63
0.63
0.63
0.63
0.63
0.63
0.63
0.63
0.63
0.63
0.63
0.63
0.63
0.63
0.63
0.63
0.63
0.63
0.63
0.63
0.63
0.63
0.63
0.63
0.63
0.63
0.63
0.63
0.63
0.63
0.63
0.63
0.63
0.63
