-355.49880 0.00000
-313.42900 0.00000
-313.96680 0.00000
-314.06830 0.00000
-314.51180 0.00000
-314.38680 0.00000
-314.61360 0.00000
-314.64860 0.00000
-313.13870 0.00000
-311.98330 0.00000
-311.90790 0.00000
-312.03700 0.00000
-312.49860 0.00000
-312.32110 0.00000
-312.93090 0.00000
-312.65980 0.00000
-313.57860 0.00000
-313.68240 0.00000
-313.46340 0.00000
-314.53010 0.00000
-313.23450 0.00000
-312.96170 0.00000
-312.34980 0.00000
-313.97700 0.00000
-311.74720 0.00000
-311.69410 0.00000
-310.31240 0.00000
-310.66930 0.00000
-309.04940 0.00000
-308.63460 0.00000
-308.41240 0.00000
-308.47350 0.00000
-308.75760 0.00000
-309.52030 0.00000
-308.57460 0.00000
-308.70600 0.00000
-307.77170 0.00000
-307.83050 0.00000
-308.65370 0.00000
-308.25590 0.00000
-307.30450 0.00000
-308.56070 0.00000
-306.85530 0.00000
-307.13030 0.00000
-308.67120 0.00000
-306.65530 0.00000
-307.54770 0.00000
-306.64510 0.00000
-306.00670 0.00000
-306.11160 0.00000
-305.18790 0.00000
-305.57960 0.00000
-305.45310 0.00000
-306.05540 0.00000
-305.62120 0.00000
-306.80150 0.00000
-305.62050 0.00000
-305.37580 0.00000
-305.36980 0.00000
-304.69720 0.00000
-304.26230 0.00000
-304.15070 0.00000
-304.63730 0.00000
-304.99820 0.00000
-303.85880 0.00000
-304.14370 0.00000
-303.70300 0.00000
-303.79310 0.00000
-303.59690 0.00000
-303.50500 0.00000
-304.93460 0.00000
-304.15360 0.00000
-303.91400 0.00000
-304.03920 0.00000
-303.80760 0.00000
-303.99410 0.00000
-303.59750 0.00000
-303.79200 0.00000
-304.74250 0.00000
-302.99740 0.00000
-301.93620 0.00000
-301.69280 0.00000
-300.93140 0.00000
-300.59280 0.00000
-301.25420 0.00000
-300.30430 0.00000
-300.26550 0.00000
-300.76800 0.00000
-300.45540 0.00000
-300.65630 0.00000
-301.21260 0.00000
-300.09410 0.00000
-300.15210 0.00000
-300.50020 0.00000
-300.01660 0.00000
-300.61670 0.00000
-301.87180 0.00000
-301.56290 0.00000
-301.05950 0.00000
-300.40870 0.00000
-300.73480 0.00000
-370.92390 0.00000
-368.06190 0.00000
-367.37910 0.00000
-369.93870 0.00000
-368.97760 0.00000
-368.60390 0.00000
-368.61440 0.00000
-368.51450 0.00000
-368.05360 0.00000
-369.07470 0.00000
-369.50290 0.00000
-370.36340 0.00000
-369.57060 0.00000
-368.97530 0.00000
-369.56880 0.00000
-368.31810 0.00000
-370.47800 0.00000
-370.76330 0.00000
-367.59800 0.00000
-368.57760 0.00000
-370.65740 0.00000
-369.83980 0.00000
-368.09810 0.00000
-369.02970 0.00000
-369.67520 0.00000
-370.12720 0.00000
-369.19120 0.00000
-369.77090 0.00000
-370.06830 0.00000
-370.00750 0.00000
-368.55590 0.00000
-369.78170 0.00000
-368.39690 0.00000
-367.17500 0.00000
-367.35550 0.00000
-368.92560 0.00000
-367.51880 0.00000
-371.75980 0.00000
-370.68360 0.00000
-370.65080 0.00000
-369.57420 0.00000
-366.79560 0.00000
-367.56860 0.00000
-369.13030 0.00000
-367.85860 0.00000
-366.99230 0.00000
-371.03490 0.00000
-369.56610 0.00000
-371.40620 0.00000
-367.88200 0.00000
-370.06880 0.00000
-371.82030 0.00000
-369.87200 0.00000
-370.50640 0.00000
-373.89040 0.00000
-371.62380 0.00000
-371.59520 0.00000
-372.17920 0.00000
-369.92150 0.00000
-368.44910 0.00000
-369.27620 0.00000
-369.00990 0.00000
-367.26480 0.00000
-367.87960 0.00000
-368.37750 0.00000
-369.34570 0.00000
-369.48380 0.00000
-371.04220 0.00000
-371.98140 0.00000
-373.35760 0.00000
-370.96390 0.00000
-369.37040 0.00000
-372.21660 0.00000
-370.22730 0.00000
-371.21570 0.00000
-369.56440 0.00000
-369.59720 0.00000
-367.99170 0.00000
-370.70500 0.00000
-371.06060 0.00000
-369.79920 0.00000
-367.96490 0.00000
-366.93020 0.00000
-368.38770 0.00000
-366.39500 0.00000
-366.68520 0.00000
-366.12660 0.00000
-364.41590 0.00000
-364.55040 0.00000
-364.39330 0.00000
-366.98400 0.00000
-366.17530 0.00000
-364.31290 0.00000
-362.76510 0.00000
-362.29080 0.00000
-362.51970 0.00000
-362.16080 0.00000
-361.57000 0.00000
-360.69280 0.00000
-361.64660 0.00000
-345.86890 0.00000
-346.09030 0.00000
-347.25810 0.00000
-346.38850 0.00000
-345.93090 0.00000
-345.89740 0.00000
-346.02980 0.00000
-346.11260 0.00000
-345.69490 0.00000
-345.81600 0.00000
-345.79860 0.00000
-345.70440 0.00000
-345.44950 0.00000
-345.20670 0.00000
-345.60910 0.00000
-346.10340 0.00000
-345.69150 0.00000
-345.55060 0.00000
-345.59180 0.00000
-345.53010 0.00000
-345.90970 0.00000
-346.03280 0.00000
-345.64120 0.00000
-345.72120 0.00000
-346.47980 0.00000
-347.08420 0.00000
-347.45250 0.00000
-346.87260 0.00000
-347.09940 0.00000
-346.78430 0.00000
-347.09480 0.00000
-346.99080 0.00000
-346.37200 0.00000
-346.13470 0.00000
-346.70590 0.00000
-346.81240 0.00000
-345.99850 0.00000
-345.74870 0.00000
-345.45820 0.00000
-345.51300 0.00000
-345.01420 0.00000
-344.71400 0.00000
-344.22110 0.00000
-343.90410 0.00000
-343.72290 0.00000
-343.59770 0.00000
-343.57210 0.00000
-343.17780 0.00000
-343.43300 0.00000
-343.67010 0.00000
-344.08110 0.00000
-343.96750 0.00000
-343.91860 0.00000
-343.91930 0.00000
-343.92700 0.00000
-344.40920 0.00000
-343.58450 0.00000
-343.05190 0.00000
-343.07980 0.00000
-343.04480 0.00000
-343.17010 0.00000
-342.74400 0.00000
-342.94000 0.00000
-342.52380 0.00000
-342.38070 0.00000
-342.73120 0.00000
-342.83840 0.00000
-342.56890 0.00000
-342.64520 0.00000
-342.46320 0.00000
-341.92310 0.00000
-341.45070 0.00000
-341.55710 0.00000
-342.12360 0.00000
-341.41390 0.00000
-341.39060 0.00000
-341.45620 0.00000
-341.57830 0.00000
-341.42790 0.00000
-341.46690 0.00000
-341.69670 0.00000
-341.73570 0.00000
-342.02440 0.00000
-341.72090 0.00000
-341.28500 0.00000
-341.68000 0.00000
-341.60270 0.00000
-341.58150 0.00000
-341.72040 0.00000
-341.52530 0.00000
-341.81020 0.00000
-341.70460 0.00000
-341.68350 0.00000
-341.96080 0.00000
-341.75480 0.00000
-341.89680 0.00000
-342.04690 0.00000
-342.21550 0.00000
-342.64840 0.00000
-342.99610 0.00000
-240.42480 0.00000
-240.39340 0.00000
-240.49010 0.00000
-241.48280 0.00000
-240.55520 0.00000
-241.97550 0.00000
-240.17280 0.00000
-239.91110 0.00000
-239.64530 0.00000
-238.41880 0.00000
-238.42290 0.00000
-238.84870 0.00000
-239.81660 0.00000
-238.41620 0.00000
-239.36680 0.00000
-239.93980 0.00000
-239.88070 0.00000
-240.14140 0.00000
-240.17080 0.00000
-241.29320 0.00000
-239.34270 0.00000
-238.48820 0.00000
-239.37130 0.00000
-238.77450 0.00000
-239.01050 0.00000
-236.78330 0.00000
-237.08300 0.00000
-237.10890 0.00000
-238.17970 0.00000
-236.56420 0.00000
-237.17910 0.00000
-237.13880 0.00000
-237.18210 0.00000
-237.32940 0.00000
-239.32390 0.00000
-236.91910 0.00000
-236.41440 0.00000
-235.47890 0.00000
-235.98180 0.00000
-236.55450 0.00000
-235.50990 0.00000
-234.95310 0.00000
-234.38880 0.00000
-234.00410 0.00000
-233.70450 0.00000
-233.74180 0.00000
-233.22680 0.00000
-233.31300 0.00000
-233.52090 0.00000
-233.00490 0.00000
-233.32690 0.00000
-233.67610 0.00000
-232.97090 0.00000
-232.17950 0.00000
-231.63000 0.00000
-232.81790 0.00000
-233.19810 0.00000
-233.00700 0.00000
-231.77050 0.00000
-231.98980 0.00000
-232.39670 0.00000
-232.20290 0.00000
-231.17690 0.00000
-229.57660 0.00000
-229.54950 0.00000
-230.30600 0.00000
-230.66600 0.00000
-229.76480 0.00000
-228.58600 0.00000
-228.92590 0.00000
-228.47300 0.00000
-227.62230 0.00000
-227.73950 0.00000
-227.69860 0.00000
-227.43110 0.00000
-227.18750 0.00000
-226.74720 0.00000
-227.06990 0.00000
-227.52980 0.00000
-227.30260 0.00000
-226.83880 0.00000
-227.10690 0.00000
-226.70820 0.00000
-226.77260 0.00000
-226.47160 0.00000
-225.04820 0.00000
-224.48890 0.00000
-224.28010 0.00000
-222.93490 0.00000
-222.94190 0.00000
-223.03430 0.00000
-222.07940 0.00000
-223.00850 0.00000
-220.77050 0.00000
-220.72530 0.00000
-220.59920 0.00000
-220.53760 0.00000
-219.25790 0.00000
-220.32640 0.00000
-314.53730 0.00000
-369.05620 0.00000
-371.49960 0.00000
-369.39020 0.00000
-369.25800 0.00000
-369.71050 0.00000
-368.51490 0.00000
-369.07120 0.00000
-366.45940 0.00000
-367.53570 0.00000
-367.44300 0.00000
-365.98460 0.00000
-370.04980 0.00000
-368.90800 0.00000
-370.77740 0.00000
-368.71010 0.00000
-371.07430 0.00000
-370.38030 0.00000
-367.62520 0.00000
-370.09650 0.00000
-368.95720 0.00000
-367.46050 0.00000
-368.76490 0.00000
-370.82300 0.00000
-367.74690 0.00000
-369.92190 0.00000
-366.39650 0.00000
-369.09730 0.00000
-369.22330 0.00000
-369.92180 0.00000
-368.90630 0.00000
-367.82850 0.00000
-369.88380 0.00000
-368.60340 0.00000
-367.82740 0.00000
-368.29170 0.00000
-368.27210 0.00000
-370.05570 0.00000
-370.08780 0.00000
-369.15520 0.00000
-368.49340 0.00000
-368.93460 0.00000
-367.74090 0.00000
-369.96840 0.00000
-371.73810 0.00000
-369.06030 0.00000
-369.43040 0.00000
-369.11020 0.00000
-369.88730 0.00000
-369.39330 0.00000
-366.79740 0.00000
-367.76390 0.00000
-368.75710 0.00000
-369.59270 0.00000
-367.95320 0.00000
-369.80520 0.00000
-370.64860 0.00000
-369.05530 0.00000
-369.71670 0.00000
-370.70570 0.00000
-367.64380 0.00000
-367.83610 0.00000
-370.71650 0.00000
-368.41170 0.00000
-368.66000 0.00000
-370.27390 0.00000
-369.54900 0.00000
-370.45960 0.00000
-366.88960 0.00000
-369.03450 0.00000
-370.32170 0.00000
-368.19010 0.00000
-368.67290 0.00000
-370.44220 0.00000
-369.40330 0.00000
-372.10490 0.00000
-367.99410 0.00000
-369.48210 0.00000
-368.15760 0.00000
-368.21970 0.00000
-369.74830 0.00000
-366.86820 0.00000
-369.34390 0.00000
-367.92280 0.00000
-371.14770 0.00000
-368.98980 0.00000
-369.33670 0.00000
-368.94530 0.00000
-370.23470 0.00000
-368.77640 0.00000
-370.50230 0.00000
-368.05750 0.00000
-371.77660 0.00000
-368.64860 0.00000
-368.92370 0.00000
-370.37400 0.00000
-371.20540 0.00000
-367.89110 0.00000
-368.55300 0.00000
-368.58990 0.00000
-368.67660 0.00000
-342.73750 0.00000
-342.66250 0.00000
-342.44670 0.00000
-342.89460 0.00000
-342.52600 0.00000
-342.57870 0.00000
-342.61420 0.00000
-343.09910 0.00000
-342.64880 0.00000
-342.76640 0.00000
-343.01830 0.00000
-342.85450 0.00000
-342.67190 0.00000
-342.77890 0.00000
-342.87140 0.00000
-342.52670 0.00000
-342.80480 0.00000
-342.98730 0.00000
-342.31510 0.00000
-342.58320 0.00000
-342.81440 0.00000
-342.75440 0.00000
-342.49820 0.00000
-342.73570 0.00000
-342.56520 0.00000
-343.01040 0.00000
-342.66780 0.00000
-342.98680 0.00000
-342.64040 0.00000
-343.08910 0.00000
-342.81290 0.00000
-343.37270 0.00000
-342.68320 0.00000
-342.92920 0.00000
-342.43160 0.00000
-342.86500 0.00000
-342.37280 0.00000
-342.79460 0.00000
-342.90360 0.00000
-343.00050 0.00000
-342.68660 0.00000
-342.41350 0.00000
-342.49150 0.00000
-342.87800 0.00000
-342.83310 0.00000
-342.56650 0.00000
-343.03000 0.00000
-342.80890 0.00000
-342.98020 0.00000
-342.46210 0.00000
-342.88680 0.00000
-342.99960 0.00000
-342.97060 0.00000
-343.19100 0.00000
-343.75680 0.00000
-343.99470 0.00000
-343.63300 0.00000
-343.67060 0.00000
-343.45890 0.00000
-343.57330 0.00000
-343.54070 0.00000
-343.65830 0.00000
-343.00530 0.00000
-343.29570 0.00000
-343.26660 0.00000
-343.48430 0.00000
-343.73210 0.00000
-343.89870 0.00000
-343.79220 0.00000
-344.00910 0.00000
-343.92260 0.00000
-343.63600 0.00000
-344.18970 0.00000
-344.64300 0.00000
-344.84940 0.00000
-344.58810 0.00000
-344.24190 0.00000
-343.81650 0.00000
-344.60850 0.00000
-345.68710 0.00000
-345.47220 0.00000
-345.00150 0.00000
-344.72480 0.00000
-345.19070 0.00000
-345.09640 0.00000
-345.44020 0.00000
-344.87370 0.00000
-344.55540 0.00000
-344.54360 0.00000
-344.67100 0.00000
-345.46280 0.00000
-345.87050 0.00000
-346.10120 0.00000
-345.72450 0.00000
-345.31010 0.00000
-345.40030 0.00000
-345.76250 0.00000
-345.46340 0.00000
-345.14310 0.00000
-345.67460 0.00000
-262.20750 0.00000
-264.02870 0.00000
-265.16290 0.00000
-264.02260 0.00000
-262.47520 0.00000
-261.46910 0.00000
-261.61710 0.00000
-262.24280 0.00000
-261.17590 0.00000
-261.13680 0.00000
-261.33890 0.00000
-260.04300 0.00000
-261.81960 0.00000
-258.94610 0.00000
-259.84430 0.00000
-259.47860 0.00000
-259.31040 0.00000
-257.84950 0.00000
-257.75300 0.00000
-258.55700 0.00000
-256.81420 0.00000
-257.54560 0.00000
-255.60300 0.00000
-255.95960 0.00000
-256.89600 0.00000
-256.60560 0.00000
-255.67420 0.00000
-255.49270 0.00000
-256.58270 0.00000
-256.47750 0.00000
-255.93280 0.00000
-255.67810 0.00000
-254.89800 0.00000
-254.75790 0.00000
-255.90460 0.00000
-255.62340 0.00000
-256.60100 0.00000
-256.53700 0.00000
-254.59540 0.00000
-254.37990 0.00000
-253.32490 0.00000
-254.86000 0.00000
-252.01500 0.00000
-251.69260 0.00000
-251.83610 0.00000
-252.20390 0.00000
-251.94010 0.00000
-251.21440 0.00000
-250.72880 0.00000
-252.24610 0.00000
-251.65250 0.00000
-251.43810 0.00000
-252.10950 0.00000
-252.16670 0.00000
-253.51990 0.00000
-255.01700 0.00000
-252.34640 0.00000
-251.98410 0.00000
-252.99220 0.00000
-252.36520 0.00000
-252.43910 0.00000
-253.38960 0.00000
-251.35120 0.00000
-250.29730 0.00000
-249.73140 0.00000
-248.96540 0.00000
-248.20170 0.00000
-246.99780 0.00000
-248.79390 0.00000
-248.31570 0.00000
-245.68240 0.00000
-243.66880 0.00000
-243.35270 0.00000
-244.55570 0.00000
-244.46090 0.00000
-243.83660 0.00000
-243.51190 0.00000
-243.70680 0.00000
-243.51150 0.00000
-243.20290 0.00000
-244.93540 0.00000
-244.05370 0.00000
-244.16250 0.00000
-243.17380 0.00000
-242.96600 0.00000
-242.95560 0.00000
-243.39670 0.00000
-243.41350 0.00000
-242.73990 0.00000
-242.37210 0.00000
-242.32560 0.00000
-241.25680 0.00000
-241.07850 0.00000
-240.12050 0.00000
-239.63770 0.00000
-240.17760 0.00000
-239.89080 0.00000
-240.07760 0.00000
-239.63320 0.00000
-239.63020 0.00000
-317.43100 0.00000
-317.63830 0.00000
-318.08970 0.00000
-318.64810 0.00000
-317.90420 0.00000
-317.93750 0.00000
-318.82050 0.00000
-317.57320 0.00000
-317.06610 0.00000
-317.91860 0.00000
-318.12170 0.00000
-318.30690 0.00000
-318.99900 0.00000
-316.77900 0.00000
-319.19250 0.00000
-318.53460 0.00000
-317.66400 0.00000
-318.64090 0.00000
-317.72530 0.00000
-318.49250 0.00000
-318.49530 0.00000
-318.47760 0.00000
-318.10160 0.00000
-318.51250 0.00000
-319.30440 0.00000
-318.33960 0.00000
-317.63290 0.00000
-317.01590 0.00000
-317.88870 0.00000
-317.99240 0.00000
-318.17750 0.00000
-318.13760 0.00000
-317.99380 0.00000
-317.84370 0.00000
-318.86480 0.00000
-318.36940 0.00000
-317.88530 0.00000
-318.51980 0.00000
-318.40610 0.00000
-318.77170 0.00000
-318.04170 0.00000
-318.04730 0.00000
-318.10110 0.00000
-318.85170 0.00000
-318.22710 0.00000
-318.54650 0.00000
-318.30170 0.00000
-319.17770 0.00000
-317.18020 0.00000
-317.34620 0.00000
-319.17060 0.00000
-318.93040 0.00000
-318.39140 0.00000
-317.07710 0.00000
-318.35580 0.00000
-318.55830 0.00000
-318.90560 0.00000
-318.26470 0.00000
-317.79210 0.00000
-318.81260 0.00000
-318.04000 0.00000
-317.71630 0.00000
-317.67120 0.00000
-318.18040 0.00000
-317.94840 0.00000
-317.62560 0.00000
-317.77190 0.00000
-318.53320 0.00000
-318.28370 0.00000
-318.22140 0.00000
-317.90580 0.00000
-318.75270 0.00000
-318.78170 0.00000
-317.82270 0.00000
-317.90010 0.00000
-319.17820 0.00000
-317.81270 0.00000
-318.04160 0.00000
-318.12420 0.00000
-318.80620 0.00000
-317.70760 0.00000
-318.35930 0.00000
-319.14340 0.00000
-318.11830 0.00000
-318.50140 0.00000
-317.78510 0.00000
-319.10840 0.00000
-319.63820 0.00000
-318.37140 0.00000
-318.22890 0.00000
-318.79290 0.00000
-318.05370 0.00000
-317.64310 0.00000
-316.81550 0.00000
-318.61650 0.00000
-319.07330 0.00000
-318.51900 0.00000
-318.03760 0.00000
-318.92230 0.00000
-369.16890 0.00000
-342.92110 0.00000
-343.38920 0.00000
-343.57360 0.00000
-343.40790 0.00000
-343.60620 0.00000
-344.02260 0.00000
-344.05420 0.00000
-343.34860 0.00000
-342.79450 0.00000
-342.40700 0.00000
-342.25840 0.00000
-342.56540 0.00000
-342.62460 0.00000
-342.94340 0.00000
-342.60880 0.00000
-342.51280 0.00000
-342.68000 0.00000
-342.49750 0.00000
-342.80680 0.00000
-342.80530 0.00000
-342.33620 0.00000
-342.28660 0.00000
-342.99300 0.00000
-342.75970 0.00000
-342.48070 0.00000
-342.08460 0.00000
-341.84930 0.00000
-341.63830 0.00000
-341.68710 0.00000
-341.55160 0.00000
-341.61690 0.00000
-341.74770 0.00000
-341.75230 0.00000
-341.33430 0.00000
-341.43370 0.00000
-341.41630 0.00000
-341.49070 0.00000
-341.57990 0.00000
-341.47340 0.00000
-341.39520 0.00000
-341.58490 0.00000
-341.83040 0.00000
-341.59130 0.00000
-341.81970 0.00000
-341.96140 0.00000
-341.91320 0.00000
-342.15010 0.00000
-342.21920 0.00000
-342.37300 0.00000
-342.41150 0.00000
-342.34800 0.00000
-342.17610 0.00000
-342.16810 0.00000
-342.13420 0.00000
-342.35930 0.00000
-342.43430 0.00000
-342.42520 0.00000
-342.64170 0.00000
-342.91130 0.00000
-343.01260 0.00000
-343.22800 0.00000
-343.33480 0.00000
-343.43540 0.00000
-343.23180 0.00000
-343.23130 0.00000
-342.96230 0.00000
-342.98910 0.00000
-342.92320 0.00000
-343.01090 0.00000
-343.50700 0.00000
-343.38960 0.00000
-343.27970 0.00000
-343.45170 0.00000
-342.75980 0.00000
-343.05770 0.00000
-342.86600 0.00000
-343.17340 0.00000
-343.23510 0.00000
-342.91130 0.00000
-343.07450 0.00000
-342.97530 0.00000
-343.00130 0.00000
-342.41270 0.00000
-342.74510 0.00000
-343.06030 0.00000
-343.08310 0.00000
-342.57970 0.00000
-342.67880 0.00000
-342.58320 0.00000
-342.66010 0.00000
-342.39370 0.00000
-342.84180 0.00000
-342.74130 0.00000
-342.27830 0.00000
-342.59210 0.00000
-342.84050 0.00000
-342.48870 0.00000
-342.53690 0.00000
-342.51140 0.00000
-342.77610 0.00000
-304.64820 0.00000
-304.76320 0.00000
-304.13160 0.00000
-303.62000 0.00000
-302.29490 0.00000
-301.75190 0.00000
-302.50790 0.00000
-301.70760 0.00000
-300.00760 0.00000
-299.71670 0.00000
-300.40550 0.00000
-299.44410 0.00000
-298.98800 0.00000
-298.25720 0.00000
-298.34810 0.00000
-298.76390 0.00000
-298.00950 0.00000
-297.45090 0.00000
-295.93020 0.00000
-295.00760 0.00000
-294.23730 0.00000
-292.83940 0.00000
-293.36440 0.00000
-293.23230 0.00000
-293.95160 0.00000
-293.34110 0.00000
-292.49810 0.00000
-294.89830 0.00000
-293.87300 0.00000
-295.20210 0.00000
-291.29610 0.00000
-293.82170 0.00000
-290.58460 0.00000
-288.93500 0.00000
-288.38320 0.00000
-287.40820 0.00000
-286.70410 0.00000
-286.32850 0.00000
-285.95890 0.00000
-285.23410 0.00000
-285.76460 0.00000
-281.95770 0.00000
-280.23300 0.00000
-281.04070 0.00000
-280.49630 0.00000
-280.47430 0.00000
-281.81470 0.00000
-282.35090 0.00000
-283.17110 0.00000
-283.19060 0.00000
-284.96190 0.00000
-282.79960 0.00000
-283.69330 0.00000
-285.85930 0.00000
-283.59220 0.00000
-283.37110 0.00000
-283.30890 0.00000
-282.71910 0.00000
-281.04310 0.00000
-282.12400 0.00000
-282.32250 0.00000
-281.49420 0.00000
-281.38460 0.00000
-281.22520 0.00000
-283.55300 0.00000
-279.35140 0.00000
-281.65860 0.00000
-278.31520 0.00000
-279.07000 0.00000
-280.92370 0.00000
-278.77320 0.00000
-279.07330 0.00000
-281.54550 0.00000
-279.05490 0.00000
-280.04770 0.00000
-278.75500 0.00000
-279.85510 0.00000
-277.86030 0.00000
-281.38010 0.00000
-280.21620 0.00000
-276.20830 0.00000
-276.92370 0.00000
-275.53640 0.00000
-275.84170 0.00000
-273.83960 0.00000
-275.02190 0.00000
-274.53110 0.00000
-270.65610 0.00000
-269.69820 0.00000
-269.04580 0.00000
-270.43260 0.00000
-267.32070 0.00000
-266.93080 0.00000
-266.11130 0.00000
-266.49220 0.00000
-265.88470 0.00000
-264.30390 0.00000
-263.28330 0.00000
-262.74340 0.00000
-263.77710 0.00000
-317.83630 0.00000
-318.67410 0.00000
-317.54050 0.00000
-317.83460 0.00000
-317.63960 0.00000
-317.91970 0.00000
-318.01510 0.00000
-317.86560 0.00000
-318.05910 0.00000
-317.51480 0.00000
-318.32080 0.00000
-318.22500 0.00000
-318.64180 0.00000
-317.84080 0.00000
-319.20340 0.00000
-317.85940 0.00000
-318.34530 0.00000
-317.92640 0.00000
-317.57940 0.00000
-317.84000 0.00000
-319.26110 0.00000
-318.11940 0.00000
-318.21370 0.00000
-317.99200 0.00000
-319.14900 0.00000
-317.81020 0.00000
-318.25780 0.00000
-319.10570 0.00000
-318.25710 0.00000
-319.11040 0.00000
-317.85170 0.00000
-318.04000 0.00000
-318.46350 0.00000
-318.04200 0.00000
-318.08890 0.00000
-319.28660 0.00000
-318.32120 0.00000
-318.75380 0.00000
-317.47070 0.00000
-317.84180 0.00000
-318.14890 0.00000
-318.43590 0.00000
-317.61640 0.00000
-318.28810 0.00000
-317.75850 0.00000
-318.24450 0.00000
-317.42250 0.00000
-318.00710 0.00000
-317.92550 0.00000
-319.67270 0.00000
-318.94780 0.00000
-318.53970 0.00000
-318.75620 0.00000
-319.49490 0.00000
-317.27040 0.00000
-319.07760 0.00000
-318.42330 0.00000
-317.28820 0.00000
-318.03510 0.00000
-318.21970 0.00000
-317.88520 0.00000
-318.03210 0.00000
-317.32260 0.00000
-318.58040 0.00000
-318.26270 0.00000
-317.94660 0.00000
-317.33010 0.00000
-317.62120 0.00000
-317.95890 0.00000
-318.82090 0.00000
-318.36550 0.00000
-318.51330 0.00000
-318.61830 0.00000
-317.69840 0.00000
-318.49060 0.00000
-317.96970 0.00000
-317.71530 0.00000
-317.95120 0.00000
-318.28740 0.00000
-317.94440 0.00000
-318.50600 0.00000
-318.69620 0.00000
-317.38500 0.00000
-318.19060 0.00000
-318.46800 0.00000
-318.59400 0.00000
-317.32350 0.00000
-318.59740 0.00000
-317.93490 0.00000
-317.76290 0.00000
-317.49510 0.00000
-317.74260 0.00000
-318.24300 0.00000
-316.85520 0.00000
-318.22390 0.00000
-319.29960 0.00000
-318.52810 0.00000
-318.55500 0.00000
-318.37440 0.00000
-318.26340 0.00000
-293.74100 0.00000
-294.28840 0.00000
-293.63560 0.00000
-293.91250 0.00000
-293.48010 0.00000
-294.21060 0.00000
-293.72140 0.00000
-293.40350 0.00000
-293.75400 0.00000
-293.06880 0.00000
-294.55770 0.00000
-294.22370 0.00000
-294.50400 0.00000
-292.84030 0.00000
-294.32830 0.00000
-293.55790 0.00000
-293.68000 0.00000
-293.85530 0.00000
-292.96640 0.00000
-293.88250 0.00000
-293.12300 0.00000
-293.29630 0.00000
-293.77230 0.00000
-293.25230 0.00000
-294.34530 0.00000
-293.93130 0.00000
-294.00930 0.00000
-293.31170 0.00000
-293.10400 0.00000
-293.43240 0.00000
-293.71740 0.00000
-294.75250 0.00000
-295.22070 0.00000
-293.22340 0.00000
-294.16650 0.00000
-293.71200 0.00000
-293.04820 0.00000
-293.71990 0.00000
-293.54230 0.00000
-293.57870 0.00000
-293.24580 0.00000
-293.08430 0.00000
-293.44300 0.00000
-293.16400 0.00000
-293.77070 0.00000
-293.83110 0.00000
-293.80400 0.00000
-293.79130 0.00000
-293.52680 0.00000
-293.65540 0.00000
-294.30610 0.00000
-293.76490 0.00000
-293.25890 0.00000
-293.38340 0.00000
-292.87050 0.00000
-294.80660 0.00000
-293.25980 0.00000
-293.35450 0.00000
-294.11120 0.00000
-293.34710 0.00000
-293.54170 0.00000
-293.94380 0.00000
-293.74020 0.00000
-293.65210 0.00000
-294.07840 0.00000
-293.58710 0.00000
-294.73800 0.00000
-293.67150 0.00000
-294.01590 0.00000
-293.31950 0.00000
-294.28950 0.00000
-294.37360 0.00000
-294.43470 0.00000
-293.13590 0.00000
-293.31080 0.00000
-292.79300 0.00000
-293.94150 0.00000
-294.20950 0.00000
-293.59610 0.00000
-293.25090 0.00000
-293.28200 0.00000
-294.00680 0.00000
-293.67730 0.00000
-294.28420 0.00000
-293.32400 0.00000
-293.06190 0.00000
-293.88030 0.00000
-293.86330 0.00000
-293.16790 0.00000
-294.05250 0.00000
-293.80090 0.00000
-293.22420 0.00000
-294.00690 0.00000
-293.52560 0.00000
-293.86800 0.00000
-294.92420 0.00000
-293.65520 0.00000
-293.41110 0.00000
-293.55390 0.00000
-343.07100 0.00000
-343.59230 0.00000
-344.57630 0.00000
-342.83400 0.00000
-342.03390 0.00000
-343.22410 0.00000
-341.48990 0.00000
-339.53950 0.00000
-336.69770 0.00000
-336.64260 0.00000
-335.67830 0.00000
-332.21350 0.00000
-332.98450 0.00000
-330.68860 0.00000
-334.49800 0.00000
-333.93580 0.00000
-333.25310 0.00000
-333.65130 0.00000
-331.38580 0.00000
-332.11350 0.00000
-333.28940 0.00000
-329.16880 0.00000
-327.40140 0.00000
-327.95090 0.00000
-326.60920 0.00000
-329.02030 0.00000
-327.27710 0.00000
-325.51500 0.00000
-324.35540 0.00000
-325.48320 0.00000
-322.64470 0.00000
-323.21500 0.00000
-324.06610 0.00000
-323.93830 0.00000
-322.10270 0.00000
-321.56110 0.00000
-322.17480 0.00000
-324.20160 0.00000
-324.00580 0.00000
-321.78400 0.00000
-323.78980 0.00000
-321.61980 0.00000
-321.77090 0.00000
-323.60540 0.00000
-323.07250 0.00000
-319.84670 0.00000
-320.55640 0.00000
-319.54780 0.00000
-319.05860 0.00000
-319.23520 0.00000
-317.51320 0.00000
-314.40980 0.00000
-313.88950 0.00000
-312.65560 0.00000
-311.36380 0.00000
-310.76390 0.00000
-312.50720 0.00000
-312.05320 0.00000
-309.63540 0.00000
-308.44100 0.00000
-306.71780 0.00000
-306.87780 0.00000
-306.63690 0.00000
-306.57540 0.00000
-305.27630 0.00000
-306.34210 0.00000
-305.52590 0.00000
-308.59740 0.00000
-308.93760 0.00000
-308.21800 0.00000
-308.73990 0.00000
-309.53150 0.00000
-308.81330 0.00000
-308.75140 0.00000
-308.92100 0.00000
-309.22990 0.00000
-309.97570 0.00000
-307.95330 0.00000
-307.89830 0.00000
-305.99380 0.00000
-306.96200 0.00000
-306.58110 0.00000
-307.47120 0.00000
-307.16760 0.00000
-309.16150 0.00000
-309.77110 0.00000
-308.51710 0.00000
-309.30210 0.00000
-307.91520 0.00000
-307.53660 0.00000
-309.54680 0.00000
-306.37320 0.00000
-309.68300 0.00000
-308.14480 0.00000
-307.11030 0.00000
-307.56720 0.00000
-307.86390 0.00000
-306.55250 0.00000
-305.83400 0.00000
-304.36880 0.00000
-304.42280 0.00000
-327.10460 0.00000
-328.06240 0.00000
-327.70860 0.00000
-327.81470 0.00000
-326.57540 0.00000
-328.20520 0.00000
-327.50020 0.00000
-327.90440 0.00000
-327.73120 0.00000
-327.79480 0.00000
-327.59740 0.00000
-327.26150 0.00000
-327.31670 0.00000
-327.94870 0.00000
-327.66840 0.00000
-326.69770 0.00000
-327.21390 0.00000
-328.03580 0.00000
-327.71020 0.00000
-327.38930 0.00000
-327.23890 0.00000
-327.48700 0.00000
-328.38130 0.00000
-326.99450 0.00000
-327.92940 0.00000
-327.83320 0.00000
-327.16550 0.00000
-327.99510 0.00000
-327.22170 0.00000
-328.20120 0.00000
-327.13120 0.00000
-327.50080 0.00000
-328.26560 0.00000
-327.51970 0.00000
-327.38740 0.00000
-326.20000 0.00000
-327.56700 0.00000
-327.73020 0.00000
-327.34430 0.00000
-326.88950 0.00000
-327.74090 0.00000
-327.74040 0.00000
-328.19060 0.00000
-327.59900 0.00000
-328.21470 0.00000
-328.01790 0.00000
-327.64430 0.00000
-328.39000 0.00000
-327.40150 0.00000
-328.52870 0.00000
-327.50350 0.00000
-326.84130 0.00000
-326.88220 0.00000
-327.39610 0.00000
-326.36900 0.00000
-325.72010 0.00000
-325.59820 0.00000
-324.91360 0.00000
-324.09220 0.00000
-324.13260 0.00000
-323.42400 0.00000
-322.55930 0.00000
-323.43280 0.00000
-322.94920 0.00000
-323.38670 0.00000
-322.67420 0.00000
-322.87590 0.00000
-322.53490 0.00000
-322.71990 0.00000
-322.76480 0.00000
-322.99630 0.00000
-323.39470 0.00000
-323.96750 0.00000
-324.38690 0.00000
-324.49430 0.00000
-324.79820 0.00000
-324.90350 0.00000
-324.67750 0.00000
-325.29660 0.00000
-324.83130 0.00000
-324.09670 0.00000
-323.67200 0.00000
-323.37540 0.00000
-323.01380 0.00000
-322.45640 0.00000
-323.57070 0.00000
-324.52200 0.00000
-323.14430 0.00000
-323.03510 0.00000
-322.45270 0.00000
-321.38770 0.00000
-320.14860 0.00000
-319.91000 0.00000
-319.07220 0.00000
-319.47820 0.00000
-319.13280 0.00000
-318.54150 0.00000
-318.47200 0.00000
-318.20590 0.00000
-318.65240 0.00000
-306.34840 0.00000
-307.11860 0.00000
-307.61710 0.00000
-307.29160 0.00000
-305.90610 0.00000
-305.10980 0.00000
-305.18970 0.00000
-305.53650 0.00000
-306.06450 0.00000
-306.14860 0.00000
-306.15070 0.00000
-304.56790 0.00000
-305.06250 0.00000
-305.39680 0.00000
-305.60020 0.00000
-305.07080 0.00000
-305.37050 0.00000
-304.25880 0.00000
-304.67320 0.00000
-304.42130 0.00000
-304.12930 0.00000
-304.05780 0.00000
-303.29460 0.00000
-303.41900 0.00000
-303.86850 0.00000
-304.27500 0.00000
-303.88320 0.00000
-304.07590 0.00000
-304.07150 0.00000
-303.25070 0.00000
-303.49340 0.00000
-303.41480 0.00000
-303.11440 0.00000
-301.60450 0.00000
-301.85230 0.00000
-301.26580 0.00000
-301.08950 0.00000
-301.29140 0.00000
-301.79040 0.00000
-300.56840 0.00000
-300.26750 0.00000
-300.69080 0.00000
-300.39380 0.00000
-300.47950 0.00000
-300.20430 0.00000
-300.80830 0.00000
-300.89170 0.00000
-300.81050 0.00000
-300.10150 0.00000
-300.51770 0.00000
-300.44660 0.00000
-300.61220 0.00000
-300.32490 0.00000
-300.50000 0.00000
-301.06750 0.00000
-300.98860 0.00000
-301.27340 0.00000
-301.02520 0.00000
-300.36960 0.00000
-299.89670 0.00000
-300.24920 0.00000
-299.83520 0.00000
-298.83730 0.00000
-298.09400 0.00000
-298.09580 0.00000
-297.54440 0.00000
-297.46040 0.00000
-296.54530 0.00000
-297.13550 0.00000
-297.44280 0.00000
-296.10240 0.00000
-295.83890 0.00000
-296.45550 0.00000
-295.89890 0.00000
-295.72190 0.00000
-295.37570 0.00000
-294.42940 0.00000
-294.80660 0.00000
-294.19070 0.00000
-293.75730 0.00000
-294.46910 0.00000
-294.00530 0.00000
-294.74990 0.00000
-294.41660 0.00000
-294.16200 0.00000
-294.21480 0.00000
-293.90860 0.00000
-293.79990 0.00000
-293.96600 0.00000
-294.31610 0.00000
-294.35590 0.00000
-293.97390 0.00000
-294.33780 0.00000
-294.17820 0.00000
-294.38720 0.00000
-293.81400 0.00000
-293.98830 0.00000
-293.46560 0.00000
-293.29230 0.00000
-293.72250 0.00000
-353.47640 0.00000
-353.28430 0.00000
-355.16900 0.00000
-355.69260 0.00000
-353.61760 0.00000
-353.98680 0.00000
-354.91190 0.00000
-353.60140 0.00000
-353.21850 0.00000
-354.24080 0.00000
-352.66180 0.00000
-353.85310 0.00000
-354.15720 0.00000
-354.21040 0.00000
-353.22970 0.00000
-354.04720 0.00000
-354.57160 0.00000
-354.70320 0.00000
-354.00470 0.00000
-355.87270 0.00000
-354.61550 0.00000
-353.42020 0.00000
-353.73780 0.00000
-354.12400 0.00000
-354.19920 0.00000
-355.81650 0.00000
-352.43790 0.00000
-352.32570 0.00000
-353.06490 0.00000
-354.25390 0.00000
-353.02620 0.00000
-353.67950 0.00000
-353.84650 0.00000
-353.65070 0.00000
-354.69940 0.00000
-354.60310 0.00000
-354.19980 0.00000
-353.78230 0.00000
-355.27600 0.00000
-353.75940 0.00000
-352.33490 0.00000
-353.34660 0.00000
-353.82210 0.00000
-353.57370 0.00000
-353.95650 0.00000
-353.13030 0.00000
-351.69240 0.00000
-354.86280 0.00000
-354.73070 0.00000
-353.54810 0.00000
-354.64920 0.00000
-353.93570 0.00000
-353.80750 0.00000
-352.93800 0.00000
-352.16340 0.00000
-353.92810 0.00000
-354.10830 0.00000
-354.20440 0.00000
-354.35880 0.00000
-354.66040 0.00000
-352.81410 0.00000
-352.55880 0.00000
-353.78460 0.00000
-354.40310 0.00000
-352.72230 0.00000
-353.84200 0.00000
-353.31680 0.00000
-354.90260 0.00000
-354.48890 0.00000
-353.99300 0.00000
-353.46090 0.00000
-355.90610 0.00000
-354.59500 0.00000
-352.64140 0.00000
-353.86450 0.00000
-355.16990 0.00000
-354.72040 0.00000
-355.43680 0.00000
-352.98580 0.00000
-353.60660 0.00000
-353.55650 0.00000
-354.99600 0.00000
-352.73040 0.00000
-355.22620 0.00000
-353.57940 0.00000
-353.86860 0.00000
-355.17500 0.00000
-354.94870 0.00000
-353.50460 0.00000
-353.82200 0.00000
-354.26240 0.00000
-354.76560 0.00000
-354.86790 0.00000
-352.98660 0.00000
-355.42010 0.00000
-351.91420 0.00000
-355.31030 0.00000
-355.51380 0.00000
-354.63680 0.00000
-344.58860 0.00000
-331.52070 0.00000
-331.65130 0.00000
-332.24030 0.00000
-332.09290 0.00000
-332.36190 0.00000
-332.28960 0.00000
-331.92310 0.00000
-331.22080 0.00000
-331.07610 0.00000
-331.43800 0.00000
-330.75190 0.00000
-331.25900 0.00000
-331.12740 0.00000
-332.30250 0.00000
-332.05280 0.00000
-332.11810 0.00000
-331.54960 0.00000
-331.84390 0.00000
-332.36940 0.00000
-331.92970 0.00000
-331.28940 0.00000
-330.40240 0.00000
-330.12110 0.00000
-330.04890 0.00000
-329.99050 0.00000
-330.63880 0.00000
-330.12400 0.00000
-329.35890 0.00000
-329.30510 0.00000
-329.30730 0.00000
-329.95290 0.00000
-330.64570 0.00000
-330.39270 0.00000
-330.17630 0.00000
-330.55810 0.00000
-330.57420 0.00000
-330.30360 0.00000
-329.35720 0.00000
-329.53420 0.00000
-329.10260 0.00000
-328.92070 0.00000
-329.66220 0.00000
-329.45780 0.00000
-328.62340 0.00000
-328.80130 0.00000
-328.18140 0.00000
-328.94390 0.00000
-328.22290 0.00000
-327.98910 0.00000
-328.81450 0.00000
-329.79800 0.00000
-329.85920 0.00000
-329.60020 0.00000
-329.68310 0.00000
-329.46630 0.00000
-329.49100 0.00000
-329.65360 0.00000
-328.80400 0.00000
-327.66000 0.00000
-328.03940 0.00000
-328.29950 0.00000
-328.12310 0.00000
-328.41770 0.00000
-328.32660 0.00000
-328.71720 0.00000
-327.90210 0.00000
-328.88280 0.00000
-329.11270 0.00000
-328.93910 0.00000
-328.53120 0.00000
-327.87190 0.00000
-327.06740 0.00000
-327.10040 0.00000
-328.06510 0.00000
-326.77830 0.00000
-327.05600 0.00000
-327.60870 0.00000
-328.10060 0.00000
-327.37670 0.00000
-327.19490 0.00000
-328.07360 0.00000
-328.60460 0.00000
-328.86520 0.00000
-328.73620 0.00000
-328.53250 0.00000
-328.41090 0.00000
-328.69290 0.00000
-329.20530 0.00000
-329.34390 0.00000
-329.29390 0.00000
-329.39520 0.00000
-329.16920 0.00000
-328.74140 0.00000
-328.95370 0.00000
-329.11860 0.00000
-329.25560 0.00000
-328.63590 0.00000
-328.35740 0.00000
-327.27350 0.00000
-327.59230 0.00000
-318.86510 0.00000
-318.36860 0.00000
-318.17080 0.00000
-318.87920 0.00000
-318.05850 0.00000
-319.04750 0.00000
-317.70010 0.00000
-317.87390 0.00000
-318.34910 0.00000
-317.76420 0.00000
-317.92150 0.00000
-316.98130 0.00000
-317.21370 0.00000
-317.11580 0.00000
-317.39380 0.00000
-316.67460 0.00000
-316.42720 0.00000
-316.59800 0.00000
-316.46750 0.00000
-315.29080 0.00000
-316.05070 0.00000
-315.85910 0.00000
-315.37450 0.00000
-314.62320 0.00000
-314.56000 0.00000
-314.98020 0.00000
-314.70810 0.00000
-314.79880 0.00000
-314.54790 0.00000
-314.77090 0.00000
-314.49470 0.00000
-314.91630 0.00000
-314.59620 0.00000
-313.72640 0.00000
-314.30390 0.00000
-313.61970 0.00000
-313.24500 0.00000
-313.52640 0.00000
-313.62330 0.00000
-313.09780 0.00000
-313.40320 0.00000
-312.97730 0.00000
-312.57230 0.00000
-312.44480 0.00000
-312.50240 0.00000
-312.14790 0.00000
-311.85990 0.00000
-311.35820 0.00000
-311.34270 0.00000
-311.37760 0.00000
-311.93500 0.00000
-312.58220 0.00000
-312.15530 0.00000
-312.47130 0.00000
-313.05420 0.00000
-311.94800 0.00000
-312.68500 0.00000
-312.65330 0.00000
-312.46710 0.00000
-312.57330 0.00000
-312.09200 0.00000
-311.95560 0.00000
-311.79820 0.00000
-312.13120 0.00000
-312.63300 0.00000
-311.85030 0.00000
-311.71830 0.00000
-312.20130 0.00000
-312.42250 0.00000
-312.72710 0.00000
-312.12740 0.00000
-311.04610 0.00000
-311.77050 0.00000
-311.92160 0.00000
-311.62300 0.00000
-311.35630 0.00000
-312.24290 0.00000
-310.70130 0.00000
-312.21560 0.00000
-312.57360 0.00000
-310.65150 0.00000
-310.20660 0.00000
-309.55110 0.00000
-310.32890 0.00000
-308.79290 0.00000
-309.36750 0.00000
-309.46050 0.00000
-308.59760 0.00000
-308.48040 0.00000
-308.42390 0.00000
-309.18240 0.00000
-309.03800 0.00000
-309.06750 0.00000
-308.42850 0.00000
-309.23100 0.00000
-308.00760 0.00000
-307.22010 0.00000
-307.08150 0.00000
-307.36360 0.00000
-307.83170 0.00000
-353.28040 0.00000
-355.77050 0.00000
-354.81980 0.00000
-355.31440 0.00000
-354.00430 0.00000
-353.58650 0.00000
-353.71670 0.00000
-353.66050 0.00000
-353.46880 0.00000
-353.93670 0.00000
-354.36350 0.00000
-353.67640 0.00000
-355.12220 0.00000
-352.38970 0.00000
-354.27250 0.00000
-353.34710 0.00000
-354.34240 0.00000
-353.46040 0.00000
-352.19920 0.00000
-353.01170 0.00000
-355.06040 0.00000
-354.55790 0.00000
-354.01040 0.00000
-354.30510 0.00000
-356.04060 0.00000
-354.10220 0.00000
-354.48610 0.00000
-354.29500 0.00000
-353.86190 0.00000
-353.98400 0.00000
-354.95730 0.00000
-355.61130 0.00000
-352.68130 0.00000
-354.21600 0.00000
-353.81180 0.00000
-354.88290 0.00000
-353.83420 0.00000
-354.58510 0.00000
-353.77720 0.00000
-354.15930 0.00000
-352.71230 0.00000
-354.72000 0.00000
-353.00640 0.00000
-352.61610 0.00000
-353.22350 0.00000
-354.69560 0.00000
-352.60800 0.00000
-353.37190 0.00000
-354.20320 0.00000
-354.94570 0.00000
-354.42410 0.00000
-352.51380 0.00000
-354.15910 0.00000
-354.16950 0.00000
-353.44090 0.00000
-355.87660 0.00000
-353.75670 0.00000
-353.98640 0.00000
-353.77890 0.00000
-354.53210 0.00000
-353.67850 0.00000
-354.59710 0.00000
-352.11280 0.00000
-354.79350 0.00000
-354.80620 0.00000
-355.25630 0.00000
-354.24890 0.00000
-353.70590 0.00000
-353.51350 0.00000
-354.35900 0.00000
-351.98570 0.00000
-353.88000 0.00000
-357.21070 0.00000
-355.48630 0.00000
-351.55200 0.00000
-353.80950 0.00000
-354.22160 0.00000
-353.13210 0.00000
-354.31160 0.00000
-353.22770 0.00000
-354.39110 0.00000
-355.21560 0.00000
-355.12310 0.00000
-354.19260 0.00000
-352.87000 0.00000
-354.32500 0.00000
-352.70440 0.00000
-353.97120 0.00000
-353.94100 0.00000
-353.22070 0.00000
-354.55020 0.00000
-352.08330 0.00000
-354.22920 0.00000
-353.23930 0.00000
-354.70020 0.00000
-354.59910 0.00000
-355.03990 0.00000
-354.16690 0.00000
-354.43870 0.00000
-355.30270 0.00000
-306.06490 0.00000
-305.84320 0.00000
-306.68050 0.00000
-306.25440 0.00000
-307.11910 0.00000
-306.51720 0.00000
-305.64990 0.00000
-306.15420 0.00000
-305.26720 0.00000
-304.72430 0.00000
-305.41450 0.00000
-305.59080 0.00000
-306.67970 0.00000
-305.49230 0.00000
-306.09030 0.00000
-305.06400 0.00000
-305.24620 0.00000
-303.26300 0.00000
-303.48300 0.00000
-304.47420 0.00000
-303.69790 0.00000
-304.96030 0.00000
-303.77730 0.00000
-304.74310 0.00000
-304.59080 0.00000
-303.42300 0.00000
-302.49630 0.00000
-302.60090 0.00000
-303.66810 0.00000
-301.15800 0.00000
-302.07280 0.00000
-301.73360 0.00000
-301.13200 0.00000
-300.19360 0.00000
-299.91850 0.00000
-299.09060 0.00000
-298.27680 0.00000
-298.76560 0.00000
-298.10590 0.00000
-299.23150 0.00000
-296.59620 0.00000
-296.96830 0.00000
-296.71060 0.00000
-297.23570 0.00000
-296.53850 0.00000
-295.23940 0.00000
-296.11770 0.00000
-295.82620 0.00000
-296.08760 0.00000
-297.90770 0.00000
-295.80900 0.00000
-295.88040 0.00000
-296.27190 0.00000
-296.32780 0.00000
-297.39390 0.00000
-297.13070 0.00000
-296.09830 0.00000
-295.53770 0.00000
-295.84110 0.00000
-295.33390 0.00000
-295.35190 0.00000
-295.85510 0.00000
-295.35030 0.00000
-295.73740 0.00000
-296.89010 0.00000
-298.01510 0.00000
-298.95680 0.00000
-296.18380 0.00000
-295.26280 0.00000
-295.77610 0.00000
-295.12910 0.00000
-295.99860 0.00000
-295.66200 0.00000
-296.32170 0.00000
-294.83000 0.00000
-293.84410 0.00000
-293.32020 0.00000
-293.00420 0.00000
-293.41130 0.00000
-293.15930 0.00000
-294.42720 0.00000
-292.66510 0.00000
-292.02700 0.00000
-291.76120 0.00000
-291.51890 0.00000
-290.84320 0.00000
-289.02810 0.00000
-289.26800 0.00000
-288.93460 0.00000
-290.01510 0.00000
-288.47430 0.00000
-289.26430 0.00000
-289.60480 0.00000
-289.36430 0.00000
-289.39630 0.00000
-290.27480 0.00000
-289.30240 0.00000
-288.28790 0.00000
-287.11050 0.00000
-331.49140 0.00000
-329.12740 0.00000
-329.73980 0.00000
-329.32420 0.00000
-329.84810 0.00000
-329.41400 0.00000
-329.07890 0.00000
-329.37120 0.00000
-328.91030 0.00000
-328.81940 0.00000
-328.50650 0.00000
-327.50090 0.00000
-327.45390 0.00000
-327.18590 0.00000
-327.05930 0.00000
-326.92270 0.00000
-328.32630 0.00000
-328.42900 0.00000
-328.12430 0.00000
-328.94510 0.00000
-328.30870 0.00000
-328.77380 0.00000
-328.80100 0.00000
-329.05580 0.00000
-328.49200 0.00000
-328.14230 0.00000
-328.87830 0.00000
-328.56500 0.00000
-327.53770 0.00000
-327.70180 0.00000
-328.00010 0.00000
-328.03310 0.00000
-326.86980 0.00000
-326.67890 0.00000
-327.08300 0.00000
-326.58160 0.00000
-325.10070 0.00000
-325.13550 0.00000
-324.71080 0.00000
-325.09280 0.00000
-325.65120 0.00000
-324.79780 0.00000
-324.86050 0.00000
-325.11920 0.00000
-325.33120 0.00000
-324.47010 0.00000
-324.48150 0.00000
-325.00710 0.00000
-324.35270 0.00000
-324.28360 0.00000
-324.19720 0.00000
-323.68710 0.00000
-322.81020 0.00000
-322.78840 0.00000
-322.99200 0.00000
-322.89260 0.00000
-323.00120 0.00000
-323.08750 0.00000
-323.17790 0.00000
-323.03930 0.00000
-323.26530 0.00000
-322.25120 0.00000
-321.79280 0.00000
-322.41410 0.00000
-321.80150 0.00000
-321.60150 0.00000
-321.80140 0.00000
-322.78030 0.00000
-321.99640 0.00000
-322.28830 0.00000
-322.37530 0.00000
-322.55290 0.00000
-322.94640 0.00000
-323.23780 0.00000
-324.22550 0.00000
-324.75230 0.00000
-324.58890 0.00000
-324.11020 0.00000
-324.78910 0.00000
-324.88220 0.00000
-323.87540 0.00000
-322.99070 0.00000
-323.21940 0.00000
-323.01480 0.00000
-322.71260 0.00000
-322.91060 0.00000
-323.12930 0.00000
-321.84430 0.00000
-321.19080 0.00000
-321.35140 0.00000
-321.69140 0.00000
-320.82430 0.00000
-321.92450 0.00000
-320.22730 0.00000
-320.53670 0.00000
-321.22320 0.00000
-320.46840 0.00000
-320.56190 0.00000
-321.12380 0.00000
-319.02030 0.00000
-318.39290 0.00000
-363.85250 0.00000
-364.76000 0.00000
-363.80080 0.00000
-365.44610 0.00000
-363.87570 0.00000
-364.14220 0.00000
-364.40920 0.00000
-364.78050 0.00000
-363.18550 0.00000
-366.94620 0.00000
-365.36900 0.00000
-365.10170 0.00000
-364.25960 0.00000
-363.17660 0.00000
-364.89550 0.00000
-363.99300 0.00000
-366.09540 0.00000
-366.13690 0.00000
-365.13350 0.00000
-363.02800 0.00000
-364.91900 0.00000
-364.77890 0.00000
-365.55480 0.00000
-365.46040 0.00000
-365.28820 0.00000
-365.31520 0.00000
-365.90230 0.00000
-366.15900 0.00000
-366.58210 0.00000
-365.58570 0.00000
-364.40560 0.00000
-366.43000 0.00000
-363.46320 0.00000
-364.60340 0.00000
-363.91670 0.00000
-364.82990 0.00000
-365.18750 0.00000
-366.40590 0.00000
-365.34360 0.00000
-364.57960 0.00000
-365.23260 0.00000
-363.95360 0.00000
-364.70180 0.00000
-364.73200 0.00000
-364.97470 0.00000
-364.88070 0.00000
-365.05060 0.00000
-364.01490 0.00000
-365.43720 0.00000
-365.70350 0.00000
-363.76800 0.00000
-364.46210 0.00000
-363.39810 0.00000
-366.63740 0.00000
-363.66790 0.00000
-361.94570 0.00000
-361.33740 0.00000
-359.70190 0.00000
-358.66230 0.00000
-359.73010 0.00000
-360.69700 0.00000
-359.04770 0.00000
-357.63110 0.00000
-357.86900 0.00000
-358.08080 0.00000
-358.49080 0.00000
-359.36720 0.00000
-359.30010 0.00000
-360.14400 0.00000
-363.24030 0.00000
-360.70450 0.00000
-360.42680 0.00000
-363.24050 0.00000
-360.56700 0.00000
-361.52290 0.00000
-361.61310 0.00000
-362.61770 0.00000
-361.99450 0.00000
-362.96930 0.00000
-361.61450 0.00000
-361.45520 0.00000
-361.09290 0.00000
-360.83670 0.00000
-361.41860 0.00000
-360.56370 0.00000
-361.39490 0.00000
-361.08380 0.00000
-360.96770 0.00000
-359.69700 0.00000
-359.16540 0.00000
-359.45020 0.00000
-358.63410 0.00000
-357.94490 0.00000
-358.60800 0.00000
-358.89290 0.00000
-356.67360 0.00000
-356.94700 0.00000
-354.98140 0.00000
-354.04060 0.00000
-355.19850 0.00000
-309.94750 0.00000
-309.32860 0.00000
-309.94480 0.00000
-310.58980 0.00000
-309.74800 0.00000
-309.98650 0.00000
-310.21030 0.00000
-310.03000 0.00000
-309.24610 0.00000
-309.49380 0.00000
-309.69530 0.00000
-309.50180 0.00000
-308.71190 0.00000
-308.59160 0.00000
-309.30710 0.00000
-309.32610 0.00000
-309.06850 0.00000
-309.73380 0.00000
-308.79560 0.00000
-308.60890 0.00000
-308.99280 0.00000
-308.76780 0.00000
-307.92630 0.00000
-308.69720 0.00000
-309.29460 0.00000
-310.18240 0.00000
-308.87730 0.00000
-308.50890 0.00000
-309.13770 0.00000
-307.43870 0.00000
-307.88530 0.00000
-307.74160 0.00000
-309.03890 0.00000
-308.11170 0.00000
-308.94190 0.00000
-309.27710 0.00000
-308.49270 0.00000
-309.32980 0.00000
-307.78330 0.00000
-308.62210 0.00000
-308.38680 0.00000
-307.24520 0.00000
-307.03730 0.00000
-306.88910 0.00000
-307.46530 0.00000
-307.63950 0.00000
-308.32940 0.00000
-308.00300 0.00000
-307.90650 0.00000
-308.57060 0.00000
-308.67470 0.00000
-308.53370 0.00000
-309.11790 0.00000
-308.55280 0.00000
-308.64270 0.00000
-309.22290 0.00000
-309.03030 0.00000
-308.23670 0.00000
-308.64220 0.00000
-308.30930 0.00000
-308.93440 0.00000
-308.33710 0.00000
-308.39810 0.00000
-308.36380 0.00000
-307.47950 0.00000
-308.44490 0.00000
-307.99280 0.00000
-306.94620 0.00000
-305.78970 0.00000
-305.93510 0.00000
-306.28100 0.00000
-306.74330 0.00000
-306.42300 0.00000
-307.45780 0.00000
-307.02070 0.00000
-306.28660 0.00000
-306.22210 0.00000
-305.64630 0.00000
-305.74370 0.00000
-306.47780 0.00000
-307.77670 0.00000
-305.37250 0.00000
-305.62530 0.00000
-305.89370 0.00000
-305.65830 0.00000
-305.84290 0.00000
-306.11040 0.00000
-305.59310 0.00000
-305.82290 0.00000
-305.35740 0.00000
-305.57120 0.00000
-306.57680 0.00000
-305.93360 0.00000
-306.39980 0.00000
-306.64160 0.00000
-306.83260 0.00000
-305.54220 0.00000
-305.61430 0.00000
-305.49420 0.00000
-305.09560 0.00000
-324.30900 0.00000
-323.84960 0.00000
-323.74350 0.00000
-323.33620 0.00000
-323.62000 0.00000
-324.01780 0.00000
-323.25150 0.00000
-324.17300 0.00000
-323.94760 0.00000
-323.58980 0.00000
-322.90990 0.00000
-323.10380 0.00000
-323.79870 0.00000
-323.55550 0.00000
-323.86360 0.00000
-324.02820 0.00000
-324.04460 0.00000
-323.04170 0.00000
-323.63800 0.00000
-324.04660 0.00000
-323.33870 0.00000
-323.53320 0.00000
-324.12260 0.00000
-323.59490 0.00000
-323.40280 0.00000
-322.18280 0.00000
-323.98470 0.00000
-325.11190 0.00000
-324.39350 0.00000
-323.98620 0.00000
-324.25850 0.00000
-323.79790 0.00000
-322.74740 0.00000
-322.74770 0.00000
-324.20950 0.00000
-323.36710 0.00000
-323.89540 0.00000
-322.89040 0.00000
-323.67580 0.00000
-323.51540 0.00000
-323.91340 0.00000
-323.77030 0.00000
-322.83190 0.00000
-323.29290 0.00000
-322.92370 0.00000
-323.44950 0.00000
-324.30490 0.00000
-322.78590 0.00000
-323.86690 0.00000
-324.51300 0.00000
-322.98250 0.00000
-323.49370 0.00000
-323.41990 0.00000
-324.52400 0.00000
-323.26220 0.00000
-323.60290 0.00000
-324.06300 0.00000
-324.04990 0.00000
-322.27280 0.00000
-323.49890 0.00000
-322.90160 0.00000
-322.89740 0.00000
-322.58330 0.00000
-323.32120 0.00000
-323.45210 0.00000
-323.80620 0.00000
-324.04700 0.00000
-323.91180 0.00000
-323.57800 0.00000
-323.83590 0.00000
-322.70630 0.00000
-322.68540 0.00000
-323.01820 0.00000
-323.90940 0.00000
-323.59300 0.00000
-324.02960 0.00000
-323.56520 0.00000
-323.30020 0.00000
-324.09040 0.00000
-323.58900 0.00000
-323.49570 0.00000
-322.81520 0.00000
-323.83390 0.00000
-323.28050 0.00000
-323.47410 0.00000
-322.74800 0.00000
-322.67000 0.00000
-322.69290 0.00000
-324.18350 0.00000
-322.72310 0.00000
-323.29220 0.00000
-323.45970 0.00000
-323.52370 0.00000
-323.69080 0.00000
-323.71460 0.00000
-323.06440 0.00000
-322.85030 0.00000
-322.71890 0.00000
-323.32510 0.00000
-329.59020 0.00000
-366.83900 0.00000
-365.42390 0.00000
-364.98290 0.00000
-365.09100 0.00000
-365.65620 0.00000
-364.95650 0.00000
-364.64410 0.00000
-363.10310 0.00000
-364.77270 0.00000
-364.76790 0.00000
-363.59960 0.00000
-365.48510 0.00000
-363.69570 0.00000
-366.61830 0.00000
-364.69230 0.00000
-364.87100 0.00000
-366.36190 0.00000
-366.41680 0.00000
-367.10320 0.00000
-364.63090 0.00000
-362.35820 0.00000
-364.57500 0.00000
-366.19890 0.00000
-365.04390 0.00000
-365.22020 0.00000
-365.53010 0.00000
-364.40460 0.00000
-365.15880 0.00000
-365.52480 0.00000
-363.66790 0.00000
-366.31140 0.00000
-366.74690 0.00000
-365.07000 0.00000
-365.30420 0.00000
-364.57400 0.00000
-366.21220 0.00000
-364.39340 0.00000
-365.48170 0.00000
-366.90080 0.00000
-363.17960 0.00000
-364.35030 0.00000
-365.69760 0.00000
-364.83900 0.00000
-364.70430 0.00000
-363.21230 0.00000
-364.93700 0.00000
-364.77390 0.00000
-365.59650 0.00000
-365.18400 0.00000
-364.78210 0.00000
-364.50660 0.00000
-365.79510 0.00000
-362.87090 0.00000
-363.79850 0.00000
-364.83200 0.00000
-366.75610 0.00000
-365.84840 0.00000
-362.93000 0.00000
-364.24990 0.00000
-365.27400 0.00000
-364.46010 0.00000
-366.27740 0.00000
-365.36830 0.00000
-365.64440 0.00000
-366.14420 0.00000
-363.52980 0.00000
-367.43170 0.00000
-364.41020 0.00000
-364.61420 0.00000
-363.83870 0.00000
-364.90590 0.00000
-362.36490 0.00000
-366.06130 0.00000
-364.01740 0.00000
-366.93130 0.00000
-364.93780 0.00000
-365.30330 0.00000
-365.91250 0.00000
-364.44590 0.00000
-366.49390 0.00000
-365.80110 0.00000
-364.71870 0.00000
-364.99370 0.00000
-366.55850 0.00000
-365.77850 0.00000
-365.03070 0.00000
-364.80730 0.00000
-366.19680 0.00000
-363.60580 0.00000
-366.51340 0.00000
-365.75590 0.00000
-366.37680 0.00000
-363.31710 0.00000
-364.50180 0.00000
-367.17360 0.00000
-363.99910 0.00000
-365.26520 0.00000
-364.76700 0.00000
-364.77920 0.00000
-365.49230 0.00000
-316.26050 0.00000
-316.47660 0.00000
-316.00280 0.00000
-315.43880 0.00000
-315.89020 0.00000
-316.33820 0.00000
-315.66060 0.00000
-315.23690 0.00000
-315.66360 0.00000
-316.19970 0.00000
-316.08470 0.00000
-315.66770 0.00000
-314.94210 0.00000
-314.94350 0.00000
-315.09620 0.00000
-315.08000 0.00000
-316.08630 0.00000
-316.63050 0.00000
-317.23700 0.00000
-316.89150 0.00000
-317.71260 0.00000
-317.33630 0.00000
-317.84820 0.00000
-318.34840 0.00000
-317.62800 0.00000
-317.42050 0.00000
-318.01920 0.00000
-317.69880 0.00000
-317.81480 0.00000
-317.02130 0.00000
-317.68770 0.00000
-318.09440 0.00000
-317.71000 0.00000
-317.88360 0.00000
-317.28220 0.00000
-317.30920 0.00000
-316.65430 0.00000
-316.68920 0.00000
-317.33320 0.00000
-317.97140 0.00000
-317.08680 0.00000
-316.38540 0.00000
-316.27500 0.00000
-315.60490 0.00000
-315.45660 0.00000
-315.43570 0.00000
-315.68620 0.00000
-314.90780 0.00000
-315.24110 0.00000
-315.33500 0.00000
-315.20540 0.00000
-314.76480 0.00000
-314.76430 0.00000
-314.02140 0.00000
-314.46290 0.00000
-314.93470 0.00000
-314.87300 0.00000
-315.48760 0.00000
-315.62990 0.00000
-315.59650 0.00000
-314.23410 0.00000
-314.45960 0.00000
-313.93380 0.00000
-313.90020 0.00000
-313.88290 0.00000
-314.60180 0.00000
-313.22490 0.00000
-313.18500 0.00000
-313.12170 0.00000
-312.18890 0.00000
-312.79770 0.00000
-313.54460 0.00000
-312.86040 0.00000
-312.59190 0.00000
-312.65220 0.00000
-312.00630 0.00000
-310.56510 0.00000
-309.56240 0.00000
-310.28360 0.00000
-309.38070 0.00000
-309.62440 0.00000
-309.14950 0.00000
-309.16190 0.00000
-309.63160 0.00000
-309.46870 0.00000
-310.30920 0.00000
-308.81670 0.00000
-307.94380 0.00000
-307.98340 0.00000
-308.19710 0.00000
-309.04780 0.00000
-308.69180 0.00000
-307.44300 0.00000
-307.04210 0.00000
-306.90640 0.00000
-307.55330 0.00000
-307.34350 0.00000
-308.13970 0.00000
-308.56150 0.00000
-309.09070 0.00000
-324.56460 0.00000
-323.77050 0.00000
-323.92910 0.00000
-323.49510 0.00000
-324.09570 0.00000
-323.85080 0.00000
-323.51170 0.00000
-323.15940 0.00000
-323.07720 0.00000
-323.46030 0.00000
-322.97550 0.00000
-324.07920 0.00000
-322.95150 0.00000
-323.97360 0.00000
-322.63740 0.00000
-323.76220 0.00000
-323.23200 0.00000
-323.55210 0.00000
-323.64840 0.00000
-324.36970 0.00000
-322.88930 0.00000
-323.52450 0.00000
-323.41870 0.00000
-324.03920 0.00000
-323.57300 0.00000
-323.81880 0.00000
-323.65620 0.00000
-323.44770 0.00000
-323.22860 0.00000
-324.14610 0.00000
-322.59660 0.00000
-323.77340 0.00000
-323.23400 0.00000
-324.11070 0.00000
-323.71290 0.00000
-324.03080 0.00000
-323.59740 0.00000
-322.80350 0.00000
-321.91070 0.00000
-323.34250 0.00000
-324.20120 0.00000
-323.66490 0.00000
-323.81830 0.00000
-323.79620 0.00000
-323.71500 0.00000
-322.68160 0.00000
-323.70600 0.00000
-323.63730 0.00000
-323.60930 0.00000
-323.32720 0.00000
-324.09320 0.00000
-324.27480 0.00000
-324.10920 0.00000
-323.65440 0.00000
-324.17310 0.00000
-323.30390 0.00000
-323.49290 0.00000
-323.35820 0.00000
-324.22030 0.00000
-324.46120 0.00000
-324.18450 0.00000
-323.52450 0.00000
-324.40410 0.00000
-323.06670 0.00000
-323.76920 0.00000
-322.94740 0.00000
-323.20570 0.00000
-324.01990 0.00000
-323.77010 0.00000
-323.44910 0.00000
-324.30230 0.00000
-323.11580 0.00000
-323.57890 0.00000
-324.21770 0.00000
-323.73520 0.00000
-323.41450 0.00000
-323.85770 0.00000
-323.15280 0.00000
-323.57960 0.00000
-322.72160 0.00000
-323.58580 0.00000
-324.56370 0.00000
-324.07860 0.00000
-322.99160 0.00000
-323.95590 0.00000
-323.16200 0.00000
-324.12200 0.00000
-323.53030 0.00000
-323.51360 0.00000
-323.18170 0.00000
-323.49410 0.00000
-323.97410 0.00000
-322.98050 0.00000
-323.39730 0.00000
-323.34010 0.00000
-323.83730 0.00000
-323.14750 0.00000
-323.59540 0.00000
-323.56700 0.00000
-322.92870 0.00000
-342.34040 0.00000
-342.14500 0.00000
-342.26930 0.00000
-342.60120 0.00000
-342.57960 0.00000
-342.37240 0.00000
-342.59670 0.00000
-341.95810 0.00000
-342.09140 0.00000
-341.92990 0.00000
-342.08300 0.00000
-342.58040 0.00000
-341.49470 0.00000
-342.75150 0.00000
-341.84730 0.00000
-343.04550 0.00000
-342.61450 0.00000
-342.41630 0.00000
-341.74200 0.00000
-342.95810 0.00000
-341.84250 0.00000
-341.83910 0.00000
-342.33640 0.00000
-342.40220 0.00000
-342.06080 0.00000
-342.36200 0.00000
-342.15680 0.00000
-341.54980 0.00000
-341.71030 0.00000
-342.07700 0.00000
-341.69940 0.00000
-341.68160 0.00000
-342.48020 0.00000
-342.76150 0.00000
-342.79340 0.00000
-343.01540 0.00000
-341.91620 0.00000
-341.59630 0.00000
-342.86320 0.00000
-342.57090 0.00000
-342.01330 0.00000
-342.27800 0.00000
-342.03570 0.00000
-342.30460 0.00000
-343.07490 0.00000
-341.65240 0.00000
-341.49810 0.00000
-342.31110 0.00000
-342.75060 0.00000
-342.69230 0.00000
-342.18400 0.00000
-342.51350 0.00000
-342.05570 0.00000
-342.31350 0.00000
-341.99180 0.00000
-342.00770 0.00000
-341.96050 0.00000
-342.18070 0.00000
-342.41810 0.00000
-342.25940 0.00000
-342.31940 0.00000
-342.13430 0.00000
-342.27680 0.00000
-342.51850 0.00000
-342.37280 0.00000
-342.67720 0.00000
-342.63750 0.00000
-342.54640 0.00000
-342.04240 0.00000
-342.26820 0.00000
-341.67270 0.00000
-343.13380 0.00000
-342.34810 0.00000
-341.83900 0.00000
-342.17500 0.00000
-342.78320 0.00000
-342.76330 0.00000
-343.80900 0.00000
-341.91920 0.00000
-341.99110 0.00000
-342.04020 0.00000
-342.74290 0.00000
-342.34420 0.00000
-343.39080 0.00000
-341.55350 0.00000
-341.86720 0.00000
-342.35410 0.00000
-341.88630 0.00000
-342.01600 0.00000
-341.90870 0.00000
-342.90190 0.00000
-342.33130 0.00000
-342.20630 0.00000
-341.57310 0.00000
-342.55600 0.00000
-342.04000 0.00000
-342.62770 0.00000
-342.17290 0.00000
-342.19190 0.00000
-365.01980 0.00000
-320.09730 0.00000
-320.55860 0.00000
-320.78060 0.00000
-320.75860 0.00000
-320.74640 0.00000
-320.87550 0.00000
-320.65940 0.00000
-321.13290 0.00000
-321.44540 0.00000
-321.52140 0.00000
-321.16840 0.00000
-320.89920 0.00000
-321.19740 0.00000
-319.97810 0.00000
-319.94270 0.00000
-319.80250 0.00000
-319.29460 0.00000
-319.50420 0.00000
-319.00750 0.00000
-319.00820 0.00000
-318.87570 0.00000
-319.48780 0.00000
-319.05230 0.00000
-318.77110 0.00000
-318.93750 0.00000
-318.73790 0.00000
-319.49380 0.00000
-319.73090 0.00000
-319.61170 0.00000
-319.91050 0.00000
-318.78210 0.00000
-318.31280 0.00000
-317.59320 0.00000
-317.79600 0.00000
-318.44220 0.00000
-318.78500 0.00000
-318.46610 0.00000
-318.15320 0.00000
-318.89880 0.00000
-318.13070 0.00000
-317.28840 0.00000
-317.20030 0.00000
-316.75050 0.00000
-315.87590 0.00000
-316.87740 0.00000
-316.92270 0.00000
-317.63530 0.00000
-318.20300 0.00000
-318.79120 0.00000
-318.71100 0.00000
-319.17540 0.00000
-317.99760 0.00000
-317.66710 0.00000
-318.43750 0.00000
-318.13880 0.00000
-318.10230 0.00000
-318.16930 0.00000
-318.64550 0.00000
-318.85060 0.00000
-318.93540 0.00000
-319.21770 0.00000
-318.96250 0.00000
-318.73250 0.00000
-318.90070 0.00000
-319.51170 0.00000
-318.70640 0.00000
-317.86250 0.00000
-317.90760 0.00000
-318.60670 0.00000
-317.67570 0.00000
-317.20630 0.00000
-316.36400 0.00000
-316.86260 0.00000
-316.82930 0.00000
-316.65540 0.00000
-317.38220 0.00000
-317.83220 0.00000
-315.76730 0.00000
-316.08960 0.00000
-316.43170 0.00000
-316.67280 0.00000
-316.36900 0.00000
-316.39880 0.00000
-315.96220 0.00000
-316.06510 0.00000
-316.02210 0.00000
-316.06720 0.00000
-316.80730 0.00000
-315.78380 0.00000
-315.93180 0.00000
-315.63200 0.00000
-316.01710 0.00000
-316.87980 0.00000
-315.90950 0.00000
-316.42960 0.00000
-315.72680 0.00000
-316.00290 0.00000
-316.25150 0.00000
-316.91010 0.00000
-316.76590 0.00000
-330.59060 0.00000
-329.86650 0.00000
-329.67480 0.00000
-330.73900 0.00000
-331.14970 0.00000
-330.33800 0.00000
-329.95160 0.00000
-330.31080 0.00000
-330.84990 0.00000
-330.31590 0.00000
-330.01320 0.00000
-329.68420 0.00000
-329.68100 0.00000
-329.86950 0.00000
-329.65410 0.00000
-330.70120 0.00000
-330.36920 0.00000
-330.07620 0.00000
-329.79770 0.00000
-331.12020 0.00000
-329.67810 0.00000
-329.03610 0.00000
-329.76540 0.00000
-329.63330 0.00000
-329.06130 0.00000
-328.78910 0.00000
-328.46090 0.00000
-328.84260 0.00000
-328.71490 0.00000
-328.57350 0.00000
-328.47450 0.00000
-328.11190 0.00000
-327.91200 0.00000
-328.08140 0.00000
-327.96730 0.00000
-328.64110 0.00000
-328.97100 0.00000
-328.62520 0.00000
-328.34930 0.00000
-328.39000 0.00000
-328.68360 0.00000
-328.03100 0.00000
-327.87270 0.00000
-327.18730 0.00000
-326.35770 0.00000
-326.36820 0.00000
-326.39700 0.00000
-326.00590 0.00000
-325.30850 0.00000
-324.89830 0.00000
-324.92120 0.00000
-325.21290 0.00000
-325.19300 0.00000
-324.32940 0.00000
-324.18900 0.00000
-324.81570 0.00000
-324.73770 0.00000
-325.30610 0.00000
-324.67680 0.00000
-324.15050 0.00000
-324.53240 0.00000
-324.72700 0.00000
-324.48270 0.00000
-324.85130 0.00000
-324.36550 0.00000
-324.45610 0.00000
-324.60550 0.00000
-324.05680 0.00000
-322.87500 0.00000
-322.68250 0.00000
-322.50370 0.00000
-323.04600 0.00000
-322.70610 0.00000
-323.08780 0.00000
-323.41440 0.00000
-323.70890 0.00000
-323.16100 0.00000
-324.14430 0.00000
-323.42500 0.00000
-323.58470 0.00000
-324.41810 0.00000
-323.94920 0.00000
-324.00810 0.00000
-323.87880 0.00000
-324.58160 0.00000
-325.37090 0.00000
-324.50970 0.00000
-323.89310 0.00000
-323.53790 0.00000
-323.82080 0.00000
-324.51460 0.00000
-325.74420 0.00000
-324.79240 0.00000
-324.51990 0.00000
-324.38700 0.00000
-324.57300 0.00000
-324.21550 0.00000
-323.68310 0.00000
-324.25270 0.00000
-323.60920 0.00000
-341.49090 0.00000
-342.32720 0.00000
-344.16350 0.00000
-343.05540 0.00000
-342.39760 0.00000
-342.32560 0.00000
-342.19600 0.00000
-342.45320 0.00000
-342.06740 0.00000
-342.28740 0.00000
-342.48650 0.00000
-341.89900 0.00000
-342.55860 0.00000
-342.04670 0.00000
-342.57560 0.00000
-342.30370 0.00000
-342.18920 0.00000
-341.54930 0.00000
-342.05730 0.00000
-342.08900 0.00000
-342.46610 0.00000
-342.10650 0.00000
-342.00400 0.00000
-341.97540 0.00000
-343.37510 0.00000
-342.46270 0.00000
-342.52830 0.00000
-342.27770 0.00000
-342.22260 0.00000
-342.37530 0.00000
-342.71140 0.00000
-342.69690 0.00000
-341.83340 0.00000
-341.85720 0.00000
-342.51290 0.00000
-342.73440 0.00000
-341.91110 0.00000
-342.11520 0.00000
-342.34860 0.00000
-342.25540 0.00000
-341.19630 0.00000
-342.65840 0.00000
-341.53910 0.00000
-341.56160 0.00000
-342.06370 0.00000
-342.41720 0.00000
-341.82810 0.00000
-341.61970 0.00000
-342.16380 0.00000
-343.14760 0.00000
-343.17520 0.00000
-342.12030 0.00000
-341.59450 0.00000
-342.84890 0.00000
-342.38810 0.00000
-342.95150 0.00000
-342.49630 0.00000
-342.21790 0.00000
-342.14130 0.00000
-341.87960 0.00000
-342.67240 0.00000
-341.61710 0.00000
-342.27040 0.00000
-341.82660 0.00000
-341.97430 0.00000
-342.92950 0.00000
-342.32470 0.00000
-341.38970 0.00000
-342.08110 0.00000
-342.22840 0.00000
-341.64980 0.00000
-341.32770 0.00000
-342.66410 0.00000
-343.03710 0.00000
-342.14430 0.00000
-342.14140 0.00000
-342.31150 0.00000
-342.65510 0.00000
-342.11550 0.00000
-341.75180 0.00000
-342.57460 0.00000
-342.54290 0.00000
-342.81180 0.00000
-342.02490 0.00000
-342.00190 0.00000
-342.67530 0.00000
-342.06440 0.00000
-342.37790 0.00000
-342.52610 0.00000
-342.10080 0.00000
-343.20950 0.00000
-341.72390 0.00000
-342.56800 0.00000
-342.95720 0.00000
-342.44300 0.00000
-342.14420 0.00000
-342.85330 0.00000
-341.64720 0.00000
-342.71650 0.00000
-343.14140 0.00000
-286.08500 0.00000
-285.91850 0.00000
-286.02090 0.00000
-287.11130 0.00000
-287.05630 0.00000
-288.05170 0.00000
-286.87200 0.00000
-287.48630 0.00000
-287.31630 0.00000
-285.20790 0.00000
-285.57970 0.00000
-285.77770 0.00000
-286.42850 0.00000
-286.41950 0.00000
-285.30320 0.00000
-284.98770 0.00000
-285.30160 0.00000
-285.95070 0.00000
-285.60650 0.00000
-284.94290 0.00000
-285.93140 0.00000
-286.57710 0.00000
-287.69240 0.00000
-286.73200 0.00000
-287.33800 0.00000
-287.58680 0.00000
-287.03990 0.00000
-287.03030 0.00000
-286.63090 0.00000
-285.77020 0.00000
-285.04730 0.00000
-285.48700 0.00000
-286.40260 0.00000
-286.68980 0.00000
-286.25430 0.00000
-286.27060 0.00000
-286.46270 0.00000
-287.36180 0.00000
-286.31550 0.00000
-286.95070 0.00000
-286.30420 0.00000
-286.30300 0.00000
-285.58810 0.00000
-284.60470 0.00000
-284.87920 0.00000
-284.65030 0.00000
-284.77560 0.00000
-284.67900 0.00000
-283.21400 0.00000
-283.97660 0.00000
-284.38680 0.00000
-283.89370 0.00000
-283.09460 0.00000
-282.78830 0.00000
-281.84170 0.00000
-282.30890 0.00000
-282.09120 0.00000
-283.20960 0.00000
-282.39370 0.00000
-282.22060 0.00000
-283.15690 0.00000
-282.94100 0.00000
-282.47620 0.00000
-281.63510 0.00000
-281.47940 0.00000
-281.35420 0.00000
-281.36190 0.00000
-281.97390 0.00000
-281.47670 0.00000
-281.91350 0.00000
-280.99680 0.00000
-280.11200 0.00000
-280.38630 0.00000
-280.90960 0.00000
-281.13530 0.00000
-280.40780 0.00000
-281.48470 0.00000
-281.40620 0.00000
-281.32640 0.00000
-280.77660 0.00000
-280.26120 0.00000
-280.77130 0.00000
-280.00300 0.00000
-281.16230 0.00000
-279.82570 0.00000
-278.84380 0.00000
-278.77310 0.00000
-279.35160 0.00000
-279.22390 0.00000
-280.18120 0.00000
-278.75870 0.00000
-277.93460 0.00000
-278.05510 0.00000
-277.03660 0.00000
-275.93490 0.00000
-276.25640 0.00000
-275.58410 0.00000
-274.95840 0.00000
-275.31890 0.00000
-319.46490 0.00000
-330.45340 0.00000
-331.15830 0.00000
-331.13030 0.00000
-331.24340 0.00000
-331.27570 0.00000
-330.64770 0.00000
-330.56080 0.00000
-331.57280 0.00000
-331.31120 0.00000
-331.51000 0.00000
-332.40470 0.00000
-331.96580 0.00000
-331.34030 0.00000
-331.03280 0.00000
-330.24530 0.00000
-330.17660 0.00000
-330.74600 0.00000
-331.05480 0.00000
-330.70250 0.00000
-330.72470 0.00000
-330.62950 0.00000
-330.01290 0.00000
-329.21240 0.00000
-329.62810 0.00000
-330.06190 0.00000
-329.57880 0.00000
-328.95290 0.00000
-328.81130 0.00000
-328.79410 0.00000
-328.04090 0.00000
-327.73440 0.00000
-327.03360 0.00000
-327.03520 0.00000
-326.87830 0.00000
-327.71190 0.00000
-328.26360 0.00000
-328.35750 0.00000
-329.66590 0.00000
-327.70430 0.00000
-327.23380 0.00000
-327.25480 0.00000
-327.36670 0.00000
-327.67580 0.00000
-327.89380 0.00000
-328.70470 0.00000
-328.42270 0.00000
-328.85330 0.00000
-328.87120 0.00000
-329.38250 0.00000
-328.77130 0.00000
-328.61610 0.00000
-328.35600 0.00000
-329.71650 0.00000
-329.97340 0.00000
-329.77650 0.00000
-330.02310 0.00000
-330.10510 0.00000
-330.76350 0.00000
-330.99930 0.00000
-330.00310 0.00000
-330.70260 0.00000
-331.41820 0.00000
-330.86470 0.00000
-331.54690 0.00000
-331.77820 0.00000
-331.72710 0.00000
-330.73180 0.00000
-330.89760 0.00000
-330.79880 0.00000
-331.26550 0.00000
-331.75040 0.00000
-332.59420 0.00000
-332.34010 0.00000
-331.82760 0.00000
-331.92780 0.00000
-333.36780 0.00000
-334.18300 0.00000
-333.25800 0.00000
-332.88250 0.00000
-332.58560 0.00000
-332.92120 0.00000
-332.64090 0.00000
-332.72340 0.00000
-332.54380 0.00000
-332.25190 0.00000
-331.45840 0.00000
-332.38120 0.00000
-331.37670 0.00000
-331.42590 0.00000
-330.96410 0.00000
-330.07880 0.00000
-329.48490 0.00000
-329.79770 0.00000
-329.92500 0.00000
-328.65720 0.00000
-329.16230 0.00000
-328.87480 0.00000
-328.93310 0.00000
-330.13080 0.00000
-330.16360 0.00000
-348.45810 0.00000
-347.35390 0.00000
-347.62660 0.00000
-347.68030 0.00000
-347.18590 0.00000
-346.77600 0.00000
-346.86100 0.00000
-346.96820 0.00000
-346.42500 0.00000
-345.96010 0.00000
-345.88720 0.00000
-346.47260 0.00000
-346.76640 0.00000
-346.53180 0.00000
-346.37850 0.00000
-346.25690 0.00000
-346.21870 0.00000
-346.42630 0.00000
-345.68030 0.00000
-345.57840 0.00000
-345.22720 0.00000
-346.11830 0.00000
-345.01690 0.00000
-344.93040 0.00000
-345.40820 0.00000
-345.20600 0.00000
-345.32850 0.00000
-345.54910 0.00000
-345.56810 0.00000
-346.32880 0.00000
-345.39870 0.00000
-346.26590 0.00000
-344.98230 0.00000
-345.14520 0.00000
-344.66860 0.00000
-344.12360 0.00000
-343.67020 0.00000
-344.01400 0.00000
-344.30850 0.00000
-344.59000 0.00000
-344.41650 0.00000
-344.32030 0.00000
-343.28910 0.00000
-343.71450 0.00000
-343.72170 0.00000
-343.03160 0.00000
-343.83790 0.00000
-344.61140 0.00000
-345.31230 0.00000
-344.78880 0.00000
-345.04540 0.00000
-344.30020 0.00000
-344.39780 0.00000
-344.75750 0.00000
-345.94000 0.00000
-346.19880 0.00000
-346.15280 0.00000
-345.94190 0.00000
-345.48360 0.00000
-345.65550 0.00000
-345.80830 0.00000
-346.53380 0.00000
-346.24110 0.00000
-346.42760 0.00000
-346.79940 0.00000
-347.30940 0.00000
-347.69960 0.00000
-347.43040 0.00000
-347.64490 0.00000
-348.50900 0.00000
-347.11760 0.00000
-346.49660 0.00000
-347.56370 0.00000
-346.84020 0.00000
-347.52050 0.00000
-346.41520 0.00000
-346.51390 0.00000
-345.68290 0.00000
-346.40350 0.00000
-347.36100 0.00000
-346.54060 0.00000
-346.06620 0.00000
-345.59300 0.00000
-346.42860 0.00000
-344.96230 0.00000
-345.56650 0.00000
-344.60470 0.00000
-343.88880 0.00000
-343.85010 0.00000
-343.34830 0.00000
-344.62430 0.00000
-343.91790 0.00000
-344.15060 0.00000
-342.52140 0.00000
-342.09270 0.00000
-341.99580 0.00000
-342.42400 0.00000
-342.35390 0.00000
-342.33050 0.00000
-342.88940 0.00000
-299.33520 0.00000
-299.74470 0.00000
-301.57970 0.00000
-301.04890 0.00000
-301.18470 0.00000
-300.62870 0.00000
-301.51390 0.00000
-301.87420 0.00000
-302.80360 0.00000
-301.67900 0.00000
-301.20960 0.00000
-300.07060 0.00000
-299.66010 0.00000
-300.28470 0.00000
-300.60730 0.00000
-301.21480 0.00000
-300.77690 0.00000
-300.18050 0.00000
-301.71920 0.00000
-300.02010 0.00000
-300.24590 0.00000
-300.25320 0.00000
-301.34070 0.00000
-301.37900 0.00000
-302.08830 0.00000
-302.92970 0.00000
-301.67060 0.00000
-301.28400 0.00000
-301.11580 0.00000
-300.75120 0.00000
-300.88400 0.00000
-300.67700 0.00000
-300.17990 0.00000
-298.66930 0.00000
-299.08500 0.00000
-298.53980 0.00000
-298.63730 0.00000
-299.54980 0.00000
-298.34270 0.00000
-297.44950 0.00000
-296.91260 0.00000
-295.98760 0.00000
-294.73020 0.00000
-294.94190 0.00000
-293.97410 0.00000
-294.28970 0.00000
-293.95000 0.00000
-293.30930 0.00000
-293.24680 0.00000
-293.90870 0.00000
-294.78560 0.00000
-293.55930 0.00000
-293.36280 0.00000
-292.79490 0.00000
-292.59300 0.00000
-292.73870 0.00000
-291.67680 0.00000
-292.32150 0.00000
-291.32940 0.00000
-291.22520 0.00000
-291.00380 0.00000
-290.29540 0.00000
-289.52740 0.00000
-288.33570 0.00000
-289.01110 0.00000
-288.16690 0.00000
-287.92320 0.00000
-287.71590 0.00000
-287.94320 0.00000
-288.85760 0.00000
-287.94370 0.00000
-287.52830 0.00000
-287.08170 0.00000
-287.02920 0.00000
-286.65230 0.00000
-286.62830 0.00000
-286.27290 0.00000
-286.38970 0.00000
-286.38480 0.00000
-285.97910 0.00000
-286.72280 0.00000
-286.00430 0.00000
-286.50080 0.00000
-286.44650 0.00000
-285.02990 0.00000
-285.84510 0.00000
-285.51870 0.00000
-285.99650 0.00000
-285.07270 0.00000
-285.18560 0.00000
-285.61700 0.00000
-286.31450 0.00000
-286.99650 0.00000
-287.01160 0.00000
-286.47980 0.00000
-287.17540 0.00000
-287.12430 0.00000
-285.70470 0.00000
-284.67750 0.00000
-285.34540 0.00000
-363.23480 0.00000
-360.73890 0.00000
-362.12030 0.00000
-363.10280 0.00000
-361.73010 0.00000
-360.96820 0.00000
-361.63620 0.00000
-362.17900 0.00000
-361.91820 0.00000
-359.19590 0.00000
-360.48240 0.00000
-361.68270 0.00000
-360.33450 0.00000
-362.14560 0.00000
-362.08160 0.00000
-363.36240 0.00000
-363.31570 0.00000
-361.25220 0.00000
-360.59580 0.00000
-362.62310 0.00000
-361.57190 0.00000
-359.76490 0.00000
-363.27560 0.00000
-363.04140 0.00000
-360.89940 0.00000
-362.29220 0.00000
-361.36240 0.00000
-361.11340 0.00000
-360.03400 0.00000
-360.65120 0.00000
-360.08010 0.00000
-360.71290 0.00000
-363.22670 0.00000
-362.06190 0.00000
-362.93020 0.00000
-362.28260 0.00000
-360.93460 0.00000
-361.19930 0.00000
-363.39910 0.00000
-362.76710 0.00000
-360.13410 0.00000
-360.86620 0.00000
-361.78780 0.00000
-361.34710 0.00000
-361.95840 0.00000
-359.43030 0.00000
-359.16630 0.00000
-360.86990 0.00000
-363.11270 0.00000
-362.81840 0.00000
-360.70840 0.00000
-360.60680 0.00000
-360.81500 0.00000
-360.38440 0.00000
-360.46300 0.00000
-361.70290 0.00000
-361.62950 0.00000
-361.16760 0.00000
-361.63890 0.00000
-361.95830 0.00000
-361.50190 0.00000
-361.21160 0.00000
-360.58420 0.00000
-361.68730 0.00000
-361.40500 0.00000
-362.97280 0.00000
-362.75710 0.00000
-361.77720 0.00000
-360.21410 0.00000
-361.26740 0.00000
-359.29880 0.00000
-363.94830 0.00000
-361.28700 0.00000
-360.20660 0.00000
-360.83260 0.00000
-362.21520 0.00000
-362.47000 0.00000
-364.12230 0.00000
-361.86610 0.00000
-360.02460 0.00000
-362.40990 0.00000
-362.38170 0.00000
-360.26170 0.00000
-364.35500 0.00000
-360.06610 0.00000
-361.97880 0.00000
-361.65100 0.00000
-360.22140 0.00000
-359.84090 0.00000
-361.00390 0.00000
-362.36290 0.00000
-361.17210 0.00000
-361.86450 0.00000
-358.94710 0.00000
-362.51500 0.00000
-359.39340 0.00000
-362.07760 0.00000
-360.95990 0.00000
-360.05900 0.00000
-331.03570 0.00000
-355.41100 0.00000
-355.98960 0.00000
-356.79370 0.00000
-356.39440 0.00000
-356.79760 0.00000
-356.90330 0.00000
-357.44040 0.00000
-355.47830 0.00000
-354.13940 0.00000
-353.19040 0.00000
-352.51070 0.00000
-353.13880 0.00000
-353.05270 0.00000
-354.26900 0.00000
-353.40070 0.00000
-353.93710 0.00000
-354.90510 0.00000
-354.44380 0.00000
-354.78310 0.00000
-355.36960 0.00000
-354.59210 0.00000
-354.46040 0.00000
-355.65890 0.00000
-355.06060 0.00000
-355.07880 0.00000
-352.56500 0.00000
-352.52940 0.00000
-352.48710 0.00000
-352.11650 0.00000
-351.74170 0.00000
-351.20940 0.00000
-351.62460 0.00000
-351.63900 0.00000
-350.95610 0.00000
-350.20480 0.00000
-349.99990 0.00000
-350.12310 0.00000
-350.01780 0.00000
-349.26480 0.00000
-349.77700 0.00000
-350.14600 0.00000
-349.57060 0.00000
-349.70990 0.00000
-350.34880 0.00000
-350.50140 0.00000
-350.36160 0.00000
-350.31650 0.00000
-350.17280 0.00000
-350.26010 0.00000
-349.44260 0.00000
-349.35610 0.00000
-348.99270 0.00000
-348.58720 0.00000
-347.80350 0.00000
-347.68820 0.00000
-347.54270 0.00000
-347.25480 0.00000
-348.03550 0.00000
-347.55600 0.00000
-347.03260 0.00000
-346.75690 0.00000
-347.51730 0.00000
-347.61190 0.00000
-347.23110 0.00000
-346.74700 0.00000
-346.77660 0.00000
-347.19010 0.00000
-346.09800 0.00000
-346.08080 0.00000
-347.26140 0.00000
-347.54200 0.00000
-347.29040 0.00000
-347.78100 0.00000
-347.28100 0.00000
-348.75510 0.00000
-347.88540 0.00000
-347.73110 0.00000
-347.60470 0.00000
-347.40770 0.00000
-348.13900 0.00000
-346.98700 0.00000
-347.05180 0.00000
-345.78620 0.00000
-346.69130 0.00000
-346.74900 0.00000
-346.73990 0.00000
-346.30160 0.00000
-346.45120 0.00000
-346.57560 0.00000
-346.75660 0.00000
-346.41340 0.00000
-347.20400 0.00000
-347.43620 0.00000
-347.04130 0.00000
-347.08130 0.00000
-348.25540 0.00000
-347.68960 0.00000
-347.79970 0.00000
-347.38970 0.00000
-347.57380 0.00000
-301.25760 0.00000
-300.54990 0.00000
-300.64220 0.00000
-300.73390 0.00000
-299.94230 0.00000
-300.57460 0.00000
-300.85470 0.00000
-301.58370 0.00000
-302.50860 0.00000
-302.27850 0.00000
-301.91460 0.00000
-302.02410 0.00000
-302.33110 0.00000
-302.35810 0.00000
-302.98570 0.00000
-302.17170 0.00000
-301.25940 0.00000
-302.50400 0.00000
-301.51010 0.00000
-302.11740 0.00000
-302.56670 0.00000
-302.85110 0.00000
-302.17110 0.00000
-301.44050 0.00000
-301.16900 0.00000
-301.66230 0.00000
-302.32800 0.00000
-302.33990 0.00000
-301.98930 0.00000
-302.10480 0.00000
-301.50200 0.00000
-302.62860 0.00000
-303.13560 0.00000
-303.72870 0.00000
-303.29490 0.00000
-302.83500 0.00000
-302.08820 0.00000
-302.80760 0.00000
-303.58790 0.00000
-304.22710 0.00000
-303.89540 0.00000
-304.03370 0.00000
-305.01120 0.00000
-304.72520 0.00000
-303.95080 0.00000
-304.36370 0.00000
-304.14180 0.00000
-304.75790 0.00000
-303.81240 0.00000
-303.26840 0.00000
-303.89850 0.00000
-303.64890 0.00000
-304.01910 0.00000
-303.67110 0.00000
-304.18470 0.00000
-303.63900 0.00000
-304.28260 0.00000
-304.30240 0.00000
-303.90430 0.00000
-302.98990 0.00000
-302.76850 0.00000
-303.28180 0.00000
-303.16840 0.00000
-304.20030 0.00000
-303.13130 0.00000
-303.63890 0.00000
-303.12740 0.00000
-302.98940 0.00000
-302.33890 0.00000
-302.55050 0.00000
-302.27020 0.00000
-300.82240 0.00000
-301.23020 0.00000
-301.84600 0.00000
-302.27780 0.00000
-301.26150 0.00000
-300.62730 0.00000
-299.86790 0.00000
-301.09420 0.00000
-303.47010 0.00000
-300.74230 0.00000
-300.17150 0.00000
-299.07350 0.00000
-300.41570 0.00000
-300.29030 0.00000
-300.44950 0.00000
-299.83850 0.00000
-299.63380 0.00000
-300.22470 0.00000
-300.49390 0.00000
-301.28470 0.00000
-300.37450 0.00000
-299.58890 0.00000
-298.86440 0.00000
-299.15550 0.00000
-299.21080 0.00000
-299.92000 0.00000
-299.01000 0.00000
-299.62160 0.00000
-299.85820 0.00000
-360.84630 0.00000
-362.13950 0.00000
-365.25850 0.00000
-363.03410 0.00000
-361.36070 0.00000
-360.52510 0.00000
-362.51430 0.00000
-362.55570 0.00000
-361.42720 0.00000
-361.94020 0.00000
-362.12420 0.00000
-360.55290 0.00000
-360.97030 0.00000
-361.44840 0.00000
-362.10400 0.00000
-362.27920 0.00000
-361.36820 0.00000
-359.86060 0.00000
-362.20940 0.00000
-360.66110 0.00000
-361.12440 0.00000
-360.32520 0.00000
-359.84860 0.00000
-362.73650 0.00000
-363.61150 0.00000
-362.64110 0.00000
-362.02990 0.00000
-359.63790 0.00000
-362.22670 0.00000
-358.92260 0.00000
-361.87860 0.00000
-363.03520 0.00000
-359.91660 0.00000
-362.05010 0.00000
-362.45230 0.00000
-361.98620 0.00000
-361.32740 0.00000
-361.16800 0.00000
-361.71370 0.00000
-361.30000 0.00000
-359.04110 0.00000
-361.39430 0.00000
-360.23450 0.00000
-359.96630 0.00000
-360.98530 0.00000
-361.10360 0.00000
-362.06020 0.00000
-360.32400 0.00000
-361.30940 0.00000
-361.96870 0.00000
-362.83720 0.00000
-360.14230 0.00000
-360.94920 0.00000
-361.95740 0.00000
-362.19500 0.00000
-363.99300 0.00000
-360.86300 0.00000
-360.48120 0.00000
-361.09500 0.00000
-361.05190 0.00000
-362.57980 0.00000
-360.05270 0.00000
-361.19150 0.00000
-362.49690 0.00000
-360.83810 0.00000
-362.81580 0.00000
-362.58200 0.00000
-359.75800 0.00000
-362.40830 0.00000
-361.44270 0.00000
-360.08120 0.00000
-359.48170 0.00000
-363.01260 0.00000
-364.57290 0.00000
-360.88760 0.00000
-361.27140 0.00000
-359.75720 0.00000
-362.01530 0.00000
-360.48900 0.00000
-360.75320 0.00000
-362.60740 0.00000
-362.04950 0.00000
-364.90950 0.00000
-360.85900 0.00000
-361.14620 0.00000
-362.56700 0.00000
-360.60810 0.00000
-362.13930 0.00000
-363.45010 0.00000
-361.96600 0.00000
-362.88520 0.00000
-360.48880 0.00000
-362.75150 0.00000
-362.96620 0.00000
-362.91030 0.00000
-361.28690 0.00000
-361.83450 0.00000
-361.20210 0.00000
-362.73210 0.00000
-364.53880 0.00000
-343.15480 0.00000
-342.69090 0.00000
-343.08920 0.00000
-343.61530 0.00000
-343.29900 0.00000
-343.57510 0.00000
-342.94300 0.00000
-343.04490 0.00000
-342.86680 0.00000
-342.56740 0.00000
-342.95430 0.00000
-343.02070 0.00000
-342.45710 0.00000
-343.11960 0.00000
-342.53840 0.00000
-342.90610 0.00000
-343.34860 0.00000
-343.02820 0.00000
-342.66010 0.00000
-343.48700 0.00000
-342.50550 0.00000
-342.98960 0.00000
-343.06240 0.00000
-343.75430 0.00000
-343.16960 0.00000
-343.04530 0.00000
-343.07320 0.00000
-342.52140 0.00000
-342.79680 0.00000
-342.86120 0.00000
-342.83180 0.00000
-342.61510 0.00000
-343.02350 0.00000
-343.26060 0.00000
-343.16880 0.00000
-343.15780 0.00000
-342.80340 0.00000
-342.81330 0.00000
-343.42640 0.00000
-343.56900 0.00000
-342.74670 0.00000
-343.47580 0.00000
-343.13000 0.00000
-342.80750 0.00000
-342.84820 0.00000
-342.56980 0.00000
-342.46310 0.00000
-342.69660 0.00000
-343.35150 0.00000
-343.50990 0.00000
-342.56890 0.00000
-342.96580 0.00000
-342.64520 0.00000
-342.50020 0.00000
-342.77410 0.00000
-343.18090 0.00000
-342.84480 0.00000
-343.43810 0.00000
-342.98690 0.00000
-343.00940 0.00000
-343.29200 0.00000
-342.99290 0.00000
-342.73430 0.00000
-343.04640 0.00000
-342.78370 0.00000
-343.16990 0.00000
-343.14690 0.00000
-343.13340 0.00000
-342.41720 0.00000
-343.18120 0.00000
-342.15520 0.00000
-343.55770 0.00000
-343.15960 0.00000
-342.74080 0.00000
-343.23330 0.00000
-343.39200 0.00000
-343.24730 0.00000
-343.60360 0.00000
-342.88690 0.00000
-342.63750 0.00000
-342.87740 0.00000
-343.06050 0.00000
-342.67940 0.00000
-343.46540 0.00000
-342.49780 0.00000
-342.57920 0.00000
-342.70730 0.00000
-342.86270 0.00000
-342.82180 0.00000
-343.05230 0.00000
-343.32330 0.00000
-343.25090 0.00000
-343.18740 0.00000
-342.28880 0.00000
-343.14950 0.00000
-342.67030 0.00000
-343.26630 0.00000
-342.50170 0.00000
-342.95010 0.00000
