-100.0000 -100.0000
-366.8393 0.0000
-368.3271 0.0000
-365.6740 0.0000
-365.8814 0.0000
-367.7189 0.0000
-366.7494 0.0000
-366.7197 0.0000
-362.8678 0.0000
-363.4331 0.0000
-364.4475 0.0000
-363.6501 0.0000
-364.0634 0.0000
-364.3583 0.0000
-363.6683 0.0000
-363.4075 0.0000
-362.9547 0.0000
-364.4093 0.0000
-364.6712 0.0000
-364.5970 0.0000
-364.8254 0.0000
-365.1964 0.0000
-363.3128 0.0000
-361.8641 0.0000
-362.0083 0.0000
-362.6199 0.0000
-361.8618 0.0000
-361.9691 0.0000
-360.5380 0.0000
-361.2732 0.0000
-361.2661 0.0000
-362.1059 0.0000
-363.7144 0.0000
-363.1785 0.0000
-361.8677 0.0000
-361.2606 0.0000
-361.1520 0.0000
-362.3999 0.0000
-360.6982 0.0000
-361.3145 0.0000
-361.6618 0.0000
-359.4723 0.0000
-360.5705 0.0000
-361.8064 0.0000
-360.2279 0.0000
-359.9019 0.0000
-359.2871 0.0000
-359.6669 0.0000
-360.5066 0.0000
-360.1474 0.0000
-361.0221 0.0000
-361.2875 0.0000
-360.3529 0.0000
-360.1344 0.0000
-360.6007 0.0000
-360.9749 0.0000
-360.3143 0.0000
-362.3629 0.0000
-359.4398 0.0000
-358.7866 0.0000
-358.9338 0.0000
-359.2734 0.0000
-360.2185 0.0000
-359.2536 0.0000
-359.1622 0.0000
-360.8594 0.0000
-360.2014 0.0000
-360.9032 0.0000
-360.4884 0.0000
-360.9836 0.0000
-360.3919 0.0000
-361.0579 0.0000
-360.9345 0.0000
-361.6803 0.0000
-360.1605 0.0000
-360.1800 0.0000
-362.0374 0.0000
-359.2260 0.0000
-359.1189 0.0000
-357.9429 0.0000
-357.6535 0.0000
-357.5197 0.0000
-356.4427 0.0000
-356.7148 0.0000
-356.9054 0.0000
-356.9628 0.0000
-356.3939 0.0000
-356.0622 0.0000
-357.0060 0.0000
-356.2972 0.0000
-357.9732 0.0000
-355.3911 0.0000
-355.2887 0.0000
-355.2582 0.0000
-355.7170 0.0000
-355.9137 0.0000
-355.0964 0.0000
-356.6855 0.0000
-355.8415 0.0000
-357.4036 0.0000
-355.4988 0.0000
-313.4290 0.0000
-313.9668 0.0000
-314.0683 0.0000
-314.5118 0.0000
-314.3868 0.0000
-314.6136 0.0000
-314.6486 0.0000
-313.1387 0.0000
-311.9833 0.0000
-311.9079 0.0000
-312.0370 0.0000
-312.4986 0.0000
-312.3211 0.0000
-312.9309 0.0000
-312.6598 0.0000
-313.5786 0.0000
-313.6824 0.0000
-313.4634 0.0000
-314.5301 0.0000
-313.2345 0.0000
-312.9617 0.0000
-312.3498 0.0000
-313.9770 0.0000
-311.7472 0.0000
-311.6941 0.0000
-310.3124 0.0000
-310.6693 0.0000
-309.0494 0.0000
-308.6346 0.0000
-308.4124 0.0000
-308.4735 0.0000
-308.7576 0.0000
-309.5203 0.0000
-308.5746 0.0000
-308.7060 0.0000
-307.7717 0.0000
-307.8305 0.0000
-308.6537 0.0000
-308.2559 0.0000
-307.3045 0.0000
-308.5607 0.0000
-306.8553 0.0000
-307.1303 0.0000
-308.6712 0.0000
-306.6553 0.0000
-307.5477 0.0000
-306.6451 0.0000
-306.0067 0.0000
-306.1116 0.0000
-305.1879 0.0000
-305.5796 0.0000
-305.4531 0.0000
-306.0554 0.0000
-305.6212 0.0000
-306.8015 0.0000
-305.6205 0.0000
-305.3758 0.0000
-305.3698 0.0000
-304.6972 0.0000
-304.2623 0.0000
-304.1507 0.0000
-304.6373 0.0000
-304.9982 0.0000
-303.8588 0.0000
-304.1437 0.0000
-303.7030 0.0000
-303.7931 0.0000
-303.5969 0.0000
-303.5050 0.0000
-304.9346 0.0000
-304.1536 0.0000
-303.9140 0.0000
-304.0392 0.0000
-303.8076 0.0000
-303.9941 0.0000
-303.5975 0.0000
-303.7920 0.0000
-304.7425 0.0000
-302.9974 0.0000
-301.9362 0.0000
-301.6928 0.0000
-300.9314 0.0000
-300.5928 0.0000
-301.2542 0.0000
-300.3043 0.0000
-300.2655 0.0000
-300.7680 0.0000
-300.4554 0.0000
-300.6563 0.0000
-301.2126 0.0000
-300.0941 0.0000
-300.1521 0.0000
-300.5002 0.0000
-300.0166 0.0000
-300.6167 0.0000
-301.8718 0.0000
-301.5629 0.0000
-301.0595 0.0000
-300.4087 0.0000
-300.7348 0.0000
-370.9239 0.0000
-368.0619 0.0000
-367.3791 0.0000
-369.9387 0.0000
-368.9776 0.0000
-368.6039 0.0000
-368.6144 0.0000
-368.5145 0.0000
-368.0536 0.0000
-369.0747 0.0000
-369.5029 0.0000
-370.3634 0.0000
-369.5706 0.0000
-368.9753 0.0000
-369.5688 0.0000
-368.3181 0.0000
-370.4780 0.0000
-370.7633 0.0000
-367.5980 0.0000
-368.5776 0.0000
-370.6574 0.0000
-369.8398 0.0000
-368.0981 0.0000
-369.0297 0.0000
-369.6752 0.0000
-370.1272 0.0000
-369.1912 0.0000
-369.7709 0.0000
-370.0683 0.0000
-370.0075 0.0000
-368.5559 0.0000
-369.7817 0.0000
-368.3969 0.0000
-367.1750 0.0000
-367.3555 0.0000
-368.9256 0.0000
-367.5188 0.0000
-371.7598 0.0000
-370.6836 0.0000
-370.6508 0.0000
-369.5742 0.0000
-366.7956 0.0000
-367.5686 0.0000
-369.1303 0.0000
-367.8586 0.0000
-366.9923 0.0000
-371.0349 0.0000
-369.5661 0.0000
-371.4062 0.0000
-367.8820 0.0000
-370.0688 0.0000
-371.8203 0.0000
-369.8720 0.0000
-370.5064 0.0000
-373.8904 0.0000
-371.6238 0.0000
-371.5952 0.0000
-372.1792 0.0000
-369.9215 0.0000
-368.4491 0.0000
-369.2762 0.0000
-369.0099 0.0000
-367.2648 0.0000
-367.8796 0.0000
-368.3775 0.0000
-369.3457 0.0000
-369.4838 0.0000
-371.0422 0.0000
-371.9814 0.0000
-373.3576 0.0000
-370.9639 0.0000
-369.3704 0.0000
-372.2166 0.0000
-370.2273 0.0000
-371.2157 0.0000
-369.5644 0.0000
-369.5972 0.0000
-367.9917 0.0000
-370.7050 0.0000
-371.0606 0.0000
-369.7992 0.0000
-367.9649 0.0000
-366.9302 0.0000
-368.3877 0.0000
-366.3950 0.0000
-366.6852 0.0000
-366.1266 0.0000
-364.4159 0.0000
-364.5504 0.0000
-364.3933 0.0000
-366.9840 0.0000
-366.1753 0.0000
-364.3129 0.0000
-362.7651 0.0000
-362.2908 0.0000
-362.5197 0.0000
-362.1608 0.0000
-361.5700 0.0000
-360.6928 0.0000
-361.6466 0.0000
-345.8689 0.0000
-346.0903 0.0000
-347.2581 0.0000
-346.3885 0.0000
-345.9309 0.0000
-345.8974 0.0000
-346.0298 0.0000
-346.1126 0.0000
-345.6949 0.0000
-345.8160 0.0000
-345.7986 0.0000
-345.7044 0.0000
-345.4495 0.0000
-345.2067 0.0000
-345.6091 0.0000
-346.1034 0.0000
-345.6915 0.0000
-345.5506 0.0000
-345.5918 0.0000
-345.5301 0.0000
-345.9097 0.0000
-346.0328 0.0000
-345.6412 0.0000
-345.7212 0.0000
-346.4798 0.0000
-347.0842 0.0000
-347.4525 0.0000
-346.8726 0.0000
-347.0994 0.0000
-346.7843 0.0000
-347.0948 0.0000
-346.9908 0.0000
-346.3720 0.0000
-346.1347 0.0000
-346.7059 0.0000
-346.8124 0.0000
-345.9985 0.0000
-345.7487 0.0000
-345.4582 0.0000
-345.5130 0.0000
-345.0142 0.0000
-344.7140 0.0000
-344.2211 0.0000
-343.9041 0.0000
-343.7229 0.0000
-343.5977 0.0000
-343.5721 0.0000
-343.1778 0.0000
-343.4330 0.0000
-343.6701 0.0000
-344.0811 0.0000
-343.9675 0.0000
-343.9186 0.0000
-343.9193 0.0000
-343.9270 0.0000
-344.4092 0.0000
-343.5845 0.0000
-343.0519 0.0000
-343.0798 0.0000
-343.0448 0.0000
-343.1701 0.0000
-342.7440 0.0000
-342.9400 0.0000
-342.5238 0.0000
-342.3807 0.0000
-342.7312 0.0000
-342.8384 0.0000
-342.5689 0.0000
-342.6452 0.0000
-342.4632 0.0000
-341.9231 0.0000
-341.4507 0.0000
-341.5571 0.0000
-342.1236 0.0000
-341.4139 0.0000
-341.3906 0.0000
-341.4562 0.0000
-341.5783 0.0000
-341.4279 0.0000
-341.4669 0.0000
-341.6967 0.0000
-341.7357 0.0000
-342.0244 0.0000
-341.7209 0.0000
-341.2850 0.0000
-341.6800 0.0000
-341.6027 0.0000
-341.5815 0.0000
-341.7204 0.0000
-341.5253 0.0000
-341.8102 0.0000
-341.7046 0.0000
-341.6835 0.0000
-341.9608 0.0000
-341.7548 0.0000
-341.8968 0.0000
-342.0469 0.0000
-342.2155 0.0000
-342.6484 0.0000
-342.9961 0.0000
-240.4248 0.0000
-240.3934 0.0000
-240.4901 0.0000
-241.4828 0.0000
-240.5552 0.0000
-241.9755 0.0000
-240.1728 0.0000
-239.9111 0.0000
-239.6453 0.0000
-238.4188 0.0000
-238.4229 0.0000
-238.8487 0.0000
-239.8166 0.0000
-238.4162 0.0000
-239.3668 0.0000
-239.9398 0.0000
-239.8807 0.0000
-240.1414 0.0000
-240.1708 0.0000
-241.2932 0.0000
-239.3427 0.0000
-238.4882 0.0000
-239.3713 0.0000
-238.7745 0.0000
-239.0105 0.0000
-236.7833 0.0000
-237.0830 0.0000
-237.1089 0.0000
-238.1797 0.0000
-236.5642 0.0000
-237.1791 0.0000
-237.1388 0.0000
-237.1821 0.0000
-237.3294 0.0000
-239.3239 0.0000
-236.9191 0.0000
-236.4144 0.0000
-235.4789 0.0000
-235.9818 0.0000
-236.5545 0.0000
-235.5099 0.0000
-234.9531 0.0000
-234.3888 0.0000
-234.0041 0.0000
-233.7045 0.0000
-233.7418 0.0000
-233.2268 0.0000
-233.3130 0.0000
-233.5209 0.0000
-233.0049 0.0000
-233.3269 0.0000
-233.6761 0.0000
-232.9709 0.0000
-232.1795 0.0000
-231.6300 0.0000
-232.8179 0.0000
-233.1981 0.0000
-233.0070 0.0000
-231.7705 0.0000
-231.9898 0.0000
-232.3967 0.0000
-232.2029 0.0000
-231.1769 0.0000
-229.5766 0.0000
-229.5495 0.0000
-230.3060 0.0000
-230.6660 0.0000
-229.7648 0.0000
-228.5860 0.0000
-228.9259 0.0000
-228.4730 0.0000
-227.6223 0.0000
-227.7395 0.0000
-227.6986 0.0000
-227.4311 0.0000
-227.1875 0.0000
-226.7472 0.0000
-227.0699 0.0000
-227.5298 0.0000
-227.3026 0.0000
-226.8388 0.0000
-227.1069 0.0000
-226.7082 0.0000
-226.7726 0.0000
-226.4716 0.0000
-225.0482 0.0000
-224.4889 0.0000
-224.2801 0.0000
-222.9349 0.0000
-222.9419 0.0000
-223.0343 0.0000
-222.0794 0.0000
-223.0085 0.0000
-220.7705 0.0000
-220.7253 0.0000
-220.5992 0.0000
-220.5376 0.0000
-219.2579 0.0000
-220.3264 0.0000
