-100.0000 -100.0000
-328.5092 0.0000
-327.6594 0.0000
-327.0599 0.0000
-326.2069 0.0000
-325.4332 0.0000
-325.0301 0.0000
-325.3104 0.0000
-325.7137 0.0000
-325.7252 0.0000
-326.0126 0.0000
-326.1703 0.0000
-326.1953 0.0000
-325.4069 0.0000
-324.9960 0.0000
-325.2869 0.0000
-324.8977 0.0000
-324.2437 0.0000
-323.1319 0.0000
-322.9675 0.0000
-322.3618 0.0000
-322.0661 0.0000
-322.2356 0.0000
-322.7953 0.0000
-323.2650 0.0000
-322.7738 0.0000
-322.1860 0.0000
-322.3327 0.0000
-322.0856 0.0000
-322.1875 0.0000
-321.8930 0.0000
-322.4353 0.0000
-322.3188 0.0000
-322.5099 0.0000
-322.7544 0.0000
-322.3929 0.0000
-323.5393 0.0000
-321.6427 0.0000
-322.1932 0.0000
-321.9121 0.0000
-321.1889 0.0000
-322.2253 0.0000
-321.6678 0.0000
-321.3012 0.0000
-320.8268 0.0000
-320.9913 0.0000
-320.9487 0.0000
-320.3580 0.0000
-319.6205 0.0000
-320.7393 0.0000
-321.0132 0.0000
-320.9737 0.0000
-320.9053 0.0000
-321.2229 0.0000
-321.0680 0.0000
-320.7087 0.0000
-320.4797 0.0000
-319.6415 0.0000
-320.3154 0.0000
-320.3686 0.0000
-320.4976 0.0000
-320.8351 0.0000
-320.9835 0.0000
-320.2045 0.0000
-320.5857 0.0000
-320.5239 0.0000
-320.8592 0.0000
-320.9419 0.0000
-320.2931 0.0000
-320.6496 0.0000
-321.0318 0.0000
-321.3806 0.0000
-321.6370 0.0000
-321.5734 0.0000
-321.1463 0.0000
-320.3861 0.0000
-319.9749 0.0000
-319.6417 0.0000
-319.9945 0.0000
-319.6332 0.0000
-319.9018 0.0000
-319.7685 0.0000
-319.9536 0.0000
-319.8482 0.0000
-320.1026 0.0000
-320.5362 0.0000
-320.9592 0.0000
-320.7463 0.0000
-321.1613 0.0000
-321.3588 0.0000
-321.6590 0.0000
-321.0402 0.0000
-320.8252 0.0000
-321.1600 0.0000
-320.4063 0.0000
-320.2327 0.0000
-320.5410 0.0000
-320.6658 0.0000
-319.3887 0.0000
-320.0497 0.0000
-319.4649 0.0000
-330.4534 0.0000
-331.1583 0.0000
-331.1303 0.0000
-331.2434 0.0000
-331.2757 0.0000
-330.6477 0.0000
-330.5608 0.0000
-331.5728 0.0000
-331.3112 0.0000
-331.5100 0.0000
-332.4047 0.0000
-331.9658 0.0000
-331.3403 0.0000
-331.0328 0.0000
-330.2453 0.0000
-330.1766 0.0000
-330.7460 0.0000
-331.0548 0.0000
-330.7025 0.0000
-330.7247 0.0000
-330.6295 0.0000
-330.0129 0.0000
-329.2124 0.0000
-329.6281 0.0000
-330.0619 0.0000
-329.5788 0.0000
-328.9529 0.0000
-328.8113 0.0000
-328.7941 0.0000
-328.0409 0.0000
-327.7344 0.0000
-327.0336 0.0000
-327.0352 0.0000
-326.8783 0.0000
-327.7119 0.0000
-328.2636 0.0000
-328.3575 0.0000
-329.6659 0.0000
-327.7043 0.0000
-327.2338 0.0000
-327.2548 0.0000
-327.3667 0.0000
-327.6758 0.0000
-327.8938 0.0000
-328.7047 0.0000
-328.4227 0.0000
-328.8533 0.0000
-328.8712 0.0000
-329.3825 0.0000
-328.7713 0.0000
-328.6161 0.0000
-328.3560 0.0000
-329.7165 0.0000
-329.9734 0.0000
-329.7765 0.0000
-330.0231 0.0000
-330.1051 0.0000
-330.7635 0.0000
-330.9993 0.0000
-330.0031 0.0000
-330.7026 0.0000
-331.4182 0.0000
-330.8647 0.0000
-331.5469 0.0000
-331.7782 0.0000
-331.7271 0.0000
-330.7318 0.0000
-330.8976 0.0000
-330.7988 0.0000
-331.2655 0.0000
-331.7504 0.0000
-332.5942 0.0000
-332.3401 0.0000
-331.8276 0.0000
-331.9278 0.0000
-333.3678 0.0000
-334.1830 0.0000
-333.2580 0.0000
-332.8825 0.0000
-332.5856 0.0000
-332.9212 0.0000
-332.6409 0.0000
-332.7234 0.0000
-332.5438 0.0000
-332.2519 0.0000
-331.4584 0.0000
-332.3812 0.0000
-331.3767 0.0000
-331.4259 0.0000
-330.9641 0.0000
-330.0788 0.0000
-329.4849 0.0000
-329.7977 0.0000
-329.9250 0.0000
-328.6572 0.0000
-329.1623 0.0000
-328.8748 0.0000
-328.9331 0.0000
-330.1308 0.0000
-330.1636 0.0000
-348.4581 0.0000
-347.3539 0.0000
-347.6266 0.0000
-347.6803 0.0000
-347.1859 0.0000
-346.7760 0.0000
-346.8610 0.0000
-346.9682 0.0000
-346.4250 0.0000
-345.9601 0.0000
-345.8872 0.0000
-346.4726 0.0000
-346.7664 0.0000
-346.5318 0.0000
-346.3785 0.0000
-346.2569 0.0000
-346.2187 0.0000
-346.4263 0.0000
-345.6803 0.0000
-345.5784 0.0000
-345.2272 0.0000
-346.1183 0.0000
-345.0169 0.0000
-344.9304 0.0000
-345.4082 0.0000
-345.2060 0.0000
-345.3285 0.0000
-345.5491 0.0000
-345.5681 0.0000
-346.3288 0.0000
-345.3987 0.0000
-346.2659 0.0000
-344.9823 0.0000
-345.1452 0.0000
-344.6686 0.0000
-344.1236 0.0000
-343.6702 0.0000
-344.0140 0.0000
-344.3085 0.0000
-344.5900 0.0000
-344.4165 0.0000
-344.3203 0.0000
-343.2891 0.0000
-343.7145 0.0000
-343.7217 0.0000
-343.0316 0.0000
-343.8379 0.0000
-344.6114 0.0000
-345.3123 0.0000
-344.7888 0.0000
-345.0454 0.0000
-344.3002 0.0000
-344.3978 0.0000
-344.7575 0.0000
-345.9400 0.0000
-346.1988 0.0000
-346.1528 0.0000
-345.9419 0.0000
-345.4836 0.0000
-345.6555 0.0000
-345.8083 0.0000
-346.5338 0.0000
-346.2411 0.0000
-346.4276 0.0000
-346.7994 0.0000
-347.3094 0.0000
-347.6996 0.0000
-347.4304 0.0000
-347.6449 0.0000
-348.5090 0.0000
-347.1176 0.0000
-346.4966 0.0000
-347.5637 0.0000
-346.8402 0.0000
-347.5205 0.0000
-346.4152 0.0000
-346.5139 0.0000
-345.6829 0.0000
-346.4035 0.0000
-347.3610 0.0000
-346.5406 0.0000
-346.0662 0.0000
-345.5930 0.0000
-346.4286 0.0000
-344.9623 0.0000
-345.5665 0.0000
-344.6047 0.0000
-343.8888 0.0000
-343.8501 0.0000
-343.3483 0.0000
-344.6243 0.0000
-343.9179 0.0000
-344.1506 0.0000
-342.5214 0.0000
-342.0927 0.0000
-341.9958 0.0000
-342.4240 0.0000
-342.3539 0.0000
-342.3305 0.0000
-342.8894 0.0000
-299.3352 0.0000
-299.7447 0.0000
-301.5797 0.0000
-301.0489 0.0000
-301.1847 0.0000
-300.6287 0.0000
-301.5139 0.0000
-301.8742 0.0000
-302.8036 0.0000
-301.6790 0.0000
-301.2096 0.0000
-300.0706 0.0000
-299.6601 0.0000
-300.2847 0.0000
-300.6073 0.0000
-301.2148 0.0000
-300.7769 0.0000
-300.1805 0.0000
-301.7192 0.0000
-300.0201 0.0000
-300.2459 0.0000
-300.2532 0.0000
-301.3407 0.0000
-301.3790 0.0000
-302.0883 0.0000
-302.9297 0.0000
-301.6706 0.0000
-301.2840 0.0000
-301.1158 0.0000
-300.7512 0.0000
-300.8840 0.0000
-300.6770 0.0000
-300.1799 0.0000
-298.6693 0.0000
-299.0850 0.0000
-298.5398 0.0000
-298.6373 0.0000
-299.5498 0.0000
-298.3427 0.0000
-297.4495 0.0000
-296.9126 0.0000
-295.9876 0.0000
-294.7302 0.0000
-294.9419 0.0000
-293.9741 0.0000
-294.2897 0.0000
-293.9500 0.0000
-293.3093 0.0000
-293.2468 0.0000
-293.9087 0.0000
-294.7856 0.0000
-293.5593 0.0000
-293.3628 0.0000
-292.7949 0.0000
-292.5930 0.0000
-292.7387 0.0000
-291.6768 0.0000
-292.3215 0.0000
-291.3294 0.0000
-291.2252 0.0000
-291.0038 0.0000
-290.2954 0.0000
-289.5274 0.0000
-288.3357 0.0000
-289.0111 0.0000
-288.1669 0.0000
-287.9232 0.0000
-287.7159 0.0000
-287.9432 0.0000
-288.8576 0.0000
-287.9437 0.0000
-287.5283 0.0000
-287.0817 0.0000
-287.0292 0.0000
-286.6523 0.0000
-286.6283 0.0000
-286.2729 0.0000
-286.3897 0.0000
-286.3848 0.0000
-285.9791 0.0000
-286.7228 0.0000
-286.0043 0.0000
-286.5008 0.0000
-286.4465 0.0000
-285.0299 0.0000
-285.8451 0.0000
-285.5187 0.0000
-285.9965 0.0000
-285.0727 0.0000
-285.1856 0.0000
-285.6170 0.0000
-286.3145 0.0000
-286.9965 0.0000
-287.0116 0.0000
-286.4798 0.0000
-287.1754 0.0000
-287.1243 0.0000
-285.7047 0.0000
-284.6775 0.0000
-285.3454 0.0000
-363.2348 0.0000
-360.7389 0.0000
-362.1203 0.0000
-363.1028 0.0000
-361.7301 0.0000
-360.9682 0.0000
-361.6362 0.0000
-362.1790 0.0000
-361.9182 0.0000
-359.1959 0.0000
-360.4824 0.0000
-361.6827 0.0000
-360.3345 0.0000
-362.1456 0.0000
-362.0816 0.0000
-363.3624 0.0000
-363.3157 0.0000
-361.2522 0.0000
-360.5958 0.0000
-362.6231 0.0000
-361.5719 0.0000
-359.7649 0.0000
-363.2756 0.0000
-363.0414 0.0000
-360.8994 0.0000
-362.2922 0.0000
-361.3624 0.0000
-361.1134 0.0000
-360.0340 0.0000
-360.6512 0.0000
-360.0801 0.0000
-360.7129 0.0000
-363.2267 0.0000
-362.0619 0.0000
-362.9302 0.0000
-362.2826 0.0000
-360.9346 0.0000
-361.1993 0.0000
-363.3991 0.0000
-362.7671 0.0000
-360.1341 0.0000
-360.8662 0.0000
-361.7878 0.0000
-361.3471 0.0000
-361.9584 0.0000
-359.4303 0.0000
-359.1663 0.0000
-360.8699 0.0000
-363.1127 0.0000
-362.8184 0.0000
-360.7084 0.0000
-360.6068 0.0000
-360.8150 0.0000
-360.3844 0.0000
-360.4630 0.0000
-361.7029 0.0000
-361.6295 0.0000
-361.1676 0.0000
-361.6389 0.0000
-361.9583 0.0000
-361.5019 0.0000
-361.2116 0.0000
-360.5842 0.0000
-361.6873 0.0000
-361.4050 0.0000
-362.9728 0.0000
-362.7571 0.0000
-361.7772 0.0000
-360.2141 0.0000
-361.2674 0.0000
-359.2988 0.0000
-363.9483 0.0000
-361.2870 0.0000
-360.2066 0.0000
-360.8326 0.0000
-362.2152 0.0000
-362.4700 0.0000
-364.1223 0.0000
-361.8661 0.0000
-360.0246 0.0000
-362.4099 0.0000
-362.3817 0.0000
-360.2617 0.0000
-364.3550 0.0000
-360.0661 0.0000
-361.9788 0.0000
-361.6510 0.0000
-360.2214 0.0000
-359.8409 0.0000
-361.0039 0.0000
-362.3629 0.0000
-361.1721 0.0000
-361.8645 0.0000
-358.9471 0.0000
-362.5150 0.0000
-359.3934 0.0000
-362.0776 0.0000
-360.9599 0.0000
-360.0590 0.0000
