-100.0000 -100.0000
-330.4510 0.0000
-331.4679 0.0000
-331.5905 0.0000
-330.5930 0.0000
-329.7338 0.0000
-329.3293 0.0000
-329.9940 0.0000
-330.4982 0.0000
-329.9659 0.0000
-329.5948 0.0000
-329.0745 0.0000
-329.9442 0.0000
-330.3884 0.0000
-330.7312 0.0000
-331.5051 0.0000
-331.4596 0.0000
-332.4030 0.0000
-332.1866 0.0000
-331.6625 0.0000
-332.0716 0.0000
-332.0949 0.0000
-331.9115 0.0000
-332.1162 0.0000
-331.9313 0.0000
-331.7110 0.0000
-331.3873 0.0000
-331.5252 0.0000
-331.5449 0.0000
-331.3366 0.0000
-330.7936 0.0000
-331.0420 0.0000
-330.8545 0.0000
-330.1582 0.0000
-329.2596 0.0000
-329.9446 0.0000
-330.4896 0.0000
-330.0867 0.0000
-330.5078 0.0000
-329.9052 0.0000
-330.1103 0.0000
-330.6552 0.0000
-330.1213 0.0000
-330.8559 0.0000
-330.9603 0.0000
-330.2848 0.0000
-330.3994 0.0000
-330.5173 0.0000
-330.9115 0.0000
-331.5760 0.0000
-331.2138 0.0000
-331.4588 0.0000
-331.8294 0.0000
-331.3881 0.0000
-332.4266 0.0000
-331.8113 0.0000
-332.0545 0.0000
-332.7121 0.0000
-332.7328 0.0000
-332.9538 0.0000
-333.2921 0.0000
-332.9926 0.0000
-332.8684 0.0000
-332.3240 0.0000
-331.6654 0.0000
-331.7476 0.0000
-332.5010 0.0000
-332.9184 0.0000
-332.4904 0.0000
-332.7855 0.0000
-332.8175 0.0000
-332.2671 0.0000
-332.2197 0.0000
-331.6884 0.0000
-332.6895 0.0000
-331.0494 0.0000
-330.5794 0.0000
-330.7722 0.0000
-330.0089 0.0000
-330.1079 0.0000
-329.5662 0.0000
-330.5499 0.0000
-330.5434 0.0000
-330.1927 0.0000
-331.1173 0.0000
-330.8911 0.0000
-330.8362 0.0000
-330.5882 0.0000
-329.7271 0.0000
-329.5366 0.0000
-329.5863 0.0000
-329.9696 0.0000
-329.5551 0.0000
-329.1238 0.0000
-328.6221 0.0000
-328.7778 0.0000
-329.0296 0.0000
-328.9020 0.0000
-329.1001 0.0000
-329.2329 0.0000
-329.5902 0.0000
-366.8390 0.0000
-365.4239 0.0000
-364.9829 0.0000
-365.0910 0.0000
-365.6562 0.0000
-364.9565 0.0000
-364.6441 0.0000
-363.1031 0.0000
-364.7727 0.0000
-364.7679 0.0000
-363.5996 0.0000
-365.4851 0.0000
-363.6957 0.0000
-366.6183 0.0000
-364.6923 0.0000
-364.8710 0.0000
-366.3619 0.0000
-366.4168 0.0000
-367.1032 0.0000
-364.6309 0.0000
-362.3582 0.0000
-364.5750 0.0000
-366.1989 0.0000
-365.0439 0.0000
-365.2202 0.0000
-365.5301 0.0000
-364.4046 0.0000
-365.1588 0.0000
-365.5248 0.0000
-363.6679 0.0000
-366.3114 0.0000
-366.7469 0.0000
-365.0700 0.0000
-365.3042 0.0000
-364.5740 0.0000
-366.2122 0.0000
-364.3934 0.0000
-365.4817 0.0000
-366.9008 0.0000
-363.1796 0.0000
-364.3503 0.0000
-365.6976 0.0000
-364.8390 0.0000
-364.7043 0.0000
-363.2123 0.0000
-364.9370 0.0000
-364.7739 0.0000
-365.5965 0.0000
-365.1840 0.0000
-364.7821 0.0000
-364.5066 0.0000
-365.7951 0.0000
-362.8709 0.0000
-363.7985 0.0000
-364.8320 0.0000
-366.7561 0.0000
-365.8484 0.0000
-362.9300 0.0000
-364.2499 0.0000
-365.2740 0.0000
-364.4601 0.0000
-366.2774 0.0000
-365.3683 0.0000
-365.6444 0.0000
-366.1442 0.0000
-363.5298 0.0000
-367.4317 0.0000
-364.4102 0.0000
-364.6142 0.0000
-363.8387 0.0000
-364.9059 0.0000
-362.3649 0.0000
-366.0613 0.0000
-364.0174 0.0000
-366.9313 0.0000
-364.9378 0.0000
-365.3033 0.0000
-365.9125 0.0000
-364.4459 0.0000
-366.4939 0.0000
-365.8011 0.0000
-364.7187 0.0000
-364.9937 0.0000
-366.5585 0.0000
-365.7785 0.0000
-365.0307 0.0000
-364.8073 0.0000
-366.1968 0.0000
-363.6058 0.0000
-366.5134 0.0000
-365.7559 0.0000
-366.3768 0.0000
-363.3171 0.0000
-364.5018 0.0000
-367.1736 0.0000
-363.9991 0.0000
-365.2652 0.0000
-364.7670 0.0000
-364.7792 0.0000
-365.4923 0.0000
-316.2605 0.0000
-316.4766 0.0000
-316.0028 0.0000
-315.4388 0.0000
-315.8902 0.0000
-316.3382 0.0000
-315.6606 0.0000
-315.2369 0.0000
-315.6636 0.0000
-316.1997 0.0000
-316.0847 0.0000
-315.6677 0.0000
-314.9421 0.0000
-314.9435 0.0000
-315.0962 0.0000
-315.0800 0.0000
-316.0863 0.0000
-316.6305 0.0000
-317.2370 0.0000
-316.8915 0.0000
-317.7126 0.0000
-317.3363 0.0000
-317.8482 0.0000
-318.3484 0.0000
-317.6280 0.0000
-317.4205 0.0000
-318.0192 0.0000
-317.6988 0.0000
-317.8148 0.0000
-317.0213 0.0000
-317.6877 0.0000
-318.0944 0.0000
-317.7100 0.0000
-317.8836 0.0000
-317.2822 0.0000
-317.3092 0.0000
-316.6543 0.0000
-316.6892 0.0000
-317.3332 0.0000
-317.9714 0.0000
-317.0868 0.0000
-316.3854 0.0000
-316.2750 0.0000
-315.6049 0.0000
-315.4566 0.0000
-315.4357 0.0000
-315.6862 0.0000
-314.9078 0.0000
-315.2411 0.0000
-315.3350 0.0000
-315.2054 0.0000
-314.7648 0.0000
-314.7643 0.0000
-314.0214 0.0000
-314.4629 0.0000
-314.9347 0.0000
-314.8730 0.0000
-315.4876 0.0000
-315.6299 0.0000
-315.5965 0.0000
-314.2341 0.0000
-314.4596 0.0000
-313.9338 0.0000
-313.9002 0.0000
-313.8829 0.0000
-314.6018 0.0000
-313.2249 0.0000
-313.1850 0.0000
-313.1217 0.0000
-312.1889 0.0000
-312.7977 0.0000
-313.5446 0.0000
-312.8604 0.0000
-312.5919 0.0000
-312.6522 0.0000
-312.0063 0.0000
-310.5651 0.0000
-309.5624 0.0000
-310.2836 0.0000
-309.3807 0.0000
-309.6244 0.0000
-309.1495 0.0000
-309.1619 0.0000
-309.6316 0.0000
-309.4687 0.0000
-310.3092 0.0000
-308.8167 0.0000
-307.9438 0.0000
-307.9834 0.0000
-308.1971 0.0000
-309.0478 0.0000
-308.6918 0.0000
-307.4430 0.0000
-307.0421 0.0000
-306.9064 0.0000
-307.5533 0.0000
-307.3435 0.0000
-308.1397 0.0000
-308.5615 0.0000
-309.0907 0.0000
-324.5646 0.0000
-323.7705 0.0000
-323.9291 0.0000
-323.4951 0.0000
-324.0957 0.0000
-323.8508 0.0000
-323.5117 0.0000
-323.1594 0.0000
-323.0772 0.0000
-323.4603 0.0000
-322.9755 0.0000
-324.0792 0.0000
-322.9515 0.0000
-323.9736 0.0000
-322.6374 0.0000
-323.7622 0.0000
-323.2320 0.0000
-323.5521 0.0000
-323.6484 0.0000
-324.3697 0.0000
-322.8893 0.0000
-323.5245 0.0000
-323.4187 0.0000
-324.0392 0.0000
-323.5730 0.0000
-323.8188 0.0000
-323.6562 0.0000
-323.4477 0.0000
-323.2286 0.0000
-324.1461 0.0000
-322.5966 0.0000
-323.7734 0.0000
-323.2340 0.0000
-324.1107 0.0000
-323.7129 0.0000
-324.0308 0.0000
-323.5974 0.0000
-322.8035 0.0000
-321.9107 0.0000
-323.3425 0.0000
-324.2012 0.0000
-323.6649 0.0000
-323.8183 0.0000
-323.7962 0.0000
-323.7150 0.0000
-322.6816 0.0000
-323.7060 0.0000
-323.6373 0.0000
-323.6093 0.0000
-323.3272 0.0000
-324.0932 0.0000
-324.2748 0.0000
-324.1092 0.0000
-323.6544 0.0000
-324.1731 0.0000
-323.3039 0.0000
-323.4929 0.0000
-323.3582 0.0000
-324.2203 0.0000
-324.4612 0.0000
-324.1845 0.0000
-323.5245 0.0000
-324.4041 0.0000
-323.0667 0.0000
-323.7692 0.0000
-322.9474 0.0000
-323.2057 0.0000
-324.0199 0.0000
-323.7701 0.0000
-323.4491 0.0000
-324.3023 0.0000
-323.1158 0.0000
-323.5789 0.0000
-324.2177 0.0000
-323.7352 0.0000
-323.4145 0.0000
-323.8577 0.0000
-323.1528 0.0000
-323.5796 0.0000
-322.7216 0.0000
-323.5858 0.0000
-324.5637 0.0000
-324.0786 0.0000
-322.9916 0.0000
-323.9559 0.0000
-323.1620 0.0000
-324.1220 0.0000
-323.5303 0.0000
-323.5136 0.0000
-323.1817 0.0000
-323.4941 0.0000
-323.9741 0.0000
-322.9805 0.0000
-323.3973 0.0000
-323.3401 0.0000
-323.8373 0.0000
-323.1475 0.0000
-323.5954 0.0000
-323.5670 0.0000
-322.9287 0.0000
-342.3404 0.0000
-342.1450 0.0000
-342.2693 0.0000
-342.6012 0.0000
-342.5796 0.0000
-342.3724 0.0000
-342.5967 0.0000
-341.9581 0.0000
-342.0914 0.0000
-341.9299 0.0000
-342.0830 0.0000
-342.5804 0.0000
-341.4947 0.0000
-342.7515 0.0000
-341.8473 0.0000
-343.0455 0.0000
-342.6145 0.0000
-342.4163 0.0000
-341.7420 0.0000
-342.9581 0.0000
-341.8425 0.0000
-341.8391 0.0000
-342.3364 0.0000
-342.4022 0.0000
-342.0608 0.0000
-342.3620 0.0000
-342.1568 0.0000
-341.5498 0.0000
-341.7103 0.0000
-342.0770 0.0000
-341.6994 0.0000
-341.6816 0.0000
-342.4802 0.0000
-342.7615 0.0000
-342.7934 0.0000
-343.0154 0.0000
-341.9162 0.0000
-341.5963 0.0000
-342.8632 0.0000
-342.5709 0.0000
-342.0133 0.0000
-342.2780 0.0000
-342.0357 0.0000
-342.3046 0.0000
-343.0749 0.0000
-341.6524 0.0000
-341.4981 0.0000
-342.3111 0.0000
-342.7506 0.0000
-342.6923 0.0000
-342.1840 0.0000
-342.5135 0.0000
-342.0557 0.0000
-342.3135 0.0000
-341.9918 0.0000
-342.0077 0.0000
-341.9605 0.0000
-342.1807 0.0000
-342.4181 0.0000
-342.2594 0.0000
-342.3194 0.0000
-342.1343 0.0000
-342.2768 0.0000
-342.5185 0.0000
-342.3728 0.0000
-342.6772 0.0000
-342.6375 0.0000
-342.5464 0.0000
-342.0424 0.0000
-342.2682 0.0000
-341.6727 0.0000
-343.1338 0.0000
-342.3481 0.0000
-341.8390 0.0000
-342.1750 0.0000
-342.7832 0.0000
-342.7633 0.0000
-343.8090 0.0000
-341.9192 0.0000
-341.9911 0.0000
-342.0402 0.0000
-342.7429 0.0000
-342.3442 0.0000
-343.3908 0.0000
-341.5535 0.0000
-341.8672 0.0000
-342.3541 0.0000
-341.8863 0.0000
-342.0160 0.0000
-341.9087 0.0000
-342.9019 0.0000
-342.3313 0.0000
-342.2063 0.0000
-341.5731 0.0000
-342.5560 0.0000
-342.0400 0.0000
-342.6277 0.0000
-342.1729 0.0000
-342.1919 0.0000
