-100.0000 -100.0000
-339.2254 0.0000
-340.0553 0.0000
-340.0248 0.0000
-339.6962 0.0000
-339.8461 0.0000
-339.4326 0.0000
-339.0738 0.0000
-340.1186 0.0000
-339.7615 0.0000
-340.6027 0.0000
-340.3305 0.0000
-340.5772 0.0000
-340.8931 0.0000
-339.7341 0.0000
-340.6672 0.0000
-339.2144 0.0000
-338.4266 0.0000
-337.4244 0.0000
-337.5773 0.0000
-337.1320 0.0000
-337.2303 0.0000
-336.6774 0.0000
-336.4285 0.0000
-336.7603 0.0000
-336.0663 0.0000
-335.4178 0.0000
-335.2484 0.0000
-335.2466 0.0000
-335.8552 0.0000
-336.0649 0.0000
-336.7636 0.0000
-335.7463 0.0000
-335.4868 0.0000
-334.7522 0.0000
-335.2425 0.0000
-335.1619 0.0000
-334.4585 0.0000
-334.6067 0.0000
-333.9808 0.0000
-333.4244 0.0000
-333.9976 0.0000
-334.1949 0.0000
-335.0458 0.0000
-334.6150 0.0000
-334.6389 0.0000
-335.4346 0.0000
-335.7109 0.0000
-335.1589 0.0000
-335.0902 0.0000
-335.4354 0.0000
-334.4519 0.0000
-335.0657 0.0000
-335.3349 0.0000
-335.2118 0.0000
-334.6275 0.0000
-334.1258 0.0000
-334.3499 0.0000
-333.4922 0.0000
-333.5680 0.0000
-333.7265 0.0000
-334.2255 0.0000
-334.3770 0.0000
-333.8210 0.0000
-333.1757 0.0000
-333.0038 0.0000
-332.6038 0.0000
-332.1154 0.0000
-332.3361 0.0000
-332.6601 0.0000
-333.3126 0.0000
-332.8598 0.0000
-332.8232 0.0000
-332.3541 0.0000
-331.6227 0.0000
-331.7889 0.0000
-331.9298 0.0000
-332.0244 0.0000
-331.5589 0.0000
-331.3092 0.0000
-331.6136 0.0000
-331.8224 0.0000
-331.9243 0.0000
-331.2091 0.0000
-331.7884 0.0000
-331.5871 0.0000
-331.6717 0.0000
-331.8131 0.0000
-331.0662 0.0000
-331.5375 0.0000
-331.8755 0.0000
-332.2748 0.0000
-331.3049 0.0000
-331.8262 0.0000
-333.0350 0.0000
-333.2359 0.0000
-333.2593 0.0000
-332.3313 0.0000
-331.2849 0.0000
-330.9169 0.0000
-331.4914 0.0000
-329.1274 0.0000
-329.7398 0.0000
-329.3242 0.0000
-329.8481 0.0000
-329.4140 0.0000
-329.0789 0.0000
-329.3712 0.0000
-328.9103 0.0000
-328.8194 0.0000
-328.5065 0.0000
-327.5009 0.0000
-327.4539 0.0000
-327.1859 0.0000
-327.0593 0.0000
-326.9227 0.0000
-328.3263 0.0000
-328.4290 0.0000
-328.1243 0.0000
-328.9451 0.0000
-328.3087 0.0000
-328.7738 0.0000
-328.8010 0.0000
-329.0558 0.0000
-328.4920 0.0000
-328.1423 0.0000
-328.8783 0.0000
-328.5650 0.0000
-327.5377 0.0000
-327.7018 0.0000
-328.0001 0.0000
-328.0331 0.0000
-326.8698 0.0000
-326.6789 0.0000
-327.0830 0.0000
-326.5816 0.0000
-325.1007 0.0000
-325.1355 0.0000
-324.7108 0.0000
-325.0928 0.0000
-325.6512 0.0000
-324.7978 0.0000
-324.8605 0.0000
-325.1192 0.0000
-325.3312 0.0000
-324.4701 0.0000
-324.4815 0.0000
-325.0071 0.0000
-324.3527 0.0000
-324.2836 0.0000
-324.1972 0.0000
-323.6871 0.0000
-322.8102 0.0000
-322.7884 0.0000
-322.9920 0.0000
-322.8926 0.0000
-323.0012 0.0000
-323.0875 0.0000
-323.1779 0.0000
-323.0393 0.0000
-323.2653 0.0000
-322.2512 0.0000
-321.7928 0.0000
-322.4141 0.0000
-321.8015 0.0000
-321.6015 0.0000
-321.8014 0.0000
-322.7803 0.0000
-321.9964 0.0000
-322.2883 0.0000
-322.3753 0.0000
-322.5529 0.0000
-322.9464 0.0000
-323.2378 0.0000
-324.2255 0.0000
-324.7523 0.0000
-324.5889 0.0000
-324.1102 0.0000
-324.7891 0.0000
-324.8822 0.0000
-323.8754 0.0000
-322.9907 0.0000
-323.2194 0.0000
-323.0148 0.0000
-322.7126 0.0000
-322.9106 0.0000
-323.1293 0.0000
-321.8443 0.0000
-321.1908 0.0000
-321.3514 0.0000
-321.6914 0.0000
-320.8243 0.0000
-321.9245 0.0000
-320.2273 0.0000
-320.5367 0.0000
-321.2232 0.0000
-320.4684 0.0000
-320.5619 0.0000
-321.1238 0.0000
-319.0203 0.0000
-318.3929 0.0000
-363.8525 0.0000
-364.7600 0.0000
-363.8008 0.0000
-365.4461 0.0000
-363.8757 0.0000
-364.1422 0.0000
-364.4092 0.0000
-364.7805 0.0000
-363.1855 0.0000
-366.9462 0.0000
-365.3690 0.0000
-365.1017 0.0000
-364.2596 0.0000
-363.1766 0.0000
-364.8955 0.0000
-363.9930 0.0000
-366.0954 0.0000
-366.1369 0.0000
-365.1335 0.0000
-363.0280 0.0000
-364.9190 0.0000
-364.7789 0.0000
-365.5548 0.0000
-365.4604 0.0000
-365.2882 0.0000
-365.3152 0.0000
-365.9023 0.0000
-366.1590 0.0000
-366.5821 0.0000
-365.5857 0.0000
-364.4056 0.0000
-366.4300 0.0000
-363.4632 0.0000
-364.6034 0.0000
-363.9167 0.0000
-364.8299 0.0000
-365.1875 0.0000
-366.4059 0.0000
-365.3436 0.0000
-364.5796 0.0000
-365.2326 0.0000
-363.9536 0.0000
-364.7018 0.0000
-364.7320 0.0000
-364.9747 0.0000
-364.8807 0.0000
-365.0506 0.0000
-364.0149 0.0000
-365.4372 0.0000
-365.7035 0.0000
-363.7680 0.0000
-364.4621 0.0000
-363.3981 0.0000
-366.6374 0.0000
-363.6679 0.0000
-361.9457 0.0000
-361.3374 0.0000
-359.7019 0.0000
-358.6623 0.0000
-359.7301 0.0000
-360.6970 0.0000
-359.0477 0.0000
-357.6311 0.0000
-357.8690 0.0000
-358.0808 0.0000
-358.4908 0.0000
-359.3672 0.0000
-359.3001 0.0000
-360.1440 0.0000
-363.2403 0.0000
-360.7045 0.0000
-360.4268 0.0000
-363.2405 0.0000
-360.5670 0.0000
-361.5229 0.0000
-361.6131 0.0000
-362.6177 0.0000
-361.9945 0.0000
-362.9693 0.0000
-361.6145 0.0000
-361.4552 0.0000
-361.0929 0.0000
-360.8367 0.0000
-361.4186 0.0000
-360.5637 0.0000
-361.3949 0.0000
-361.0838 0.0000
-360.9677 0.0000
-359.6970 0.0000
-359.1654 0.0000
-359.4502 0.0000
-358.6341 0.0000
-357.9449 0.0000
-358.6080 0.0000
-358.8929 0.0000
-356.6736 0.0000
-356.9470 0.0000
-354.9814 0.0000
-354.0406 0.0000
-355.1985 0.0000
-309.9475 0.0000
-309.3286 0.0000
-309.9448 0.0000
-310.5898 0.0000
-309.7480 0.0000
-309.9865 0.0000
-310.2103 0.0000
-310.0300 0.0000
-309.2461 0.0000
-309.4938 0.0000
-309.6953 0.0000
-309.5018 0.0000
-308.7119 0.0000
-308.5916 0.0000
-309.3071 0.0000
-309.3261 0.0000
-309.0685 0.0000
-309.7338 0.0000
-308.7956 0.0000
-308.6089 0.0000
-308.9928 0.0000
-308.7678 0.0000
-307.9263 0.0000
-308.6972 0.0000
-309.2946 0.0000
-310.1824 0.0000
-308.8773 0.0000
-308.5089 0.0000
-309.1377 0.0000
-307.4387 0.0000
-307.8853 0.0000
-307.7416 0.0000
-309.0389 0.0000
-308.1117 0.0000
-308.9419 0.0000
-309.2771 0.0000
-308.4927 0.0000
-309.3298 0.0000
-307.7833 0.0000
-308.6221 0.0000
-308.3868 0.0000
-307.2452 0.0000
-307.0373 0.0000
-306.8891 0.0000
-307.4653 0.0000
-307.6395 0.0000
-308.3294 0.0000
-308.0030 0.0000
-307.9065 0.0000
-308.5706 0.0000
-308.6747 0.0000
-308.5337 0.0000
-309.1179 0.0000
-308.5528 0.0000
-308.6427 0.0000
-309.2229 0.0000
-309.0303 0.0000
-308.2367 0.0000
-308.6422 0.0000
-308.3093 0.0000
-308.9344 0.0000
-308.3371 0.0000
-308.3981 0.0000
-308.3638 0.0000
-307.4795 0.0000
-308.4449 0.0000
-307.9928 0.0000
-306.9462 0.0000
-305.7897 0.0000
-305.9351 0.0000
-306.2810 0.0000
-306.7433 0.0000
-306.4230 0.0000
-307.4578 0.0000
-307.0207 0.0000
-306.2866 0.0000
-306.2221 0.0000
-305.6463 0.0000
-305.7437 0.0000
-306.4778 0.0000
-307.7767 0.0000
-305.3725 0.0000
-305.6253 0.0000
-305.8937 0.0000
-305.6583 0.0000
-305.8429 0.0000
-306.1104 0.0000
-305.5931 0.0000
-305.8229 0.0000
-305.3574 0.0000
-305.5712 0.0000
-306.5768 0.0000
-305.9336 0.0000
-306.3998 0.0000
-306.6416 0.0000
-306.8326 0.0000
-305.5422 0.0000
-305.6143 0.0000
-305.4942 0.0000
-305.0956 0.0000
-324.3090 0.0000
-323.8496 0.0000
-323.7435 0.0000
-323.3362 0.0000
-323.6200 0.0000
-324.0178 0.0000
-323.2515 0.0000
-324.1730 0.0000
-323.9476 0.0000
-323.5898 0.0000
-322.9099 0.0000
-323.1038 0.0000
-323.7987 0.0000
-323.5555 0.0000
-323.8636 0.0000
-324.0282 0.0000
-324.0446 0.0000
-323.0417 0.0000
-323.6380 0.0000
-324.0466 0.0000
-323.3387 0.0000
-323.5332 0.0000
-324.1226 0.0000
-323.5949 0.0000
-323.4028 0.0000
-322.1828 0.0000
-323.9847 0.0000
-325.1119 0.0000
-324.3935 0.0000
-323.9862 0.0000
-324.2585 0.0000
-323.7979 0.0000
-322.7474 0.0000
-322.7477 0.0000
-324.2095 0.0000
-323.3671 0.0000
-323.8954 0.0000
-322.8904 0.0000
-323.6758 0.0000
-323.5154 0.0000
-323.9134 0.0000
-323.7703 0.0000
-322.8319 0.0000
-323.2929 0.0000
-322.9237 0.0000
-323.4495 0.0000
-324.3049 0.0000
-322.7859 0.0000
-323.8669 0.0000
-324.5130 0.0000
-322.9825 0.0000
-323.4937 0.0000
-323.4199 0.0000
-324.5240 0.0000
-323.2622 0.0000
-323.6029 0.0000
-324.0630 0.0000
-324.0499 0.0000
-322.2728 0.0000
-323.4989 0.0000
-322.9016 0.0000
-322.8974 0.0000
-322.5833 0.0000
-323.3212 0.0000
-323.4521 0.0000
-323.8062 0.0000
-324.0470 0.0000
-323.9118 0.0000
-323.5780 0.0000
-323.8359 0.0000
-322.7063 0.0000
-322.6854 0.0000
-323.0182 0.0000
-323.9094 0.0000
-323.5930 0.0000
-324.0296 0.0000
-323.5652 0.0000
-323.3002 0.0000
-324.0904 0.0000
-323.5890 0.0000
-323.4957 0.0000
-322.8152 0.0000
-323.8339 0.0000
-323.2805 0.0000
-323.4741 0.0000
-322.7480 0.0000
-322.6700 0.0000
-322.6929 0.0000
-324.1835 0.0000
-322.7231 0.0000
-323.2922 0.0000
-323.4597 0.0000
-323.5237 0.0000
-323.6908 0.0000
-323.7146 0.0000
-323.0644 0.0000
-322.8503 0.0000
-322.7189 0.0000
-323.3251 0.0000
