-100.0000 -100.0000
-392.5071 0.0000
-395.2068 0.0000
-389.7263 0.0000
-389.5591 0.0000
-391.9414 0.0000
-393.3671 0.0000
-394.1672 0.0000
-389.7374 0.0000
-390.5037 0.0000
-391.9998 0.0000
-390.7166 0.0000
-391.8612 0.0000
-390.2789 0.0000
-391.1245 0.0000
-389.2114 0.0000
-389.0564 0.0000
-389.8465 0.0000
-390.0081 0.0000
-389.4178 0.0000
-388.3142 0.0000
-387.4277 0.0000
-386.0094 0.0000
-384.9578 0.0000
-385.9758 0.0000
-387.4990 0.0000
-386.5919 0.0000
-385.0231 0.0000
-382.2959 0.0000
-382.9844 0.0000
-383.3262 0.0000
-385.0905 0.0000
-386.9715 0.0000
-386.9860 0.0000
-385.2567 0.0000
-384.6283 0.0000
-384.7961 0.0000
-385.7748 0.0000
-384.4208 0.0000
-385.2529 0.0000
-385.0039 0.0000
-380.3340 0.0000
-382.3202 0.0000
-383.0593 0.0000
-378.8751 0.0000
-377.4013 0.0000
-377.0964 0.0000
-376.0824 0.0000
-377.7988 0.0000
-376.0739 0.0000
-376.9571 0.0000
-376.7682 0.0000
-375.4727 0.0000
-374.7876 0.0000
-376.1188 0.0000
-378.0296 0.0000
-376.4578 0.0000
-378.0564 0.0000
-377.4750 0.0000
-376.6016 0.0000
-377.1831 0.0000
-378.0198 0.0000
-378.7179 0.0000
-378.6270 0.0000
-377.5334 0.0000
-379.8982 0.0000
-379.2200 0.0000
-377.9452 0.0000
-377.6573 0.0000
-378.6272 0.0000
-378.5788 0.0000
-377.6777 0.0000
-377.1478 0.0000
-378.1577 0.0000
-375.6017 0.0000
-374.4683 0.0000
-376.4236 0.0000
-373.6990 0.0000
-373.0428 0.0000
-369.9679 0.0000
-369.9081 0.0000
-370.1670 0.0000
-368.4134 0.0000
-368.2842 0.0000
-369.7596 0.0000
-370.9648 0.0000
-369.9100 0.0000
-369.5942 0.0000
-369.8896 0.0000
-368.8759 0.0000
-371.8141 0.0000
-367.9743 0.0000
-368.0892 0.0000
-369.1270 0.0000
-368.2099 0.0000
-368.6417 0.0000
-367.7035 0.0000
-369.7718 0.0000
-369.9567 0.0000
-373.1641 0.0000
-369.1689 0.0000
-342.9211 0.0000
-343.3892 0.0000
-343.5736 0.0000
-343.4079 0.0000
-343.6062 0.0000
-344.0226 0.0000
-344.0542 0.0000
-343.3486 0.0000
-342.7945 0.0000
-342.4070 0.0000
-342.2584 0.0000
-342.5654 0.0000
-342.6246 0.0000
-342.9434 0.0000
-342.6088 0.0000
-342.5128 0.0000
-342.6800 0.0000
-342.4975 0.0000
-342.8068 0.0000
-342.8053 0.0000
-342.3362 0.0000
-342.2866 0.0000
-342.9930 0.0000
-342.7597 0.0000
-342.4807 0.0000
-342.0846 0.0000
-341.8493 0.0000
-341.6383 0.0000
-341.6871 0.0000
-341.5516 0.0000
-341.6169 0.0000
-341.7477 0.0000
-341.7523 0.0000
-341.3343 0.0000
-341.4337 0.0000
-341.4163 0.0000
-341.4907 0.0000
-341.5799 0.0000
-341.4734 0.0000
-341.3952 0.0000
-341.5849 0.0000
-341.8304 0.0000
-341.5913 0.0000
-341.8197 0.0000
-341.9614 0.0000
-341.9132 0.0000
-342.1501 0.0000
-342.2192 0.0000
-342.3730 0.0000
-342.4115 0.0000
-342.3480 0.0000
-342.1761 0.0000
-342.1681 0.0000
-342.1342 0.0000
-342.3593 0.0000
-342.4343 0.0000
-342.4252 0.0000
-342.6417 0.0000
-342.9113 0.0000
-343.0126 0.0000
-343.2280 0.0000
-343.3348 0.0000
-343.4354 0.0000
-343.2318 0.0000
-343.2313 0.0000
-342.9623 0.0000
-342.9891 0.0000
-342.9232 0.0000
-343.0109 0.0000
-343.5070 0.0000
-343.3896 0.0000
-343.2797 0.0000
-343.4517 0.0000
-342.7598 0.0000
-343.0577 0.0000
-342.8660 0.0000
-343.1734 0.0000
-343.2351 0.0000
-342.9113 0.0000
-343.0745 0.0000
-342.9753 0.0000
-343.0013 0.0000
-342.4127 0.0000
-342.7451 0.0000
-343.0603 0.0000
-343.0831 0.0000
-342.5797 0.0000
-342.6788 0.0000
-342.5832 0.0000
-342.6601 0.0000
-342.3937 0.0000
-342.8418 0.0000
-342.7413 0.0000
-342.2783 0.0000
-342.5921 0.0000
-342.8405 0.0000
-342.4887 0.0000
-342.5369 0.0000
-342.5114 0.0000
-342.7761 0.0000
-304.6482 0.0000
-304.7632 0.0000
-304.1316 0.0000
-303.6200 0.0000
-302.2949 0.0000
-301.7519 0.0000
-302.5079 0.0000
-301.7076 0.0000
-300.0076 0.0000
-299.7167 0.0000
-300.4055 0.0000
-299.4441 0.0000
-298.9880 0.0000
-298.2572 0.0000
-298.3481 0.0000
-298.7639 0.0000
-298.0095 0.0000
-297.4509 0.0000
-295.9302 0.0000
-295.0076 0.0000
-294.2373 0.0000
-292.8394 0.0000
-293.3644 0.0000
-293.2323 0.0000
-293.9516 0.0000
-293.3411 0.0000
-292.4981 0.0000
-294.8983 0.0000
-293.8730 0.0000
-295.2021 0.0000
-291.2961 0.0000
-293.8217 0.0000
-290.5846 0.0000
-288.9350 0.0000
-288.3832 0.0000
-287.4082 0.0000
-286.7041 0.0000
-286.3285 0.0000
-285.9589 0.0000
-285.2341 0.0000
-285.7646 0.0000
-281.9577 0.0000
-280.2330 0.0000
-281.0407 0.0000
-280.4963 0.0000
-280.4743 0.0000
-281.8147 0.0000
-282.3509 0.0000
-283.1711 0.0000
-283.1906 0.0000
-284.9619 0.0000
-282.7996 0.0000
-283.6933 0.0000
-285.8593 0.0000
-283.5922 0.0000
-283.3711 0.0000
-283.3089 0.0000
-282.7191 0.0000
-281.0431 0.0000
-282.1240 0.0000
-282.3225 0.0000
-281.4942 0.0000
-281.3846 0.0000
-281.2252 0.0000
-283.5530 0.0000
-279.3514 0.0000
-281.6586 0.0000
-278.3152 0.0000
-279.0700 0.0000
-280.9237 0.0000
-278.7732 0.0000
-279.0733 0.0000
-281.5455 0.0000
-279.0549 0.0000
-280.0477 0.0000
-278.7550 0.0000
-279.8551 0.0000
-277.8603 0.0000
-281.3801 0.0000
-280.2162 0.0000
-276.2083 0.0000
-276.9237 0.0000
-275.5364 0.0000
-275.8417 0.0000
-273.8396 0.0000
-275.0219 0.0000
-274.5311 0.0000
-270.6561 0.0000
-269.6982 0.0000
-269.0458 0.0000
-270.4326 0.0000
-267.3207 0.0000
-266.9308 0.0000
-266.1113 0.0000
-266.4922 0.0000
-265.8847 0.0000
-264.3039 0.0000
-263.2833 0.0000
-262.7434 0.0000
-263.7771 0.0000
-317.8363 0.0000
-318.6741 0.0000
-317.5405 0.0000
-317.8346 0.0000
-317.6396 0.0000
-317.9197 0.0000
-318.0151 0.0000
-317.8656 0.0000
-318.0591 0.0000
-317.5148 0.0000
-318.3208 0.0000
-318.2250 0.0000
-318.6418 0.0000
-317.8408 0.0000
-319.2034 0.0000
-317.8594 0.0000
-318.3453 0.0000
-317.9264 0.0000
-317.5794 0.0000
-317.8400 0.0000
-319.2611 0.0000
-318.1194 0.0000
-318.2137 0.0000
-317.9920 0.0000
-319.1490 0.0000
-317.8102 0.0000
-318.2578 0.0000
-319.1057 0.0000
-318.2571 0.0000
-319.1104 0.0000
-317.8517 0.0000
-318.0400 0.0000
-318.4635 0.0000
-318.0420 0.0000
-318.0889 0.0000
-319.2866 0.0000
-318.3212 0.0000
-318.7538 0.0000
-317.4707 0.0000
-317.8418 0.0000
-318.1489 0.0000
-318.4359 0.0000
-317.6164 0.0000
-318.2881 0.0000
-317.7585 0.0000
-318.2445 0.0000
-317.4225 0.0000
-318.0071 0.0000
-317.9255 0.0000
-319.6727 0.0000
-318.9478 0.0000
-318.5397 0.0000
-318.7562 0.0000
-319.4949 0.0000
-317.2704 0.0000
-319.0776 0.0000
-318.4233 0.0000
-317.2882 0.0000
-318.0351 0.0000
-318.2197 0.0000
-317.8852 0.0000
-318.0321 0.0000
-317.3226 0.0000
-318.5804 0.0000
-318.2627 0.0000
-317.9466 0.0000
-317.3301 0.0000
-317.6212 0.0000
-317.9589 0.0000
-318.8209 0.0000
-318.3655 0.0000
-318.5133 0.0000
-318.6183 0.0000
-317.6984 0.0000
-318.4906 0.0000
-317.9697 0.0000
-317.7153 0.0000
-317.9512 0.0000
-318.2874 0.0000
-317.9444 0.0000
-318.5060 0.0000
-318.6962 0.0000
-317.3850 0.0000
-318.1906 0.0000
-318.4680 0.0000
-318.5940 0.0000
-317.3235 0.0000
-318.5974 0.0000
-317.9349 0.0000
-317.7629 0.0000
-317.4951 0.0000
-317.7426 0.0000
-318.2430 0.0000
-316.8552 0.0000
-318.2239 0.0000
-319.2996 0.0000
-318.5281 0.0000
-318.5550 0.0000
-318.3744 0.0000
-318.2634 0.0000
-293.7410 0.0000
-294.2884 0.0000
-293.6356 0.0000
-293.9125 0.0000
-293.4801 0.0000
-294.2106 0.0000
-293.7214 0.0000
-293.4035 0.0000
-293.7540 0.0000
-293.0688 0.0000
-294.5577 0.0000
-294.2237 0.0000
-294.5040 0.0000
-292.8403 0.0000
-294.3283 0.0000
-293.5579 0.0000
-293.6800 0.0000
-293.8553 0.0000
-292.9664 0.0000
-293.8825 0.0000
-293.1230 0.0000
-293.2963 0.0000
-293.7723 0.0000
-293.2523 0.0000
-294.3453 0.0000
-293.9313 0.0000
-294.0093 0.0000
-293.3117 0.0000
-293.1040 0.0000
-293.4324 0.0000
-293.7174 0.0000
-294.7525 0.0000
-295.2207 0.0000
-293.2234 0.0000
-294.1665 0.0000
-293.7120 0.0000
-293.0482 0.0000
-293.7199 0.0000
-293.5423 0.0000
-293.5787 0.0000
-293.2458 0.0000
-293.0843 0.0000
-293.4430 0.0000
-293.1640 0.0000
-293.7707 0.0000
-293.8311 0.0000
-293.8040 0.0000
-293.7913 0.0000
-293.5268 0.0000
-293.6554 0.0000
-294.3061 0.0000
-293.7649 0.0000
-293.2589 0.0000
-293.3834 0.0000
-292.8705 0.0000
-294.8066 0.0000
-293.2598 0.0000
-293.3545 0.0000
-294.1112 0.0000
-293.3471 0.0000
-293.5417 0.0000
-293.9438 0.0000
-293.7402 0.0000
-293.6521 0.0000
-294.0784 0.0000
-293.5871 0.0000
-294.7380 0.0000
-293.6715 0.0000
-294.0159 0.0000
-293.3195 0.0000
-294.2895 0.0000
-294.3736 0.0000
-294.4347 0.0000
-293.1359 0.0000
-293.3108 0.0000
-292.7930 0.0000
-293.9415 0.0000
-294.2095 0.0000
-293.5961 0.0000
-293.2509 0.0000
-293.2820 0.0000
-294.0068 0.0000
-293.6773 0.0000
-294.2842 0.0000
-293.3240 0.0000
-293.0619 0.0000
-293.8803 0.0000
-293.8633 0.0000
-293.1679 0.0000
-294.0525 0.0000
-293.8009 0.0000
-293.2242 0.0000
-294.0069 0.0000
-293.5256 0.0000
-293.8680 0.0000
-294.9242 0.0000
-293.6552 0.0000
-293.4111 0.0000
-293.5539 0.0000
