-100.0000 -100.0000
-323.1110 0.0000
-324.7711 0.0000
-324.2992 0.0000
-324.2076 0.0000
-324.3466 0.0000
-324.9907 0.0000
-325.2181 0.0000
-323.3967 0.0000
-324.1197 0.0000
-325.0898 0.0000
-324.0377 0.0000
-325.0456 0.0000
-324.2922 0.0000
-324.9218 0.0000
-324.6448 0.0000
-324.0859 0.0000
-324.2243 0.0000
-324.2870 0.0000
-323.8709 0.0000
-323.5419 0.0000
-323.6779 0.0000
-323.5815 0.0000
-322.5319 0.0000
-322.7002 0.0000
-322.9259 0.0000
-322.0952 0.0000
-321.0285 0.0000
-320.3822 0.0000
-320.0471 0.0000
-320.6455 0.0000
-321.0065 0.0000
-321.9872 0.0000
-321.3814 0.0000
-320.1542 0.0000
-320.5543 0.0000
-320.4277 0.0000
-320.9632 0.0000
-320.9962 0.0000
-321.4834 0.0000
-321.5873 0.0000
-321.1666 0.0000
-321.6254 0.0000
-322.1460 0.0000
-321.7053 0.0000
-320.7351 0.0000
-320.7114 0.0000
-320.5742 0.0000
-319.9300 0.0000
-319.4599 0.0000
-320.1405 0.0000
-318.7012 0.0000
-318.0527 0.0000
-318.8448 0.0000
-319.7807 0.0000
-318.5312 0.0000
-318.3786 0.0000
-319.0763 0.0000
-317.2262 0.0000
-317.4421 0.0000
-317.4802 0.0000
-317.2662 0.0000
-317.7793 0.0000
-317.1897 0.0000
-316.3525 0.0000
-318.1991 0.0000
-318.5694 0.0000
-318.6471 0.0000
-318.8768 0.0000
-319.0150 0.0000
-319.5673 0.0000
-318.9955 0.0000
-318.8752 0.0000
-319.5908 0.0000
-318.5292 0.0000
-318.0548 0.0000
-318.2148 0.0000
-317.6182 0.0000
-317.0887 0.0000
-316.4974 0.0000
-316.5956 0.0000
-316.9060 0.0000
-316.8301 0.0000
-316.2717 0.0000
-317.5109 0.0000
-316.7492 0.0000
-315.8213 0.0000
-315.5798 0.0000
-315.5248 0.0000
-315.1383 0.0000
-317.0376 0.0000
-314.9975 0.0000
-314.8272 0.0000
-315.1129 0.0000
-314.5296 0.0000
-314.3572 0.0000
-313.6120 0.0000
-313.7868 0.0000
-313.6271 0.0000
-315.0762 0.0000
-314.5373 0.0000
-369.0562 0.0000
-371.4996 0.0000
-369.3902 0.0000
-369.2580 0.0000
-369.7105 0.0000
-368.5149 0.0000
-369.0712 0.0000
-366.4594 0.0000
-367.5357 0.0000
-367.4430 0.0000
-365.9846 0.0000
-370.0498 0.0000
-368.9080 0.0000
-370.7774 0.0000
-368.7101 0.0000
-371.0743 0.0000
-370.3803 0.0000
-367.6252 0.0000
-370.0965 0.0000
-368.9572 0.0000
-367.4605 0.0000
-368.7649 0.0000
-370.8230 0.0000
-367.7469 0.0000
-369.9219 0.0000
-366.3965 0.0000
-369.0973 0.0000
-369.2233 0.0000
-369.9218 0.0000
-368.9063 0.0000
-367.8285 0.0000
-369.8838 0.0000
-368.6034 0.0000
-367.8274 0.0000
-368.2917 0.0000
-368.2721 0.0000
-370.0557 0.0000
-370.0878 0.0000
-369.1552 0.0000
-368.4934 0.0000
-368.9346 0.0000
-367.7409 0.0000
-369.9684 0.0000
-371.7381 0.0000
-369.0603 0.0000
-369.4304 0.0000
-369.1102 0.0000
-369.8873 0.0000
-369.3933 0.0000
-366.7974 0.0000
-367.7639 0.0000
-368.7571 0.0000
-369.5927 0.0000
-367.9532 0.0000
-369.8052 0.0000
-370.6486 0.0000
-369.0553 0.0000
-369.7167 0.0000
-370.7057 0.0000
-367.6438 0.0000
-367.8361 0.0000
-370.7165 0.0000
-368.4117 0.0000
-368.6600 0.0000
-370.2739 0.0000
-369.5490 0.0000
-370.4596 0.0000
-366.8896 0.0000
-369.0345 0.0000
-370.3217 0.0000
-368.1901 0.0000
-368.6729 0.0000
-370.4422 0.0000
-369.4033 0.0000
-372.1049 0.0000
-367.9941 0.0000
-369.4821 0.0000
-368.1576 0.0000
-368.2197 0.0000
-369.7483 0.0000
-366.8682 0.0000
-369.3439 0.0000
-367.9228 0.0000
-371.1477 0.0000
-368.9898 0.0000
-369.3367 0.0000
-368.9453 0.0000
-370.2347 0.0000
-368.7764 0.0000
-370.5023 0.0000
-368.0575 0.0000
-371.7766 0.0000
-368.6486 0.0000
-368.9237 0.0000
-370.3740 0.0000
-371.2054 0.0000
-367.8911 0.0000
-368.5530 0.0000
-368.5899 0.0000
-368.6766 0.0000
-342.7375 0.0000
-342.6625 0.0000
-342.4467 0.0000
-342.8946 0.0000
-342.5260 0.0000
-342.5787 0.0000
-342.6142 0.0000
-343.0991 0.0000
-342.6488 0.0000
-342.7664 0.0000
-343.0183 0.0000
-342.8545 0.0000
-342.6719 0.0000
-342.7789 0.0000
-342.8714 0.0000
-342.5267 0.0000
-342.8048 0.0000
-342.9873 0.0000
-342.3151 0.0000
-342.5832 0.0000
-342.8144 0.0000
-342.7544 0.0000
-342.4982 0.0000
-342.7357 0.0000
-342.5652 0.0000
-343.0104 0.0000
-342.6678 0.0000
-342.9868 0.0000
-342.6404 0.0000
-343.0891 0.0000
-342.8129 0.0000
-343.3727 0.0000
-342.6832 0.0000
-342.9292 0.0000
-342.4316 0.0000
-342.8650 0.0000
-342.3728 0.0000
-342.7946 0.0000
-342.9036 0.0000
-343.0005 0.0000
-342.6866 0.0000
-342.4135 0.0000
-342.4915 0.0000
-342.8780 0.0000
-342.8331 0.0000
-342.5665 0.0000
-343.0300 0.0000
-342.8089 0.0000
-342.9802 0.0000
-342.4621 0.0000
-342.8868 0.0000
-342.9996 0.0000
-342.9706 0.0000
-343.1910 0.0000
-343.7568 0.0000
-343.9947 0.0000
-343.6330 0.0000
-343.6706 0.0000
-343.4589 0.0000
-343.5733 0.0000
-343.5407 0.0000
-343.6583 0.0000
-343.0053 0.0000
-343.2957 0.0000
-343.2666 0.0000
-343.4843 0.0000
-343.7321 0.0000
-343.8987 0.0000
-343.7922 0.0000
-344.0091 0.0000
-343.9226 0.0000
-343.6360 0.0000
-344.1897 0.0000
-344.6430 0.0000
-344.8494 0.0000
-344.5881 0.0000
-344.2419 0.0000
-343.8165 0.0000
-344.6085 0.0000
-345.6871 0.0000
-345.4722 0.0000
-345.0015 0.0000
-344.7248 0.0000
-345.1907 0.0000
-345.0964 0.0000
-345.4402 0.0000
-344.8737 0.0000
-344.5554 0.0000
-344.5436 0.0000
-344.6710 0.0000
-345.4628 0.0000
-345.8705 0.0000
-346.1012 0.0000
-345.7245 0.0000
-345.3101 0.0000
-345.4003 0.0000
-345.7625 0.0000
-345.4634 0.0000
-345.1431 0.0000
-345.6746 0.0000
-262.2075 0.0000
-264.0287 0.0000
-265.1629 0.0000
-264.0226 0.0000
-262.4752 0.0000
-261.4691 0.0000
-261.6171 0.0000
-262.2428 0.0000
-261.1759 0.0000
-261.1368 0.0000
-261.3389 0.0000
-260.0430 0.0000
-261.8196 0.0000
-258.9461 0.0000
-259.8443 0.0000
-259.4786 0.0000
-259.3104 0.0000
-257.8495 0.0000
-257.7530 0.0000
-258.5570 0.0000
-256.8142 0.0000
-257.5456 0.0000
-255.6030 0.0000
-255.9596 0.0000
-256.8960 0.0000
-256.6056 0.0000
-255.6742 0.0000
-255.4927 0.0000
-256.5827 0.0000
-256.4775 0.0000
-255.9328 0.0000
-255.6781 0.0000
-254.8980 0.0000
-254.7579 0.0000
-255.9046 0.0000
-255.6234 0.0000
-256.6010 0.0000
-256.5370 0.0000
-254.5954 0.0000
-254.3799 0.0000
-253.3249 0.0000
-254.8600 0.0000
-252.0150 0.0000
-251.6926 0.0000
-251.8361 0.0000
-252.2039 0.0000
-251.9401 0.0000
-251.2144 0.0000
-250.7288 0.0000
-252.2461 0.0000
-251.6525 0.0000
-251.4381 0.0000
-252.1095 0.0000
-252.1667 0.0000
-253.5199 0.0000
-255.0170 0.0000
-252.3464 0.0000
-251.9841 0.0000
-252.9922 0.0000
-252.3652 0.0000
-252.4391 0.0000
-253.3896 0.0000
-251.3512 0.0000
-250.2973 0.0000
-249.7314 0.0000
-248.9654 0.0000
-248.2017 0.0000
-246.9978 0.0000
-248.7939 0.0000
-248.3157 0.0000
-245.6824 0.0000
-243.6688 0.0000
-243.3527 0.0000
-244.5557 0.0000
-244.4609 0.0000
-243.8366 0.0000
-243.5119 0.0000
-243.7068 0.0000
-243.5115 0.0000
-243.2029 0.0000
-244.9354 0.0000
-244.0537 0.0000
-244.1625 0.0000
-243.1738 0.0000
-242.9660 0.0000
-242.9556 0.0000
-243.3967 0.0000
-243.4135 0.0000
-242.7399 0.0000
-242.3721 0.0000
-242.3256 0.0000
-241.2568 0.0000
-241.0785 0.0000
-240.1205 0.0000
-239.6377 0.0000
-240.1776 0.0000
-239.8908 0.0000
-240.0776 0.0000
-239.6332 0.0000
-239.6302 0.0000
-317.4310 0.0000
-317.6383 0.0000
-318.0897 0.0000
-318.6481 0.0000
-317.9042 0.0000
-317.9375 0.0000
-318.8205 0.0000
-317.5732 0.0000
-317.0661 0.0000
-317.9186 0.0000
-318.1217 0.0000
-318.3069 0.0000
-318.9990 0.0000
-316.7790 0.0000
-319.1925 0.0000
-318.5346 0.0000
-317.6640 0.0000
-318.6409 0.0000
-317.7253 0.0000
-318.4925 0.0000
-318.4953 0.0000
-318.4776 0.0000
-318.1016 0.0000
-318.5125 0.0000
-319.3044 0.0000
-318.3396 0.0000
-317.6329 0.0000
-317.0159 0.0000
-317.8887 0.0000
-317.9924 0.0000
-318.1775 0.0000
-318.1376 0.0000
-317.9938 0.0000
-317.8437 0.0000
-318.8648 0.0000
-318.3694 0.0000
-317.8853 0.0000
-318.5198 0.0000
-318.4061 0.0000
-318.7717 0.0000
-318.0417 0.0000
-318.0473 0.0000
-318.1011 0.0000
-318.8517 0.0000
-318.2271 0.0000
-318.5465 0.0000
-318.3017 0.0000
-319.1777 0.0000
-317.1802 0.0000
-317.3462 0.0000
-319.1706 0.0000
-318.9304 0.0000
-318.3914 0.0000
-317.0771 0.0000
-318.3558 0.0000
-318.5583 0.0000
-318.9056 0.0000
-318.2647 0.0000
-317.7921 0.0000
-318.8126 0.0000
-318.0400 0.0000
-317.7163 0.0000
-317.6712 0.0000
-318.1804 0.0000
-317.9484 0.0000
-317.6256 0.0000
-317.7719 0.0000
-318.5332 0.0000
-318.2837 0.0000
-318.2214 0.0000
-317.9058 0.0000
-318.7527 0.0000
-318.7817 0.0000
-317.8227 0.0000
-317.9001 0.0000
-319.1782 0.0000
-317.8127 0.0000
-318.0416 0.0000
-318.1242 0.0000
-318.8062 0.0000
-317.7076 0.0000
-318.3593 0.0000
-319.1434 0.0000
-318.1183 0.0000
-318.5014 0.0000
-317.7851 0.0000
-319.1084 0.0000
-319.6382 0.0000
-318.3714 0.0000
-318.2289 0.0000
-318.7929 0.0000
-318.0537 0.0000
-317.6431 0.0000
-316.8155 0.0000
-318.6165 0.0000
-319.0733 0.0000
-318.5190 0.0000
-318.0376 0.0000
-318.9223 0.0000
