-100.0000 -100.0000
-334.6384 0.0000
-334.4687 0.0000
-334.4140 0.0000
-334.9552 0.0000
-335.0725 0.0000
-336.0646 0.0000
-335.8207 0.0000
-334.2430 0.0000
-335.1910 0.0000
-335.2696 0.0000
-335.5522 0.0000
-335.5762 0.0000
-335.2955 0.0000
-336.1197 0.0000
-336.6141 0.0000
-336.9735 0.0000
-337.3612 0.0000
-336.8897 0.0000
-336.7511 0.0000
-337.0302 0.0000
-337.0478 0.0000
-337.2265 0.0000
-337.1044 0.0000
-337.0327 0.0000
-337.4495 0.0000
-337.4809 0.0000
-337.5616 0.0000
-337.9554 0.0000
-337.1921 0.0000
-337.4485 0.0000
-337.0856 0.0000
-336.1607 0.0000
-336.6589 0.0000
-336.6680 0.0000
-336.8123 0.0000
-336.5545 0.0000
-337.2403 0.0000
-337.9609 0.0000
-338.6192 0.0000
-338.6280 0.0000
-338.7054 0.0000
-338.8656 0.0000
-338.1908 0.0000
-337.9212 0.0000
-337.1613 0.0000
-336.5566 0.0000
-336.5174 0.0000
-336.2601 0.0000
-337.1769 0.0000
-337.5231 0.0000
-338.2978 0.0000
-337.7621 0.0000
-337.4883 0.0000
-337.4309 0.0000
-337.2405 0.0000
-337.1709 0.0000
-336.5787 0.0000
-336.0080 0.0000
-337.1598 0.0000
-337.1589 0.0000
-336.5634 0.0000
-336.6160 0.0000
-336.0119 0.0000
-335.4542 0.0000
-336.8188 0.0000
-335.4650 0.0000
-335.5048 0.0000
-335.7394 0.0000
-335.0876 0.0000
-334.1683 0.0000
-334.2441 0.0000
-333.9231 0.0000
-334.5538 0.0000
-335.4381 0.0000
-335.9867 0.0000
-335.6127 0.0000
-335.7057 0.0000
-334.6343 0.0000
-335.4135 0.0000
-334.4735 0.0000
-333.3600 0.0000
-332.9862 0.0000
-333.2558 0.0000
-333.3254 0.0000
-332.4316 0.0000
-332.1706 0.0000
-331.8423 0.0000
-333.1543 0.0000
-332.8003 0.0000
-332.2895 0.0000
-331.9710 0.0000
-331.8268 0.0000
-331.9386 0.0000
-331.1249 0.0000
-331.1915 0.0000
-331.6327 0.0000
-330.9689 0.0000
-331.0420 0.0000
-331.6594 0.0000
-331.0357 0.0000
-355.4110 0.0000
-355.9896 0.0000
-356.7937 0.0000
-356.3944 0.0000
-356.7976 0.0000
-356.9033 0.0000
-357.4404 0.0000
-355.4783 0.0000
-354.1394 0.0000
-353.1904 0.0000
-352.5107 0.0000
-353.1388 0.0000
-353.0527 0.0000
-354.2690 0.0000
-353.4007 0.0000
-353.9371 0.0000
-354.9051 0.0000
-354.4438 0.0000
-354.7831 0.0000
-355.3696 0.0000
-354.5921 0.0000
-354.4604 0.0000
-355.6589 0.0000
-355.0606 0.0000
-355.0788 0.0000
-352.5650 0.0000
-352.5294 0.0000
-352.4871 0.0000
-352.1165 0.0000
-351.7417 0.0000
-351.2094 0.0000
-351.6246 0.0000
-351.6390 0.0000
-350.9561 0.0000
-350.2048 0.0000
-349.9999 0.0000
-350.1231 0.0000
-350.0178 0.0000
-349.2648 0.0000
-349.7770 0.0000
-350.1460 0.0000
-349.5706 0.0000
-349.7099 0.0000
-350.3488 0.0000
-350.5014 0.0000
-350.3616 0.0000
-350.3165 0.0000
-350.1728 0.0000
-350.2601 0.0000
-349.4426 0.0000
-349.3561 0.0000
-348.9927 0.0000
-348.5872 0.0000
-347.8035 0.0000
-347.6882 0.0000
-347.5427 0.0000
-347.2548 0.0000
-348.0355 0.0000
-347.5560 0.0000
-347.0326 0.0000
-346.7569 0.0000
-347.5173 0.0000
-347.6119 0.0000
-347.2311 0.0000
-346.7470 0.0000
-346.7766 0.0000
-347.1901 0.0000
-346.0980 0.0000
-346.0808 0.0000
-347.2614 0.0000
-347.5420 0.0000
-347.2904 0.0000
-347.7810 0.0000
-347.2810 0.0000
-348.7551 0.0000
-347.8854 0.0000
-347.7311 0.0000
-347.6047 0.0000
-347.4077 0.0000
-348.1390 0.0000
-346.9870 0.0000
-347.0518 0.0000
-345.7862 0.0000
-346.6913 0.0000
-346.7490 0.0000
-346.7399 0.0000
-346.3016 0.0000
-346.4512 0.0000
-346.5756 0.0000
-346.7566 0.0000
-346.4134 0.0000
-347.2040 0.0000
-347.4362 0.0000
-347.0413 0.0000
-347.0813 0.0000
-348.2554 0.0000
-347.6896 0.0000
-347.7997 0.0000
-347.3897 0.0000
-347.5738 0.0000
-301.2576 0.0000
-300.5499 0.0000
-300.6422 0.0000
-300.7339 0.0000
-299.9423 0.0000
-300.5746 0.0000
-300.8547 0.0000
-301.5837 0.0000
-302.5086 0.0000
-302.2785 0.0000
-301.9146 0.0000
-302.0241 0.0000
-302.3311 0.0000
-302.3581 0.0000
-302.9857 0.0000
-302.1717 0.0000
-301.2594 0.0000
-302.5040 0.0000
-301.5101 0.0000
-302.1174 0.0000
-302.5667 0.0000
-302.8511 0.0000
-302.1711 0.0000
-301.4405 0.0000
-301.1690 0.0000
-301.6623 0.0000
-302.3280 0.0000
-302.3399 0.0000
-301.9893 0.0000
-302.1048 0.0000
-301.5020 0.0000
-302.6286 0.0000
-303.1356 0.0000
-303.7287 0.0000
-303.2949 0.0000
-302.8350 0.0000
-302.0882 0.0000
-302.8076 0.0000
-303.5879 0.0000
-304.2271 0.0000
-303.8954 0.0000
-304.0337 0.0000
-305.0112 0.0000
-304.7252 0.0000
-303.9508 0.0000
-304.3637 0.0000
-304.1418 0.0000
-304.7579 0.0000
-303.8124 0.0000
-303.2684 0.0000
-303.8985 0.0000
-303.6489 0.0000
-304.0191 0.0000
-303.6711 0.0000
-304.1847 0.0000
-303.6390 0.0000
-304.2826 0.0000
-304.3024 0.0000
-303.9043 0.0000
-302.9899 0.0000
-302.7685 0.0000
-303.2818 0.0000
-303.1684 0.0000
-304.2003 0.0000
-303.1313 0.0000
-303.6389 0.0000
-303.1274 0.0000
-302.9894 0.0000
-302.3389 0.0000
-302.5505 0.0000
-302.2702 0.0000
-300.8224 0.0000
-301.2302 0.0000
-301.8460 0.0000
-302.2778 0.0000
-301.2615 0.0000
-300.6273 0.0000
-299.8679 0.0000
-301.0942 0.0000
-303.4701 0.0000
-300.7423 0.0000
-300.1715 0.0000
-299.0735 0.0000
-300.4157 0.0000
-300.2903 0.0000
-300.4495 0.0000
-299.8385 0.0000
-299.6338 0.0000
-300.2247 0.0000
-300.4939 0.0000
-301.2847 0.0000
-300.3745 0.0000
-299.5889 0.0000
-298.8644 0.0000
-299.1555 0.0000
-299.2108 0.0000
-299.9200 0.0000
-299.0100 0.0000
-299.6216 0.0000
-299.8582 0.0000
-360.8463 0.0000
-362.1395 0.0000
-365.2585 0.0000
-363.0341 0.0000
-361.3607 0.0000
-360.5251 0.0000
-362.5143 0.0000
-362.5557 0.0000
-361.4272 0.0000
-361.9402 0.0000
-362.1242 0.0000
-360.5529 0.0000
-360.9703 0.0000
-361.4484 0.0000
-362.1040 0.0000
-362.2792 0.0000
-361.3682 0.0000
-359.8606 0.0000
-362.2094 0.0000
-360.6611 0.0000
-361.1244 0.0000
-360.3252 0.0000
-359.8486 0.0000
-362.7365 0.0000
-363.6115 0.0000
-362.6411 0.0000
-362.0299 0.0000
-359.6379 0.0000
-362.2267 0.0000
-358.9226 0.0000
-361.8786 0.0000
-363.0352 0.0000
-359.9166 0.0000
-362.0501 0.0000
-362.4523 0.0000
-361.9862 0.0000
-361.3274 0.0000
-361.1680 0.0000
-361.7137 0.0000
-361.3000 0.0000
-359.0411 0.0000
-361.3943 0.0000
-360.2345 0.0000
-359.9663 0.0000
-360.9853 0.0000
-361.1036 0.0000
-362.0602 0.0000
-360.3240 0.0000
-361.3094 0.0000
-361.9687 0.0000
-362.8372 0.0000
-360.1423 0.0000
-360.9492 0.0000
-361.9574 0.0000
-362.1950 0.0000
-363.9930 0.0000
-360.8630 0.0000
-360.4812 0.0000
-361.0950 0.0000
-361.0519 0.0000
-362.5798 0.0000
-360.0527 0.0000
-361.1915 0.0000
-362.4969 0.0000
-360.8381 0.0000
-362.8158 0.0000
-362.5820 0.0000
-359.7580 0.0000
-362.4083 0.0000
-361.4427 0.0000
-360.0812 0.0000
-359.4817 0.0000
-363.0126 0.0000
-364.5729 0.0000
-360.8876 0.0000
-361.2714 0.0000
-359.7572 0.0000
-362.0153 0.0000
-360.4890 0.0000
-360.7532 0.0000
-362.6074 0.0000
-362.0495 0.0000
-364.9095 0.0000
-360.8590 0.0000
-361.1462 0.0000
-362.5670 0.0000
-360.6081 0.0000
-362.1393 0.0000
-363.4501 0.0000
-361.9660 0.0000
-362.8852 0.0000
-360.4888 0.0000
-362.7515 0.0000
-362.9662 0.0000
-362.9103 0.0000
-361.2869 0.0000
-361.8345 0.0000
-361.2021 0.0000
-362.7321 0.0000
-364.5388 0.0000
-343.1548 0.0000
-342.6909 0.0000
-343.0892 0.0000
-343.6153 0.0000
-343.2990 0.0000
-343.5751 0.0000
-342.9430 0.0000
-343.0449 0.0000
-342.8668 0.0000
-342.5674 0.0000
-342.9543 0.0000
-343.0207 0.0000
-342.4571 0.0000
-343.1196 0.0000
-342.5384 0.0000
-342.9061 0.0000
-343.3486 0.0000
-343.0282 0.0000
-342.6601 0.0000
-343.4870 0.0000
-342.5055 0.0000
-342.9896 0.0000
-343.0624 0.0000
-343.7543 0.0000
-343.1696 0.0000
-343.0453 0.0000
-343.0732 0.0000
-342.5214 0.0000
-342.7968 0.0000
-342.8612 0.0000
-342.8318 0.0000
-342.6151 0.0000
-343.0235 0.0000
-343.2606 0.0000
-343.1688 0.0000
-343.1578 0.0000
-342.8034 0.0000
-342.8133 0.0000
-343.4264 0.0000
-343.5690 0.0000
-342.7467 0.0000
-343.4758 0.0000
-343.1300 0.0000
-342.8075 0.0000
-342.8482 0.0000
-342.5698 0.0000
-342.4631 0.0000
-342.6966 0.0000
-343.3515 0.0000
-343.5099 0.0000
-342.5689 0.0000
-342.9658 0.0000
-342.6452 0.0000
-342.5002 0.0000
-342.7741 0.0000
-343.1809 0.0000
-342.8448 0.0000
-343.4381 0.0000
-342.9869 0.0000
-343.0094 0.0000
-343.2920 0.0000
-342.9929 0.0000
-342.7343 0.0000
-343.0464 0.0000
-342.7837 0.0000
-343.1699 0.0000
-343.1469 0.0000
-343.1334 0.0000
-342.4172 0.0000
-343.1812 0.0000
-342.1552 0.0000
-343.5577 0.0000
-343.1596 0.0000
-342.7408 0.0000
-343.2333 0.0000
-343.3920 0.0000
-343.2473 0.0000
-343.6036 0.0000
-342.8869 0.0000
-342.6375 0.0000
-342.8774 0.0000
-343.0605 0.0000
-342.6794 0.0000
-343.4654 0.0000
-342.4978 0.0000
-342.5792 0.0000
-342.7073 0.0000
-342.8627 0.0000
-342.8218 0.0000
-343.0523 0.0000
-343.3233 0.0000
-343.2509 0.0000
-343.1874 0.0000
-342.2888 0.0000
-343.1495 0.0000
-342.6703 0.0000
-343.2663 0.0000
-342.5017 0.0000
-342.9501 0.0000
