-100.0000 -100.0000
-342.8623 0.0000
-343.2733 0.0000
-343.1288 0.0000
-343.0293 0.0000
-343.1011 0.0000
-343.2298 0.0000
-343.3738 0.0000
-342.7998 0.0000
-342.9501 0.0000
-343.4639 0.0000
-343.3906 0.0000
-343.9596 0.0000
-343.9317 0.0000
-344.3587 0.0000
-344.4488 0.0000
-344.2070 0.0000
-344.3370 0.0000
-344.0373 0.0000
-344.0934 0.0000
-344.0924 0.0000
-344.1091 0.0000
-343.8071 0.0000
-343.5508 0.0000
-343.6659 0.0000
-343.7759 0.0000
-343.6228 0.0000
-343.5745 0.0000
-343.1422 0.0000
-343.3949 0.0000
-343.4908 0.0000
-343.6366 0.0000
-343.9130 0.0000
-344.3776 0.0000
-344.3321 0.0000
-344.1819 0.0000
-344.2434 0.0000
-344.2865 0.0000
-344.2486 0.0000
-344.3507 0.0000
-344.6343 0.0000
-344.2617 0.0000
-344.5923 0.0000
-345.2203 0.0000
-345.2924 0.0000
-344.7628 0.0000
-344.5956 0.0000
-344.3175 0.0000
-344.1904 0.0000
-344.3756 0.0000
-344.6699 0.0000
-344.6372 0.0000
-344.2351 0.0000
-344.0915 0.0000
-344.2338 0.0000
-344.1202 0.0000
-344.0104 0.0000
-344.3841 0.0000
-343.8244 0.0000
-343.6155 0.0000
-343.6380 0.0000
-343.6220 0.0000
-343.7788 0.0000
-343.5051 0.0000
-343.3352 0.0000
-343.7425 0.0000
-343.9375 0.0000
-343.8406 0.0000
-343.4773 0.0000
-343.6127 0.0000
-343.8570 0.0000
-343.8227 0.0000
-343.7052 0.0000
-343.8534 0.0000
-343.7594 0.0000
-343.6715 0.0000
-343.9419 0.0000
-343.6158 0.0000
-343.3653 0.0000
-343.0901 0.0000
-343.3260 0.0000
-343.1201 0.0000
-343.0593 0.0000
-342.9869 0.0000
-343.4395 0.0000
-343.5765 0.0000
-343.2884 0.0000
-343.0232 0.0000
-343.1041 0.0000
-342.7669 0.0000
-343.1855 0.0000
-343.0138 0.0000
-342.8015 0.0000
-342.9048 0.0000
-343.0190 0.0000
-342.9597 0.0000
-342.6074 0.0000
-342.8318 0.0000
-342.7784 0.0000
-343.2305 0.0000
-343.0710 0.0000
-343.5923 0.0000
-344.5763 0.0000
-342.8340 0.0000
-342.0339 0.0000
-343.2241 0.0000
-341.4899 0.0000
-339.5395 0.0000
-336.6977 0.0000
-336.6426 0.0000
-335.6783 0.0000
-332.2135 0.0000
-332.9845 0.0000
-330.6886 0.0000
-334.4980 0.0000
-333.9358 0.0000
-333.2531 0.0000
-333.6513 0.0000
-331.3858 0.0000
-332.1135 0.0000
-333.2894 0.0000
-329.1688 0.0000
-327.4014 0.0000
-327.9509 0.0000
-326.6092 0.0000
-329.0203 0.0000
-327.2771 0.0000
-325.5150 0.0000
-324.3554 0.0000
-325.4832 0.0000
-322.6447 0.0000
-323.2150 0.0000
-324.0661 0.0000
-323.9383 0.0000
-322.1027 0.0000
-321.5611 0.0000
-322.1748 0.0000
-324.2016 0.0000
-324.0058 0.0000
-321.7840 0.0000
-323.7898 0.0000
-321.6198 0.0000
-321.7709 0.0000
-323.6054 0.0000
-323.0725 0.0000
-319.8467 0.0000
-320.5564 0.0000
-319.5478 0.0000
-319.0586 0.0000
-319.2352 0.0000
-317.5132 0.0000
-314.4098 0.0000
-313.8895 0.0000
-312.6556 0.0000
-311.3638 0.0000
-310.7639 0.0000
-312.5072 0.0000
-312.0532 0.0000
-309.6354 0.0000
-308.4410 0.0000
-306.7178 0.0000
-306.8778 0.0000
-306.6369 0.0000
-306.5754 0.0000
-305.2763 0.0000
-306.3421 0.0000
-305.5259 0.0000
-308.5974 0.0000
-308.9376 0.0000
-308.2180 0.0000
-308.7399 0.0000
-309.5315 0.0000
-308.8133 0.0000
-308.7514 0.0000
-308.9210 0.0000
-309.2299 0.0000
-309.9757 0.0000
-307.9533 0.0000
-307.8983 0.0000
-305.9938 0.0000
-306.9620 0.0000
-306.5811 0.0000
-307.4712 0.0000
-307.1676 0.0000
-309.1615 0.0000
-309.7711 0.0000
-308.5171 0.0000
-309.3021 0.0000
-307.9152 0.0000
-307.5366 0.0000
-309.5468 0.0000
-306.3732 0.0000
-309.6830 0.0000
-308.1448 0.0000
-307.1103 0.0000
-307.5672 0.0000
-307.8639 0.0000
-306.5525 0.0000
-305.8340 0.0000
-304.3688 0.0000
-304.4228 0.0000
-327.1046 0.0000
-328.0624 0.0000
-327.7086 0.0000
-327.8147 0.0000
-326.5754 0.0000
-328.2052 0.0000
-327.5002 0.0000
-327.9044 0.0000
-327.7312 0.0000
-327.7948 0.0000
-327.5974 0.0000
-327.2615 0.0000
-327.3167 0.0000
-327.9487 0.0000
-327.6684 0.0000
-326.6977 0.0000
-327.2139 0.0000
-328.0358 0.0000
-327.7102 0.0000
-327.3893 0.0000
-327.2389 0.0000
-327.4870 0.0000
-328.3813 0.0000
-326.9945 0.0000
-327.9294 0.0000
-327.8332 0.0000
-327.1655 0.0000
-327.9951 0.0000
-327.2217 0.0000
-328.2012 0.0000
-327.1312 0.0000
-327.5008 0.0000
-328.2656 0.0000
-327.5197 0.0000
-327.3874 0.0000
-326.2000 0.0000
-327.5670 0.0000
-327.7302 0.0000
-327.3443 0.0000
-326.8895 0.0000
-327.7409 0.0000
-327.7404 0.0000
-328.1906 0.0000
-327.5990 0.0000
-328.2147 0.0000
-328.0179 0.0000
-327.6443 0.0000
-328.3900 0.0000
-327.4015 0.0000
-328.5287 0.0000
-327.5035 0.0000
-326.8413 0.0000
-326.8822 0.0000
-327.3961 0.0000
-326.3690 0.0000
-325.7201 0.0000
-325.5982 0.0000
-324.9136 0.0000
-324.0922 0.0000
-324.1326 0.0000
-323.4240 0.0000
-322.5593 0.0000
-323.4328 0.0000
-322.9492 0.0000
-323.3867 0.0000
-322.6742 0.0000
-322.8759 0.0000
-322.5349 0.0000
-322.7199 0.0000
-322.7648 0.0000
-322.9963 0.0000
-323.3947 0.0000
-323.9675 0.0000
-324.3869 0.0000
-324.4943 0.0000
-324.7982 0.0000
-324.9035 0.0000
-324.6775 0.0000
-325.2966 0.0000
-324.8313 0.0000
-324.0967 0.0000
-323.6720 0.0000
-323.3754 0.0000
-323.0138 0.0000
-322.4564 0.0000
-323.5707 0.0000
-324.5220 0.0000
-323.1443 0.0000
-323.0351 0.0000
-322.4527 0.0000
-321.3877 0.0000
-320.1486 0.0000
-319.9100 0.0000
-319.0722 0.0000
-319.4782 0.0000
-319.1328 0.0000
-318.5415 0.0000
-318.4720 0.0000
-318.2059 0.0000
-318.6524 0.0000
-306.3484 0.0000
-307.1186 0.0000
-307.6171 0.0000
-307.2916 0.0000
-305.9061 0.0000
-305.1098 0.0000
-305.1897 0.0000
-305.5365 0.0000
-306.0645 0.0000
-306.1486 0.0000
-306.1507 0.0000
-304.5679 0.0000
-305.0625 0.0000
-305.3968 0.0000
-305.6002 0.0000
-305.0708 0.0000
-305.3705 0.0000
-304.2588 0.0000
-304.6732 0.0000
-304.4213 0.0000
-304.1293 0.0000
-304.0578 0.0000
-303.2946 0.0000
-303.4190 0.0000
-303.8685 0.0000
-304.2750 0.0000
-303.8832 0.0000
-304.0759 0.0000
-304.0715 0.0000
-303.2507 0.0000
-303.4934 0.0000
-303.4148 0.0000
-303.1144 0.0000
-301.6045 0.0000
-301.8523 0.0000
-301.2658 0.0000
-301.0895 0.0000
-301.2914 0.0000
-301.7904 0.0000
-300.5684 0.0000
-300.2675 0.0000
-300.6908 0.0000
-300.3938 0.0000
-300.4795 0.0000
-300.2043 0.0000
-300.8083 0.0000
-300.8917 0.0000
-300.8105 0.0000
-300.1015 0.0000
-300.5177 0.0000
-300.4466 0.0000
-300.6122 0.0000
-300.3249 0.0000
-300.5000 0.0000
-301.0675 0.0000
-300.9886 0.0000
-301.2734 0.0000
-301.0252 0.0000
-300.3696 0.0000
-299.8967 0.0000
-300.2492 0.0000
-299.8352 0.0000
-298.8373 0.0000
-298.0940 0.0000
-298.0958 0.0000
-297.5444 0.0000
-297.4604 0.0000
-296.5453 0.0000
-297.1355 0.0000
-297.4428 0.0000
-296.1024 0.0000
-295.8389 0.0000
-296.4555 0.0000
-295.8989 0.0000
-295.7219 0.0000
-295.3757 0.0000
-294.4294 0.0000
-294.8066 0.0000
-294.1907 0.0000
-293.7573 0.0000
-294.4691 0.0000
-294.0053 0.0000
-294.7499 0.0000
-294.4166 0.0000
-294.1620 0.0000
-294.2148 0.0000
-293.9086 0.0000
-293.7999 0.0000
-293.9660 0.0000
-294.3161 0.0000
-294.3559 0.0000
-293.9739 0.0000
-294.3378 0.0000
-294.1782 0.0000
-294.3872 0.0000
-293.8140 0.0000
-293.9883 0.0000
-293.4656 0.0000
-293.2923 0.0000
-293.7225 0.0000
-353.4764 0.0000
-353.2843 0.0000
-355.1690 0.0000
-355.6926 0.0000
-353.6176 0.0000
-353.9868 0.0000
-354.9119 0.0000
-353.6014 0.0000
-353.2185 0.0000
-354.2408 0.0000
-352.6618 0.0000
-353.8531 0.0000
-354.1572 0.0000
-354.2104 0.0000
-353.2297 0.0000
-354.0472 0.0000
-354.5716 0.0000
-354.7032 0.0000
-354.0047 0.0000
-355.8727 0.0000
-354.6155 0.0000
-353.4202 0.0000
-353.7378 0.0000
-354.1240 0.0000
-354.1992 0.0000
-355.8165 0.0000
-352.4379 0.0000
-352.3257 0.0000
-353.0649 0.0000
-354.2539 0.0000
-353.0262 0.0000
-353.6795 0.0000
-353.8465 0.0000
-353.6507 0.0000
-354.6994 0.0000
-354.6031 0.0000
-354.1998 0.0000
-353.7823 0.0000
-355.2760 0.0000
-353.7594 0.0000
-352.3349 0.0000
-353.3466 0.0000
-353.8221 0.0000
-353.5737 0.0000
-353.9565 0.0000
-353.1303 0.0000
-351.6924 0.0000
-354.8628 0.0000
-354.7307 0.0000
-353.5481 0.0000
-354.6492 0.0000
-353.9357 0.0000
-353.8075 0.0000
-352.9380 0.0000
-352.1634 0.0000
-353.9281 0.0000
-354.1083 0.0000
-354.2044 0.0000
-354.3588 0.0000
-354.6604 0.0000
-352.8141 0.0000
-352.5588 0.0000
-353.7846 0.0000
-354.4031 0.0000
-352.7223 0.0000
-353.8420 0.0000
-353.3168 0.0000
-354.9026 0.0000
-354.4889 0.0000
-353.9930 0.0000
-353.4609 0.0000
-355.9061 0.0000
-354.5950 0.0000
-352.6414 0.0000
-353.8645 0.0000
-355.1699 0.0000
-354.7204 0.0000
-355.4368 0.0000
-352.9858 0.0000
-353.6066 0.0000
-353.5565 0.0000
-354.9960 0.0000
-352.7304 0.0000
-355.2262 0.0000
-353.5794 0.0000
-353.8686 0.0000
-355.1750 0.0000
-354.9487 0.0000
-353.5046 0.0000
-353.8220 0.0000
-354.2624 0.0000
-354.7656 0.0000
-354.8679 0.0000
-352.9866 0.0000
-355.4201 0.0000
-351.9142 0.0000
-355.3103 0.0000
-355.5138 0.0000
-354.6368 0.0000
