-100.0000 -100.0000
-374.2088 0.0000
-375.9703 0.0000
-371.4887 0.0000
-372.8415 0.0000
-372.9943 0.0000
-370.8715 0.0000
-371.0124 0.0000
-367.9853 0.0000
-368.7916 0.0000
-371.6661 0.0000
-368.1384 0.0000
-369.1595 0.0000
-369.2548 0.0000
-370.5953 0.0000
-367.0883 0.0000
-367.8494 0.0000
-367.4548 0.0000
-368.1820 0.0000
-368.5613 0.0000
-367.5408 0.0000
-364.4217 0.0000
-364.4476 0.0000
-364.5506 0.0000
-364.9689 0.0000
-364.6695 0.0000
-365.7207 0.0000
-362.9225 0.0000
-360.7113 0.0000
-361.5061 0.0000
-360.3060 0.0000
-362.4791 0.0000
-362.9392 0.0000
-362.9636 0.0000
-362.6402 0.0000
-362.7657 0.0000
-362.8003 0.0000
-363.1151 0.0000
-360.6555 0.0000
-360.2520 0.0000
-363.0293 0.0000
-360.2911 0.0000
-359.8535 0.0000
-364.5633 0.0000
-358.3685 0.0000
-358.3614 0.0000
-359.8442 0.0000
-358.1740 0.0000
-359.9684 0.0000
-356.9231 0.0000
-355.5181 0.0000
-355.5887 0.0000
-353.5710 0.0000
-353.4511 0.0000
-354.7570 0.0000
-357.9140 0.0000
-354.3316 0.0000
-354.7870 0.0000
-354.1168 0.0000
-353.2090 0.0000
-354.8036 0.0000
-356.3322 0.0000
-354.6224 0.0000
-355.4577 0.0000
-354.1187 0.0000
-356.0198 0.0000
-355.2735 0.0000
-354.7624 0.0000
-354.3023 0.0000
-354.4563 0.0000
-356.6290 0.0000
-353.6306 0.0000
-352.5203 0.0000
-353.9065 0.0000
-349.6626 0.0000
-348.1179 0.0000
-350.3045 0.0000
-352.7178 0.0000
-351.7719 0.0000
-348.7353 0.0000
-347.9494 0.0000
-347.9114 0.0000
-346.4266 0.0000
-348.3303 0.0000
-348.0872 0.0000
-350.9602 0.0000
-350.8492 0.0000
-349.1248 0.0000
-346.8142 0.0000
-346.4453 0.0000
-349.4563 0.0000
-343.7014 0.0000
-341.8511 0.0000
-342.9496 0.0000
-341.9611 0.0000
-342.8128 0.0000
-339.8823 0.0000
-341.0039 0.0000
-341.3660 0.0000
-343.8368 0.0000
-344.5886 0.0000
-331.5207 0.0000
-331.6513 0.0000
-332.2403 0.0000
-332.0929 0.0000
-332.3619 0.0000
-332.2896 0.0000
-331.9231 0.0000
-331.2208 0.0000
-331.0761 0.0000
-331.4380 0.0000
-330.7519 0.0000
-331.2590 0.0000
-331.1274 0.0000
-332.3025 0.0000
-332.0528 0.0000
-332.1181 0.0000
-331.5496 0.0000
-331.8439 0.0000
-332.3694 0.0000
-331.9297 0.0000
-331.2894 0.0000
-330.4024 0.0000
-330.1211 0.0000
-330.0489 0.0000
-329.9905 0.0000
-330.6388 0.0000
-330.1240 0.0000
-329.3589 0.0000
-329.3051 0.0000
-329.3073 0.0000
-329.9529 0.0000
-330.6457 0.0000
-330.3927 0.0000
-330.1763 0.0000
-330.5581 0.0000
-330.5742 0.0000
-330.3036 0.0000
-329.3572 0.0000
-329.5342 0.0000
-329.1026 0.0000
-328.9207 0.0000
-329.6622 0.0000
-329.4578 0.0000
-328.6234 0.0000
-328.8013 0.0000
-328.1814 0.0000
-328.9439 0.0000
-328.2229 0.0000
-327.9891 0.0000
-328.8145 0.0000
-329.7980 0.0000
-329.8592 0.0000
-329.6002 0.0000
-329.6831 0.0000
-329.4663 0.0000
-329.4910 0.0000
-329.6536 0.0000
-328.8040 0.0000
-327.6600 0.0000
-328.0394 0.0000
-328.2995 0.0000
-328.1231 0.0000
-328.4177 0.0000
-328.3266 0.0000
-328.7172 0.0000
-327.9021 0.0000
-328.8828 0.0000
-329.1127 0.0000
-328.9391 0.0000
-328.5312 0.0000
-327.8719 0.0000
-327.0674 0.0000
-327.1004 0.0000
-328.0651 0.0000
-326.7783 0.0000
-327.0560 0.0000
-327.6087 0.0000
-328.1006 0.0000
-327.3767 0.0000
-327.1949 0.0000
-328.0736 0.0000
-328.6046 0.0000
-328.8652 0.0000
-328.7362 0.0000
-328.5325 0.0000
-328.4109 0.0000
-328.6929 0.0000
-329.2053 0.0000
-329.3439 0.0000
-329.2939 0.0000
-329.3952 0.0000
-329.1692 0.0000
-328.7414 0.0000
-328.9537 0.0000
-329.1186 0.0000
-329.2556 0.0000
-328.6359 0.0000
-328.3574 0.0000
-327.2735 0.0000
-327.5923 0.0000
-318.8651 0.0000
-318.3686 0.0000
-318.1708 0.0000
-318.8792 0.0000
-318.0585 0.0000
-319.0475 0.0000
-317.7001 0.0000
-317.8739 0.0000
-318.3491 0.0000
-317.7642 0.0000
-317.9215 0.0000
-316.9813 0.0000
-317.2137 0.0000
-317.1158 0.0000
-317.3938 0.0000
-316.6746 0.0000
-316.4272 0.0000
-316.5980 0.0000
-316.4675 0.0000
-315.2908 0.0000
-316.0507 0.0000
-315.8591 0.0000
-315.3745 0.0000
-314.6232 0.0000
-314.5600 0.0000
-314.9802 0.0000
-314.7081 0.0000
-314.7988 0.0000
-314.5479 0.0000
-314.7709 0.0000
-314.4947 0.0000
-314.9163 0.0000
-314.5962 0.0000
-313.7264 0.0000
-314.3039 0.0000
-313.6197 0.0000
-313.2450 0.0000
-313.5264 0.0000
-313.6233 0.0000
-313.0978 0.0000
-313.4032 0.0000
-312.9773 0.0000
-312.5723 0.0000
-312.4448 0.0000
-312.5024 0.0000
-312.1479 0.0000
-311.8599 0.0000
-311.3582 0.0000
-311.3427 0.0000
-311.3776 0.0000
-311.9350 0.0000
-312.5822 0.0000
-312.1553 0.0000
-312.4713 0.0000
-313.0542 0.0000
-311.9480 0.0000
-312.6850 0.0000
-312.6533 0.0000
-312.4671 0.0000
-312.5733 0.0000
-312.0920 0.0000
-311.9556 0.0000
-311.7982 0.0000
-312.1312 0.0000
-312.6330 0.0000
-311.8503 0.0000
-311.7183 0.0000
-312.2013 0.0000
-312.4225 0.0000
-312.7271 0.0000
-312.1274 0.0000
-311.0461 0.0000
-311.7705 0.0000
-311.9216 0.0000
-311.6230 0.0000
-311.3563 0.0000
-312.2429 0.0000
-310.7013 0.0000
-312.2156 0.0000
-312.5736 0.0000
-310.6515 0.0000
-310.2066 0.0000
-309.5511 0.0000
-310.3289 0.0000
-308.7929 0.0000
-309.3675 0.0000
-309.4605 0.0000
-308.5976 0.0000
-308.4804 0.0000
-308.4239 0.0000
-309.1824 0.0000
-309.0380 0.0000
-309.0675 0.0000
-308.4285 0.0000
-309.2310 0.0000
-308.0076 0.0000
-307.2201 0.0000
-307.0815 0.0000
-307.3636 0.0000
-307.8317 0.0000
-353.2804 0.0000
-355.7705 0.0000
-354.8198 0.0000
-355.3144 0.0000
-354.0043 0.0000
-353.5865 0.0000
-353.7167 0.0000
-353.6605 0.0000
-353.4688 0.0000
-353.9367 0.0000
-354.3635 0.0000
-353.6764 0.0000
-355.1222 0.0000
-352.3897 0.0000
-354.2725 0.0000
-353.3471 0.0000
-354.3424 0.0000
-353.4604 0.0000
-352.1992 0.0000
-353.0117 0.0000
-355.0604 0.0000
-354.5579 0.0000
-354.0104 0.0000
-354.3051 0.0000
-356.0406 0.0000
-354.1022 0.0000
-354.4861 0.0000
-354.2950 0.0000
-353.8619 0.0000
-353.9840 0.0000
-354.9573 0.0000
-355.6113 0.0000
-352.6813 0.0000
-354.2160 0.0000
-353.8118 0.0000
-354.8829 0.0000
-353.8342 0.0000
-354.5851 0.0000
-353.7772 0.0000
-354.1593 0.0000
-352.7123 0.0000
-354.7200 0.0000
-353.0064 0.0000
-352.6161 0.0000
-353.2235 0.0000
-354.6956 0.0000
-352.6080 0.0000
-353.3719 0.0000
-354.2032 0.0000
-354.9457 0.0000
-354.4241 0.0000
-352.5138 0.0000
-354.1591 0.0000
-354.1695 0.0000
-353.4409 0.0000
-355.8766 0.0000
-353.7567 0.0000
-353.9864 0.0000
-353.7789 0.0000
-354.5321 0.0000
-353.6785 0.0000
-354.5971 0.0000
-352.1128 0.0000
-354.7935 0.0000
-354.8062 0.0000
-355.2563 0.0000
-354.2489 0.0000
-353.7059 0.0000
-353.5135 0.0000
-354.3590 0.0000
-351.9857 0.0000
-353.8800 0.0000
-357.2107 0.0000
-355.4863 0.0000
-351.5520 0.0000
-353.8095 0.0000
-354.2216 0.0000
-353.1321 0.0000
-354.3116 0.0000
-353.2277 0.0000
-354.3911 0.0000
-355.2156 0.0000
-355.1231 0.0000
-354.1926 0.0000
-352.8700 0.0000
-354.3250 0.0000
-352.7044 0.0000
-353.9712 0.0000
-353.9410 0.0000
-353.2207 0.0000
-354.5502 0.0000
-352.0833 0.0000
-354.2292 0.0000
-353.2393 0.0000
-354.7002 0.0000
-354.5991 0.0000
-355.0399 0.0000
-354.1669 0.0000
-354.4387 0.0000
-355.3027 0.0000
-306.0649 0.0000
-305.8432 0.0000
-306.6805 0.0000
-306.2544 0.0000
-307.1191 0.0000
-306.5172 0.0000
-305.6499 0.0000
-306.1542 0.0000
-305.2672 0.0000
-304.7243 0.0000
-305.4145 0.0000
-305.5908 0.0000
-306.6797 0.0000
-305.4923 0.0000
-306.0903 0.0000
-305.0640 0.0000
-305.2462 0.0000
-303.2630 0.0000
-303.4830 0.0000
-304.4742 0.0000
-303.6979 0.0000
-304.9603 0.0000
-303.7773 0.0000
-304.7431 0.0000
-304.5908 0.0000
-303.4230 0.0000
-302.4963 0.0000
-302.6009 0.0000
-303.6681 0.0000
-301.1580 0.0000
-302.0728 0.0000
-301.7336 0.0000
-301.1320 0.0000
-300.1936 0.0000
-299.9185 0.0000
-299.0906 0.0000
-298.2768 0.0000
-298.7656 0.0000
-298.1059 0.0000
-299.2315 0.0000
-296.5962 0.0000
-296.9683 0.0000
-296.7106 0.0000
-297.2357 0.0000
-296.5385 0.0000
-295.2394 0.0000
-296.1177 0.0000
-295.8262 0.0000
-296.0876 0.0000
-297.9077 0.0000
-295.8090 0.0000
-295.8804 0.0000
-296.2719 0.0000
-296.3278 0.0000
-297.3939 0.0000
-297.1307 0.0000
-296.0983 0.0000
-295.5377 0.0000
-295.8411 0.0000
-295.3339 0.0000
-295.3519 0.0000
-295.8551 0.0000
-295.3503 0.0000
-295.7374 0.0000
-296.8901 0.0000
-298.0151 0.0000
-298.9568 0.0000
-296.1838 0.0000
-295.2628 0.0000
-295.7761 0.0000
-295.1291 0.0000
-295.9986 0.0000
-295.6620 0.0000
-296.3217 0.0000
-294.8300 0.0000
-293.8441 0.0000
-293.3202 0.0000
-293.0042 0.0000
-293.4113 0.0000
-293.1593 0.0000
-294.4272 0.0000
-292.6651 0.0000
-292.0270 0.0000
-291.7612 0.0000
-291.5189 0.0000
-290.8432 0.0000
-289.0281 0.0000
-289.2680 0.0000
-288.9346 0.0000
-290.0151 0.0000
-288.4743 0.0000
-289.2643 0.0000
-289.6048 0.0000
-289.3643 0.0000
-289.3963 0.0000
-290.2748 0.0000
-289.3024 0.0000
-288.2879 0.0000
-287.1105 0.0000
