-100.0000 -100.0000
-377.4187 0.0000
-377.2459 0.0000
-377.1641 0.0000
-376.0117 0.0000
-376.0166 0.0000
-376.5698 0.0000
-375.2998 0.0000
-374.2380 0.0000
-373.1465 0.0000
-376.0396 0.0000
-371.6957 0.0000
-372.4735 0.0000
-372.2222 0.0000
-372.6568 0.0000
-373.3197 0.0000
-372.7515 0.0000
-371.9426 0.0000
-370.6785 0.0000
-372.0776 0.0000
-369.8229 0.0000
-369.2356 0.0000
-368.9271 0.0000
-369.6291 0.0000
-369.8899 0.0000
-369.7090 0.0000
-368.6022 0.0000
-366.9791 0.0000
-365.6494 0.0000
-367.5512 0.0000
-364.5679 0.0000
-366.7826 0.0000
-368.4963 0.0000
-367.5352 0.0000
-367.9942 0.0000
-366.7791 0.0000
-367.1075 0.0000
-367.5052 0.0000
-366.9493 0.0000
-367.1170 0.0000
-367.7335 0.0000
-366.1830 0.0000
-368.8435 0.0000
-370.9374 0.0000
-370.6723 0.0000
-369.1560 0.0000
-370.2678 0.0000
-371.3900 0.0000
-370.6113 0.0000
-369.1256 0.0000
-368.7363 0.0000
-369.0785 0.0000
-369.1341 0.0000
-369.2819 0.0000
-369.4694 0.0000
-369.6968 0.0000
-369.8317 0.0000
-371.0687 0.0000
-371.0104 0.0000
-369.5629 0.0000
-370.0579 0.0000
-370.6271 0.0000
-370.8811 0.0000
-371.1618 0.0000
-371.3026 0.0000
-371.6101 0.0000
-371.8308 0.0000
-369.9735 0.0000
-368.6293 0.0000
-368.9251 0.0000
-370.3798 0.0000
-370.8791 0.0000
-370.4248 0.0000
-369.6744 0.0000
-368.1836 0.0000
-367.2389 0.0000
-369.1717 0.0000
-366.5372 0.0000
-368.5750 0.0000
-364.9254 0.0000
-366.4438 0.0000
-367.4663 0.0000
-366.6386 0.0000
-365.7478 0.0000
-366.7883 0.0000
-367.4846 0.0000
-364.9160 0.0000
-365.6188 0.0000
-364.9492 0.0000
-365.6384 0.0000
-366.1932 0.0000
-365.1303 0.0000
-363.8058 0.0000
-365.4174 0.0000
-367.1903 0.0000
-366.3038 0.0000
-365.7449 0.0000
-366.4755 0.0000
-365.0658 0.0000
-365.0517 0.0000
-365.0198 0.0000
-320.0973 0.0000
-320.5586 0.0000
-320.7806 0.0000
-320.7586 0.0000
-320.7464 0.0000
-320.8755 0.0000
-320.6594 0.0000
-321.1329 0.0000
-321.4454 0.0000
-321.5214 0.0000
-321.1684 0.0000
-320.8992 0.0000
-321.1974 0.0000
-319.9781 0.0000
-319.9427 0.0000
-319.8025 0.0000
-319.2946 0.0000
-319.5042 0.0000
-319.0075 0.0000
-319.0082 0.0000
-318.8757 0.0000
-319.4878 0.0000
-319.0523 0.0000
-318.7711 0.0000
-318.9375 0.0000
-318.7379 0.0000
-319.4938 0.0000
-319.7309 0.0000
-319.6117 0.0000
-319.9105 0.0000
-318.7821 0.0000
-318.3128 0.0000
-317.5932 0.0000
-317.7960 0.0000
-318.4422 0.0000
-318.7850 0.0000
-318.4661 0.0000
-318.1532 0.0000
-318.8988 0.0000
-318.1307 0.0000
-317.2884 0.0000
-317.2003 0.0000
-316.7505 0.0000
-315.8759 0.0000
-316.8774 0.0000
-316.9227 0.0000
-317.6353 0.0000
-318.2030 0.0000
-318.7912 0.0000
-318.7110 0.0000
-319.1754 0.0000
-317.9976 0.0000
-317.6671 0.0000
-318.4375 0.0000
-318.1388 0.0000
-318.1023 0.0000
-318.1693 0.0000
-318.6455 0.0000
-318.8506 0.0000
-318.9354 0.0000
-319.2177 0.0000
-318.9625 0.0000
-318.7325 0.0000
-318.9007 0.0000
-319.5117 0.0000
-318.7064 0.0000
-317.8625 0.0000
-317.9076 0.0000
-318.6067 0.0000
-317.6757 0.0000
-317.2063 0.0000
-316.3640 0.0000
-316.8626 0.0000
-316.8293 0.0000
-316.6554 0.0000
-317.3822 0.0000
-317.8322 0.0000
-315.7673 0.0000
-316.0896 0.0000
-316.4317 0.0000
-316.6728 0.0000
-316.3690 0.0000
-316.3988 0.0000
-315.9622 0.0000
-316.0651 0.0000
-316.0221 0.0000
-316.0672 0.0000
-316.8073 0.0000
-315.7838 0.0000
-315.9318 0.0000
-315.6320 0.0000
-316.0171 0.0000
-316.8798 0.0000
-315.9095 0.0000
-316.4296 0.0000
-315.7268 0.0000
-316.0029 0.0000
-316.2515 0.0000
-316.9101 0.0000
-316.7659 0.0000
-330.5906 0.0000
-329.8665 0.0000
-329.6748 0.0000
-330.7390 0.0000
-331.1497 0.0000
-330.3380 0.0000
-329.9516 0.0000
-330.3108 0.0000
-330.8499 0.0000
-330.3159 0.0000
-330.0132 0.0000
-329.6842 0.0000
-329.6810 0.0000
-329.8695 0.0000
-329.6541 0.0000
-330.7012 0.0000
-330.3692 0.0000
-330.0762 0.0000
-329.7977 0.0000
-331.1202 0.0000
-329.6781 0.0000
-329.0361 0.0000
-329.7654 0.0000
-329.6333 0.0000
-329.0613 0.0000
-328.7891 0.0000
-328.4609 0.0000
-328.8426 0.0000
-328.7149 0.0000
-328.5735 0.0000
-328.4745 0.0000
-328.1119 0.0000
-327.9120 0.0000
-328.0814 0.0000
-327.9673 0.0000
-328.6411 0.0000
-328.9710 0.0000
-328.6252 0.0000
-328.3493 0.0000
-328.3900 0.0000
-328.6836 0.0000
-328.0310 0.0000
-327.8727 0.0000
-327.1873 0.0000
-326.3577 0.0000
-326.3682 0.0000
-326.3970 0.0000
-326.0059 0.0000
-325.3085 0.0000
-324.8983 0.0000
-324.9212 0.0000
-325.2129 0.0000
-325.1930 0.0000
-324.3294 0.0000
-324.1890 0.0000
-324.8157 0.0000
-324.7377 0.0000
-325.3061 0.0000
-324.6768 0.0000
-324.1505 0.0000
-324.5324 0.0000
-324.7270 0.0000
-324.4827 0.0000
-324.8513 0.0000
-324.3655 0.0000
-324.4561 0.0000
-324.6055 0.0000
-324.0568 0.0000
-322.8750 0.0000
-322.6825 0.0000
-322.5037 0.0000
-323.0460 0.0000
-322.7061 0.0000
-323.0878 0.0000
-323.4144 0.0000
-323.7089 0.0000
-323.1610 0.0000
-324.1443 0.0000
-323.4250 0.0000
-323.5847 0.0000
-324.4181 0.0000
-323.9492 0.0000
-324.0081 0.0000
-323.8788 0.0000
-324.5816 0.0000
-325.3709 0.0000
-324.5097 0.0000
-323.8931 0.0000
-323.5379 0.0000
-323.8208 0.0000
-324.5146 0.0000
-325.7442 0.0000
-324.7924 0.0000
-324.5199 0.0000
-324.3870 0.0000
-324.5730 0.0000
-324.2155 0.0000
-323.6831 0.0000
-324.2527 0.0000
-323.6092 0.0000
-341.4909 0.0000
-342.3272 0.0000
-344.1635 0.0000
-343.0554 0.0000
-342.3976 0.0000
-342.3256 0.0000
-342.1960 0.0000
-342.4532 0.0000
-342.0674 0.0000
-342.2874 0.0000
-342.4865 0.0000
-341.8990 0.0000
-342.5586 0.0000
-342.0467 0.0000
-342.5756 0.0000
-342.3037 0.0000
-342.1892 0.0000
-341.5493 0.0000
-342.0573 0.0000
-342.0890 0.0000
-342.4661 0.0000
-342.1065 0.0000
-342.0040 0.0000
-341.9754 0.0000
-343.3751 0.0000
-342.4627 0.0000
-342.5283 0.0000
-342.2777 0.0000
-342.2226 0.0000
-342.3753 0.0000
-342.7114 0.0000
-342.6969 0.0000
-341.8334 0.0000
-341.8572 0.0000
-342.5129 0.0000
-342.7344 0.0000
-341.9111 0.0000
-342.1152 0.0000
-342.3486 0.0000
-342.2554 0.0000
-341.1963 0.0000
-342.6584 0.0000
-341.5391 0.0000
-341.5616 0.0000
-342.0637 0.0000
-342.4172 0.0000
-341.8281 0.0000
-341.6197 0.0000
-342.1638 0.0000
-343.1476 0.0000
-343.1752 0.0000
-342.1203 0.0000
-341.5945 0.0000
-342.8489 0.0000
-342.3881 0.0000
-342.9515 0.0000
-342.4963 0.0000
-342.2179 0.0000
-342.1413 0.0000
-341.8796 0.0000
-342.6724 0.0000
-341.6171 0.0000
-342.2704 0.0000
-341.8266 0.0000
-341.9743 0.0000
-342.9295 0.0000
-342.3247 0.0000
-341.3897 0.0000
-342.0811 0.0000
-342.2284 0.0000
-341.6498 0.0000
-341.3277 0.0000
-342.6641 0.0000
-343.0371 0.0000
-342.1443 0.0000
-342.1414 0.0000
-342.3115 0.0000
-342.6551 0.0000
-342.1155 0.0000
-341.7518 0.0000
-342.5746 0.0000
-342.5429 0.0000
-342.8118 0.0000
-342.0249 0.0000
-342.0019 0.0000
-342.6753 0.0000
-342.0644 0.0000
-342.3779 0.0000
-342.5261 0.0000
-342.1008 0.0000
-343.2095 0.0000
-341.7239 0.0000
-342.5680 0.0000
-342.9572 0.0000
-342.4430 0.0000
-342.1442 0.0000
-342.8533 0.0000
-341.6472 0.0000
-342.7165 0.0000
-343.1414 0.0000
-286.0850 0.0000
-285.9185 0.0000
-286.0209 0.0000
-287.1113 0.0000
-287.0563 0.0000
-288.0517 0.0000
-286.8720 0.0000
-287.4863 0.0000
-287.3163 0.0000
-285.2079 0.0000
-285.5797 0.0000
-285.7777 0.0000
-286.4285 0.0000
-286.4195 0.0000
-285.3032 0.0000
-284.9877 0.0000
-285.3016 0.0000
-285.9507 0.0000
-285.6065 0.0000
-284.9429 0.0000
-285.9314 0.0000
-286.5771 0.0000
-287.6924 0.0000
-286.7320 0.0000
-287.3380 0.0000
-287.5868 0.0000
-287.0399 0.0000
-287.0303 0.0000
-286.6309 0.0000
-285.7702 0.0000
-285.0473 0.0000
-285.4870 0.0000
-286.4026 0.0000
-286.6898 0.0000
-286.2543 0.0000
-286.2706 0.0000
-286.4627 0.0000
-287.3618 0.0000
-286.3155 0.0000
-286.9507 0.0000
-286.3042 0.0000
-286.3030 0.0000
-285.5881 0.0000
-284.6047 0.0000
-284.8792 0.0000
-284.6503 0.0000
-284.7756 0.0000
-284.6790 0.0000
-283.2140 0.0000
-283.9766 0.0000
-284.3868 0.0000
-283.8937 0.0000
-283.0946 0.0000
-282.7883 0.0000
-281.8417 0.0000
-282.3089 0.0000
-282.0912 0.0000
-283.2096 0.0000
-282.3937 0.0000
-282.2206 0.0000
-283.1569 0.0000
-282.9410 0.0000
-282.4762 0.0000
-281.6351 0.0000
-281.4794 0.0000
-281.3542 0.0000
-281.3619 0.0000
-281.9739 0.0000
-281.4767 0.0000
-281.9135 0.0000
-280.9968 0.0000
-280.1120 0.0000
-280.3863 0.0000
-280.9096 0.0000
-281.1353 0.0000
-280.4078 0.0000
-281.4847 0.0000
-281.4062 0.0000
-281.3264 0.0000
-280.7766 0.0000
-280.2612 0.0000
-280.7713 0.0000
-280.0030 0.0000
-281.1623 0.0000
-279.8257 0.0000
-278.8438 0.0000
-278.7731 0.0000
-279.3516 0.0000
-279.2239 0.0000
-280.1812 0.0000
-278.7587 0.0000
-277.9346 0.0000
-278.0551 0.0000
-277.0366 0.0000
-275.9349 0.0000
-276.2564 0.0000
-275.5841 0.0000
-274.9584 0.0000
-275.3189 0.0000
