1.0000 100000.0000 4.0000 400.0000 0.0000 0.1000 0.0595 0.0225 0.0295 0.0506 0.0181 0.0259 20.0000 33.1680 3.6335 Lazer_2 
2.0000 100000.0000 4.0000 100.0000 0.0000 0.1000 0.0240 0.0034 0.0183 0.0235 0.0036 0.0169 38.0952 16.0160 3.5480 Sunspot_0 
2.0000 100000.0000 4.0000 200.0000 0.0000 0.1000 0.0233 0.0039 0.0160 0.0226 0.0044 0.0140 46.0916 15.7660 3.7144 Sunspot_1 
2.0000 100000.0000 4.0000 300.0000 0.0000 0.1000 0.0237 0.0039 0.0171 0.0232 0.0045 0.0158 40.6114 16.4830 3.6420 Sunspot_2 
2.0000 100000.0000 4.0000 400.0000 0.0000 0.1000 0.0235 0.0037 0.0172 0.0232 0.0044 0.0151 48.9796 16.9180 3.5642 Sunspot_3 
2.0000 100000.0000 4.0000 500.0000 0.0000 0.1000 0.0240 0.0040 0.0172 0.0238 0.0046 0.0160 50.6098 16.5660 3.5370 Sunspot_4 
2.0000 100000.0000 4.0000 600.0000 0.0000 0.1000 0.0238 0.0037 0.0178 0.0232 0.0043 0.0162 49.2537 15.9720 3.5414 Sunspot_5 
2.0000 100000.0000 4.0000 700.0000 0.0000 0.1000 0.0229 0.0039 0.0160 0.0224 0.0043 0.0149 44.4444 15.4360 3.5475 Sunspot_6 
2.0000 100000.0000 4.0000 800.0000 0.0000 0.1000 0.0240 0.0037 0.0170 0.0235 0.0043 0.0160 39.5349 16.5750 3.6543 Sunspot_7 
1.0000 100000.0000 4.0000 100.0000 0.0000 0.1000 0.0628 0.0233 0.0286 0.0554 0.0213 0.0264 31.3356 34.1950 3.6646 Lazer_0 
1.0000 100000.0000 4.0000 200.0000 0.0000 0.1000 0.0608 0.0226 0.0308 0.0521 0.0194 0.0262 40.6528 33.4170 3.4907 Lazer_1 
1.0000 100000.0000 4.0000 300.0000 0.0000 0.1000 0.0657 0.0190 0.0328 0.0562 0.0173 0.0263 39.0135 34.3810 3.4738 Lazer_2 
1.0000 100000.0000 4.0000 400.0000 0.0000 0.1000 0.0648 0.0238 0.0281 0.0552 0.0214 0.0230 40.1198 34.3500 3.6877 Lazer_3 
1.0000 100000.0000 4.0000 500.0000 0.0000 0.1000 0.0676 0.0220 0.0310 0.0577 0.0190 0.0279 50.0000 34.8220 3.8315 Lazer_4 
1.0000 100000.0000 4.0000 600.0000 0.0000 0.1000 0.0621 0.0255 0.0266 0.0549 0.0209 0.0247 50.0000 32.6290 3.5477 Lazer_5 
1.0000 100000.0000 4.0000 700.0000 0.0000 0.1000 0.0614 0.0197 0.0320 0.0522 0.0169 0.0280 47.3684 34.1040 3.5236 Lazer_6 
1.0000 100000.0000 4.0000 800.0000 0.0000 0.1000 0.0739 0.0217 0.0291 0.0666 0.0214 0.0264 31.5789 36.0820 3.5297 Lazer_7 
