-302.73970 0.00000
-352.35900 0.00000
-351.23800 0.00000
-349.50110 0.00000
-350.57320 0.00000
-350.63800 0.00000
-350.92440 0.00000
-351.34620 0.00000
-349.22550 0.00000
-351.20430 0.00000
-351.57700 0.00000
-350.69430 0.00000
-350.33000 0.00000
-348.80760 0.00000
-350.37910 0.00000
-351.35310 0.00000
-351.35810 0.00000
-348.46800 0.00000
-349.32990 0.00000
-349.99640 0.00000
-351.79510 0.00000
-350.36670 0.00000
-350.38610 0.00000
-351.23430 0.00000
-349.73940 0.00000
-350.90920 0.00000
-350.86120 0.00000
-351.50950 0.00000
-350.02070 0.00000
-349.93410 0.00000
-348.90220 0.00000
-348.06070 0.00000
-349.21040 0.00000
-348.30470 0.00000
-349.60890 0.00000
-352.35260 0.00000
-351.07910 0.00000
-351.32600 0.00000
-348.39620 0.00000
-349.19400 0.00000
-350.56080 0.00000
-352.34010 0.00000
-351.63440 0.00000
-352.14620 0.00000
-350.24720 0.00000
-349.92310 0.00000
-350.81450 0.00000
-351.14490 0.00000
-350.66300 0.00000
-349.89290 0.00000
-351.29460 0.00000
-350.34740 0.00000
-350.86780 0.00000
-351.28400 0.00000
-350.12970 0.00000
-348.59760 0.00000
-350.79410 0.00000
-350.59120 0.00000
-352.18690 0.00000
-349.77320 0.00000
-352.72370 0.00000
-351.09010 0.00000
-348.99440 0.00000
-350.06230 0.00000
-349.85920 0.00000
-350.61830 0.00000
-351.11280 0.00000
-351.30930 0.00000
-351.55350 0.00000
-349.90950 0.00000
-348.86330 0.00000
-351.92730 0.00000
-351.04090 0.00000
-352.13440 0.00000
-349.50450 0.00000
-351.81360 0.00000
-348.92080 0.00000
-350.71290 0.00000
-351.14490 0.00000
-351.19490 0.00000
-351.16720 0.00000
-349.96100 0.00000
-349.97730 0.00000
-350.63540 0.00000
-348.81090 0.00000
-350.44490 0.00000
-349.38990 0.00000
-351.28720 0.00000
-349.17150 0.00000
-351.86580 0.00000
-349.73790 0.00000
-351.80490 0.00000
-350.14520 0.00000
-350.50550 0.00000
-351.01720 0.00000
-349.89250 0.00000
-352.50630 0.00000
-350.36610 0.00000
-349.80480 0.00000
-351.34810 0.00000
-351.01080 0.00000
-308.51840 0.00000
-310.07860 0.00000
-310.53510 0.00000
-310.11140 0.00000
-310.35680 0.00000
-310.43250 0.00000
-309.23630 0.00000
-310.02380 0.00000
-308.87060 0.00000
-310.87960 0.00000
-311.15370 0.00000
-310.22860 0.00000
-308.89500 0.00000
-308.72560 0.00000
-309.45320 0.00000
-310.31440 0.00000
-310.02190 0.00000
-308.52700 0.00000
-309.80980 0.00000
-310.87050 0.00000
-309.49160 0.00000
-311.68640 0.00000
-310.33400 0.00000
-310.84530 0.00000
-310.33010 0.00000
-311.23980 0.00000
-310.30490 0.00000
-310.68580 0.00000
-309.86220 0.00000
-308.79510 0.00000
-310.01740 0.00000
-309.57610 0.00000
-309.98910 0.00000
-310.49060 0.00000
-310.26490 0.00000
-310.29950 0.00000
-310.56450 0.00000
-309.32610 0.00000
-309.81050 0.00000
-310.48690 0.00000
-310.42450 0.00000
-309.14210 0.00000
-310.77380 0.00000
-310.50310 0.00000
-310.20560 0.00000
-310.18480 0.00000
-309.99870 0.00000
-310.45000 0.00000
-309.77700 0.00000
-309.40750 0.00000
-309.75550 0.00000
-309.43870 0.00000
-309.46870 0.00000
-309.97460 0.00000
-310.32850 0.00000
-310.26360 0.00000
-309.47570 0.00000
-308.81100 0.00000
-308.30890 0.00000
-308.46410 0.00000
-308.92390 0.00000
-309.15480 0.00000
-309.79790 0.00000
-310.59230 0.00000
-310.62060 0.00000
-311.09270 0.00000
-311.58250 0.00000
-311.91320 0.00000
-311.83840 0.00000
-312.56790 0.00000
-311.92610 0.00000
-312.55060 0.00000
-312.29490 0.00000
-312.13540 0.00000
-312.47650 0.00000
-312.36680 0.00000
-311.55710 0.00000
-312.94890 0.00000
-313.72820 0.00000
-313.43440 0.00000
-314.37970 0.00000
-313.40330 0.00000
-312.77580 0.00000
-313.71130 0.00000
-313.35920 0.00000
-312.69600 0.00000
-312.55040 0.00000
-312.96540 0.00000
-313.97030 0.00000
-313.64330 0.00000
-313.52280 0.00000
-313.84000 0.00000
-314.73110 0.00000
-312.76120 0.00000
-313.56100 0.00000
-313.38100 0.00000
-314.21170 0.00000
-313.72980 0.00000
-314.42840 0.00000
-314.07030 0.00000
-315.17010 0.00000
-313.94380 0.00000
-313.55270 0.00000
-313.81100 0.00000
-313.99670 0.00000
-315.27320 0.00000
-313.64650 0.00000
-314.39940 0.00000
-314.30610 0.00000
-313.32600 0.00000
-313.11440 0.00000
-313.71870 0.00000
-313.48400 0.00000
-313.32570 0.00000
-312.60620 0.00000
-312.66310 0.00000
-313.03400 0.00000
-312.33910 0.00000
-312.79890 0.00000
-311.59420 0.00000
-311.55390 0.00000
-312.04570 0.00000
-312.30560 0.00000
-313.21110 0.00000
-314.49090 0.00000
-314.91500 0.00000
-314.96900 0.00000
-315.48490 0.00000
-314.10550 0.00000
-313.74430 0.00000
-314.85120 0.00000
-314.27350 0.00000
-314.48160 0.00000
-315.00470 0.00000
-314.40820 0.00000
-315.18260 0.00000
-315.91080 0.00000
-314.40070 0.00000
-315.41980 0.00000
-314.61150 0.00000
-315.83290 0.00000
-314.17910 0.00000
-314.59980 0.00000
-315.04280 0.00000
-314.66980 0.00000
-314.45140 0.00000
-313.74800 0.00000
-313.01340 0.00000
-312.70060 0.00000
-312.54460 0.00000
-311.81510 0.00000
-311.46190 0.00000
-311.10230 0.00000
-311.31240 0.00000
-311.16790 0.00000
-312.04580 0.00000
-311.26300 0.00000
-311.21240 0.00000
-310.19130 0.00000
-309.67980 0.00000
-309.81400 0.00000
-309.11450 0.00000
-309.02430 0.00000
-308.58900 0.00000
-309.02150 0.00000
-309.06860 0.00000
-309.74410 0.00000
-309.54540 0.00000
-309.47880 0.00000
-309.14930 0.00000
-308.54640 0.00000
-308.21240 0.00000
-308.06640 0.00000
-308.91170 0.00000
-307.76860 0.00000
-308.08320 0.00000
-308.29930 0.00000
-307.87890 0.00000
-309.32740 0.00000
-308.89030 0.00000
-307.94430 0.00000
-308.48460 0.00000
-308.30300 0.00000
-308.97600 0.00000
-308.13780 0.00000
-307.95660 0.00000
-307.71320 0.00000
-307.84390 0.00000
-308.50500 0.00000
-308.88210 0.00000
-309.04880 0.00000
-308.82530 0.00000
-309.34090 0.00000
-308.89870 0.00000
-308.33850 0.00000
-307.82290 0.00000
-307.43540 0.00000
-307.05640 0.00000
-307.23290 0.00000
-307.00370 0.00000
-290.17500 0.00000
-289.39180 0.00000
-289.21640 0.00000
-291.30700 0.00000
-290.01350 0.00000
-288.16210 0.00000
-289.36380 0.00000
-289.42430 0.00000
-289.38780 0.00000
-287.49260 0.00000
-289.71450 0.00000
-290.04120 0.00000
-288.59880 0.00000
-288.08750 0.00000
-288.43690 0.00000
-288.23680 0.00000
-287.53010 0.00000
-288.46090 0.00000
-287.71530 0.00000
-288.97280 0.00000
-287.76490 0.00000
-286.98400 0.00000
-287.62420 0.00000
-286.64820 0.00000
-287.20110 0.00000
-287.47260 0.00000
-285.49310 0.00000
-287.27320 0.00000
-285.64550 0.00000
-286.31680 0.00000
-285.89070 0.00000
-285.56150 0.00000
-284.65030 0.00000
-284.61160 0.00000
-284.27730 0.00000
-286.06830 0.00000
-283.56280 0.00000
-283.57790 0.00000
-282.56220 0.00000
-281.06880 0.00000
-282.63920 0.00000
-282.13570 0.00000
-281.97620 0.00000
-282.04410 0.00000
-281.58050 0.00000
-281.50380 0.00000
-281.41110 0.00000
-280.82360 0.00000
-280.85730 0.00000
-281.84490 0.00000
-282.85250 0.00000
-281.88400 0.00000
-281.54440 0.00000
-282.21140 0.00000
-281.12080 0.00000
-281.34840 0.00000
-280.60010 0.00000
-280.01150 0.00000
-280.61400 0.00000
-280.29040 0.00000
-281.50470 0.00000
-281.73680 0.00000
-282.54440 0.00000
-283.16930 0.00000
-282.90480 0.00000
-283.40480 0.00000
-285.49700 0.00000
-284.84240 0.00000
-286.26930 0.00000
-286.24520 0.00000
-287.93000 0.00000
-285.77960 0.00000
-287.32550 0.00000
-285.67850 0.00000
-285.85130 0.00000
-285.70610 0.00000
-285.80420 0.00000
-286.37330 0.00000
-284.62640 0.00000
-285.78140 0.00000
-284.51840 0.00000
-283.84300 0.00000
-283.15680 0.00000
-282.57360 0.00000
-283.51010 0.00000
-281.62080 0.00000
-282.61410 0.00000
-281.47830 0.00000
-279.54440 0.00000
-278.92900 0.00000
-278.33800 0.00000
-278.06040 0.00000
-277.12780 0.00000
-277.28180 0.00000
-277.00220 0.00000
-276.32630 0.00000
-276.63950 0.00000
-277.17470 0.00000
-277.06770 0.00000
-350.54070 0.00000
-320.14690 0.00000
-320.72090 0.00000
-319.87410 0.00000
-319.49870 0.00000
-319.55430 0.00000
-319.86880 0.00000
-321.06340 0.00000
-321.16010 0.00000
-321.02500 0.00000
-321.41470 0.00000
-321.52680 0.00000
-320.45090 0.00000
-318.92060 0.00000
-319.03390 0.00000
-319.55920 0.00000
-319.43240 0.00000
-318.76120 0.00000
-318.18110 0.00000
-317.47130 0.00000
-317.59160 0.00000
-318.38930 0.00000
-318.11790 0.00000
-318.13480 0.00000
-318.62870 0.00000
-319.03500 0.00000
-319.57370 0.00000
-320.29540 0.00000
-320.14170 0.00000
-319.55420 0.00000
-317.96360 0.00000
-317.15590 0.00000
-316.32130 0.00000
-315.99810 0.00000
-314.80490 0.00000
-315.77270 0.00000
-315.32130 0.00000
-315.47280 0.00000
-315.01260 0.00000
-314.32540 0.00000
-314.02240 0.00000
-315.31310 0.00000
-313.99050 0.00000
-314.13020 0.00000
-314.05690 0.00000
-313.75730 0.00000
-313.73820 0.00000
-313.51120 0.00000
-313.22870 0.00000
-313.31230 0.00000
-313.72570 0.00000
-313.70280 0.00000
-313.43600 0.00000
-313.21020 0.00000
-313.58720 0.00000
-312.80030 0.00000
-313.04020 0.00000
-312.42510 0.00000
-313.75200 0.00000
-313.20800 0.00000
-313.43940 0.00000
-313.28680 0.00000
-312.41740 0.00000
-312.38250 0.00000
-312.49390 0.00000
-311.72530 0.00000
-312.57290 0.00000
-312.40880 0.00000
-312.88990 0.00000
-312.10330 0.00000
-311.85090 0.00000
-312.14170 0.00000
-311.64500 0.00000
-312.29650 0.00000
-311.34490 0.00000
-311.78730 0.00000
-311.20400 0.00000
-311.44290 0.00000
-310.97330 0.00000
-311.13510 0.00000
-311.54240 0.00000
-310.91810 0.00000
-310.92670 0.00000
-310.66250 0.00000
-309.63740 0.00000
-308.89260 0.00000
-308.77250 0.00000
-309.26580 0.00000
-309.25010 0.00000
-309.94550 0.00000
-309.76620 0.00000
-310.90000 0.00000
-310.04420 0.00000
-309.35110 0.00000
-309.90010 0.00000
-309.73360 0.00000
-310.39660 0.00000
-309.65720 0.00000
-309.49400 0.00000
-309.87980 0.00000
-310.11040 0.00000
-377.65490 0.00000
-378.10800 0.00000
-377.84980 0.00000
-377.85270 0.00000
-379.70150 0.00000
-378.10100 0.00000
-376.22100 0.00000
-378.43860 0.00000
-376.05720 0.00000
-379.09600 0.00000
-379.31150 0.00000
-377.57810 0.00000
-377.11460 0.00000
-376.78420 0.00000
-377.43040 0.00000
-378.57770 0.00000
-378.05880 0.00000
-377.00920 0.00000
-379.03730 0.00000
-378.95550 0.00000
-378.47510 0.00000
-380.70580 0.00000
-377.41220 0.00000
-378.62810 0.00000
-376.57270 0.00000
-379.22020 0.00000
-379.32530 0.00000
-379.76700 0.00000
-377.56080 0.00000
-376.64770 0.00000
-378.34370 0.00000
-377.42110 0.00000
-378.25420 0.00000
-378.47630 0.00000
-378.16250 0.00000
-377.35720 0.00000
-378.81260 0.00000
-377.40170 0.00000
-378.09760 0.00000
-378.00920 0.00000
-379.00060 0.00000
-376.58200 0.00000
-379.48770 0.00000
-379.22410 0.00000
-379.63910 0.00000
-379.14820 0.00000
-378.86760 0.00000
-380.05710 0.00000
-378.23370 0.00000
-378.76970 0.00000
-377.77490 0.00000
-376.24250 0.00000
-375.41410 0.00000
-375.33670 0.00000
-376.51330 0.00000
-376.16760 0.00000
-374.86780 0.00000
-374.66180 0.00000
-374.39070 0.00000
-373.69260 0.00000
-373.95530 0.00000
-375.41110 0.00000
-374.51400 0.00000
-375.58710 0.00000
-376.80330 0.00000
-377.75830 0.00000
-375.59750 0.00000
-375.89030 0.00000
-376.37180 0.00000
-376.56230 0.00000
-375.22250 0.00000
-377.07580 0.00000
-376.68250 0.00000
-376.46870 0.00000
-376.29760 0.00000
-376.02100 0.00000
-375.52380 0.00000
-377.74900 0.00000
-376.56300 0.00000
-376.22660 0.00000
-376.52560 0.00000
-377.18210 0.00000
-376.85800 0.00000
-378.80820 0.00000
-376.16420 0.00000
-374.43450 0.00000
-373.84530 0.00000
-373.75880 0.00000
-374.28720 0.00000
-373.31250 0.00000
-373.86930 0.00000
-374.03200 0.00000
-374.91160 0.00000
-371.50040 0.00000
-371.55670 0.00000
-372.66140 0.00000
-372.98330 0.00000
-372.41440 0.00000
-373.21560 0.00000
-371.53570 0.00000
-307.97030 0.00000
-308.62760 0.00000
-308.72310 0.00000
-307.96420 0.00000
-307.32550 0.00000
-306.97600 0.00000
-307.64720 0.00000
-307.44750 0.00000
-307.16900 0.00000
-306.03130 0.00000
-305.50840 0.00000
-305.59580 0.00000
-305.39510 0.00000
-306.37140 0.00000
-305.41420 0.00000
-305.47570 0.00000
-303.98390 0.00000
-304.04280 0.00000
-304.68780 0.00000
-303.41120 0.00000
-302.84470 0.00000
-303.97160 0.00000
-304.48060 0.00000
-304.42620 0.00000
-304.22220 0.00000
-304.58560 0.00000
-304.17250 0.00000
-303.20970 0.00000
-303.22240 0.00000
-304.30680 0.00000
-302.85880 0.00000
-304.14650 0.00000
-304.67420 0.00000
-304.80800 0.00000
-305.15830 0.00000
-305.31610 0.00000
-305.93440 0.00000
-305.59250 0.00000
-305.76070 0.00000
-307.03960 0.00000
-305.32300 0.00000
-304.00810 0.00000
-303.60530 0.00000
-303.63840 0.00000
-302.78640 0.00000
-304.69720 0.00000
-302.81250 0.00000
-302.05460 0.00000
-301.31570 0.00000
-301.77590 0.00000
-302.11200 0.00000
-300.92610 0.00000
-302.20320 0.00000
-300.33450 0.00000
-301.46440 0.00000
-301.60040 0.00000
-300.74610 0.00000
-301.12150 0.00000
-301.38580 0.00000
-302.16380 0.00000
-301.39640 0.00000
-300.88900 0.00000
-301.18670 0.00000
-301.56190 0.00000
-299.82720 0.00000
-299.44850 0.00000
-299.46280 0.00000
-299.35120 0.00000
-299.83090 0.00000
-301.68190 0.00000
-298.80980 0.00000
-297.80510 0.00000
-297.67890 0.00000
-298.17060 0.00000
-298.17860 0.00000
-298.11650 0.00000
-299.11270 0.00000
-297.98670 0.00000
-298.86610 0.00000
-299.78210 0.00000
-297.94400 0.00000
-298.11220 0.00000
-297.87510 0.00000
-297.46510 0.00000
-296.41870 0.00000
-294.56220 0.00000
-295.30560 0.00000
-295.01920 0.00000
-294.69940 0.00000
-294.10540 0.00000
-292.82110 0.00000
-294.06500 0.00000
-294.43440 0.00000
-294.55940 0.00000
-292.79040 0.00000
-291.97960 0.00000
-291.36340 0.00000
-290.42850 0.00000
-290.90720 0.00000
-290.62920 0.00000
-306.55990 0.00000
-307.34540 0.00000
-307.52780 0.00000
-307.27900 0.00000
-306.95610 0.00000
-307.50270 0.00000
-306.60100 0.00000
-307.84620 0.00000
-306.73360 0.00000
-307.29300 0.00000
-306.64570 0.00000
-307.17280 0.00000
-306.33970 0.00000
-306.73700 0.00000
-306.39940 0.00000
-306.38290 0.00000
-305.83820 0.00000
-307.85610 0.00000
-306.90680 0.00000
-306.90870 0.00000
-306.82270 0.00000
-307.32410 0.00000
-307.48770 0.00000
-306.65550 0.00000
-307.00570 0.00000
-307.07140 0.00000
-306.90570 0.00000
-306.47880 0.00000
-307.42660 0.00000
-306.71260 0.00000
-307.61390 0.00000
-308.01980 0.00000
-306.65350 0.00000
-307.05670 0.00000
-306.04430 0.00000
-307.68760 0.00000
-307.74510 0.00000
-306.84010 0.00000
-306.72370 0.00000
-306.17110 0.00000
-307.58900 0.00000
-307.67280 0.00000
-307.38290 0.00000
-307.99520 0.00000
-307.02460 0.00000
-307.18120 0.00000
-306.75070 0.00000
-306.93440 0.00000
-307.82490 0.00000
-306.59240 0.00000
-306.98670 0.00000
-306.56190 0.00000
-308.07220 0.00000
-307.48430 0.00000
-306.58520 0.00000
-306.58680 0.00000
-306.85060 0.00000
-306.99660 0.00000
-306.92790 0.00000
-306.53160 0.00000
-307.02330 0.00000
-306.54980 0.00000
-306.89620 0.00000
-306.63450 0.00000
-307.70910 0.00000
-307.20720 0.00000
-306.87020 0.00000
-307.67310 0.00000
-307.64970 0.00000
-307.50670 0.00000
-307.15270 0.00000
-306.98190 0.00000
-307.35060 0.00000
-306.65390 0.00000
-307.54980 0.00000
-306.69550 0.00000
-307.12920 0.00000
-307.05730 0.00000
-307.44290 0.00000
-306.76160 0.00000
-306.92730 0.00000
-307.06300 0.00000
-306.52300 0.00000
-306.63950 0.00000
-307.29420 0.00000
-306.37800 0.00000
-307.11870 0.00000
-307.84950 0.00000
-306.81770 0.00000
-306.51320 0.00000
-306.97060 0.00000
-307.35520 0.00000
-306.25660 0.00000
-306.94650 0.00000
-307.29200 0.00000
-306.73950 0.00000
-305.76180 0.00000
-307.30720 0.00000
-305.78580 0.00000
-318.77330 0.00000
-381.35140 0.00000
-378.59120 0.00000
-377.19580 0.00000
-378.00140 0.00000
-379.20120 0.00000
-378.72570 0.00000
-380.27020 0.00000
-378.26880 0.00000
-378.03260 0.00000
-378.79030 0.00000
-378.88840 0.00000
-377.64350 0.00000
-377.76530 0.00000
-378.71420 0.00000
-379.10650 0.00000
-377.94060 0.00000
-377.14250 0.00000
-378.15740 0.00000
-377.63290 0.00000
-379.62030 0.00000
-379.48020 0.00000
-378.84640 0.00000
-378.13210 0.00000
-378.43730 0.00000
-378.95020 0.00000
-379.61880 0.00000
-380.10240 0.00000
-378.00420 0.00000
-377.94950 0.00000
-376.15100 0.00000
-377.59200 0.00000
-376.97770 0.00000
-377.26430 0.00000
-376.45630 0.00000
-379.68610 0.00000
-378.58190 0.00000
-378.64280 0.00000
-376.33200 0.00000
-377.36290 0.00000
-379.08760 0.00000
-379.83810 0.00000
-377.15080 0.00000
-378.10410 0.00000
-378.17320 0.00000
-377.43000 0.00000
-378.50660 0.00000
-378.56190 0.00000
-378.60080 0.00000
-378.14070 0.00000
-378.79270 0.00000
-378.08640 0.00000
-378.26370 0.00000
-377.93200 0.00000
-378.94970 0.00000
-376.69560 0.00000
-377.47920 0.00000
-377.28260 0.00000
-380.23420 0.00000
-377.21890 0.00000
-379.72400 0.00000
-378.95520 0.00000
-377.12840 0.00000
-378.60400 0.00000
-378.76010 0.00000
-378.53770 0.00000
-378.60350 0.00000
-379.38550 0.00000
-379.90920 0.00000
-378.72490 0.00000
-377.10790 0.00000
-378.75230 0.00000
-379.21030 0.00000
-379.62080 0.00000
-377.78230 0.00000
-379.25990 0.00000
-377.46750 0.00000
-379.27610 0.00000
-378.08600 0.00000
-379.05580 0.00000
-379.52170 0.00000
-378.85970 0.00000
-377.76490 0.00000
-378.21890 0.00000
-377.14990 0.00000
-378.19070 0.00000
-378.15130 0.00000
-379.68850 0.00000
-378.45690 0.00000
-379.93580 0.00000
-378.69180 0.00000
-380.34790 0.00000
-379.12910 0.00000
-378.26270 0.00000
-378.21430 0.00000
-378.51070 0.00000
-379.83660 0.00000
-378.41460 0.00000
-376.86110 0.00000
-378.91270 0.00000
-379.48110 0.00000
-319.10640 0.00000
-318.95930 0.00000
-319.29860 0.00000
-318.66810 0.00000
-318.24010 0.00000
-319.73540 0.00000
-318.29990 0.00000
-318.59510 0.00000
-318.27170 0.00000
-318.86410 0.00000
-318.58660 0.00000
-318.47700 0.00000
-318.69390 0.00000
-318.50610 0.00000
-319.37670 0.00000
-318.80160 0.00000
-319.56320 0.00000
-319.86680 0.00000
-319.59220 0.00000
-318.86980 0.00000
-320.08860 0.00000
-320.76190 0.00000
-320.93120 0.00000
-321.10720 0.00000
-321.13900 0.00000
-321.00640 0.00000
-321.37260 0.00000
-321.21180 0.00000
-321.41160 0.00000
-321.83110 0.00000
-322.60760 0.00000
-321.23160 0.00000
-321.36540 0.00000
-321.03380 0.00000
-321.09910 0.00000
-322.38100 0.00000
-321.63860 0.00000
-321.44840 0.00000
-322.37800 0.00000
-320.97600 0.00000
-320.37770 0.00000
-321.85520 0.00000
-320.31220 0.00000
-320.18060 0.00000
-319.69280 0.00000
-319.14240 0.00000
-318.54130 0.00000
-317.87570 0.00000
-318.37930 0.00000
-318.29360 0.00000
-317.57170 0.00000
-316.99980 0.00000
-316.02530 0.00000
-315.37470 0.00000
-315.61150 0.00000
-314.61760 0.00000
-314.72490 0.00000
-314.47650 0.00000
-314.36830 0.00000
-316.10600 0.00000
-313.01530 0.00000
-313.57300 0.00000
-313.70940 0.00000
-314.19850 0.00000
-312.41470 0.00000
-312.25330 0.00000
-313.16980 0.00000
-312.71090 0.00000
-313.81110 0.00000
-313.11770 0.00000
-313.33730 0.00000
-312.68120 0.00000
-311.69190 0.00000
-310.75840 0.00000
-309.32560 0.00000
-310.14340 0.00000
-309.38280 0.00000
-307.82010 0.00000
-307.95530 0.00000
-308.05280 0.00000
-307.60400 0.00000
-308.00820 0.00000
-308.82890 0.00000
-309.06110 0.00000
-309.38100 0.00000
-309.04820 0.00000
-309.81340 0.00000
-309.94730 0.00000
-309.52200 0.00000
-309.93600 0.00000
-309.29350 0.00000
-309.10890 0.00000
-308.82520 0.00000
-307.38800 0.00000
-307.00760 0.00000
-306.40670 0.00000
-306.86400 0.00000
-306.59930 0.00000
-306.38900 0.00000
-307.17820 0.00000
-328.77310 0.00000
-328.41870 0.00000
-328.76130 0.00000
-328.87930 0.00000
-329.03920 0.00000
-329.41590 0.00000
-328.70310 0.00000
-328.76390 0.00000
-328.63080 0.00000
-328.91870 0.00000
-328.63540 0.00000
-328.82800 0.00000
-328.78850 0.00000
-328.58330 0.00000
-328.49490 0.00000
-328.69270 0.00000
-328.80950 0.00000
-328.47110 0.00000
-329.06060 0.00000
-327.68660 0.00000
-329.01000 0.00000
-328.53940 0.00000
-328.36670 0.00000
-328.94460 0.00000
-328.73670 0.00000
-328.60830 0.00000
-329.39760 0.00000
-328.68530 0.00000
-328.32790 0.00000
-328.68810 0.00000
-328.70100 0.00000
-329.01360 0.00000
-328.81540 0.00000
-329.02580 0.00000
-328.23020 0.00000
-329.32260 0.00000
-329.05840 0.00000
-328.21790 0.00000
-329.43420 0.00000
-328.27330 0.00000
-328.76090 0.00000
-328.52940 0.00000
-328.71910 0.00000
-328.42360 0.00000
-328.84800 0.00000
-328.59180 0.00000
-327.77170 0.00000
-328.12110 0.00000
-328.12800 0.00000
-328.67740 0.00000
-327.68010 0.00000
-328.58210 0.00000
-328.45900 0.00000
-328.45120 0.00000
-328.49160 0.00000
-328.87360 0.00000
-328.42380 0.00000
-328.69020 0.00000
-328.34860 0.00000
-327.85640 0.00000
-328.85090 0.00000
-328.48940 0.00000
-328.13220 0.00000
-328.14920 0.00000
-329.14590 0.00000
-328.40740 0.00000
-328.81990 0.00000
-328.04080 0.00000
-328.30050 0.00000
-327.88150 0.00000
-328.06610 0.00000
-328.83760 0.00000
-328.98550 0.00000
-328.98580 0.00000
-328.53270 0.00000
-328.45630 0.00000
-328.60250 0.00000
-328.38070 0.00000
-329.25170 0.00000
-328.57790 0.00000
-328.53710 0.00000
-328.82230 0.00000
-328.94410 0.00000
-329.01140 0.00000
-328.63000 0.00000
-329.39780 0.00000
-327.96200 0.00000
-328.60570 0.00000
-328.82510 0.00000
-328.98830 0.00000
-328.54710 0.00000
-328.02840 0.00000
-328.12840 0.00000
-328.81100 0.00000
-328.83840 0.00000
-328.74480 0.00000
-327.68880 0.00000
-328.36460 0.00000
-328.59370 0.00000
-328.57090 0.00000
-299.69900 0.00000
-300.09730 0.00000
-300.22060 0.00000
-301.89730 0.00000
-299.79310 0.00000
-299.76800 0.00000
-298.75130 0.00000
-300.31090 0.00000
-298.70000 0.00000
-298.47480 0.00000
-298.78390 0.00000
-299.12610 0.00000
-299.03630 0.00000
-298.52360 0.00000
-298.76400 0.00000
-297.13380 0.00000
-295.94470 0.00000
-295.72430 0.00000
-295.14780 0.00000
-295.21470 0.00000
-294.07300 0.00000
-294.26480 0.00000
-294.41610 0.00000
-294.32980 0.00000
-294.84890 0.00000
-293.59910 0.00000
-293.24000 0.00000
-294.17250 0.00000
-293.54780 0.00000
-294.38150 0.00000
-294.36770 0.00000
-295.03970 0.00000
-293.56650 0.00000
-293.61540 0.00000
-293.23960 0.00000
-293.15590 0.00000
-294.07520 0.00000
-294.19050 0.00000
-293.23450 0.00000
-293.20790 0.00000
-293.77740 0.00000
-292.86230 0.00000
-293.58370 0.00000
-293.31730 0.00000
-292.89140 0.00000
-291.32070 0.00000
-291.47720 0.00000
-291.62660 0.00000
-291.78210 0.00000
-292.41710 0.00000
-292.18170 0.00000
-292.69660 0.00000
-293.47110 0.00000
-293.02190 0.00000
-292.59110 0.00000
-291.90050 0.00000
-290.97760 0.00000
-290.39250 0.00000
-290.96850 0.00000
-291.21860 0.00000
-291.22500 0.00000
-290.99090 0.00000
-291.43950 0.00000
-291.44260 0.00000
-291.95040 0.00000
-291.74990 0.00000
-291.22010 0.00000
-290.34390 0.00000
-290.04370 0.00000
-290.66480 0.00000
-291.03450 0.00000
-291.25000 0.00000
-290.33080 0.00000
-289.49500 0.00000
-290.46280 0.00000
-290.36020 0.00000
-290.85250 0.00000
-290.76850 0.00000
-290.25890 0.00000
-290.94900 0.00000
-291.85000 0.00000
-289.93680 0.00000
-289.54600 0.00000
-288.75830 0.00000
-289.58670 0.00000
-288.42700 0.00000
-289.05270 0.00000
-288.58600 0.00000
-288.67850 0.00000
-288.55080 0.00000
-289.17710 0.00000
-289.14840 0.00000
-289.14170 0.00000
-288.71510 0.00000
-289.15540 0.00000
-289.48300 0.00000
-289.47540 0.00000
-289.02250 0.00000
-288.50820 0.00000
-378.45510 0.00000
-325.33980 0.00000
-326.09350 0.00000
-327.58490 0.00000
-326.10730 0.00000
-325.98690 0.00000
-326.04310 0.00000
-325.51410 0.00000
-326.09460 0.00000
-325.87450 0.00000
-325.23450 0.00000
-325.58240 0.00000
-325.82540 0.00000
-326.30770 0.00000
-325.34280 0.00000
-325.43230 0.00000
-325.79870 0.00000
-325.21280 0.00000
-324.61840 0.00000
-324.83240 0.00000
-325.64590 0.00000
-325.28520 0.00000
-325.97820 0.00000
-325.80410 0.00000
-325.63580 0.00000
-324.96730 0.00000
-324.87910 0.00000
-324.19650 0.00000
-323.28290 0.00000
-323.70440 0.00000
-323.81700 0.00000
-323.23720 0.00000
-323.04440 0.00000
-322.55850 0.00000
-322.88680 0.00000
-322.11570 0.00000
-321.66650 0.00000
-322.28120 0.00000
-321.74220 0.00000
-321.61290 0.00000
-321.56930 0.00000
-320.59640 0.00000
-320.89310 0.00000
-321.74440 0.00000
-320.14920 0.00000
-319.85970 0.00000
-319.91160 0.00000
-319.92910 0.00000
-321.58000 0.00000
-320.81870 0.00000
-322.32250 0.00000
-320.84230 0.00000
-321.14420 0.00000
-320.53120 0.00000
-319.53860 0.00000
-320.92500 0.00000
-321.75140 0.00000
-321.73000 0.00000
-321.65660 0.00000
-322.08810 0.00000
-322.03690 0.00000
-321.64780 0.00000
-321.58130 0.00000
-321.67690 0.00000
-322.09800 0.00000
-322.28380 0.00000
-321.62990 0.00000
-322.67120 0.00000
-322.95470 0.00000
-323.24830 0.00000
-323.71910 0.00000
-323.69970 0.00000
-323.91930 0.00000
-323.40160 0.00000
-322.99300 0.00000
-323.05490 0.00000
-322.96990 0.00000
-323.12470 0.00000
-323.22030 0.00000
-323.62310 0.00000
-323.96110 0.00000
-323.78440 0.00000
-322.28740 0.00000
-321.72750 0.00000
-321.20120 0.00000
-321.09040 0.00000
-321.72150 0.00000
-321.04580 0.00000
-323.03650 0.00000
-320.65910 0.00000
-321.23870 0.00000
-320.61030 0.00000
-320.05730 0.00000
-318.76410 0.00000
-318.76540 0.00000
-318.80740 0.00000
-320.07430 0.00000
-321.10210 0.00000
-320.30680 0.00000
-319.73040 0.00000
-318.70110 0.00000
-330.67010 0.00000
-331.15870 0.00000
-331.17980 0.00000
-331.20190 0.00000
-331.07680 0.00000
-331.68390 0.00000
-330.59750 0.00000
-331.34140 0.00000
-331.41820 0.00000
-331.82630 0.00000
-331.56940 0.00000
-331.34150 0.00000
-331.03160 0.00000
-330.63930 0.00000
-331.16760 0.00000
-331.10790 0.00000
-331.43520 0.00000
-331.03560 0.00000
-331.30770 0.00000
-331.43930 0.00000
-331.36700 0.00000
-331.98290 0.00000
-331.40280 0.00000
-331.58330 0.00000
-331.58530 0.00000
-331.67200 0.00000
-330.56550 0.00000
-332.09200 0.00000
-330.88140 0.00000
-330.97740 0.00000
-331.48760 0.00000
-330.06110 0.00000
-331.27580 0.00000
-331.36560 0.00000
-331.36380 0.00000
-331.15890 0.00000
-331.38160 0.00000
-331.33060 0.00000
-331.16650 0.00000
-331.43500 0.00000
-331.20930 0.00000
-331.12330 0.00000
-331.71110 0.00000
-331.10390 0.00000
-331.27020 0.00000
-331.50590 0.00000
-331.30340 0.00000
-331.22750 0.00000
-331.56290 0.00000
-330.98680 0.00000
-331.26640 0.00000
-331.33990 0.00000
-331.34590 0.00000
-331.52300 0.00000
-331.08000 0.00000
-331.48620 0.00000
-331.40310 0.00000
-330.62830 0.00000
-330.49530 0.00000
-331.13400 0.00000
-330.26820 0.00000
-330.30790 0.00000
-330.44270 0.00000
-330.06840 0.00000
-329.84760 0.00000
-330.03050 0.00000
-329.71380 0.00000
-330.03100 0.00000
-329.62600 0.00000
-329.73460 0.00000
-329.91610 0.00000
-329.96680 0.00000
-330.87520 0.00000
-329.95520 0.00000
-329.97530 0.00000
-329.89810 0.00000
-330.04960 0.00000
-330.55870 0.00000
-330.67060 0.00000
-330.75700 0.00000
-330.95750 0.00000
-330.82260 0.00000
-330.28360 0.00000
-330.31960 0.00000
-330.34610 0.00000
-330.42720 0.00000
-330.19870 0.00000
-330.39570 0.00000
-330.84740 0.00000
-330.50370 0.00000
-330.47360 0.00000
-330.21950 0.00000
-330.13980 0.00000
-329.52630 0.00000
-329.73260 0.00000
-329.90510 0.00000
-329.42550 0.00000
-328.86740 0.00000
-328.49940 0.00000
-328.60770 0.00000
-311.31670 0.00000
-311.71570 0.00000
-311.80430 0.00000
-312.46070 0.00000
-312.27580 0.00000
-312.60370 0.00000
-312.84650 0.00000
-313.29020 0.00000
-313.45460 0.00000
-313.89800 0.00000
-313.79420 0.00000
-314.09170 0.00000
-313.85960 0.00000
-315.02960 0.00000
-312.64260 0.00000
-313.27070 0.00000
-313.60560 0.00000
-313.64770 0.00000
-313.49120 0.00000
-312.43440 0.00000
-312.50400 0.00000
-314.00690 0.00000
-312.73730 0.00000
-313.29160 0.00000
-313.67460 0.00000
-314.10950 0.00000
-314.03450 0.00000
-315.32770 0.00000
-313.38340 0.00000
-313.84350 0.00000
-313.72980 0.00000
-314.10120 0.00000
-315.09300 0.00000
-314.93430 0.00000
-314.50310 0.00000
-314.72150 0.00000
-314.76030 0.00000
-313.94390 0.00000
-315.07870 0.00000
-312.93840 0.00000
-313.44290 0.00000
-314.42110 0.00000
-313.88560 0.00000
-312.53780 0.00000
-312.48190 0.00000
-313.16550 0.00000
-311.57130 0.00000
-310.69960 0.00000
-310.80260 0.00000
-310.47960 0.00000
-309.90380 0.00000
-309.83620 0.00000
-310.30240 0.00000
-309.70460 0.00000
-309.15180 0.00000
-309.56320 0.00000
-308.93810 0.00000
-308.95840 0.00000
-308.56540 0.00000
-308.23200 0.00000
-308.16600 0.00000
-307.80170 0.00000
-306.73160 0.00000
-306.46320 0.00000
-307.03640 0.00000
-306.60030 0.00000
-306.28370 0.00000
-306.70740 0.00000
-306.87540 0.00000
-307.12410 0.00000
-307.00800 0.00000
-307.19710 0.00000
-307.08400 0.00000
-307.46080 0.00000
-306.64620 0.00000
-306.27330 0.00000
-305.73190 0.00000
-306.30790 0.00000
-307.11130 0.00000
-306.77590 0.00000
-306.66670 0.00000
-306.74170 0.00000
-307.28110 0.00000
-307.77420 0.00000
-305.49900 0.00000
-304.97500 0.00000
-304.72320 0.00000
-305.36760 0.00000
-305.44590 0.00000
-304.63630 0.00000
-304.18360 0.00000
-303.67730 0.00000
-303.55580 0.00000
-303.31770 0.00000
-302.98550 0.00000
-301.85340 0.00000
-301.72670 0.00000
-300.11090 0.00000
-300.44260 0.00000
-300.19300 0.00000
-328.94070 0.00000
-328.37760 0.00000
-328.79230 0.00000
-329.30060 0.00000
-328.11430 0.00000
-328.57310 0.00000
-328.29840 0.00000
-329.18170 0.00000
-328.77740 0.00000
-328.96200 0.00000
-328.68540 0.00000
-328.71470 0.00000
-328.00660 0.00000
-328.73620 0.00000
-328.51750 0.00000
-328.94200 0.00000
-327.75680 0.00000
-329.45340 0.00000
-328.75420 0.00000
-328.92070 0.00000
-328.89010 0.00000
-329.05710 0.00000
-328.36650 0.00000
-328.21380 0.00000
-328.37380 0.00000
-329.04200 0.00000
-328.72570 0.00000
-328.60480 0.00000
-328.87560 0.00000
-328.80360 0.00000
-328.47590 0.00000
-328.74530 0.00000
-328.11890 0.00000
-328.69070 0.00000
-328.04350 0.00000
-328.65500 0.00000
-328.79770 0.00000
-329.31800 0.00000
-328.41080 0.00000
-328.32110 0.00000
-329.14140 0.00000
-328.42720 0.00000
-328.95670 0.00000
-329.24000 0.00000
-328.11550 0.00000
-328.89060 0.00000
-328.39590 0.00000
-328.76620 0.00000
-328.80330 0.00000
-328.75530 0.00000
-328.53830 0.00000
-327.87370 0.00000
-328.87730 0.00000
-329.05840 0.00000
-328.46870 0.00000
-327.74610 0.00000
-328.01060 0.00000
-328.61630 0.00000
-328.61650 0.00000
-328.67220 0.00000
-328.40460 0.00000
-328.22690 0.00000
-328.19050 0.00000
-328.59210 0.00000
-329.24590 0.00000
-328.66210 0.00000
-328.29050 0.00000
-328.55820 0.00000
-328.53500 0.00000
-328.82500 0.00000
-328.99470 0.00000
-328.35830 0.00000
-329.20720 0.00000
-328.43110 0.00000
-328.67340 0.00000
-328.50870 0.00000
-328.34840 0.00000
-328.55180 0.00000
-328.33750 0.00000
-328.48790 0.00000
-328.84290 0.00000
-328.36350 0.00000
-328.18630 0.00000
-327.86870 0.00000
-329.18450 0.00000
-328.31940 0.00000
-328.62510 0.00000
-329.65120 0.00000
-328.45850 0.00000
-328.53740 0.00000
-327.52860 0.00000
-328.78450 0.00000
-328.66940 0.00000
-328.72780 0.00000
-328.79590 0.00000
-328.46080 0.00000
-328.46430 0.00000
-328.15480 0.00000
-327.63300 0.00000
-324.60270 0.00000
-331.67270 0.00000
-330.65420 0.00000
-330.69930 0.00000
-330.36640 0.00000
-330.85780 0.00000
-331.35390 0.00000
-331.05110 0.00000
-331.11500 0.00000
-330.69090 0.00000
-330.82810 0.00000
-330.96120 0.00000
-331.21390 0.00000
-330.62070 0.00000
-331.09130 0.00000
-331.47860 0.00000
-331.48290 0.00000
-331.45320 0.00000
-330.62500 0.00000
-330.34420 0.00000
-330.95780 0.00000
-331.39300 0.00000
-330.71150 0.00000
-331.03260 0.00000
-330.89670 0.00000
-330.83400 0.00000
-331.31530 0.00000
-330.97880 0.00000
-330.50690 0.00000
-330.73310 0.00000
-330.84410 0.00000
-330.75090 0.00000
-330.28930 0.00000
-331.38480 0.00000
-330.84150 0.00000
-331.25820 0.00000
-331.05540 0.00000
-331.02030 0.00000
-331.01400 0.00000
-330.81360 0.00000
-330.65660 0.00000
-330.91970 0.00000
-331.18810 0.00000
-331.08410 0.00000
-330.71020 0.00000
-330.32450 0.00000
-330.89960 0.00000
-330.75230 0.00000
-330.93800 0.00000
-331.05270 0.00000
-331.37090 0.00000
-330.83610 0.00000
-330.81810 0.00000
-331.03480 0.00000
-331.09810 0.00000
-330.63350 0.00000
-330.99890 0.00000
-330.68980 0.00000
-331.71110 0.00000
-331.01990 0.00000
-330.92600 0.00000
-331.02470 0.00000
-330.98770 0.00000
-331.04140 0.00000
-331.26400 0.00000
-330.14390 0.00000
-331.19210 0.00000
-331.29220 0.00000
-331.20740 0.00000
-330.41180 0.00000
-330.95670 0.00000
-330.83040 0.00000
-331.00330 0.00000
-330.48210 0.00000
-330.93770 0.00000
-331.16670 0.00000
-331.01800 0.00000
-331.18420 0.00000
-331.02120 0.00000
-330.70680 0.00000
-331.11880 0.00000
-331.07670 0.00000
-330.66860 0.00000
-330.75910 0.00000
-331.10810 0.00000
-330.70280 0.00000
-331.33080 0.00000
-330.79730 0.00000
-331.38070 0.00000
-330.30530 0.00000
-331.34450 0.00000
-331.03810 0.00000
-331.03030 0.00000
-329.77590 0.00000
-331.31270 0.00000
-330.78580 0.00000
-331.37340 0.00000
-331.22800 0.00000
-331.20510 0.00000
-331.28110 0.00000
-331.33430 0.00000
-318.52320 0.00000
-318.62070 0.00000
-319.03610 0.00000
-319.00490 0.00000
-318.75330 0.00000
-318.67030 0.00000
-318.59570 0.00000
-317.63860 0.00000
-317.13340 0.00000
-318.65440 0.00000
-317.01610 0.00000
-316.78810 0.00000
-315.34330 0.00000
-315.04670 0.00000
-315.22150 0.00000
-315.66970 0.00000
-316.81390 0.00000
-315.53750 0.00000
-314.78090 0.00000
-313.47670 0.00000
-313.41150 0.00000
-314.41760 0.00000
-315.19520 0.00000
-315.14690 0.00000
-315.90920 0.00000
-317.19520 0.00000
-317.19630 0.00000
-317.65790 0.00000
-317.74570 0.00000
-317.34260 0.00000
-317.10760 0.00000
-316.34400 0.00000
-316.50050 0.00000
-316.68440 0.00000
-316.19070 0.00000
-314.72030 0.00000
-315.95770 0.00000
-315.18110 0.00000
-315.26600 0.00000
-314.48830 0.00000
-315.04910 0.00000
-313.95540 0.00000
-314.70880 0.00000
-312.35850 0.00000
-312.89530 0.00000
-312.20390 0.00000
-311.63660 0.00000
-311.94860 0.00000
-311.50830 0.00000
-310.05880 0.00000
-311.15680 0.00000
-311.02010 0.00000
-311.95670 0.00000
-312.84550 0.00000
-313.12940 0.00000
-313.68530 0.00000
-313.05330 0.00000
-311.81480 0.00000
-312.32140 0.00000
-313.18150 0.00000
-314.15000 0.00000
-312.23830 0.00000
-312.41930 0.00000
-312.24650 0.00000
-312.60170 0.00000
-312.01540 0.00000
-312.19880 0.00000
-313.36560 0.00000
-312.24420 0.00000
-312.78860 0.00000
-311.62630 0.00000
-312.24200 0.00000
-311.81110 0.00000
-312.84090 0.00000
-312.37920 0.00000
-311.45600 0.00000
-310.88520 0.00000
-312.40280 0.00000
-310.54080 0.00000
-310.23140 0.00000
-310.86880 0.00000
-310.59590 0.00000
-310.27820 0.00000
-310.35310 0.00000
-309.73890 0.00000
-310.27690 0.00000
-309.21210 0.00000
-308.79010 0.00000
-310.18470 0.00000
-308.36000 0.00000
-310.03830 0.00000
-308.37000 0.00000
-308.23470 0.00000
-308.03460 0.00000
-308.00120 0.00000
-308.79130 0.00000
-308.43110 0.00000
-308.86280 0.00000
-308.90880 0.00000
-309.64800 0.00000
-330.49210 0.00000
-330.10120 0.00000
-329.36250 0.00000
-330.03110 0.00000
-330.72850 0.00000
-330.40300 0.00000
-330.36230 0.00000
-329.95470 0.00000
-330.55820 0.00000
-329.99490 0.00000
-329.88400 0.00000
-330.29120 0.00000
-329.39140 0.00000
-330.65160 0.00000
-330.33490 0.00000
-329.44080 0.00000
-330.38710 0.00000
-329.34880 0.00000
-329.38370 0.00000
-330.57550 0.00000
-329.67470 0.00000
-330.26770 0.00000
-330.88760 0.00000
-330.87750 0.00000
-329.51650 0.00000
-329.43590 0.00000
-329.42510 0.00000
-329.99040 0.00000
-329.74950 0.00000
-329.77210 0.00000
-329.48950 0.00000
-328.86260 0.00000
-329.47740 0.00000
-330.09460 0.00000
-329.75520 0.00000
-329.38890 0.00000
-329.82970 0.00000
-330.43930 0.00000
-329.32040 0.00000
-329.75410 0.00000
-329.94070 0.00000
-329.21640 0.00000
-330.02260 0.00000
-330.87550 0.00000
-329.30250 0.00000
-329.86730 0.00000
-330.10510 0.00000
-329.40890 0.00000
-330.38010 0.00000
-329.64960 0.00000
-330.99340 0.00000
-329.44950 0.00000
-329.91630 0.00000
-330.26690 0.00000
-328.90610 0.00000
-329.72280 0.00000
-330.46670 0.00000
-329.83360 0.00000
-330.06490 0.00000
-330.36060 0.00000
-330.40010 0.00000
-330.22130 0.00000
-330.28510 0.00000
-330.14690 0.00000
-330.81020 0.00000
-330.29270 0.00000
-330.12980 0.00000
-330.19940 0.00000
-330.18220 0.00000
-329.54970 0.00000
-330.33910 0.00000
-329.75960 0.00000
-330.26260 0.00000
-330.20840 0.00000
-329.92990 0.00000
-330.09110 0.00000
-330.04730 0.00000
-329.46230 0.00000
-329.78560 0.00000
-330.22400 0.00000
-329.45560 0.00000
-330.18950 0.00000
-329.76780 0.00000
-330.23280 0.00000
-329.19980 0.00000
-329.96000 0.00000
-330.19650 0.00000
-330.04280 0.00000
-330.60580 0.00000
-329.92300 0.00000
-329.88380 0.00000
-330.43300 0.00000
-330.24670 0.00000
-329.62260 0.00000
-329.42300 0.00000
-329.87990 0.00000
-330.83010 0.00000
-329.65720 0.00000
-329.72470 0.00000
-329.93950 0.00000
-329.90570 0.00000
-330.23190 0.00000
-330.52930 0.00000
-329.87230 0.00000
-330.27120 0.00000
-329.30230 0.00000
-330.12940 0.00000
-330.20380 0.00000
-329.67520 0.00000
-329.53440 0.00000
-329.23130 0.00000
-329.86370 0.00000
-331.42410 0.00000
-329.65170 0.00000
-330.45800 0.00000
-329.21330 0.00000
-329.87460 0.00000
-330.48260 0.00000
-329.44280 0.00000
-330.05100 0.00000
-329.56850 0.00000
-329.71680 0.00000
-330.93240 0.00000
-330.23920 0.00000
-330.53930 0.00000
-329.80580 0.00000
-329.32070 0.00000
-329.49380 0.00000
-330.09190 0.00000
-330.03510 0.00000
-330.50450 0.00000
-329.92570 0.00000
-330.37250 0.00000
-330.44800 0.00000
-329.85420 0.00000
-330.42910 0.00000
-329.63270 0.00000
-329.71230 0.00000
-330.40670 0.00000
-330.30200 0.00000
-329.62060 0.00000
-329.46560 0.00000
-329.57630 0.00000
-329.79880 0.00000
-331.13150 0.00000
-329.94450 0.00000
-330.07530 0.00000
-329.68770 0.00000
-330.26870 0.00000
-329.65300 0.00000
-329.99440 0.00000
-331.09850 0.00000
-329.17410 0.00000
-330.32870 0.00000
-329.40140 0.00000
-329.97240 0.00000
-329.58940 0.00000
-329.32510 0.00000
-329.58300 0.00000
-329.72130 0.00000
-330.29080 0.00000
-329.66120 0.00000
-330.00340 0.00000
-330.86720 0.00000
-329.32490 0.00000
-329.59080 0.00000
-330.25360 0.00000
-329.32570 0.00000
-329.63350 0.00000
-329.99780 0.00000
-329.82310 0.00000
-330.19660 0.00000
-330.09750 0.00000
-329.65520 0.00000
-330.07190 0.00000
-329.36000 0.00000
-330.16260 0.00000
-330.16910 0.00000
-330.03810 0.00000
-330.28320 0.00000
-329.75540 0.00000
-329.54650 0.00000
-330.40850 0.00000
-330.20590 0.00000
-329.24090 0.00000
-330.11440 0.00000
-330.73660 0.00000
-329.31710 0.00000
-330.09540 0.00000
-329.48290 0.00000
-330.23720 0.00000
-330.41250 0.00000
-329.87690 0.00000
-329.68960 0.00000
-329.55940 0.00000
-329.76440 0.00000
-329.45280 0.00000
-329.56960 0.00000
-329.77510 0.00000
-330.91880 0.00000
-336.66090 0.00000
-336.56710 0.00000
-336.66520 0.00000
-336.46790 0.00000
-336.23670 0.00000
-337.79160 0.00000
-336.69570 0.00000
-335.45980 0.00000
-334.74380 0.00000
-335.26060 0.00000
-335.33930 0.00000
-334.68640 0.00000
-333.56580 0.00000
-334.27720 0.00000
-334.32330 0.00000
-334.55420 0.00000
-333.53960 0.00000
-332.76270 0.00000
-331.42990 0.00000
-331.05840 0.00000
-330.89340 0.00000
-330.86000 0.00000
-330.29720 0.00000
-330.89070 0.00000
-331.53990 0.00000
-331.07180 0.00000
-330.55010 0.00000
-330.05250 0.00000
-329.29750 0.00000
-328.38640 0.00000
-327.91440 0.00000
-328.58840 0.00000
-328.99570 0.00000
-328.84280 0.00000
-329.39980 0.00000
-329.26310 0.00000
-328.69600 0.00000
-329.06960 0.00000
-328.72980 0.00000
-328.16310 0.00000
-328.61820 0.00000
-328.02180 0.00000
-327.11840 0.00000
-326.46140 0.00000
-326.21870 0.00000
-325.61190 0.00000
-325.79110 0.00000
-325.55620 0.00000
-325.43230 0.00000
-325.50960 0.00000
-324.79620 0.00000
-323.67710 0.00000
-323.25620 0.00000
-323.85320 0.00000
-323.99250 0.00000
-324.66450 0.00000
-324.39290 0.00000
-324.02400 0.00000
-323.57500 0.00000
-323.83290 0.00000
-323.71880 0.00000
-323.93370 0.00000
-324.60880 0.00000
-324.63320 0.00000
-324.02030 0.00000
-324.40580 0.00000
-324.12860 0.00000
-324.76920 0.00000
-324.80500 0.00000
-324.79540 0.00000
-325.02920 0.00000
-324.57960 0.00000
-323.39390 0.00000
-322.50410 0.00000
-321.68630 0.00000
-321.35660 0.00000
-322.19500 0.00000
-322.39040 0.00000
-322.47050 0.00000
-322.66330 0.00000
-322.73960 0.00000
-322.15040 0.00000
-322.83370 0.00000
-322.31800 0.00000
-322.46560 0.00000
-321.80070 0.00000
-321.58640 0.00000
-321.13680 0.00000
-320.67010 0.00000
-321.87240 0.00000
-321.53400 0.00000
-321.11280 0.00000
-320.40960 0.00000
-320.79490 0.00000
-320.34000 0.00000
-321.87050 0.00000
-319.79120 0.00000
-319.47460 0.00000
-319.97290 0.00000
-319.54680 0.00000
-331.23590 0.00000
-331.69780 0.00000
-330.17770 0.00000
-332.32530 0.00000
-331.05000 0.00000
-330.90840 0.00000
-331.09600 0.00000
-330.44180 0.00000
-331.55740 0.00000
-330.58530 0.00000
-331.51370 0.00000
-331.24220 0.00000
-331.15410 0.00000
-331.65020 0.00000
-330.69080 0.00000
-330.98250 0.00000
-330.73320 0.00000
-330.67410 0.00000
-330.89570 0.00000
-331.70020 0.00000
-330.35480 0.00000
-331.60230 0.00000
-330.51130 0.00000
-330.86150 0.00000
-331.82680 0.00000
-332.38270 0.00000
-331.74410 0.00000
-331.64650 0.00000
-331.27720 0.00000
-331.50420 0.00000
-331.16140 0.00000
-332.34750 0.00000
-332.05110 0.00000
-331.67780 0.00000
-331.34520 0.00000
-331.99940 0.00000
-331.19260 0.00000
-330.54640 0.00000
-330.07470 0.00000
-330.71880 0.00000
-330.00330 0.00000
-329.19520 0.00000
-329.64570 0.00000
-329.36550 0.00000
-329.12070 0.00000
-329.40960 0.00000
-328.94530 0.00000
-328.94460 0.00000
-328.92530 0.00000
-328.90860 0.00000
-328.99150 0.00000
-329.11780 0.00000
-329.32350 0.00000
-329.54130 0.00000
-330.52980 0.00000
-330.56390 0.00000
-330.57690 0.00000
-330.86200 0.00000
-330.46290 0.00000
-330.01430 0.00000
-330.58430 0.00000
-329.73340 0.00000
-330.56640 0.00000
-329.92750 0.00000
-330.11440 0.00000
-329.54900 0.00000
-329.59460 0.00000
-329.45460 0.00000
-330.15870 0.00000
-330.64170 0.00000
-329.83040 0.00000
-330.25450 0.00000
-330.10870 0.00000
-330.08700 0.00000
-329.57840 0.00000
-329.11400 0.00000
-329.56070 0.00000
-329.43990 0.00000
-329.89780 0.00000
-329.35580 0.00000
-329.93770 0.00000
-329.39510 0.00000
-329.86970 0.00000
-330.04800 0.00000
-330.49090 0.00000
-330.05000 0.00000
-329.64470 0.00000
-330.32510 0.00000
-330.24570 0.00000
-330.52160 0.00000
-331.68090 0.00000
-330.40070 0.00000
-330.53450 0.00000
-330.36710 0.00000
-330.15110 0.00000
-330.79690 0.00000
-330.10670 0.00000
-330.95770 0.00000
-330.22760 0.00000
-329.94820 0.00000
-355.19340 0.00000
-354.85160 0.00000
-354.35850 0.00000
-356.07970 0.00000
-355.24240 0.00000
-355.15620 0.00000
-354.66870 0.00000
-353.91720 0.00000
-355.82030 0.00000
-354.60470 0.00000
-355.89430 0.00000
-355.65540 0.00000
-355.31960 0.00000
-354.51800 0.00000
-354.91690 0.00000
-354.19080 0.00000
-355.28910 0.00000
-353.99410 0.00000
-354.79820 0.00000
-354.38180 0.00000
-355.52800 0.00000
-355.01800 0.00000
-355.06040 0.00000
-355.97150 0.00000
-355.31620 0.00000
-354.97350 0.00000
-353.77980 0.00000
-355.57330 0.00000
-354.14440 0.00000
-354.40850 0.00000
-354.78350 0.00000
-354.61320 0.00000
-354.08190 0.00000
-354.50010 0.00000
-354.97660 0.00000
-354.81740 0.00000
-354.93040 0.00000
-353.93300 0.00000
-355.36560 0.00000
-354.41860 0.00000
-353.85200 0.00000
-354.30310 0.00000
-356.01010 0.00000
-354.36780 0.00000
-354.29340 0.00000
-354.22050 0.00000
-354.63090 0.00000
-354.15320 0.00000
-355.20590 0.00000
-354.43860 0.00000
-354.71580 0.00000
-354.93540 0.00000
-354.81740 0.00000
-354.84750 0.00000
-353.86430 0.00000
-355.70670 0.00000
-354.82010 0.00000
-355.21470 0.00000
-354.73710 0.00000
-354.41600 0.00000
-354.12460 0.00000
-354.17910 0.00000
-354.71130 0.00000
-353.85180 0.00000
-358.10640 0.00000
-354.30300 0.00000
-354.88110 0.00000
-354.68490 0.00000
-355.11170 0.00000
-353.93670 0.00000
-353.87530 0.00000
-354.83350 0.00000
-355.60330 0.00000
-355.07930 0.00000
-353.52330 0.00000
-354.57730 0.00000
-354.04860 0.00000
-353.43120 0.00000
-354.86140 0.00000
-354.27300 0.00000
-355.14460 0.00000
-355.57630 0.00000
-355.38120 0.00000
-355.58510 0.00000
-355.30570 0.00000
-355.11560 0.00000
-354.23630 0.00000
-354.62950 0.00000
-355.35690 0.00000
-354.78780 0.00000
-354.41330 0.00000
-354.18960 0.00000
-353.94560 0.00000
-354.87660 0.00000
-354.93030 0.00000
-354.28950 0.00000
-355.27360 0.00000
-355.71960 0.00000
-354.24070 0.00000
-354.33240 0.00000
-305.90930 0.00000
-306.39120 0.00000
-306.97560 0.00000
-308.01280 0.00000
-307.51180 0.00000
-306.60430 0.00000
-306.61160 0.00000
-307.02840 0.00000
-306.54490 0.00000
-305.73850 0.00000
-305.44900 0.00000
-306.01810 0.00000
-305.15000 0.00000
-304.19390 0.00000
-304.46530 0.00000
-303.85950 0.00000
-303.74410 0.00000
-304.10410 0.00000
-303.79690 0.00000
-304.22850 0.00000
-304.01640 0.00000
-303.73430 0.00000
-303.65440 0.00000
-303.48880 0.00000
-303.81900 0.00000
-303.88240 0.00000
-303.29190 0.00000
-303.92660 0.00000
-303.41510 0.00000
-303.51640 0.00000
-304.49920 0.00000
-305.43310 0.00000
-305.68520 0.00000
-306.19580 0.00000
-305.76320 0.00000
-306.69360 0.00000
-306.47090 0.00000
-306.65900 0.00000
-306.34620 0.00000
-306.49900 0.00000
-307.35070 0.00000
-306.66600 0.00000
-306.66430 0.00000
-306.65890 0.00000
-306.52320 0.00000
-306.87850 0.00000
-307.40990 0.00000
-307.05520 0.00000
-307.31160 0.00000
-307.32500 0.00000
-307.58180 0.00000
-308.31810 0.00000
-307.22830 0.00000
-307.54100 0.00000
-307.26980 0.00000
-307.16090 0.00000
-306.36000 0.00000
-306.05470 0.00000
-305.93120 0.00000
-305.76490 0.00000
-306.48770 0.00000
-306.06020 0.00000
-306.62180 0.00000
-306.68430 0.00000
-306.48780 0.00000
-306.78980 0.00000
-306.74950 0.00000
-306.38590 0.00000
-306.17590 0.00000
-306.33280 0.00000
-306.37870 0.00000
-306.83050 0.00000
-307.18030 0.00000
-306.34700 0.00000
-306.73040 0.00000
-306.08930 0.00000
-306.48030 0.00000
-306.71770 0.00000
-305.61310 0.00000
-306.18870 0.00000
-306.53070 0.00000
-306.19550 0.00000
-306.31810 0.00000
-305.87900 0.00000
-306.02240 0.00000
-305.92490 0.00000
-306.74650 0.00000
-306.52340 0.00000
-306.93790 0.00000
-305.83650 0.00000
-306.43970 0.00000
-306.57540 0.00000
-305.59430 0.00000
-305.61960 0.00000
-304.94800 0.00000
-304.99920 0.00000
-304.07230 0.00000
-303.78240 0.00000
-303.49870 0.00000
-335.59450 0.00000
-334.11520 0.00000
-334.30390 0.00000
-332.99410 0.00000
-332.97940 0.00000
-332.97430 0.00000
-333.40240 0.00000
-332.81380 0.00000
-332.25580 0.00000
-333.08610 0.00000
-333.45940 0.00000
-333.36060 0.00000
-333.10020 0.00000
-332.08790 0.00000
-332.10700 0.00000
-331.79880 0.00000
-331.77170 0.00000
-331.23840 0.00000
-330.91180 0.00000
-331.07980 0.00000
-331.37930 0.00000
-330.90630 0.00000
-330.87410 0.00000
-331.26410 0.00000
-330.31380 0.00000
-330.68210 0.00000
-330.84110 0.00000
-330.75220 0.00000
-332.11370 0.00000
-332.34680 0.00000
-332.36570 0.00000
-331.50580 0.00000
-331.52700 0.00000
-330.45480 0.00000
-330.89970 0.00000
-331.87960 0.00000
-331.59880 0.00000
-331.69650 0.00000
-331.39100 0.00000
-331.23830 0.00000
-331.09270 0.00000
-332.25580 0.00000
-332.45920 0.00000
-332.27330 0.00000
-332.56290 0.00000
-332.64320 0.00000
-332.91970 0.00000
-333.12310 0.00000
-332.80710 0.00000
-332.97300 0.00000
-332.81980 0.00000
-332.26440 0.00000
-332.75360 0.00000
-332.96410 0.00000
-333.10400 0.00000
-332.01240 0.00000
-332.55350 0.00000
-333.20450 0.00000
-333.31460 0.00000
-332.61090 0.00000
-333.97170 0.00000
-333.90000 0.00000
-334.28440 0.00000
-334.40490 0.00000
-333.78730 0.00000
-333.41320 0.00000
-333.64300 0.00000
-333.20500 0.00000
-332.98570 0.00000
-333.00900 0.00000
-332.51850 0.00000
-332.48120 0.00000
-332.66210 0.00000
-333.55310 0.00000
-333.71650 0.00000
-334.25460 0.00000
-333.93050 0.00000
-333.47770 0.00000
-334.57390 0.00000
-334.19400 0.00000
-334.02770 0.00000
-333.56300 0.00000
-333.57710 0.00000
-333.87750 0.00000
-333.09490 0.00000
-333.33730 0.00000
-332.26870 0.00000
-332.33100 0.00000
-331.01970 0.00000
-332.04850 0.00000
-331.16660 0.00000
-331.57640 0.00000
-331.01810 0.00000
-331.97210 0.00000
-331.26860 0.00000
-330.43060 0.00000
-330.65290 0.00000
-330.80780 0.00000
-330.73570 0.00000
-330.99720 0.00000
-331.20520 0.00000
-350.76030 0.00000
-352.29580 0.00000
-350.05510 0.00000
-350.38140 0.00000
-351.04640 0.00000
-350.34280 0.00000
-350.77920 0.00000
-351.65390 0.00000
-350.23520 0.00000
-350.68010 0.00000
-352.03010 0.00000
-350.96540 0.00000
-350.62930 0.00000
-350.60960 0.00000
-350.50810 0.00000
-350.58200 0.00000
-350.73520 0.00000
-350.65550 0.00000
-352.48390 0.00000
-350.36860 0.00000
-351.25170 0.00000
-351.56070 0.00000
-351.33060 0.00000
-350.11470 0.00000
-350.45120 0.00000
-352.12120 0.00000
-351.10640 0.00000
-351.74760 0.00000
-350.83970 0.00000
-350.47880 0.00000
-351.58910 0.00000
-350.17630 0.00000
-351.55410 0.00000
-350.78580 0.00000
-350.65310 0.00000
-350.14230 0.00000
-351.18590 0.00000
-351.21600 0.00000
-350.59970 0.00000
-351.47560 0.00000
-351.36510 0.00000
-348.73480 0.00000
-351.90880 0.00000
-351.48430 0.00000
-351.83400 0.00000
-351.85010 0.00000
-351.27230 0.00000
-352.49390 0.00000
-351.81330 0.00000
-351.10800 0.00000
-351.75570 0.00000
-350.87260 0.00000
-351.27320 0.00000
-351.34630 0.00000
-351.18130 0.00000
-351.23030 0.00000
-349.58530 0.00000
-350.32470 0.00000
-351.85040 0.00000
-349.25350 0.00000
-350.42320 0.00000
-349.57890 0.00000
-349.17570 0.00000
-348.95580 0.00000
-350.60190 0.00000
-350.39750 0.00000
-349.59300 0.00000
-349.35120 0.00000
-350.08720 0.00000
-351.05570 0.00000
-351.29050 0.00000
-351.41790 0.00000
-352.84670 0.00000
-352.79500 0.00000
-353.92790 0.00000
-352.69670 0.00000
-352.91200 0.00000
-354.92500 0.00000
-353.08600 0.00000
-353.57910 0.00000
-353.54170 0.00000
-354.49380 0.00000
-354.24800 0.00000
-355.60880 0.00000
-354.33800 0.00000
-353.88530 0.00000
-352.61600 0.00000
-352.29500 0.00000
-353.68520 0.00000
-351.96550 0.00000
-352.47900 0.00000
-353.28560 0.00000
-353.90690 0.00000
-354.52250 0.00000
-353.77050 0.00000
-354.12440 0.00000
-354.28500 0.00000
-354.31330 0.00000
-354.83660 0.00000
-354.76310 0.00000
-316.05310 0.00000
-315.91950 0.00000
-316.27990 0.00000
-316.22730 0.00000
-316.84680 0.00000
-316.22990 0.00000
-317.56760 0.00000
-316.59030 0.00000
-316.25160 0.00000
-316.23640 0.00000
-316.67340 0.00000
-316.19180 0.00000
-315.50300 0.00000
-316.40710 0.00000
-315.22000 0.00000
-315.65780 0.00000
-315.77810 0.00000
-315.62800 0.00000
-315.59930 0.00000
-315.15760 0.00000
-315.98210 0.00000
-314.99980 0.00000
-314.88960 0.00000
-315.25260 0.00000
-315.21180 0.00000
-314.93540 0.00000
-315.56520 0.00000
-315.42490 0.00000
-315.32390 0.00000
-315.65950 0.00000
-315.46090 0.00000
-315.26730 0.00000
-315.24230 0.00000
-314.90070 0.00000
-314.73970 0.00000
-315.34190 0.00000
-315.25530 0.00000
-315.41920 0.00000
-315.64470 0.00000
-314.97750 0.00000
-315.15540 0.00000
-316.22220 0.00000
-314.84080 0.00000
-314.54890 0.00000
-314.93470 0.00000
-315.29020 0.00000
-314.34690 0.00000
-314.08030 0.00000
-313.90950 0.00000
-314.01860 0.00000
-314.59330 0.00000
-313.67110 0.00000
-314.29960 0.00000
-312.92140 0.00000
-312.49980 0.00000
-312.06020 0.00000
-311.86730 0.00000
-311.64580 0.00000
-311.52370 0.00000
-311.73020 0.00000
-311.92000 0.00000
-312.28040 0.00000
-311.98680 0.00000
-310.87250 0.00000
-310.64850 0.00000
-310.76200 0.00000
-310.39480 0.00000
-310.71130 0.00000
-310.55040 0.00000
-310.41250 0.00000
-310.79510 0.00000
-310.35520 0.00000
-309.64370 0.00000
-310.08550 0.00000
-309.57310 0.00000
-309.51000 0.00000
-309.63180 0.00000
-309.52630 0.00000
-310.00980 0.00000
-310.09390 0.00000
-309.14080 0.00000
-308.98910 0.00000
-308.83320 0.00000
-309.29990 0.00000
-308.77100 0.00000
-308.29600 0.00000
-308.65460 0.00000
-308.46430 0.00000
-308.18750 0.00000
-307.84100 0.00000
-307.45640 0.00000
-307.35650 0.00000
-307.86720 0.00000
-307.82530 0.00000
-307.42300 0.00000
-306.91090 0.00000
-306.89550 0.00000
-306.26260 0.00000
-306.08640 0.00000
-306.08250 0.00000
-259.92690 0.00000
-260.54840 0.00000
-261.15710 0.00000
-262.33620 0.00000
-262.19950 0.00000
-260.26690 0.00000
-259.61130 0.00000
-260.07710 0.00000
-259.79850 0.00000
-259.84460 0.00000
-260.20280 0.00000
-260.45850 0.00000
-259.83830 0.00000
-260.00840 0.00000
-260.20410 0.00000
-260.51360 0.00000
-260.82240 0.00000
-262.14750 0.00000
-260.76380 0.00000
-261.96260 0.00000
-260.61850 0.00000
-260.36770 0.00000
-260.73820 0.00000
-259.57170 0.00000
-259.84590 0.00000
-259.86280 0.00000
-259.73740 0.00000
-258.81740 0.00000
-258.60650 0.00000
-258.49110 0.00000
-259.45160 0.00000
-259.67150 0.00000
-258.39380 0.00000
-258.54650 0.00000
-258.15700 0.00000
-259.15020 0.00000
-259.00680 0.00000
-259.29220 0.00000
-259.44130 0.00000
-259.35130 0.00000
-260.85170 0.00000
-259.72660 0.00000
-259.12830 0.00000
-260.49720 0.00000
-258.62200 0.00000
-260.01800 0.00000
-258.41200 0.00000
-257.86670 0.00000
-259.08490 0.00000
-259.16710 0.00000
-259.84920 0.00000
-259.84640 0.00000
-259.93990 0.00000
-260.77960 0.00000
-258.94410 0.00000
-258.56010 0.00000
-257.82450 0.00000
-258.13870 0.00000
-258.79970 0.00000
-258.40020 0.00000
-258.89500 0.00000
-258.53180 0.00000
-258.54200 0.00000
-259.67090 0.00000
-259.83790 0.00000
-259.80880 0.00000
-260.39100 0.00000
-260.01980 0.00000
-261.00270 0.00000
-259.27440 0.00000
-259.33300 0.00000
-259.47010 0.00000
-260.53190 0.00000
-260.37370 0.00000
-260.16630 0.00000
-259.29150 0.00000
-259.79530 0.00000
-259.73550 0.00000
-259.74330 0.00000
-258.85460 0.00000
-257.23020 0.00000
-257.23990 0.00000
-256.33230 0.00000
-255.62670 0.00000
-256.48990 0.00000
-256.48050 0.00000
-256.88920 0.00000
-256.97830 0.00000
-257.33750 0.00000
-256.10640 0.00000
-255.19900 0.00000
-255.17580 0.00000
-253.52920 0.00000
-253.27200 0.00000
-252.99220 0.00000
-252.88320 0.00000
-252.29990 0.00000
-251.66320 0.00000
-251.78570 0.00000
-334.41980 0.00000
-352.58110 0.00000
-350.70890 0.00000
-349.57920 0.00000
-350.53940 0.00000
-351.38290 0.00000
-352.29460 0.00000
-351.69860 0.00000
-350.19830 0.00000
-351.78950 0.00000
-351.44720 0.00000
-351.55610 0.00000
-351.34880 0.00000
-350.77640 0.00000
-351.43310 0.00000
-351.13410 0.00000
-351.49490 0.00000
-350.86160 0.00000
-351.45660 0.00000
-350.94700 0.00000
-351.10200 0.00000
-352.00020 0.00000
-351.32350 0.00000
-351.42490 0.00000
-350.70110 0.00000
-351.88140 0.00000
-351.67210 0.00000
-352.35310 0.00000
-350.10230 0.00000
-349.87030 0.00000
-350.36380 0.00000
-350.86670 0.00000
-350.54630 0.00000
-351.98480 0.00000
-350.09260 0.00000
-351.17070 0.00000
-350.64010 0.00000
-349.89510 0.00000
-351.04220 0.00000
-350.61840 0.00000
-351.25900 0.00000
-351.97320 0.00000
-351.03230 0.00000
-349.45790 0.00000
-351.50240 0.00000
-349.50600 0.00000
-352.02460 0.00000
-350.82100 0.00000
-350.69540 0.00000
-351.88390 0.00000
-350.70970 0.00000
-351.58610 0.00000
-351.24170 0.00000
-351.56310 0.00000
-351.94360 0.00000
-349.94790 0.00000
-349.73200 0.00000
-350.66260 0.00000
-351.51000 0.00000
-350.47400 0.00000
-351.95840 0.00000
-351.96690 0.00000
-350.53760 0.00000
-351.52930 0.00000
-350.75030 0.00000
-350.68090 0.00000
-350.94260 0.00000
-352.07260 0.00000
-351.33220 0.00000
-351.14350 0.00000
-350.44410 0.00000
-350.77080 0.00000
-351.61750 0.00000
-351.04400 0.00000
-351.18680 0.00000
-351.54820 0.00000
-350.76610 0.00000
-350.98660 0.00000
-350.69210 0.00000
-350.57950 0.00000
-350.91770 0.00000
-351.28910 0.00000
-351.25520 0.00000
-351.14800 0.00000
-351.03210 0.00000
-351.81440 0.00000
-350.60610 0.00000
-351.12480 0.00000
-350.51410 0.00000
-351.79590 0.00000
-351.43480 0.00000
-351.46870 0.00000
-350.99620 0.00000
-350.70810 0.00000
-351.61120 0.00000
-351.62280 0.00000
-352.49130 0.00000
-349.96360 0.00000
-350.00030 0.00000
-351.66770 0.00000
-351.09140 0.00000
-318.74260 0.00000
-318.52830 0.00000
-318.47040 0.00000
-319.20840 0.00000
-318.04080 0.00000
-318.54570 0.00000
-318.62100 0.00000
-318.22690 0.00000
-318.59690 0.00000
-318.82650 0.00000
-319.54320 0.00000
-320.28210 0.00000
-319.74880 0.00000
-319.54210 0.00000
-319.88350 0.00000
-320.40990 0.00000
-320.78080 0.00000
-320.31000 0.00000
-319.14700 0.00000
-318.78810 0.00000
-319.07730 0.00000
-319.67170 0.00000
-319.56620 0.00000
-319.51100 0.00000
-320.83030 0.00000
-321.86730 0.00000
-321.14410 0.00000
-321.64460 0.00000
-320.49590 0.00000
-320.03080 0.00000
-319.51770 0.00000
-319.33520 0.00000
-319.50620 0.00000
-319.06470 0.00000
-318.27090 0.00000
-318.71680 0.00000
-319.19330 0.00000
-318.84990 0.00000
-319.01820 0.00000
-319.13470 0.00000
-318.91400 0.00000
-319.36510 0.00000
-318.50330 0.00000
-318.05160 0.00000
-316.93390 0.00000
-316.45170 0.00000
-316.38310 0.00000
-316.32930 0.00000
-316.01400 0.00000
-315.88960 0.00000
-316.24040 0.00000
-316.22570 0.00000
-317.52740 0.00000
-316.77010 0.00000
-316.16930 0.00000
-316.40480 0.00000
-316.44520 0.00000
-316.05680 0.00000
-315.58760 0.00000
-316.22850 0.00000
-316.44540 0.00000
-315.36260 0.00000
-315.50140 0.00000
-315.01650 0.00000
-314.02760 0.00000
-313.54910 0.00000
-313.59290 0.00000
-314.40560 0.00000
-313.88810 0.00000
-313.94800 0.00000
-314.05990 0.00000
-314.22640 0.00000
-314.18680 0.00000
-314.54770 0.00000
-314.38470 0.00000
-314.35250 0.00000
-315.05940 0.00000
-314.23240 0.00000
-314.81910 0.00000
-314.11060 0.00000
-314.69130 0.00000
-314.47440 0.00000
-314.91810 0.00000
-314.96000 0.00000
-314.31940 0.00000
-314.33160 0.00000
-314.49000 0.00000
-315.30290 0.00000
-315.22190 0.00000
-315.35440 0.00000
-315.12790 0.00000
-315.14980 0.00000
-315.12830 0.00000
-314.60350 0.00000
-315.05860 0.00000
-315.63400 0.00000
-315.31130 0.00000
-315.39870 0.00000
-315.64970 0.00000
-315.59980 0.00000
-280.06470 0.00000
-280.43390 0.00000
-280.38050 0.00000
-279.97070 0.00000
-280.63950 0.00000
-283.20310 0.00000
-281.59530 0.00000
-280.32330 0.00000
-280.50680 0.00000
-279.37330 0.00000
-279.46120 0.00000
-280.30030 0.00000
-278.07680 0.00000
-278.01870 0.00000
-278.06180 0.00000
-277.02510 0.00000
-276.43900 0.00000
-276.58070 0.00000
-277.48430 0.00000
-275.42790 0.00000
-275.34010 0.00000
-275.71640 0.00000
-276.50900 0.00000
-276.49950 0.00000
-275.76140 0.00000
-275.56240 0.00000
-276.12000 0.00000
-275.31660 0.00000
-275.04460 0.00000
-274.97420 0.00000
-276.22520 0.00000
-274.32320 0.00000
-273.71030 0.00000
-274.36680 0.00000
-273.46070 0.00000
-274.08090 0.00000
-274.10410 0.00000
-272.88190 0.00000
-273.71020 0.00000
-272.86380 0.00000
-273.67160 0.00000
-272.04940 0.00000
-271.94400 0.00000
-272.33860 0.00000
-271.83410 0.00000
-270.75530 0.00000
-269.51820 0.00000
-269.31370 0.00000
-268.46070 0.00000
-269.30440 0.00000
-268.20510 0.00000
-266.91550 0.00000
-267.19940 0.00000
-267.55690 0.00000
-267.29780 0.00000
-268.62690 0.00000
-267.25330 0.00000
-268.01860 0.00000
-266.27380 0.00000
-266.09960 0.00000
-266.30820 0.00000
-265.79710 0.00000
-266.19390 0.00000
-265.64710 0.00000
-266.08900 0.00000
-265.50630 0.00000
-266.29120 0.00000
-266.25160 0.00000
-265.47130 0.00000
-265.45980 0.00000
-264.43530 0.00000
-264.48770 0.00000
-264.96290 0.00000
-265.46240 0.00000
-265.64630 0.00000
-266.14560 0.00000
-266.20810 0.00000
-265.83720 0.00000
-266.93030 0.00000
-265.20680 0.00000
-264.27420 0.00000
-263.89980 0.00000
-262.49350 0.00000
-262.87260 0.00000
-261.86600 0.00000
-262.28570 0.00000
-262.10440 0.00000
-261.50970 0.00000
-261.31800 0.00000
-261.57380 0.00000
-261.13360 0.00000
-260.83050 0.00000
-262.33460 0.00000
-260.97570 0.00000
-261.32730 0.00000
-261.12630 0.00000
-259.94580 0.00000
-259.71220 0.00000
-260.26950 0.00000
-260.41120 0.00000
-349.50690 0.00000
-350.59040 0.00000
-351.67030 0.00000
-349.78420 0.00000
-351.24270 0.00000
-349.33530 0.00000
-350.09910 0.00000
-351.05850 0.00000
-349.41660 0.00000
-349.89580 0.00000
-349.42100 0.00000
-349.93470 0.00000
-351.10610 0.00000
-349.80710 0.00000
-349.91130 0.00000
-350.03100 0.00000
-349.03800 0.00000
-352.52900 0.00000
-349.23580 0.00000
-351.24190 0.00000
-350.14200 0.00000
-349.31570 0.00000
-351.49440 0.00000
-349.43080 0.00000
-350.71600 0.00000
-349.52300 0.00000
-349.40970 0.00000
-348.82100 0.00000
-350.79780 0.00000
-349.73150 0.00000
-350.76070 0.00000
-350.48390 0.00000
-350.59240 0.00000
-350.96890 0.00000
-348.41380 0.00000
-352.05810 0.00000
-349.77690 0.00000
-349.57630 0.00000
-350.03030 0.00000
-350.09010 0.00000
-350.87870 0.00000
-350.57840 0.00000
-349.84500 0.00000
-351.76860 0.00000
-351.08780 0.00000
-351.38140 0.00000
-349.98740 0.00000
-349.10620 0.00000
-352.47600 0.00000
-348.78640 0.00000
-350.57770 0.00000
-351.38120 0.00000
-350.34160 0.00000
-351.52450 0.00000
-347.97760 0.00000
-349.16360 0.00000
-349.44780 0.00000
-349.32130 0.00000
-349.92360 0.00000
-349.48860 0.00000
-350.69550 0.00000
-349.41580 0.00000
-349.58750 0.00000
-351.84280 0.00000
-350.24220 0.00000
-349.45060 0.00000
-350.98390 0.00000
-350.55660 0.00000
-350.23540 0.00000
-349.88640 0.00000
-349.71270 0.00000
-349.46470 0.00000
-350.67740 0.00000
-350.24250 0.00000
-350.16570 0.00000
-348.57800 0.00000
-350.33190 0.00000
-350.41190 0.00000
-350.93100 0.00000
-350.04530 0.00000
-348.48380 0.00000
-350.05920 0.00000
-349.47660 0.00000
-349.52490 0.00000
-350.23710 0.00000
-349.97120 0.00000
-350.94560 0.00000
-350.96920 0.00000
-349.65130 0.00000
-348.82240 0.00000
-349.76350 0.00000
-351.06110 0.00000
-348.45500 0.00000
-349.18730 0.00000
-349.67410 0.00000
-349.41450 0.00000
-347.76140 0.00000
-348.93170 0.00000
-348.56890 0.00000
-351.08760 0.00000
-323.91460 0.00000
-323.47560 0.00000
-322.85370 0.00000
-321.99280 0.00000
-321.69190 0.00000
-321.71430 0.00000
-322.17180 0.00000
-322.57550 0.00000
-322.57360 0.00000
-323.03000 0.00000
-322.42020 0.00000
-322.00180 0.00000
-320.95530 0.00000
-321.25290 0.00000
-321.09240 0.00000
-321.58760 0.00000
-321.90060 0.00000
-321.78860 0.00000
-322.06050 0.00000
-322.00550 0.00000
-321.71100 0.00000
-321.28780 0.00000
-321.78880 0.00000
-321.52370 0.00000
-322.28000 0.00000
-322.58790 0.00000
-322.94670 0.00000
-322.97930 0.00000
-323.05430 0.00000
-322.99720 0.00000
-322.04100 0.00000
-321.86540 0.00000
-321.99520 0.00000
-323.00400 0.00000
-323.19530 0.00000
-323.44060 0.00000
-322.99240 0.00000
-323.61830 0.00000
-323.99190 0.00000
-323.29240 0.00000
-323.74450 0.00000
-324.01980 0.00000
-323.32210 0.00000
-323.31780 0.00000
-322.87660 0.00000
-323.38650 0.00000
-323.36170 0.00000
-322.86110 0.00000
-322.80210 0.00000
-323.27830 0.00000
-323.00260 0.00000
-323.12500 0.00000
-323.24560 0.00000
-323.52910 0.00000
-324.08480 0.00000
-325.04790 0.00000
-324.92050 0.00000
-325.01820 0.00000
-325.00150 0.00000
-324.73130 0.00000
-324.35490 0.00000
-324.64320 0.00000
-324.37010 0.00000
-323.57120 0.00000
-322.08760 0.00000
-322.27790 0.00000
-321.74650 0.00000
-321.85840 0.00000
-322.13840 0.00000
-323.06920 0.00000
-322.83050 0.00000
-321.88050 0.00000
-321.60230 0.00000
-322.33030 0.00000
-322.23800 0.00000
-321.62480 0.00000
-321.32200 0.00000
-322.26810 0.00000
-321.96740 0.00000
-321.67640 0.00000
-321.46770 0.00000
-320.81030 0.00000
-321.18470 0.00000
-320.71780 0.00000
-320.21230 0.00000
-319.77700 0.00000
-319.93370 0.00000
-320.16560 0.00000
-319.71900 0.00000
-320.42610 0.00000
-320.69810 0.00000
-320.27320 0.00000
-319.61860 0.00000
-319.70240 0.00000
-319.14650 0.00000
-319.95950 0.00000
-320.05540 0.00000
-320.58540 0.00000
-320.22120 0.00000
-319.20710 0.00000
-295.73490 0.00000
-295.59530 0.00000
-296.04960 0.00000
-295.62400 0.00000
-294.79450 0.00000
-295.64150 0.00000
-295.25490 0.00000
-295.79650 0.00000
-295.37740 0.00000
-295.49960 0.00000
-295.14330 0.00000
-295.07290 0.00000
-296.35020 0.00000
-295.99190 0.00000
-296.78990 0.00000
-295.79070 0.00000
-296.53250 0.00000
-296.47000 0.00000
-296.07600 0.00000
-295.69000 0.00000
-296.75540 0.00000
-296.44290 0.00000
-294.71740 0.00000
-295.28370 0.00000
-295.69280 0.00000
-295.72850 0.00000
-295.35930 0.00000
-295.21690 0.00000
-294.51310 0.00000
-294.35890 0.00000
-294.66410 0.00000
-293.21150 0.00000
-293.38860 0.00000
-292.13880 0.00000
-292.20900 0.00000
-293.49860 0.00000
-290.95770 0.00000
-290.60260 0.00000
-291.88210 0.00000
-291.35610 0.00000
-291.21620 0.00000
-292.99970 0.00000
-294.29720 0.00000
-294.76520 0.00000
-294.18220 0.00000
-293.60330 0.00000
-293.93170 0.00000
-292.76940 0.00000
-293.47980 0.00000
-292.70620 0.00000
-292.18630 0.00000
-291.05960 0.00000
-290.34330 0.00000
-289.93060 0.00000
-289.92300 0.00000
-289.81540 0.00000
-290.13310 0.00000
-289.88950 0.00000
-289.35340 0.00000
-292.16480 0.00000
-288.32280 0.00000
-288.81860 0.00000
-288.44400 0.00000
-287.31390 0.00000
-285.62440 0.00000
-285.31340 0.00000
-286.08640 0.00000
-285.85860 0.00000
-285.35110 0.00000
-284.64980 0.00000
-285.27170 0.00000
-284.59850 0.00000
-284.23640 0.00000
-284.16330 0.00000
-283.60320 0.00000
-284.50640 0.00000
-284.49590 0.00000
-283.96000 0.00000
-284.85600 0.00000
-282.99270 0.00000
-283.14200 0.00000
-283.76040 0.00000
-283.69110 0.00000
-284.24020 0.00000
-282.97350 0.00000
-282.28370 0.00000
-282.61760 0.00000
-283.06960 0.00000
-282.46110 0.00000
-282.23740 0.00000
-281.74880 0.00000
-281.80580 0.00000
-281.79180 0.00000
-280.05180 0.00000
-279.83140 0.00000
-281.00110 0.00000
-280.08130 0.00000
-279.52440 0.00000
-279.45140 0.00000
-279.55780 0.00000
-351.49310 0.00000
-350.07400 0.00000
-348.97950 0.00000
-349.40860 0.00000
-351.14180 0.00000
-352.82320 0.00000
-351.38330 0.00000
-350.08110 0.00000
-351.17570 0.00000
-349.72790 0.00000
-349.31980 0.00000
-351.74400 0.00000
-348.85660 0.00000
-349.60650 0.00000
-350.45660 0.00000
-348.73450 0.00000
-349.41530 0.00000
-349.43730 0.00000
-349.59230 0.00000
-349.87090 0.00000
-349.58810 0.00000
-351.34200 0.00000
-351.02630 0.00000
-351.22850 0.00000
-350.40040 0.00000
-349.60810 0.00000
-350.13340 0.00000
-349.59570 0.00000
-349.43420 0.00000
-349.69100 0.00000
-351.56030 0.00000
-348.58630 0.00000
-349.58810 0.00000
-351.21160 0.00000
-350.87240 0.00000
-349.76570 0.00000
-350.54890 0.00000
-349.40330 0.00000
-349.73750 0.00000
-350.58740 0.00000
-350.80610 0.00000
-348.68330 0.00000
-350.19870 0.00000
-351.96560 0.00000
-349.00340 0.00000
-349.45910 0.00000
-349.99400 0.00000
-349.16330 0.00000
-349.24140 0.00000
-350.36330 0.00000
-350.26900 0.00000
-348.41070 0.00000
-349.97280 0.00000
-350.82350 0.00000
-349.41680 0.00000
-351.78490 0.00000
-350.01470 0.00000
-350.53580 0.00000
-348.22100 0.00000
-350.03390 0.00000
-350.82330 0.00000
-349.30610 0.00000
-349.57310 0.00000
-350.58600 0.00000
-351.60450 0.00000
-349.96830 0.00000
-351.63820 0.00000
-349.98800 0.00000
-349.08840 0.00000
-349.34200 0.00000
-348.87420 0.00000
-350.59740 0.00000
-351.38450 0.00000
-350.97910 0.00000
-350.45500 0.00000
-350.58330 0.00000
-350.38450 0.00000
-349.27220 0.00000
-351.36000 0.00000
-349.26660 0.00000
-348.25480 0.00000
-350.42190 0.00000
-349.03830 0.00000
-350.39350 0.00000
-348.99630 0.00000
-350.45400 0.00000
-349.83320 0.00000
-350.48500 0.00000
-351.15420 0.00000
-350.69670 0.00000
-350.37320 0.00000
-350.64410 0.00000
-351.03520 0.00000
-349.37300 0.00000
-349.34880 0.00000
-350.26180 0.00000
-350.34410 0.00000
-349.31500 0.00000
-350.53410 0.00000
-350.03770 0.00000
-354.86710 0.00000
-353.64270 0.00000
-354.40500 0.00000
-355.68510 0.00000
-354.35530 0.00000
-353.51150 0.00000
-354.06400 0.00000
-355.91630 0.00000
-355.24160 0.00000
-355.24960 0.00000
-353.71860 0.00000
-353.82880 0.00000
-354.99990 0.00000
-355.49220 0.00000
-354.77680 0.00000
-353.55960 0.00000
-353.12060 0.00000
-355.47470 0.00000
-354.48530 0.00000
-354.99930 0.00000
-354.40670 0.00000
-355.07560 0.00000
-355.74950 0.00000
-355.06920 0.00000
-354.05210 0.00000
-355.49940 0.00000
-353.98160 0.00000
-354.43530 0.00000
-355.58020 0.00000
-355.20300 0.00000
-355.24090 0.00000
-353.59460 0.00000
-352.48800 0.00000
-354.48060 0.00000
-353.99660 0.00000
-352.79730 0.00000
-355.74220 0.00000
-355.31490 0.00000
-354.99720 0.00000
-354.82750 0.00000
-353.31250 0.00000
-355.15010 0.00000
-354.41570 0.00000
-354.92860 0.00000
-354.65400 0.00000
-354.65890 0.00000
-354.61220 0.00000
-354.64900 0.00000
-355.05110 0.00000
-354.42120 0.00000
-353.39860 0.00000
-354.11090 0.00000
-355.00440 0.00000
-354.70230 0.00000
-354.25840 0.00000
-353.30190 0.00000
-353.93640 0.00000
-353.93940 0.00000
-354.70330 0.00000
-353.55170 0.00000
-354.72380 0.00000
-354.68880 0.00000
-353.48400 0.00000
-354.77450 0.00000
-355.88480 0.00000
-353.18130 0.00000
-355.59690 0.00000
-355.20740 0.00000
-355.44390 0.00000
-354.30640 0.00000
-356.26000 0.00000
-354.33050 0.00000
-356.21960 0.00000
-355.52670 0.00000
-353.93230 0.00000
-353.97800 0.00000
-353.66060 0.00000
-353.90680 0.00000
-354.25350 0.00000
-354.72430 0.00000
-354.00950 0.00000
-354.63360 0.00000
-354.56130 0.00000
-354.15290 0.00000
-354.05390 0.00000
-354.79080 0.00000
-353.91680 0.00000
-354.79080 0.00000
-354.16850 0.00000
-354.27460 0.00000
-354.97830 0.00000
-355.16690 0.00000
-355.28850 0.00000
-354.22300 0.00000
-354.86910 0.00000
-353.11090 0.00000
-354.61700 0.00000
-353.73180 0.00000
-354.33810 0.00000
-323.63370 0.00000
-303.68820 0.00000
-303.40180 0.00000
-303.63560 0.00000
-302.98350 0.00000
-302.18400 0.00000
-302.16690 0.00000
-302.49920 0.00000
-302.27890 0.00000
-302.29840 0.00000
-302.40800 0.00000
-302.01230 0.00000
-302.48200 0.00000
-301.69120 0.00000
-301.95760 0.00000
-303.22020 0.00000
-302.66090 0.00000
-301.26900 0.00000
-300.06840 0.00000
-299.92140 0.00000
-301.29380 0.00000
-301.13070 0.00000
-301.54550 0.00000
-302.69540 0.00000
-302.29620 0.00000
-301.95280 0.00000
-302.27320 0.00000
-303.04690 0.00000
-301.69640 0.00000
-301.17380 0.00000
-300.73490 0.00000
-299.20770 0.00000
-298.45110 0.00000
-298.22250 0.00000
-298.83050 0.00000
-298.04230 0.00000
-297.95290 0.00000
-299.17960 0.00000
-298.58490 0.00000
-298.52800 0.00000
-298.14580 0.00000
-297.27580 0.00000
-297.43440 0.00000
-298.40570 0.00000
-297.80750 0.00000
-296.30320 0.00000
-296.14610 0.00000
-295.71740 0.00000
-297.12540 0.00000
-294.70770 0.00000
-295.74010 0.00000
-295.95020 0.00000
-296.09060 0.00000
-296.62470 0.00000
-295.04500 0.00000
-295.57960 0.00000
-295.66570 0.00000
-294.70480 0.00000
-295.64140 0.00000
-296.28090 0.00000
-296.34000 0.00000
-296.42430 0.00000
-295.95570 0.00000
-295.43780 0.00000
-295.25720 0.00000
-294.40260 0.00000
-293.84460 0.00000
-294.77230 0.00000
-295.32040 0.00000
-295.37260 0.00000
-295.49350 0.00000
-295.21720 0.00000
-295.44360 0.00000
-295.71600 0.00000
-295.51070 0.00000
-295.76570 0.00000
-295.07800 0.00000
-294.97880 0.00000
-295.45080 0.00000
-295.70540 0.00000
-296.22310 0.00000
-296.62100 0.00000
-295.12310 0.00000
-294.50770 0.00000
-294.08290 0.00000
-293.97120 0.00000
-294.97410 0.00000
-295.17380 0.00000
-297.37660 0.00000
-297.24610 0.00000
-296.90990 0.00000
-297.30280 0.00000
-296.85740 0.00000
-295.31890 0.00000
-295.39190 0.00000
-295.51490 0.00000
-297.61530 0.00000
-298.09440 0.00000
-298.09320 0.00000
-297.86410 0.00000
-296.49540 0.00000
-348.98440 0.00000
-350.50940 0.00000
-349.40070 0.00000
-351.55960 0.00000
-350.15060 0.00000
-350.55340 0.00000
-349.58320 0.00000
-350.27960 0.00000
-349.47580 0.00000
-350.94940 0.00000
-351.60140 0.00000
-350.55750 0.00000
-350.43050 0.00000
-350.06920 0.00000
-349.42540 0.00000
-349.42110 0.00000
-349.29110 0.00000
-349.12550 0.00000
-349.72340 0.00000
-350.95700 0.00000
-349.85140 0.00000
-352.27450 0.00000
-350.14950 0.00000
-350.66360 0.00000
-350.97150 0.00000
-352.72690 0.00000
-351.18440 0.00000
-351.14350 0.00000
-350.21220 0.00000
-348.82310 0.00000
-351.41800 0.00000
-351.03940 0.00000
-350.09270 0.00000
-350.07670 0.00000
-349.97430 0.00000
-351.72550 0.00000
-349.95590 0.00000
-349.45400 0.00000
-349.58200 0.00000
-351.28920 0.00000
-350.93760 0.00000
-349.53170 0.00000
-352.31660 0.00000
-351.07500 0.00000
-350.23580 0.00000
-351.15230 0.00000
-350.01620 0.00000
-350.04690 0.00000
-349.87630 0.00000
-350.40180 0.00000
-349.51880 0.00000
-348.33310 0.00000
-347.16930 0.00000
-347.04430 0.00000
-348.75860 0.00000
-347.28030 0.00000
-347.63850 0.00000
-347.85870 0.00000
-347.01980 0.00000
-347.30130 0.00000
-348.01750 0.00000
-349.02900 0.00000
-349.46760 0.00000
-349.11220 0.00000
-348.33640 0.00000
-348.08210 0.00000
-348.13910 0.00000
-348.01030 0.00000
-349.96450 0.00000
-348.20490 0.00000
-346.39270 0.00000
-347.19200 0.00000
-346.44750 0.00000
-347.34440 0.00000
-347.52810 0.00000
-346.85150 0.00000
-347.38990 0.00000
-347.29570 0.00000
-348.59060 0.00000
-348.01540 0.00000
-348.27980 0.00000
-348.40330 0.00000
-348.90320 0.00000
-350.48070 0.00000
-350.30690 0.00000
-349.83370 0.00000
-349.67550 0.00000
-349.84950 0.00000
-350.35500 0.00000
-350.17500 0.00000
-350.81590 0.00000
-349.43310 0.00000
-350.21090 0.00000
-348.17900 0.00000
-348.61870 0.00000
-349.71070 0.00000
-349.01720 0.00000
-349.75680 0.00000
-350.12850 0.00000
-350.08730 0.00000
-372.18710 0.00000
-371.78680 0.00000
-369.71240 0.00000
-371.64880 0.00000
-371.81290 0.00000
-373.76730 0.00000
-371.25910 0.00000
-372.43390 0.00000
-372.25490 0.00000
-370.84800 0.00000
-371.57790 0.00000
-372.23070 0.00000
-370.06830 0.00000
-371.53550 0.00000
-371.13560 0.00000
-371.15860 0.00000
-371.07480 0.00000
-371.68430 0.00000
-371.39300 0.00000
-369.83690 0.00000
-370.80610 0.00000
-372.35920 0.00000
-372.82060 0.00000
-372.39260 0.00000
-372.76070 0.00000
-371.00260 0.00000
-370.32680 0.00000
-372.64680 0.00000
-371.13670 0.00000
-371.21520 0.00000
-372.49830 0.00000
-370.30880 0.00000
-370.25530 0.00000
-371.70350 0.00000
-371.81610 0.00000
-372.13210 0.00000
-371.99160 0.00000
-370.36040 0.00000
-373.68240 0.00000
-370.41880 0.00000
-372.73170 0.00000
-370.01180 0.00000
-372.18620 0.00000
-370.94730 0.00000
-371.74990 0.00000
-369.88060 0.00000
-370.93690 0.00000
-370.25940 0.00000
-372.18930 0.00000
-370.77340 0.00000
-369.90240 0.00000
-369.98700 0.00000
-370.61630 0.00000
-371.80610 0.00000
-371.45770 0.00000
-373.15140 0.00000
-372.21800 0.00000
-371.91940 0.00000
-368.99010 0.00000
-371.29710 0.00000
-371.13730 0.00000
-370.37090 0.00000
-370.51470 0.00000
-371.19950 0.00000
-372.80910 0.00000
-371.01020 0.00000
-372.91220 0.00000
-370.89190 0.00000
-370.81870 0.00000
-368.72810 0.00000
-369.95640 0.00000
-371.44230 0.00000
-373.42430 0.00000
-372.06720 0.00000
-370.56840 0.00000
-371.72180 0.00000
-372.19840 0.00000
-370.06770 0.00000
-372.80990 0.00000
-371.50200 0.00000
-369.70650 0.00000
-372.41870 0.00000
-370.43170 0.00000
-373.50770 0.00000
-371.60050 0.00000
-372.13560 0.00000
-370.97070 0.00000
-371.44530 0.00000
-372.31110 0.00000
-372.08000 0.00000
-371.76800 0.00000
-372.10400 0.00000
-371.95700 0.00000
-369.75790 0.00000
-371.16220 0.00000
-371.48040 0.00000
-372.33960 0.00000
-372.50750 0.00000
-371.63920 0.00000
-371.11180 0.00000
-370.30870 0.00000
-371.59570 0.00000
-372.12790 0.00000
-371.33900 0.00000
-372.46910 0.00000
-370.40950 0.00000
-370.23140 0.00000
-371.01680 0.00000
-372.09120 0.00000
-371.68530 0.00000
-370.28210 0.00000
-370.70880 0.00000
-371.21460 0.00000
-372.14140 0.00000
-371.02170 0.00000
-370.46330 0.00000
-370.10200 0.00000
-373.32290 0.00000
-370.53040 0.00000
-372.27730 0.00000
-372.01490 0.00000
-371.71300 0.00000
-372.75790 0.00000
-370.77880 0.00000
-371.16330 0.00000
-371.50680 0.00000
-370.89800 0.00000
-369.51720 0.00000
-372.95520 0.00000
-371.23940 0.00000
-371.99610 0.00000
-372.21990 0.00000
-370.61210 0.00000
-370.99840 0.00000
-370.30000 0.00000
-371.91290 0.00000
-371.90780 0.00000
-371.43650 0.00000
-370.32700 0.00000
-370.58610 0.00000
-370.64300 0.00000
-373.81250 0.00000
-371.06040 0.00000
-372.38340 0.00000
-371.44440 0.00000
-372.35960 0.00000
-372.03490 0.00000
-371.02770 0.00000
-373.75940 0.00000
-369.97750 0.00000
-370.97280 0.00000
-370.40650 0.00000
-372.00840 0.00000
-372.40920 0.00000
-370.52790 0.00000
-370.90080 0.00000
-370.78560 0.00000
-371.74230 0.00000
-370.46720 0.00000
-370.87910 0.00000
-371.34780 0.00000
-371.21180 0.00000
-369.58760 0.00000
-371.98790 0.00000
-373.21770 0.00000
-370.01440 0.00000
-371.87610 0.00000
-372.38920 0.00000
-372.85510 0.00000
-370.31400 0.00000
-372.28290 0.00000
-371.94250 0.00000
-373.86330 0.00000
-372.18450 0.00000
-371.28170 0.00000
-369.68640 0.00000
-370.08140 0.00000
-370.80100 0.00000
-370.89600 0.00000
-370.79460 0.00000
-370.58010 0.00000
-372.55400 0.00000
-371.84050 0.00000
-371.07710 0.00000
-371.00870 0.00000
-372.05100 0.00000
-371.54770 0.00000
-372.11140 0.00000
-371.01570 0.00000
-371.18500 0.00000
-371.64860 0.00000
-370.97850 0.00000
-370.11640 0.00000
-371.46030 0.00000
-371.29230 0.00000
-370.18370 0.00000
-368.66020 0.00000
-371.47980 0.00000
-369.64260 0.00000
