0.00
0.00
42.94
44.17
50.92
54.40
43.15
48.47
62.17
61.35
61.35
60.94
60.74
61.35
61.35
61.35
61.55
62.58
61.96
62.99
62.17
63.19
63.19
62.78
63.19
63.19
62.99
61.55
59.30
63.39
62.99
61.55
61.55
60.94
60.74
60.94
60.74
60.74
60.74
60.33
60.12
60.33
60.12
60.12
60.33
60.12
60.33
60.12
60.12
60.12
60.12
60.33
60.33
60.33
60.53
60.33
60.74
60.74
60.94
60.12
60.33
60.74
61.35
61.55
61.55
62.17
63.39
63.19
64.62
64.21
65.03
64.83
64.83
66.05
65.44
67.69
66.87
66.87
65.85
64.01
62.58
63.39
64.42
65.85
62.58
62.17
61.15
61.15
60.94
60.94
60.94
60.94
60.94
60.94
60.94
60.74
60.94
61.35
62.17
63.39
63.19
45.19
45.19
46.01
44.99
44.58
42.13
44.79
45.19
44.58
44.99
46.22
46.42
46.42
53.17
59.10
58.69
66.05
63.19
58.90
58.90
64.62
73.21
73.21
73.21
69.53
63.19
69.53
68.51
69.53
74.03
77.30
73.01
73.01
76.89
76.28
76.28
77.30
77.71
74.03
73.21
72.60
72.60
72.60
72.60
65.85
69.73
68.92
69.33
70.14
73.01
73.01
73.42
73.01
73.42
74.64
78.12
77.91
77.91
77.30
76.89
76.48
76.48
74.03
70.35
76.89
76.89
76.89
80.37
79.55
80.57
79.55
79.35
77.91
79.14
81.39
79.75
80.98
82.21
82.00
81.39
81.19
79.75
78.32
80.37
78.94
79.55
78.32
79.55
79.55
79.75
78.12
79.55
80.78
80.98
82.62
83.03
82.82
82.82
83.64
83.64
75.66
76.89
75.05
71.37
73.01
70.76
71.57
72.80
72.39
69.94
69.53
72.80
72.19
68.92
68.92
68.92
68.71
67.28
68.51
68.92
68.92
69.73
69.73
67.28
67.08
67.08
68.10
68.92
67.69
67.69
69.53
69.73
71.37
71.37
74.23
74.85
76.48
74.64
74.23
74.23
74.23
75.46
78.53
76.28
78.12
77.30
79.96
80.16
83.03
81.19
78.73
78.73
78.94
77.71
77.51
77.51
75.66
78.94
81.80
80.37
80.37
80.37
78.32
78.32
80.37
80.98
79.35
78.53
79.14
78.53
79.14
78.53
78.32
79.96
77.51
75.46
73.82
73.21
75.26
75.87
76.28
76.69
78.12
76.07
76.07
76.07
76.69
76.69
82.41
82.62
83.03
82.41
82.62
80.98
80.98
80.98
78.94
80.16
80.16
77.51
77.51
77.51
77.51
77.51
77.51
77.51
77.51
77.51
77.51
77.51
77.51
77.51
77.51
77.51
77.51
77.51
77.51
77.51
77.51
77.51
77.51
77.51
77.51
77.51
77.51
77.51
77.51
77.51
77.51
77.51
77.51
77.51
77.51
77.51
77.51
77.51
77.51
77.51
77.51
77.51
77.51
77.51
77.51
77.51
77.51
77.51
77.51
77.51
77.51
77.51
77.51
77.51
77.51
77.51
77.51
77.51
77.51
77.51
77.51
77.51
77.51
77.51
77.51
77.51
77.51
77.51
77.51
77.51
77.51
77.51
77.51
77.51
77.51
77.51
77.51
77.51
77.51
77.51
77.51
77.51
77.51
77.51
77.51
77.51
77.51
77.51
77.51
77.51
77.51
77.51
77.51
77.51
77.51
77.51
77.51
77.51
77.51
77.51
77.51
77.51
77.51
77.51
77.51
77.51
77.51
77.51
77.51
77.51
77.51
77.51
77.51
77.51
77.51
77.51
77.51
77.51
77.51
77.51
77.51
77.51
77.51
77.51
77.51
77.51
77.51
77.51
77.51
77.51
77.51
77.51
77.51
77.51
77.51
77.51
77.51
77.51
77.51
77.51
77.51
77.51
77.51
77.51
77.51
77.51
77.51
77.51
77.51
77.51
77.51
77.51
77.51
77.51
77.51
77.51
77.51
77.51
77.51
77.51
77.51
77.51
77.51
77.51
77.51
77.51
77.51
77.51
77.51
77.51
77.51
77.51
77.51
77.51
77.51
77.51
77.51
77.51
77.51
77.51
77.51
77.51
77.51
77.51
77.51
77.51
77.51
77.51
77.51
77.51
77.51
77.51
77.51
77.51
77.51
77.51
77.51
77.51
77.51
77.51
77.51
77.51
77.51
77.51
77.51
77.51
77.51
77.51
77.51
77.51
77.51
77.51
77.51
77.51
77.51
77.51
77.51
77.51
77.51
77.51
77.51
77.51
77.51
77.51
77.51
77.51
77.51
77.51
77.51
77.51
77.51
77.51
77.51
77.51
77.51
77.51
77.51
77.51
77.51
77.51
77.51
77.51
77.51
77.51
77.51
77.51
77.51
77.51
77.51
77.51
77.51
77.51
77.51
77.51
77.51
77.51
77.51
77.51
77.51
77.51
77.51
77.51
77.51
77.51
77.51
77.51
77.51
77.51
77.51
77.51
77.51
77.51
77.51
77.51
77.51
77.51
77.51
77.51
77.51
77.51
77.51
77.51
77.51
77.51
77.51
77.51
77.51
77.51
77.51
77.51
77.51
77.51
77.51
77.51
77.51
77.51
77.51
77.51
77.51
77.51
77.51
77.51
77.51
77.51
77.51
77.51
77.51
77.51
77.51
77.51
77.51
77.51
77.51
77.51
77.51
77.51
77.51
77.51
77.51
77.51
77.51
77.51
77.51
77.51
77.51
77.51
77.51
77.51
77.51
77.51
77.51
77.51
77.51
77.51
77.51
77.51
77.51
77.51
77.51
77.51
77.51
77.51
77.51
77.51
77.51
77.51
77.51
77.51
77.51
77.51
77.51
77.51
77.51
77.51
77.51
77.51
77.51
45.81
45.81
45.81
53.37
53.17
56.65
56.65
56.65
57.06
57.06
49.28
56.44
53.37
53.37
64.83
67.28
67.28
76.48
82.82
81.39
81.39
83.03
83.03
89.16
85.48
82.41
82.82
85.07
83.03
81.80
77.10
71.37
75.87
70.55
68.51
72.80
72.80
60.12
61.96
66.26
64.62
60.53
60.12
67.28
73.82
86.50
86.09
86.71
87.73
86.71
86.71
85.28
86.91
85.69
85.69
85.69
85.07
85.07
85.07
84.66
84.46
84.25
83.44
83.23
83.23
83.64
82.21
82.00
81.80
83.03
83.03
81.80
81.39
82.00
82.21
82.00
81.80
81.19
82.00
80.98
81.39
82.41
83.44
83.84
83.84
84.05
84.05
84.05
84.05
82.00
83.64
84.46
84.46
83.84
84.46
84.25
84.25
84.25
84.46
84.46
84.66
84.25
85.48
85.69
84.87
84.46
84.66
84.05
84.05
84.46
84.46
84.46
85.28
85.28
85.28
85.28
85.89
85.28
86.09
86.50
87.53
86.71
85.48
84.66
85.07
85.89
87.53
88.96
89.16
89.16
89.16
89.78
89.78
90.18
90.18
90.39
89.98
89.98
89.78
89.16
90.18
90.39
90.39
90.39
90.59
90.59
90.59
90.59
90.59
90.59
90.59
90.59
90.59
90.59
90.59
90.59
90.59
90.59
90.59
90.59
90.59
90.59
90.59
90.59
90.59
90.59
90.59
90.59
90.59
90.59
90.59
90.59
90.59
90.59
90.59
90.59
90.59
90.59
90.59
90.59
90.59
90.59
90.59
90.59
90.59
90.59
90.59
90.59
90.59
90.59
90.59
90.59
90.59
90.59
90.59
90.59
90.59
90.59
90.59
90.59
90.59
90.59
90.59
90.59
90.59
90.59
90.59
90.59
90.59
90.59
90.59
90.59
90.59
90.59
90.59
90.59
90.59
90.59
90.59
90.59
90.59
90.59
90.59
90.59
90.59
90.59
90.59
90.59
90.59
90.59
90.59
90.59
90.59
90.59
90.59
90.59
90.59
90.59
90.59
90.59
90.59
90.59
90.59
90.59
90.59
90.59
90.59
90.59
90.59
90.59
90.59
90.59
90.59
90.59
90.59
90.59
90.59
90.59
90.59
90.59
90.59
90.59
90.59
90.59
90.59
90.59
90.59
90.59
90.59
90.59
90.59
90.59
90.59
90.59
90.59
90.59
90.59
90.59
90.59
90.59
90.59
90.59
90.59
90.59
90.59
90.59
90.59
90.59
90.59
90.59
90.59
90.59
90.59
90.59
90.59
90.59
90.59
90.59
90.59
90.59
90.59
90.59
90.59
90.59
90.59
90.59
90.59
90.59
90.59
90.59
90.59
90.59
90.59
90.59
90.59
90.59
90.59
90.59
90.59
90.59
90.59
90.59
90.59
90.59
90.59
90.59
90.59
90.59
90.59
90.59
90.59
90.59
90.59
90.59
90.59
90.59
90.59
90.59
90.59
90.59
90.59
90.59
90.59
90.59
90.59
90.59
90.59
90.59
90.59
90.59
90.59
90.59
90.59
90.59
90.59
90.59
90.59
90.59
90.59
90.59
90.59
90.59
90.59
90.59
90.59
90.59
90.59
90.59
90.59
90.59
90.59
90.59
90.59
90.59
90.59
90.59
90.59
90.59
90.59
90.59
90.59
90.59
90.59
90.59
90.59
90.59
90.59
90.59
90.59
90.59
90.59
90.59
90.59
90.59
90.59
90.59
90.59
90.59
90.59
90.59
90.59
90.59
90.59
90.59
90.59
90.59
90.59
90.59
90.59
90.59
90.59
90.59
90.59
90.59
90.59
90.59
90.59
90.59
90.59
90.59
90.59
90.59
90.59
90.59
90.59
90.59
90.59
90.59
90.59
90.59
90.59
90.59
90.59
90.59
90.59
90.59
90.59
90.59
90.59
90.59
90.59
90.59
90.59
90.59
90.59
90.59
90.59
90.59
90.59
90.59
90.59
90.59
90.59
90.59
90.59
90.59
90.59
90.59
90.59
90.59
90.59
90.59
90.59
90.59
90.59
90.59
90.59
90.59
90.59
90.59
90.59
90.59
90.59
90.59
90.59
90.59
90.59
90.59
90.59
90.59
90.59
90.59
90.59
90.59
90.59
90.59
90.59
90.59
90.59
90.59
90.59
90.59
90.59
90.59
90.59
90.59
90.59
90.59
90.59
90.59
90.59
90.59
90.59
90.59
90.59
90.59
90.59
90.59
90.59
90.59
90.59
90.59
90.59
90.59
90.59
90.59
90.59
90.59
90.59
90.59
90.59
90.59
90.59
90.59
90.59
90.59
90.59
90.59
90.59
90.59
90.59
90.59
90.59
90.59
90.59
90.59
90.59
90.59
90.59
90.59
90.59
90.59
90.59
90.59
90.59
74.44
73.62
74.85
71.57
71.37
73.82
75.05
76.07
73.42
72.19
70.35
70.35
70.14
70.14
69.73
72.60
72.60
75.66
76.28
80.37
78.94
77.51
75.66
75.46
75.05
77.71
79.75
81.80
80.16
82.82
78.94
80.57
79.75
79.75
82.62
86.09
88.96
86.91
88.75
91.41
89.16
89.78
90.80
92.64
92.64
92.64
92.23
92.43
91.82
91.62
90.80
91.62
92.23
91.21
92.23
91.82
90.80
91.41
92.02
91.21
91.21
91.21
91.21
90.80
91.41
91.62
92.02
92.23
92.23
91.41
92.02
91.21
90.59
91.00
90.18
88.75
88.75
89.37
90.80
90.59
90.59
90.59
91.62
92.23
91.82
90.59
91.21
91.00
91.00
92.64
92.23
92.23
93.05
93.46
93.46
94.07
93.66
93.46
92.84
92.84
92.84
92.84
92.84
92.84
92.84
92.84
92.84
92.84
92.84
92.84
92.84
92.84
92.84
92.84
92.84
92.84
92.84
92.84
92.84
92.84
92.84
92.84
92.84
92.84
92.84
92.84
92.84
92.84
92.84
92.84
92.84
92.84
92.84
92.84
92.84
92.84
92.84
92.84
92.84
92.84
92.84
92.84
92.84
92.84
92.84
92.84
92.84
92.84
92.84
92.84
92.84
92.84
92.84
92.84
92.84
92.84
92.84
92.84
92.84
92.84
92.84
92.84
92.84
92.84
92.84
92.84
92.84
92.84
92.84
92.84
92.84
92.84
92.84
92.84
92.84
92.84
92.84
92.84
92.84
92.84
92.84
92.84
92.84
92.84
92.84
92.84
92.84
92.84
92.84
92.84
92.84
92.84
92.84
92.84
92.84
92.84
92.84
92.84
92.84
92.84
92.84
92.84
92.84
92.84
92.84
92.84
92.84
92.84
92.84
92.84
92.84
92.84
92.84
92.84
92.84
92.84
92.84
92.84
92.84
92.84
92.84
92.84
92.84
92.84
92.84
92.84
92.84
92.84
92.84
92.84
92.84
92.84
92.84
92.84
92.84
92.84
92.84
92.84
92.84
92.84
92.84
92.84
92.84
92.84
92.84
92.84
92.84
92.84
92.84
92.84
92.84
92.84
92.84
92.84
92.84
92.84
92.84
92.84
92.84
92.84
92.84
92.84
92.84
92.84
92.84
92.84
92.84
92.84
92.84
92.84
92.84
92.84
92.84
92.84
92.84
92.84
92.84
92.84
92.84
92.84
92.84
92.84
92.84
92.84
92.84
92.84
92.84
92.84
92.84
92.84
92.84
92.84
92.84
92.84
92.84
92.84
92.84
92.84
92.84
92.84
92.84
92.84
92.84
92.84
92.84
92.84
92.84
92.84
92.84
92.84
92.84
92.84
92.84
92.84
92.84
92.84
92.84
92.84
92.84
92.84
92.84
92.84
92.84
92.84
92.84
92.84
92.84
92.84
92.84
92.84
92.84
92.84
92.84
92.84
92.84
92.84
92.84
92.84
92.84
92.84
92.84
92.84
92.84
92.84
92.84
92.84
92.84
92.84
92.84
92.84
92.84
92.84
92.84
92.84
92.84
92.84
92.84
92.84
92.84
92.84
92.84
92.84
92.84
92.84
92.84
92.84
92.84
92.84
92.84
92.84
92.84
92.84
92.84
92.84
92.84
92.84
92.84
92.84
92.84
92.84
92.84
92.84
92.84
92.84
92.84
92.84
92.84
92.84
92.84
92.84
92.84
92.84
92.84
92.84
92.84
92.84
92.84
92.84
92.84
92.84
92.84
92.84
92.84
92.84
92.84
92.84
92.84
92.84
92.84
92.84
92.84
92.84
92.84
92.84
92.84
92.84
92.84
92.84
92.84
92.84
92.84
92.84
92.84
92.84
92.84
92.84
92.84
92.84
92.84
92.84
92.84
92.84
92.84
92.84
92.84
92.84
92.84
92.84
92.84
92.84
92.84
92.84
92.84
92.84
92.84
92.84
92.84
92.84
92.84
92.84
92.84
92.84
92.84
92.84
92.84
92.84
92.84
92.84
92.84
92.84
92.84
92.84
92.84
92.84
92.84
92.84
92.84
92.84
92.84
92.84
92.84
92.84
92.84
92.84
92.84
92.84
92.84
92.84
92.84
92.84
92.84
92.84
92.84
92.84
92.84
92.84
92.84
92.84
92.84
92.84
92.84
92.84
92.84
92.84
92.84
92.84
92.84
92.84
92.84
92.84
92.84
92.84
92.84
92.84
92.84
92.84
92.84
92.84
92.84
92.84
92.84
92.84
92.84
92.84
92.84
92.84
92.84
92.84
92.84
92.84
92.84
92.84
92.84
92.84
92.84
92.84
92.84
92.84
92.84
92.84
92.84
92.84
92.84
92.84
92.84
92.84
92.84
92.84
92.84
92.84
92.84
92.84
92.84
92.84
92.84
92.84
92.84
92.84
92.84
92.84
92.84
92.84
92.84
92.84
92.84
92.84
92.84
92.84
92.84
92.84
92.84
92.84
92.84
92.84
92.84
92.84
92.84
92.84
92.84
92.84
92.84
92.84
92.84
92.84
92.84
92.84
92.84
92.84
92.84
92.84
92.84
92.84
92.84
92.84
92.84
92.84
92.84
92.84
92.84
92.84
92.84
92.84
92.84
92.84
92.84
92.84
92.84
92.84
92.84
92.84
92.84
92.84
92.84
92.84
92.84
92.84
92.84
92.84
92.84
92.84
92.84
92.84
92.84
92.84
92.84
92.84
92.84
92.84
92.84
92.84
92.84
92.84
92.84
92.84
92.84
92.84
92.84
92.84
92.84
92.84
92.84
92.84
92.84
92.84
92.84
92.84
92.84
92.84
92.84
92.84
92.84
92.84
92.84
92.84
92.84
92.84
92.84
92.84
92.84
92.84
92.84
92.84
92.84
92.84
92.84
92.84
92.84
92.84
92.84
92.84
92.84
92.84
92.84
92.84
92.84
92.84
92.84
92.84
92.84
92.84
92.84
92.84
92.84
92.84
92.84
92.84
92.84
92.84
92.84
92.84
92.84
92.84
92.84
92.84
92.84
92.84
92.84
92.84
92.84
92.84
92.84
92.84
92.84
92.84
92.84
92.84
92.84
92.84
92.84
92.84
92.84
92.84
92.84
92.84
92.84
92.84
92.84
92.84
92.84
92.84
92.84
92.84
92.84
92.84
92.84
92.84
92.84
92.84
92.84
92.84
92.84
92.84
92.84
92.84
92.84
92.84
92.84
92.84
92.84
92.84
92.84
92.84
92.84
92.84
92.84
92.84
92.84
92.84
92.84
79.14
79.55
80.37
81.80
80.37
79.75
80.16
79.55
79.55
80.16
79.55
79.55
79.55
80.37
82.82
82.82
83.44
83.64
83.03
83.23
84.66
83.23
83.64
83.64
83.44
84.25
85.07
84.87
85.28
85.48
85.07
84.87
84.87
85.28
85.28
85.28
85.07
85.07
85.07
85.28
85.28
84.87
84.05
83.03
83.03
84.46
85.48
85.48
85.28
85.07
85.07
86.09
86.09
85.89
85.48
85.48
84.25
84.66
85.07
84.87
84.25
84.25
84.25
84.25
84.25
84.25
84.25
84.25
84.25
84.25
84.25
84.25
84.25
84.25
84.25
84.25
84.25
84.25
84.25
84.25
84.25
84.25
84.25
84.25
84.25
84.25
84.25
84.25
84.25
84.25
84.25
84.25
84.25
84.25
84.25
84.25
84.25
84.25
84.25
84.25
84.25
84.25
84.25
84.25
84.25
84.25
84.25
84.25
84.25
84.25
84.25
84.25
84.25
84.25
84.25
84.25
84.25
84.25
84.25
84.25
84.25
84.25
84.25
84.25
84.25
84.25
84.25
84.25
84.25
84.25
84.25
84.25
84.25
84.25
84.25
84.25
84.25
84.25
84.25
84.25
84.25
84.25
84.25
84.25
84.25
84.25
84.25
84.25
84.25
84.25
84.25
84.25
84.25
84.25
84.25
84.25
84.25
84.25
84.25
84.25
84.25
84.25
84.25
84.25
84.25
84.25
84.25
84.25
84.25
84.25
84.25
84.25
84.25
84.25
84.25
84.25
84.25
84.25
84.25
84.25
84.25
84.25
84.25
84.25
84.25
84.25
84.25
84.25
84.25
84.25
84.25
84.25
84.25
84.25
84.25
84.25
84.25
84.25
84.25
84.25
84.25
84.25
84.25
84.25
84.25
84.25
84.25
84.25
84.25
84.25
84.25
84.25
84.25
84.25
84.25
84.25
84.25
84.25
84.25
84.25
84.25
84.25
84.25
84.25
84.25
84.25
84.25
84.25
84.25
84.25
84.25
84.25
84.25
84.25
84.25
84.25
84.25
84.25
84.25
84.25
84.25
84.25
84.25
84.25
84.25
84.25
84.25
84.25
84.25
84.25
84.25
84.25
84.25
84.25
84.25
84.25
84.25
84.25
84.25
84.25
84.25
95.71
95.30
95.71
94.89
95.30
95.30
95.30
95.50
95.30
95.30
95.30
95.09
95.09
95.09
95.30
95.09
95.09
95.09
95.30
95.30
95.30
95.30
95.30
95.30
95.30
95.09
95.09
95.09
95.30
95.30
95.09
95.30
94.68
94.48
94.27
94.48
94.48
94.68
94.68
94.68
94.27
94.89
95.09
95.09
95.50
95.50
96.11
96.11
96.11
96.11
96.11
96.52
96.11
96.32
96.32
96.32
96.32
96.32
96.52
96.32
96.32
95.50
95.50
95.50
95.50
95.50
95.50
95.50
95.50
95.50
95.50
95.50
95.50
95.50
95.50
95.50
95.50
95.30
95.50
95.30
95.30
95.30
95.50
95.50
95.71
95.71
96.11
95.91
96.11
96.32
96.32
96.32
96.11
96.11
96.11
96.11
96.11
96.11
96.11
96.11
96.11
96.11
96.11
96.11
96.11
96.11
96.11
96.11
96.11
96.11
96.11
96.11
96.11
96.11
96.11
96.11
96.11
96.11
96.11
96.11
96.11
96.11
96.11
96.11
96.11
96.11
96.11
96.11
96.11
96.11
96.11
96.11
96.11
96.11
96.11
96.11
96.11
96.11
96.11
96.11
96.11
96.11
96.11
96.11
96.11
96.11
96.11
96.11
96.11
96.11
96.11
96.11
96.11
96.11
96.11
96.11
96.11
96.11
96.11
96.11
96.11
96.11
96.11
96.11
96.11
96.11
96.11
96.11
96.11
96.11
96.11
96.11
96.11
96.11
96.11
96.11
96.11
96.11
96.11
96.11
96.11
96.11
96.11
96.11
96.11
96.11
96.11
96.11
96.11
96.11
96.11
96.11
96.11
96.11
96.11
96.11
96.11
96.11
96.11
96.11
96.11
96.11
96.11
96.11
96.11
96.11
96.11
96.11
96.11
96.11
96.11
96.11
96.11
96.11
96.11
96.11
96.11
96.11
96.11
96.11
96.11
96.11
96.11
96.11
96.11
96.11
96.11
96.11
96.11
96.11
96.11
96.11
96.11
96.11
96.11
96.11
96.11
96.11
96.11
96.11
96.11
96.11
96.11
96.11
96.11
96.11
96.11
96.11
96.11
96.11
96.11
96.11
96.11
96.11
96.11
96.11
96.11
96.11
96.11
96.11
96.11
96.11
96.11
96.11
96.11
96.11
96.11
96.11
96.11
96.11
96.11
96.11
96.11
96.11
96.11
96.11
96.11
96.11
96.11
96.11
96.11
96.11
96.11
96.11
96.11
96.11
96.11
96.11
96.11
96.11
96.11
96.11
96.11
96.11
96.11
96.11
96.11
96.11
96.11
96.11
80.57
80.57
81.19
81.60
84.05
84.05
84.87
84.87
85.69
85.69
85.69
85.89
86.09
86.09
86.50
86.50
86.50
86.30
86.30
86.91
86.71
87.12
87.93
87.93
87.32
87.73
87.73
87.73
87.73
87.93
88.55
88.55
87.73
87.73
87.73
87.12
87.12
87.32
86.91
85.69
85.69
85.89
82.41
85.69
85.69
85.69
84.66
86.50
86.50
87.32
86.91
87.32
87.32
87.32
87.32
87.73
87.12
86.50
85.48
81.19
82.00
82.00
84.05
81.60
83.23
80.78
80.78
82.00
82.00
81.19
83.64
83.64
84.05
84.66
84.66
86.91
87.32
87.53
88.14
88.14
88.34
88.34
88.34
89.16
89.16
89.16
88.96
89.37
88.96
89.37
88.55
88.34
88.55
88.55
88.55
88.55
88.55
88.55
88.55
88.34
94.68
94.48
94.48
94.48
94.48
93.87
93.87
93.87
93.87
93.87
93.87
93.87
93.87
93.66
93.66
93.66
93.66
93.25
93.25
93.66
93.66
93.66
93.66
93.25
93.05
93.05
92.84
92.84
93.05
93.05
93.05
92.23
91.82
92.43
92.64
93.05
93.05
93.25
93.25
93.25
93.46
93.25
93.25
92.84
92.43
92.23
92.23
91.41
91.41
91.41
91.41
92.23
92.43
92.43
92.43
92.43
93.25
93.25
93.25
93.25
91.62
91.21
91.21
91.21
91.21
91.41
91.41
91.62
91.82
92.02
92.02
92.02
91.82
91.82
91.00
91.00
90.80
91.00
92.64
93.05
93.05
93.05
93.25
93.25
93.87
93.87
93.87
93.25
93.25
93.25
93.46
93.66
93.87
93.87
93.25
93.25
93.05
92.84
92.84
92.84
92.84
92.84
92.84
92.84
92.84
92.84
92.84
92.84
92.84
92.84
92.84
92.84
92.84
92.84
92.84
92.84
92.84
92.84
92.84
92.84
92.84
92.84
92.84
92.84
92.84
92.84
92.84
92.84
92.84
92.84
92.84
92.84
92.84
92.84
92.84
92.84
92.84
92.84
92.84
92.84
92.84
92.84
92.84
92.84
92.84
92.84
92.84
92.84
92.84
92.84
92.84
92.84
92.84
92.84
92.84
92.84
92.84
92.84
92.84
92.84
92.84
92.84
92.84
92.84
92.84
92.84
92.84
92.84
92.84
92.84
92.84
92.84
92.84
92.84
92.84
92.84
92.84
92.84
92.84
92.84
92.84
92.84
92.84
92.84
92.84
92.84
92.84
92.84
92.84
92.84
92.84
92.84
92.84
92.84
92.84
92.84
92.84
92.84
92.84
92.84
92.84
92.84
92.84
92.84
92.84
92.84
92.84
92.84
92.84
92.84
92.84
92.84
92.84
92.84
92.84
92.84
92.84
92.84
92.84
92.84
92.84
92.84
92.84
92.84
92.84
92.84
92.84
92.84
92.84
92.84
92.84
92.84
92.84
92.84
92.84
92.84
92.84
92.84
92.84
92.84
92.84
92.84
92.84
92.84
92.84
92.84
92.84
92.84
92.84
92.84
92.84
92.84
92.84
92.84
92.84
92.84
92.84
92.84
92.84
92.84
92.84
92.84
92.84
92.84
92.84
92.84
92.84
92.84
92.84
92.84
92.84
92.84
92.84
92.84
92.84
92.84
92.84
92.84
92.84
92.84
92.84
92.84
92.84
92.84
92.84
92.84
92.84
92.84
92.84
92.84
92.84
92.84
92.84
92.84
92.84
92.84
92.84
92.84
92.84
92.84
93.46
93.25
93.25
93.25
93.25
93.25
93.46
93.05
93.25
93.25
93.25
93.46
93.46
93.46
93.25
93.25
93.05
93.25
93.05
93.25
93.25
93.25
93.25
92.84
92.84
93.46
93.46
93.46
93.66
93.66
93.87
93.87
93.66
93.87
93.46
93.46
93.46
93.66
93.87
93.66
93.87
93.66
94.27
93.87
94.48
94.48
94.27
94.27
94.89
95.09
94.89
95.50
95.71
95.71
95.71
95.50
95.71
95.91
95.91
95.91
95.91
95.91
95.71
95.71
95.71
95.71
95.71
95.71
95.71
95.71
95.71
95.71
95.50
95.71
95.71
95.71
95.91
95.71
95.71
95.71
95.71
95.71
95.91
95.91
95.91
95.71
95.50
95.71
95.71
95.91
95.71
95.91
95.91
95.91
95.50
95.50
95.91
95.91
96.11
96.11
96.11
96.11
96.11
96.11
96.11
96.11
96.11
96.11
96.11
96.11
96.11
96.11
96.11
96.11
96.11
96.11
96.11
96.11
96.11
96.11
96.11
96.11
96.11
96.11
96.11
96.11
96.11
96.11
96.11
96.11
96.11
96.11
96.11
96.11
96.11
96.11
96.11
96.11
96.11
96.11
96.11
96.11
96.11
96.11
96.11
96.11
96.11
96.11
96.11
96.11
96.11
96.11
96.11
96.11
96.11
96.11
96.11
96.11
96.11
96.11
96.11
96.11
96.11
96.11
96.11
96.11
96.11
96.11
96.11
96.11
96.11
96.11
96.11
96.11
96.11
96.11
96.11
96.11
96.11
96.11
96.11
96.11
96.11
96.11
96.11
96.11
96.11
96.11
96.11
96.11
96.11
96.11
96.11
96.11
96.11
96.11
96.11
96.11
96.11
96.11
96.11
96.11
96.11
96.11
96.11
96.11
96.11
96.11
96.11
96.11
96.11
96.11
96.11
96.11
96.11
96.11
96.11
96.11
96.11
96.11
96.11
96.11
96.11
96.11
96.11
96.11
96.11
96.11
96.11
96.11
96.11
96.11
96.11
96.11
96.11
96.11
96.11
96.11
96.11
96.11
96.11
96.11
96.11
96.11
96.11
96.11
96.11
96.11
96.11
96.11
96.11
96.11
96.11
96.11
96.11
96.11
96.11
96.11
96.11
96.11
96.11
96.11
96.11
96.11
96.11
96.11
96.11
96.11
96.11
96.11
96.11
96.11
96.11
96.11
96.11
96.11
96.11
96.11
96.11
96.11
96.11
96.11
96.11
96.11
96.11
96.11
96.11
96.11
96.11
96.11
96.11
96.11
96.11
96.11
96.11
96.11
96.11
96.11
96.11
96.11
96.11
96.11
96.11
96.11
96.11
96.11
96.11
96.11
96.11
96.11
96.11
96.11
96.11
96.11
96.11
96.11
96.11
96.11
96.11
96.11
96.11
96.11
96.11
96.11
96.11
96.11
96.11
96.11
96.11
96.11
96.11
96.11
96.11
96.11
96.11
96.11
96.11
96.11
96.11
96.11
96.11
96.11
96.11
96.11
96.11
96.11
96.11
96.11
96.11
96.11
96.11
96.11
96.11
96.11
96.11
96.11
96.11
96.11
96.11
96.11
96.11
96.11
96.11
96.11
96.11
96.11
96.11
96.11
96.11
96.11
96.11
96.11
96.11
96.11
96.11
96.11
96.11
96.11
96.11
96.11
96.11
96.11
96.11
96.11
96.11
96.11
96.11
96.11
96.11
96.11
96.11
96.11
96.11
96.11
96.11
96.11
96.11
96.11
96.11
96.11
96.11
96.11
96.11
96.11
96.11
96.11
96.11
96.11
96.11
96.11
96.11
96.11
96.11
96.11
96.11
96.11
96.11
96.11
96.11
96.11
96.11
96.11
96.11
96.11
96.11
96.11
96.11
96.11
96.11
96.11
96.11
96.11
96.11
96.11
96.11
96.11
96.11
96.11
96.11
96.11
96.11
96.11
96.11
96.11
96.11
96.11
96.11
96.11
96.11
96.11
96.11
96.11
96.11
96.11
96.11
96.11
96.11
96.11
96.11
96.11
96.11
96.11
96.11
96.11
96.11
96.11
96.11
96.11
96.11
96.11
96.11
96.11
96.11
96.11
96.11
96.11
96.11
96.11
96.11
96.11
96.11
96.11
96.11
96.11
96.11
96.11
96.11
96.11
96.11
96.11
96.11
96.11
96.11
96.11
96.11
96.11
96.11
96.11
96.11
96.11
96.11
96.11
96.11
96.11
96.11
96.11
96.11
96.11
96.11
96.11
96.11
96.11
96.11
96.11
96.11
96.11
96.11
96.11
96.11
96.11
96.11
96.11
96.11
96.11
96.11
96.11
96.11
96.11
96.11
96.11
96.11
96.11
96.11
96.11
96.11
96.11
96.11
96.11
96.11
96.11
96.11
96.11
96.11
96.11
96.11
96.11
96.11
96.11
96.11
96.11
96.11
96.11
96.11
96.11
96.11
96.11
96.11
96.11
96.11
96.11
96.11
96.11
96.11
96.11
96.11
96.11
96.11
96.11
96.11
96.11
96.11
96.11
96.11
96.11
96.11
96.11
96.11
96.11
96.11
96.11
96.11
96.11
96.11
96.11
96.11
96.11
96.11
96.11
96.11
96.11
96.11
96.11
96.11
96.11
96.11
96.11
96.11
96.11
96.11
96.11
96.11
96.11
96.11
96.11
96.11
96.11
96.11
96.11
96.11
96.11
96.11
96.11
96.11
96.11
96.11
96.11
96.11
96.11
96.11
96.11
96.11
96.11
96.11
96.11
96.11
96.11
96.11
96.11
96.11
96.11
96.11
96.11
96.11
96.11
96.11
96.11
96.11
96.11
96.11
96.11
96.11
96.11
96.11
96.11
96.11
96.11
96.11
96.11
96.11
96.11
96.11
96.11
96.11
96.11
96.11
96.11
96.11
96.11
96.11
96.11
96.11
96.11
96.11
96.11
96.11
96.11
96.11
96.11
96.11
96.11
96.11
96.11
96.11
96.11
96.11
96.11
96.11
96.11
96.11
96.11
96.11
96.11
96.11
96.11
96.11
96.11
96.11
96.11
96.11
96.11
96.11
96.11
96.11
96.11
96.11
96.11
96.11
96.11
96.11
96.11
96.11
96.11
96.11
96.11
96.11
96.11
96.11
96.11
96.11
96.11
96.11
96.11
96.11
96.11
96.11
96.11
96.11
96.11
96.11
96.11
96.11
96.11
96.11
96.11
96.11
96.11
96.11
96.11
96.11
96.11
96.11
96.11
96.11
96.11
96.11
96.11
96.11
96.11
96.11
96.11
96.11
96.11
96.11
96.11
96.11
96.11
96.11
96.11
96.11
96.11
96.11
96.11
96.11
96.11
96.11
96.11
96.11
96.11
96.11
96.11
96.11
96.11
96.11
96.11
96.11
96.11
96.11
96.11
96.11
96.11
96.11
96.11
96.11
96.11
96.11
96.11
96.11
96.11
96.11
96.11
96.11
96.11
96.11
96.11
96.11
96.11
96.11
96.11
96.11
96.11
96.11
96.11
96.11
96.11
96.11
96.11
96.11
96.11
96.11
96.11
96.11
96.11
96.11
96.11
96.11
96.11
96.11
96.11
96.11
96.11
96.11
96.11
96.11
96.11
96.11
96.11
96.11
96.11
96.11
96.11
96.11
96.11
96.11
96.11
96.11
96.11
96.11
96.11
96.11
96.11
96.11
96.11
96.11
96.11
96.11
96.11
96.11
96.11
96.11
96.11
96.11
96.11
96.11
96.11
96.11
96.11
96.11
96.11
96.11
96.11
96.11
96.11
96.11
96.11
96.11
96.11
96.11
96.11
96.11
96.11
96.11
96.11
96.11
96.11
96.11
96.11
96.11
96.11
96.11
96.11
96.11
96.11
96.11
96.11
96.11
96.11
96.11
96.11
96.11
96.11
96.11
96.11
96.11
96.11
96.11
96.11
96.11
96.11
96.11
96.11
96.11
96.11
96.11
96.11
96.11
96.11
96.11
96.11
96.11
96.11
96.11
96.11
96.11
96.11
96.11
96.11
96.11
96.11
96.11
96.11
96.11
96.11
96.11
96.11
96.11
96.11
96.11
96.11
96.11
96.11
96.11
96.11
96.11
96.11
96.11
96.11
96.11
96.11
96.11
96.11
96.11
96.11
96.11
96.11
96.11
96.11
96.11
96.11
96.11
96.11
96.11
96.11
96.11
96.11
96.11
96.11
96.11
96.11
96.11
96.11
96.11
96.11
96.11
96.11
96.11
96.11
96.11
96.11
96.11
96.11
96.11
96.11
96.11
96.11
96.11
96.11
96.11
96.11
96.11
96.11
96.11
96.11
96.11
96.11
96.11
96.11
96.11
96.11
96.11
96.11
96.11
96.11
96.11
96.11
96.11
96.11
96.11
96.11
96.11
96.11
96.11
96.11
96.11
96.11
96.11
96.11
96.11
96.11
96.11
96.11
96.11
96.11
96.11
96.11
96.11
96.11
96.11
96.11
96.11
96.11
96.11
96.11
96.11
96.11
96.11
96.11
96.11
96.11
96.11
96.11
96.11
96.11
96.11
96.11
96.11
96.11
96.11
96.11
96.11
96.11
96.11
96.11
96.11
96.11
96.11
96.11
96.11
96.11
96.11
96.11
96.11
96.11
96.11
96.11
96.11
96.11
96.11
96.11
96.11
96.11
96.11
96.11
96.11
96.11
96.11
96.11
96.11
96.11
96.11
96.11
96.11
96.11
96.11
96.11
96.11
96.11
96.11
96.11
96.11
96.11
96.11
96.11
96.11
96.11
96.11
96.11
96.11
96.11
96.11
96.11
96.11
96.11
96.11
96.11
96.11
96.11
96.11
96.11
96.11
96.11
96.11
96.11
96.11
96.11
96.11
96.11
96.11
96.11
96.11
96.11
96.11
96.11
96.11
96.11
96.11
96.11
96.11
96.11
96.11
96.11
96.11
96.11
96.11
96.11
96.11
96.11
96.11
96.11
96.11
96.11
96.11
96.11
96.11
96.11
96.11
96.11
96.11
96.11
96.11
96.11
96.11
96.11
96.11
96.11
96.11
96.11
96.11
96.11
96.11
96.11
96.11
96.11
96.11
96.11
96.11
96.11
96.11
96.11
96.11
96.11
96.11
96.11
96.11
96.11
96.11
96.11
96.11
96.11
96.11
96.11
96.11
96.11
96.11
96.11
96.11
96.11
96.11
96.11
96.11
96.11
96.11
96.11
96.11
96.11
96.11
96.11
96.11
96.11
96.11
96.11
96.11
96.11
96.11
96.11
96.11
96.11
96.11
96.11
96.11
96.11
96.11
96.11
96.11
96.11
96.11
96.11
96.11
96.11
96.11
96.11
96.11
96.11
96.11
96.11
96.11
96.11
96.11
96.11
96.11
96.11
96.11
96.11
96.11
96.11
96.11
96.11
96.11
96.11
96.11
96.11
96.11
96.11
96.11
96.11
96.11
96.11
96.11
96.11
96.11
96.11
96.11
96.11
96.11
96.11
96.11
96.11
96.11
96.11
96.11
96.11
96.11
96.11
96.11
96.11
96.11
96.11
96.11
96.11
96.11
96.11
96.11
96.11
96.11
96.11
96.11
96.11
96.11
96.11
96.11
96.11
96.11
96.11
96.11
96.11
96.11
96.11
96.11
96.11
96.11
96.11
96.11
96.11
96.11
96.11
96.11
96.11
96.11
96.11
96.11
96.11
96.11
96.11
96.11
96.11
96.11
96.11
96.11
96.11
96.11
96.11
96.11
96.11
96.11
96.11
96.11
96.11
96.11
96.11
96.11
96.11
96.11
96.11
96.11
96.11
96.11
96.11
96.11
96.11
96.11
96.11
96.11
96.11
96.11
96.11
96.11
96.11
96.11
96.11
96.11
96.11
96.11
96.11
96.11
96.11
96.11
96.11
96.11
96.11
96.11
96.11
96.11
96.11
96.11
96.11
96.11
96.11
96.11
96.11
96.11
96.11
96.11
96.11
96.11
96.11
96.11
96.11
96.11
96.11
96.11
96.11
96.11
96.11
96.11
96.11
96.11
96.11
96.11
96.11
96.11
96.11
96.11
96.11
96.11
96.11
96.11
96.11
96.11
96.11
96.11
96.11
96.11
96.11
96.11
96.11
96.11
96.11
96.11
96.11
96.11
96.11
96.11
96.11
96.11
96.11
96.11
96.11
96.11
96.11
96.11
96.11
96.11
96.11
96.11
96.11
96.11
96.11
96.11
96.11
96.11
96.11
96.11
96.11
96.11
96.11
96.11
96.11
96.11
96.11
96.11
96.11
96.11
96.11
96.11
96.11
96.11
96.11
96.11
96.11
96.11
96.11
96.11
96.11
96.11
96.11
96.11
96.11
96.11
96.11
96.11
96.11
96.11
96.11
96.11
96.11
96.11
96.11
96.11
96.11
96.11
96.11
96.11
96.11
96.11
96.11
96.11
96.11
96.11
96.11
96.11
96.11
96.11
96.11
96.11
96.11
96.11
96.11
96.11
96.11
96.11
96.11
96.11
96.11
96.11
96.11
96.11
96.11
96.11
96.11
96.11
96.11
96.11
96.11
96.11
96.11
96.11
96.11
96.11
96.11
96.11
96.11
96.11
96.11
96.11
96.11
96.11
96.11
96.11
96.11
96.11
96.11
96.11
96.11
96.11
96.11
96.11
96.11
96.11
96.11
96.11
96.11
96.11
96.11
96.11
96.11
96.11
96.11
96.11
96.11
96.11
96.11
96.11
96.11
96.11
96.11
96.11
96.11
96.11
96.11
96.11
96.11
96.11
96.11
96.11
96.11
96.11
96.11
96.11
96.11
96.11
96.11
96.11
96.11
96.11
96.11
96.11
96.11
96.11
96.11
96.11
96.11
96.11
96.11
96.11
96.11
96.11
96.11
96.11
96.11
96.11
96.11
96.11
96.11
96.11
96.11
96.11
96.11
96.11
96.11
96.11
96.11
96.11
96.11
96.11
96.11
96.11
96.11
96.11
96.11
96.11
96.11
96.11
96.11
96.11
96.11
96.11
96.11
96.11
96.11
96.11
96.11
96.11
96.11
96.11
96.11
96.11
96.11
96.11
96.11
96.11
96.11
96.11
96.11
96.11
96.11
96.11
96.11
96.11
96.11
96.11
96.11
96.11
96.11
96.11
96.11
96.11
96.11
96.11
96.11
96.11
96.11
96.11
96.11
96.11
96.11
96.11
96.11
96.11
96.11
96.11
96.11
96.11
96.11
96.11
96.11
96.11
96.11
96.11
96.11
96.11
96.11
96.11
96.11
96.11
96.11
96.11
96.11
96.11
96.11
96.11
96.11
96.11
96.11
96.11
96.11
96.11
96.11
96.11
96.11
96.11
96.11
96.11
96.11
96.11
96.11
96.11
96.11
96.11
96.11
96.11
96.11
96.11
96.11
96.11
96.11
96.11
96.11
96.11
96.11
96.11
96.11
96.11
96.11
96.11
96.11
96.11
96.11
96.11
96.11
96.11
96.11
96.11
96.11
96.11
96.11
96.11
96.11
96.11
96.11
96.11
96.11
96.11
96.11
96.11
96.11
96.11
96.11
96.11
96.11
96.11
96.11
96.11
96.11
96.11
96.11
96.11
96.11
96.11
96.11
96.11
96.11
96.11
96.11
96.11
96.11
96.11
96.11
96.11
96.11
96.11
96.11
96.11
96.11
96.11
96.11
96.11
96.11
96.11
96.11
96.11
96.11
96.11
96.11
96.11
96.11
96.11
96.11
96.11
96.11
96.11
96.11
96.11
96.11
96.11
96.11
96.11
96.11
96.11
96.11
96.11
96.11
96.11
96.11
96.11
96.11
96.11
96.11
96.11
96.11
96.11
96.11
96.11
96.11
96.11
96.11
96.11
96.11
96.11
96.11
96.11
96.11
96.11
96.11
96.11
96.11
96.11
96.11
96.11
96.11
96.11
96.11
96.11
96.11
96.11
96.11
96.11
96.11
96.11
96.11
96.11
96.11
96.11
96.11
96.11
96.11
96.11
96.11
96.11
96.11
96.11
96.11
96.11
96.11
96.11
96.11
96.11
96.11
96.11
96.11
96.11
96.11
96.11
96.11
96.11
96.11
96.11
96.11
96.11
96.11
96.11
96.11
96.11
96.11
96.11
96.11
96.11
96.11
96.11
96.11
96.11
96.11
96.11
96.11
96.11
96.11
96.11
96.11
96.11
96.11
96.11
96.11
96.11
96.11
96.11
96.11
96.11
96.11
96.11
96.11
96.11
96.11
96.11
96.11
96.11
96.11
96.11
96.11
96.11
96.11
96.11
96.11
96.11
96.11
96.11
96.11
96.11
96.11
96.11
96.11
96.11
96.11
96.11
96.11
96.11
96.11
96.11
96.11
96.11
96.11
96.11
96.11
96.11
96.11
96.11
96.11
96.11
96.11
96.11
96.11
96.11
96.11
96.11
96.11
96.11
96.11
96.11
96.11
96.11
96.11
96.11
96.11
96.11
96.11
96.11
96.11
96.11
96.11
96.11
96.11
96.11
96.11
96.11
96.11
96.11
96.11
96.11
96.11
96.11
96.11
96.11
96.11
96.11
96.11
96.11
96.11
96.11
96.11
96.11
96.11
96.11
96.11
96.11
96.11
96.11
96.11
96.11
96.11
96.11
96.11
96.11
96.11
96.11
96.11
96.11
96.11
96.11
96.11
96.11
96.11
96.11
96.11
96.11
96.11
96.11
96.11
96.11
96.11
96.11
96.11
96.11
96.11
96.11
96.11
96.11
96.11
96.11
96.11
96.11
96.11
96.11
96.11
96.11
96.11
96.11
96.11
96.11
96.11
96.11
96.11
96.11
96.11
96.11
96.11
96.11
96.11
96.11
96.11
96.11
96.11
96.11
96.11
96.11
96.11
96.11
96.11
96.11
96.11
96.11
96.11
96.11
96.11
96.11
96.11
96.11
96.11
96.11
96.11
96.11
96.11
96.11
96.11
96.11
96.11
96.11
96.11
96.11
96.11
96.11
96.11
96.11
96.11
96.11
96.11
96.11
96.11
96.11
96.11
96.11
96.11
96.11
96.11
96.11
96.11
96.11
96.11
96.11
96.11
96.11
96.11
96.11
96.11
96.11
96.11
96.11
96.11
96.11
96.11
96.11
96.11
96.11
96.11
96.11
96.11
96.11
96.11
96.11
96.11
96.11
96.11
96.11
96.11
96.11
96.11
96.11
96.11
96.11
96.11
96.11
96.11
96.11
96.11
96.11
96.11
96.11
96.11
96.11
96.11
96.11
96.11
96.11
96.11
96.11
96.11
96.11
96.11
96.11
96.11
96.11
96.11
96.11
96.11
96.11
96.11
96.11
96.11
96.11
96.11
96.11
96.11
96.11
