0.00
32.72
34.36
36.40
38.85
35.58
33.13
32.52
37.01
49.49
58.90
58.90
56.24
55.62
54.81
55.42
57.26
57.46
59.10
58.28
58.28
58.08
59.30
58.28
54.60
48.26
46.83
46.01
47.44
52.97
56.65
66.87
67.89
65.85
68.30
66.05
68.10
74.44
76.89
77.71
76.48
76.07
77.30
76.48
77.51
75.46
73.62
71.98
73.01
71.57
71.57
74.85
74.85
71.98
71.98
73.62
76.07
74.85
75.05
76.89
77.10
79.14
80.16
80.16
79.96
79.96
77.91
76.28
76.28
76.28
75.66
76.48
78.73
77.51
77.10
75.66
74.44
75.05
76.28
71.98
72.19
73.82
75.26
73.82
71.37
71.78
70.96
70.96
69.12
68.71
68.30
67.28
68.51
68.51
68.71
68.71
66.87
66.26
66.87
66.46
66.67
60.33
60.33
60.33
60.33
60.33
60.53
60.33
60.33
60.33
60.33
60.33
60.33
60.33
60.33
60.33
60.33
60.33
60.33
60.33
60.33
60.33
60.33
60.33
60.33
60.33
60.33
60.33
60.33
60.33
60.33
60.33
60.33
60.33
60.33
60.33
60.33
60.33
60.33
60.33
60.33
60.33
60.33
60.33
60.33
60.33
60.33
60.33
60.33
60.33
60.33
60.33
60.33
60.33
60.33
60.33
60.33
60.33
60.33
60.33
60.33
60.33
60.33
60.33
60.33
60.33
60.33
60.33
60.33
60.33
60.33
60.33
60.33
60.33
60.33
60.33
60.33
60.33
60.33
60.33
60.33
60.33
60.33
60.33
60.33
60.33
60.33
60.33
60.33
60.33
60.33
60.33
60.33
60.33
60.33
60.33
60.33
60.33
60.33
60.33
60.33
60.33
60.33
60.33
60.33
60.33
60.33
60.33
60.33
60.33
60.33
60.33
60.33
60.33
60.33
60.33
60.33
60.33
60.33
60.33
60.33
60.33
60.33
60.33
60.33
60.33
60.33
60.33
60.33
60.33
60.33
60.33
60.33
60.33
60.33
60.33
60.33
60.33
60.33
60.33
60.33
60.33
60.33
60.33
60.33
60.33
60.33
60.33
60.33
60.33
60.33
60.33
60.33
60.33
60.33
60.33
60.33
60.33
60.33
60.33
60.33
60.33
60.33
60.33
60.33
60.33
60.33
60.33
60.33
60.33
60.33
60.33
60.33
60.33
60.33
60.33
60.33
60.33
60.33
60.33
60.33
60.33
60.33
60.33
60.33
60.33
60.33
60.33
60.33
60.33
60.33
60.33
60.33
60.33
60.33
60.33
60.33
60.33
60.33
60.33
60.33
60.33
60.33
60.33
60.33
60.33
60.33
60.33
60.33
60.33
60.33
60.33
64.21
64.01
66.05
66.26
66.05
66.05
64.62
63.80
66.67
64.01
64.01
63.80
63.19
63.19
61.96
61.76
61.76
63.39
63.80
64.01
64.01
63.39
63.39
63.39
64.21
63.60
63.60
63.60
62.99
62.17
62.37
61.35
62.37
61.76
61.35
61.35
61.35
61.35
60.74
61.15
60.53
60.53
60.53
60.53
60.53
60.33
60.33
60.33
60.33
60.33
60.33
60.33
60.33
60.33
60.33
60.33
60.33
60.33
60.33
60.33
60.33
60.53
60.53
60.53
60.53
60.53
60.94
60.94
60.94
60.94
61.15
60.74
60.94
60.94
60.74
60.94
60.53
60.94
60.94
60.53
60.53
60.94
60.94
60.94
61.15
61.15
60.94
60.94
61.15
61.15
61.15
61.15
61.15
61.15
61.15
61.15
61.15
61.15
39.67
39.67
39.67
39.67
39.67
39.67
39.67
39.67
39.67
39.67
39.67
39.67
39.67
39.67
39.67
39.67
39.67
39.67
39.67
39.67
39.67
39.67
39.67
39.67
39.67
39.67
39.67
39.67
39.67
39.67
39.67
39.67
39.67
39.67
39.67
39.67
39.67
39.67
39.67
39.67
39.67
39.67
39.67
39.67
39.67
39.67
39.67
39.67
39.67
39.67
39.67
39.67
39.67
39.67
39.67
39.67
39.67
39.67
39.67
39.67
39.67
39.67
39.67
39.67
39.67
39.67
39.67
39.67
39.67
39.67
39.67
39.67
39.67
39.67
39.67
39.67
39.67
39.67
39.67
39.67
39.67
39.67
39.67
39.67
39.67
39.67
39.67
39.67
39.67
39.67
39.67
74.23
73.21
70.76
70.35
68.71
70.14
69.33
68.51
65.44
67.69
63.39
63.80
62.99
62.58
63.19
62.78
62.58
64.83
64.83
66.87
67.08
67.08
65.03
63.19
61.76
63.39
63.19
64.42
66.05
68.51
69.73
70.96
72.60
72.80
71.17
71.17
72.60
72.60
73.62
76.07
78.12
77.91
76.48
74.64
75.87
77.10
78.53
77.30
77.71
77.71
78.94
77.30
73.21
76.48
76.48
77.10
77.10
75.26
76.89
76.69
77.30
76.48
76.89
77.71
71.98
72.19
71.57
64.21
62.78
68.92
70.96
67.08
63.80
64.83
64.01
65.85
70.35
66.67
64.62
65.44
65.64
73.01
71.57
71.98
70.35
69.53
69.53
74.23
76.48
79.35
79.35
79.35
77.51
78.12
79.96
82.62
84.66
79.55
82.62
82.41
82.41
82.41
82.41
82.41
82.41
82.41
82.41
82.41
82.41
82.41
82.41
82.41
82.41
82.41
82.41
82.41
82.41
82.41
82.41
82.41
82.41
82.41
82.41
82.41
82.41
82.41
82.41
82.41
82.41
82.41
82.41
82.41
82.41
82.41
82.41
82.41
82.41
82.41
82.41
82.41
82.41
82.41
82.41
82.41
82.41
82.41
82.41
82.41
82.41
82.41
82.41
82.41
82.41
82.41
82.41
82.41
82.41
82.41
82.41
82.41
82.41
82.41
82.41
82.41
82.41
82.41
82.41
82.41
82.41
82.41
82.41
82.41
82.41
82.41
82.41
82.41
82.41
82.41
82.41
82.41
82.41
82.41
82.41
82.41
82.41
82.41
82.41
82.41
82.41
82.41
82.41
82.41
82.41
82.41
82.41
82.41
82.41
82.41
82.41
82.41
84.46
84.25
84.25
84.25
83.84
83.84
83.84
83.64
82.21
82.00
82.00
81.60
81.60
79.75
79.55
77.91
78.94
78.53
78.32
78.53
78.73
78.73
77.51
78.53
78.32
79.14
79.35
78.32
77.51
77.91
77.91
79.14
78.32
79.14
78.53
77.30
77.91
79.14
80.98
79.96
79.96
79.96
78.32
79.55
77.51
77.10
78.94
78.32
78.32
79.75
79.75
79.96
80.57
80.16
80.78
80.78
81.39
82.41
82.82
82.00
82.62
81.39
80.37
81.19
81.19
81.39
81.60
81.19
81.39
81.80
82.21
83.23
82.41
81.80
82.21
82.82
82.21
80.37
77.91
78.32
78.32
78.53
81.19
81.60
81.60
81.60
81.80
81.80
81.80
81.39
81.60
81.19
81.39
80.37
78.32
79.75
79.75
79.55
79.55
79.55
79.55
79.55
79.55
79.55
79.55
79.55
79.55
79.55
79.55
79.55
79.55
79.55
79.55
79.55
79.55
79.55
79.55
79.55
79.55
79.55
79.55
79.55
79.55
79.55
79.55
79.55
79.55
79.55
79.55
79.55
79.55
79.55
79.55
79.55
79.55
79.55
79.55
79.55
79.55
79.55
79.55
79.55
79.55
79.55
79.55
79.55
79.55
79.55
79.55
79.55
79.55
79.55
79.55
79.55
79.55
79.55
79.55
79.55
79.55
79.55
79.55
79.55
79.55
79.55
79.55
79.55
79.55
79.55
79.55
79.55
79.55
79.55
79.55
79.55
79.55
79.55
79.55
79.55
79.55
79.55
79.55
79.55
79.55
79.55
79.55
79.55
79.55
79.55
79.55
79.55
79.55
79.55
79.55
79.55
79.55
79.55
79.55
79.55
79.55
79.55
79.55
79.55
79.55
79.55
79.55
79.55
79.55
79.55
79.55
79.55
79.55
79.55
79.55
79.55
79.55
79.55
79.55
79.55
79.55
79.55
79.55
79.55
79.55
79.55
79.55
79.55
79.55
79.55
79.55
79.55
79.55
79.55
79.55
79.55
79.55
79.55
79.55
79.55
79.55
79.55
79.55
79.55
79.55
79.55
79.55
79.55
79.55
79.55
79.55
79.55
79.55
79.55
79.55
79.55
79.55
79.55
79.55
79.55
79.55
79.55
79.55
79.55
79.55
79.55
79.55
79.55
79.55
79.55
79.55
79.55
79.55
79.55
79.55
79.55
79.55
79.55
79.55
79.55
79.55
79.55
79.55
79.55
79.55
79.55
79.55
79.55
79.55
79.55
79.55
79.55
79.55
79.55
79.55
79.55
79.55
79.55
79.55
79.55
79.55
79.55
90.80
89.37
89.37
90.59
88.96
88.96
87.73
87.53
86.30
88.14
87.32
88.55
88.55
89.37
88.75
89.57
91.21
90.59
86.09
85.48
85.07
82.62
84.66
85.89
86.50
86.71
85.89
88.55
90.39
88.75
90.18
90.80
90.59
90.80
89.57
91.00
91.82
90.39
88.34
88.34
90.80
91.21
88.75
88.75
88.96
87.93
84.25
84.25
85.07
85.07
84.05
85.69
85.69
83.44
85.28
84.66
85.69
85.48
80.98
79.14
77.51
76.07
77.30
75.66
75.66
77.10
79.35
78.53
79.96
79.96
78.53
78.73
79.55
79.55
79.35
79.35
79.55
79.96
80.98
80.57
80.37
80.37
79.96
78.53
78.12
77.71
77.51
79.35
81.19
79.55
81.39
80.16
83.44
85.89
88.14
87.32
88.55
88.34
87.53
87.32
87.32
87.32
87.32
87.32
87.32
87.32
87.32
87.32
87.32
87.32
87.32
87.32
87.32
87.32
87.32
87.32
87.32
87.32
87.32
87.32
87.32
87.32
87.32
87.32
87.32
87.32
87.32
87.32
87.32
87.32
87.32
87.32
87.32
87.32
87.32
87.32
87.32
87.32
87.32
87.32
87.32
87.32
87.32
87.32
87.32
87.32
87.32
87.32
87.32
87.32
87.32
87.32
87.32
87.32
87.32
87.32
87.32
87.32
87.32
87.32
87.32
87.32
87.32
87.32
87.32
87.32
87.32
87.32
87.32
87.32
87.32
87.32
87.32
87.32
87.32
87.32
87.32
87.32
87.32
87.32
87.32
87.32
87.32
87.32
87.32
87.32
87.32
87.32
87.32
87.32
87.32
87.32
87.32
87.32
87.32
87.32
87.32
87.32
87.32
87.32
87.32
87.32
87.32
87.32
87.32
87.32
87.32
87.32
87.32
87.32
87.32
87.32
87.32
87.32
87.32
87.32
87.32
87.32
87.32
87.32
87.32
87.32
87.32
87.32
87.32
87.32
87.32
87.32
87.32
87.32
87.32
87.32
87.32
87.32
87.32
87.32
87.32
87.32
87.32
87.32
87.32
87.32
87.32
87.32
87.32
87.32
87.32
87.32
87.32
87.32
87.32
87.32
87.32
87.32
87.32
87.32
87.32
87.32
87.32
87.32
87.32
87.32
87.32
87.32
87.32
87.32
87.32
87.32
87.32
87.32
87.32
87.32
87.32
87.32
87.32
87.32
87.32
87.32
87.32
87.32
87.32
87.32
87.32
87.32
87.32
87.32
87.32
87.32
87.32
87.32
87.32
87.32
87.32
87.32
87.32
87.32
87.32
87.32
87.32
87.32
87.32
87.32
87.32
87.32
87.32
87.32
87.32
87.32
87.32
87.32
87.32
87.32
87.32
87.32
87.32
87.32
87.32
87.32
87.32
87.32
87.32
87.32
87.32
87.32
87.32
87.32
87.32
87.32
87.32
87.32
87.32
87.32
87.32
87.32
87.32
87.32
87.32
87.32
87.32
87.32
87.32
87.32
87.32
87.32
87.32
87.32
87.32
87.32
87.32
87.32
87.32
87.32
87.32
87.32
87.32
87.32
87.32
87.32
87.32
87.32
87.32
87.32
87.32
87.32
87.32
87.32
87.32
87.32
87.32
87.32
87.32
87.32
87.32
87.32
87.32
87.32
87.32
87.32
87.32
87.32
87.32
87.32
87.32
87.32
87.32
87.32
87.32
87.32
87.32
87.32
87.32
87.32
87.32
87.32
87.32
87.32
87.32
87.32
87.32
87.32
87.32
87.32
87.32
87.32
87.32
87.32
87.32
87.32
87.32
87.32
87.32
87.32
87.32
87.32
87.32
87.32
87.32
87.32
87.32
87.32
87.32
87.32
87.32
87.32
87.32
87.32
87.32
87.32
87.32
87.32
87.32
87.32
87.32
87.32
87.32
87.32
87.32
87.32
87.32
87.32
87.32
87.32
87.32
87.32
87.32
87.32
87.32
87.32
87.32
87.32
87.32
87.32
87.32
87.32
87.32
87.32
87.32
87.32
87.32
87.32
87.32
87.32
87.32
87.32
87.32
94.68
94.68
94.68
94.27
94.68
94.68
94.27
94.27
94.48
94.27
94.89
94.89
94.07
94.07
94.07
94.89
95.09
94.48
94.48
94.48
94.07
94.48
94.48
94.48
94.48
94.89
94.07
93.87
93.87
93.87
93.46
94.07
94.68
94.68
94.48
75.46
74.44
76.28
75.46
75.46
75.46
75.46
73.42
72.80
73.21
72.19
69.53
69.53
69.53
69.53
74.23
74.23
75.26
74.64
77.51
79.75
80.98
78.94
77.71
75.66
76.48
74.85
73.01
69.73
69.12
68.30
68.92
69.33
69.53
71.17
72.39
69.73
71.17
71.17
71.17
70.35
70.55
69.53
69.53
68.51
67.48
67.08
66.87
67.89
68.51
70.55
70.55
69.94
70.76
70.14
71.17
70.76
70.76
71.17
71.98
73.01
73.01
72.60
71.78
71.57
70.96
71.37
71.78
71.78
71.78
72.39
75.46
75.46
78.32
78.32
78.32
76.69
78.32
77.30
74.85
76.28
76.89
74.23
73.42
73.42
72.60
74.64
76.07
76.28
75.66
74.85
74.23
71.78
72.19
74.23
74.44
76.69
76.69
76.69
73.21
73.21
73.21
73.21
73.21
73.21
73.21
73.21
73.21
73.21
73.21
73.21
73.21
73.21
73.21
73.21
73.21
73.21
73.21
73.21
73.21
73.21
73.21
73.21
73.21
73.21
73.21
73.21
73.21
73.21
73.21
73.21
73.21
73.21
73.21
73.21
73.21
73.21
73.21
73.21
73.21
73.21
73.21
73.21
73.21
73.21
73.21
73.21
73.21
73.21
73.21
73.21
73.21
73.21
73.21
73.21
73.21
73.21
73.21
73.21
73.21
73.21
73.21
73.21
73.21
73.21
73.21
73.21
73.21
73.21
73.21
73.21
73.21
73.21
73.21
73.21
73.21
73.21
73.21
73.21
73.21
73.21
73.21
73.21
73.21
73.21
73.21
73.21
73.21
73.21
73.21
73.21
73.21
73.21
73.21
73.21
73.21
73.21
73.21
73.21
73.21
78.73
80.98
78.94
78.94
78.94
78.53
78.32
78.32
78.53
78.32
78.32
78.53
78.53
78.12
77.10
77.71
78.73
78.73
78.53
78.32
78.32
78.32
78.53
78.53
78.12
78.12
78.12
78.12
78.12
78.12
78.12
77.51
77.71
77.51
77.71
77.71
77.30
77.30
78.12
78.12
77.71
77.51
77.91
78.12
78.12
78.32
78.94
78.94
78.94
78.73
79.14
79.35
79.35
79.55
79.55
78.73
78.53
77.71
77.10
76.89
77.51
77.91
78.32
78.32
78.32
78.94
79.14
79.14
78.53
78.73
78.12
78.73
79.14
79.55
79.55
79.55
79.35
78.73
78.94
77.91
78.94
78.73
78.53
78.12
77.51
76.69
77.10
76.48
76.48
77.10
76.48
76.48
76.48
76.48
76.48
76.48
76.48
76.48
76.69
77.51
77.51
77.51
77.51
77.51
77.51
77.51
77.51
77.51
77.51
77.51
77.51
77.51
77.51
77.51
77.51
77.51
77.51
77.51
77.51
77.51
77.51
77.51
77.51
77.51
77.51
77.51
77.51
77.51
77.51
77.51
77.51
77.51
77.51
77.51
77.51
77.51
77.51
77.51
77.51
77.51
77.51
77.51
77.51
77.51
77.51
77.51
77.51
77.51
77.51
77.51
77.51
77.51
77.51
77.51
77.51
77.51
77.51
77.51
77.51
77.51
77.51
77.51
77.51
77.51
77.51
77.51
77.51
77.51
77.51
77.51
77.51
77.51
77.51
77.51
77.51
77.51
77.51
77.51
77.51
77.51
77.51
77.51
77.51
77.51
77.51
77.51
77.51
77.51
77.51
77.51
77.51
77.51
77.51
77.51
77.51
77.51
77.51
77.51
77.51
77.51
77.51
77.51
77.51
77.51
77.51
77.51
77.51
77.51
77.51
77.51
77.51
77.51
77.51
77.51
77.51
77.51
77.51
77.51
77.51
77.51
77.51
77.51
77.51
77.51
77.51
77.51
77.51
77.51
77.51
77.51
77.51
77.51
77.51
77.51
77.51
77.51
77.51
77.51
77.51
77.51
77.51
77.51
77.51
77.51
77.51
77.51
77.51
77.51
77.51
77.51
77.51
77.51
77.51
77.51
77.51
77.51
77.51
77.51
77.51
77.51
77.51
77.51
77.51
77.51
77.51
77.51
77.51
77.51
77.51
77.51
77.51
77.51
77.51
77.51
77.51
77.51
77.51
77.51
77.51
77.51
77.51
77.51
77.51
77.51
77.51
77.51
77.51
77.51
77.51
77.51
77.51
77.51
77.51
77.51
77.51
77.51
77.51
77.51
77.51
77.51
87.12
87.12
88.55
89.37
89.16
89.57
88.96
88.55
88.55
89.16
89.37
89.37
89.16
89.57
89.37
89.16
89.78
89.37
89.98
89.16
88.75
88.75
88.96
88.14
88.14
88.55
89.16
88.96
89.16
89.98
89.37
90.59
90.80
90.39
89.16
88.96
89.57
89.16
86.91
86.09
85.89
86.50
88.96
90.39
90.59
89.57
89.78
91.41
92.02
91.82
93.25
94.68
94.68
94.68
94.68
94.48
94.48
94.48
94.48
94.68
94.48
94.48
93.46
92.23
92.84
92.84
93.66
93.87
94.68
94.89
95.09
94.89
95.09
95.09
95.09
94.68
94.89
94.89
94.89
93.87
93.87
94.68
94.89
94.27
94.27
94.68
94.07
94.27
94.27
94.27
94.48
93.46
92.23
93.46
92.64
91.82
92.02
93.46
94.07
93.46
93.46
93.46
93.46
93.46
93.46
93.46
93.46
93.46
93.46
93.46
93.46
93.46
93.46
93.46
93.46
93.46
93.46
93.46
93.46
93.46
93.46
93.46
93.46
93.46
93.46
93.46
93.46
93.46
93.46
93.46
93.46
93.46
93.46
93.46
93.46
93.46
93.46
93.46
93.46
93.46
93.46
93.46
93.46
93.46
93.46
93.46
93.46
93.46
93.46
93.46
93.46
93.46
93.46
93.46
93.46
93.46
93.46
93.46
93.46
93.46
93.46
93.46
93.46
93.46
93.46
93.46
93.46
93.46
93.46
93.46
93.46
93.46
93.46
93.46
93.46
93.46
93.46
93.46
93.46
93.46
93.46
93.46
93.46
93.46
93.46
93.46
93.46
93.46
93.46
93.46
93.46
93.46
93.46
93.46
93.46
93.46
93.46
93.46
93.46
93.46
93.46
93.46
93.46
93.46
93.46
93.46
93.46
93.46
93.46
93.46
93.46
93.46
93.46
93.46
93.46
93.46
93.46
93.46
93.46
93.46
93.46
93.46
93.46
93.46
93.46
93.46
93.46
93.46
93.46
93.46
93.46
93.46
93.46
93.46
93.46
93.46
93.46
93.46
93.46
93.46
93.46
93.46
93.46
93.46
93.46
93.46
93.46
93.46
93.46
93.46
93.46
93.46
93.46
93.46
93.46
93.46
93.46
93.46
93.46
93.46
93.46
93.46
93.46
93.46
93.46
93.46
93.46
93.46
93.46
93.46
93.46
93.46
93.46
93.46
93.46
93.46
93.46
93.46
93.46
93.46
93.46
93.46
93.46
93.46
93.46
93.46
93.46
93.46
93.46
93.46
93.46
93.46
93.46
93.46
93.46
93.46
93.46
93.46
93.46
93.46
93.46
93.46
93.46
93.46
93.46
93.46
93.46
93.46
93.46
93.46
93.46
93.46
93.46
93.46
93.46
93.46
93.46
93.46
93.46
93.46
93.46
93.46
93.46
93.46
93.46
93.46
93.46
93.46
93.46
93.46
93.46
93.46
93.46
93.46
93.46
93.46
93.46
93.46
93.46
93.46
93.46
93.46
93.46
93.46
93.46
93.46
93.46
93.46
93.46
93.46
93.46
93.46
93.46
93.46
93.46
93.46
93.46
93.46
93.46
93.46
93.46
93.46
93.46
93.46
93.46
93.46
93.46
93.46
93.46
93.46
93.46
93.46
93.46
93.46
93.46
93.46
93.46
93.46
93.46
93.46
93.46
93.46
93.46
93.46
93.46
93.46
93.46
93.46
93.46
93.46
93.46
93.46
93.46
93.46
93.46
93.46
93.46
93.46
93.46
93.46
93.46
93.46
93.25
92.23
92.02
89.78
89.16
87.53
87.53
86.71
85.07
85.07
83.84
83.84
85.07
84.25
84.66
84.66
84.87
83.84
83.23
84.46
84.46
84.66
83.84
84.66
84.25
83.44
83.03
84.05
82.62
82.21
80.16
78.73
80.78
82.62
81.19
79.75
80.16
80.37
79.96
79.96
79.96
82.82
82.21
82.82
84.25
82.62
81.39
81.39
83.64
84.05
83.64
84.87
84.46
85.07
85.28
85.69
86.30
87.12
86.71
88.96
87.93
89.78
89.78
90.39
89.98
87.73
88.96
89.37
87.73
88.34
89.16
90.59
89.98
89.78
89.78
89.57
90.39
91.21
91.82
92.43
91.82
91.82
91.62
92.64
92.43
92.43
92.43
92.02
92.23
92.23
93.05
93.05
93.05
93.05
92.64
92.02
92.23
91.00
83.03
83.23
82.62
83.44
82.82
82.82
81.19
84.05
84.05
84.05
84.05
84.87
84.87
85.07
85.07
85.28
85.28
82.82
83.84
83.84
85.48
85.28
85.28
84.46
84.25
84.25
85.48
85.89
88.14
88.14
89.98
89.98
86.50
86.50
85.69
84.87
85.69
86.91
87.32
86.09
84.87
84.66
82.62
85.48
87.12
87.12
86.50
86.50
86.30
86.71
86.91
86.71
87.32
87.53
87.32
87.32
86.71
86.30
85.89
83.44
83.64
83.64
85.89
83.44
83.03
82.62
82.62
83.64
83.84
84.05
85.07
85.07
85.07
86.30
87.73
88.75
88.75
89.16
89.16
89.16
89.16
88.34
88.34
88.14
87.73
87.32
87.93
87.32
87.53
87.53
85.89
86.30
85.48
85.48
86.50
88.14
89.37
89.57
89.57
89.57
89.57
89.57
89.57
89.57
89.57
89.57
89.57
89.57
89.57
89.57
89.57
89.57
89.57
89.57
89.57
89.57
89.57
89.57
89.57
89.57
89.57
89.57
89.57
89.57
89.57
89.57
89.57
89.57
89.57
89.57
89.57
89.57
89.57
89.57
89.57
89.57
89.57
89.57
89.57
89.57
89.57
89.57
89.57
89.57
89.57
89.57
89.57
89.57
89.57
89.57
89.57
89.57
89.57
89.57
89.57
89.57
89.57
89.57
89.57
89.57
89.57
89.57
89.57
89.57
89.57
89.57
89.57
89.57
89.57
89.57
89.57
89.57
89.57
89.57
89.57
89.57
89.57
89.57
89.57
89.57
89.57
89.57
89.57
89.57
89.57
89.57
89.57
89.57
89.57
89.57
89.57
89.57
89.57
89.57
89.57
89.57
89.57
89.57
89.57
89.57
93.25
93.25
93.25
93.46
93.25
93.46
93.46
93.46
93.46
93.66
93.25
93.46
93.46
93.46
93.46
93.46
93.46
93.25
93.46
93.46
93.46
93.25
93.25
93.25
93.25
93.46
93.46
93.25
93.25
93.25
93.46
93.46
93.46
93.46
93.46
93.25
93.25
93.25
93.46
93.25
93.25
93.46
93.46
93.46
93.46
93.46
93.46
93.25
93.25
93.25
93.46
93.25
93.25
93.05
93.05
93.46
93.66
93.46
93.46
93.46
93.25
93.46
93.05
92.64
92.64
91.82
91.62
92.43
92.84
93.05
93.05
93.05
93.05
93.05
93.25
93.25
93.25
93.25
93.25
93.05
92.84
92.84
93.05
93.46
93.46
93.05
93.05
93.05
93.05
93.05
93.05
92.84
92.84
92.84
92.64
92.84
92.84
92.84
92.84
92.84
92.84
92.84
92.84
92.84
92.84
92.84
92.84
92.84
92.84
92.84
92.84
92.84
92.84
92.84
92.84
92.84
92.84
92.84
92.84
92.84
92.84
92.84
92.84
92.84
92.84
92.84
92.84
92.84
92.84
92.84
92.84
92.84
92.84
92.84
92.84
92.84
92.84
92.84
92.84
92.84
92.84
92.84
92.84
92.84
92.84
92.84
92.84
92.84
92.84
92.84
92.84
92.84
92.84
92.84
92.84
92.84
92.84
92.84
92.84
92.84
92.84
92.84
92.84
92.84
92.84
92.84
92.84
92.84
92.84
92.84
92.84
92.84
92.84
92.84
92.84
92.84
92.84
92.84
92.84
92.84
92.84
92.84
92.84
92.84
92.84
92.84
92.84
92.84
92.84
92.84
92.84
92.84
92.84
92.84
92.84
92.84
92.84
92.84
92.84
92.84
92.84
92.84
92.84
92.84
92.84
92.84
92.84
92.84
92.84
92.84
92.84
92.84
92.84
92.84
92.84
92.84
92.84
92.84
92.84
92.84
92.84
92.84
92.84
92.84
92.84
92.84
92.84
92.84
92.84
92.84
92.84
92.84
92.84
92.84
92.84
92.84
92.84
92.84
92.84
92.84
92.84
92.84
92.84
92.84
92.84
92.84
92.84
92.84
92.84
92.84
92.84
92.84
92.84
92.84
92.84
92.84
92.84
92.84
92.84
92.84
92.84
92.84
92.84
92.84
92.84
92.84
92.84
92.84
92.84
92.84
92.84
92.84
92.84
92.84
92.84
92.84
92.84
92.84
92.84
92.84
92.84
92.84
92.84
92.84
92.84
92.84
92.84
92.84
92.84
92.84
92.84
92.84
92.84
92.84
92.84
92.84
92.84
92.84
92.84
92.84
92.84
92.84
92.84
92.84
92.84
92.84
92.84
92.84
92.84
92.84
92.84
92.84
92.84
92.84
92.84
92.84
92.84
92.84
92.84
92.84
92.84
92.84
92.84
92.84
92.84
92.84
92.84
92.84
92.84
92.84
92.84
92.84
92.84
92.84
92.84
92.84
92.84
92.84
92.84
92.84
92.84
92.84
92.84
92.84
92.84
92.84
92.84
92.84
92.84
92.84
92.84
92.84
92.84
92.84
92.84
92.84
92.84
92.84
92.84
92.84
92.84
92.84
92.84
92.84
92.84
92.84
92.84
92.84
92.84
92.84
92.84
92.84
92.84
92.84
92.84
92.84
92.84
92.84
92.84
92.84
92.84
92.84
92.84
92.84
92.84
92.84
92.84
92.84
92.84
92.84
92.84
92.84
92.84
92.84
92.84
92.84
92.84
92.84
92.84
92.84
92.84
92.84
92.84
92.84
92.84
92.84
92.84
92.84
92.84
92.84
92.84
92.84
92.84
92.84
92.84
92.84
92.84
92.84
92.84
92.84
92.84
92.84
92.84
92.84
92.84
92.84
92.84
92.84
92.84
92.84
92.84
92.84
92.84
92.84
92.84
92.84
92.84
92.84
92.84
92.84
92.84
92.84
92.84
92.84
92.84
92.84
92.84
92.84
92.84
92.84
92.84
92.84
92.84
92.84
92.84
92.84
92.84
92.84
92.84
92.84
92.84
92.84
92.84
92.84
92.84
92.84
92.84
92.84
92.84
92.84
92.84
92.84
92.84
92.84
92.84
92.84
92.84
92.84
92.84
92.84
92.84
92.84
92.84
92.84
92.84
92.84
92.84
92.84
92.84
92.84
92.84
92.84
92.84
92.84
92.84
92.84
92.84
92.84
92.84
92.84
92.84
92.84
92.84
92.84
92.84
92.84
92.84
92.84
92.84
92.84
92.84
92.84
92.84
92.84
92.84
92.84
92.84
92.84
92.84
92.84
92.84
92.84
92.84
92.84
92.84
92.84
92.84
92.84
92.84
92.84
92.84
92.84
92.84
92.84
92.84
92.84
92.84
92.84
92.84
92.84
92.84
92.84
92.84
92.84
92.84
92.84
92.84
92.84
92.84
92.84
92.84
92.84
92.84
92.84
92.84
92.84
92.84
92.84
92.84
92.84
92.84
92.84
92.84
92.84
92.84
92.84
92.84
92.84
92.84
92.84
92.84
92.84
92.84
92.84
92.84
92.84
92.84
92.84
92.84
92.84
92.84
92.84
92.84
92.84
92.84
92.84
92.84
92.84
92.84
92.84
92.84
92.84
92.84
92.84
92.84
92.84
92.84
92.84
92.84
92.84
92.84
92.84
92.84
92.84
92.84
92.84
92.84
92.84
92.84
92.84
92.84
92.84
92.84
92.84
92.84
92.84
92.84
92.84
92.84
92.84
92.84
92.84
92.84
92.84
92.84
92.84
92.84
92.84
92.84
92.84
92.84
92.84
92.84
92.84
92.84
92.84
92.84
92.84
92.84
92.84
92.84
92.84
92.84
92.84
92.84
92.84
92.84
92.84
92.84
92.84
92.84
92.84
92.84
92.84
92.84
92.84
92.84
92.84
92.84
92.84
92.84
92.84
92.84
92.84
92.84
92.84
92.84
92.84
92.84
92.84
92.84
92.84
92.84
92.84
92.84
92.84
92.84
92.84
92.84
92.84
92.84
92.84
92.84
92.84
92.84
92.84
92.84
92.84
92.84
92.84
92.84
92.84
92.84
92.84
92.84
92.84
92.84
92.84
92.84
92.84
92.84
92.84
92.84
92.84
92.84
92.84
92.84
92.84
92.84
92.84
92.84
92.84
92.84
92.84
92.84
92.84
92.84
92.84
92.84
92.84
92.84
92.84
92.84
92.84
92.84
92.84
92.84
92.84
92.84
92.84
92.84
92.84
92.84
92.84
92.84
92.84
92.84
92.84
92.84
92.84
92.84
92.84
92.84
92.84
92.84
92.84
92.84
92.84
92.84
92.84
92.84
92.84
92.84
92.84
92.84
92.84
92.84
92.84
92.84
92.84
92.84
92.84
92.84
92.84
92.84
92.84
92.84
92.84
92.84
92.84
92.84
92.84
92.84
92.84
92.84
92.84
92.84
92.84
92.84
92.84
92.84
92.84
92.84
92.84
92.84
92.84
92.84
92.84
92.84
92.84
92.84
92.84
92.84
92.84
92.84
92.84
92.84
92.84
92.84
92.84
92.84
92.84
92.84
92.84
92.84
92.84
92.84
92.84
92.84
92.84
92.84
92.84
92.84
92.84
92.84
92.84
92.84
92.84
92.84
92.84
92.84
92.84
92.84
92.84
92.84
92.84
92.84
92.84
92.84
92.84
92.84
92.84
92.84
92.84
92.84
92.84
92.84
92.84
92.84
92.84
92.84
92.84
92.84
92.84
92.84
92.84
92.84
92.84
92.84
92.84
92.84
92.84
92.84
92.84
92.84
92.84
92.84
92.84
92.84
92.84
92.84
92.84
92.84
92.84
92.84
92.84
92.84
92.84
92.84
92.84
92.84
92.84
92.84
92.84
92.84
92.84
92.84
92.84
92.84
92.84
92.84
92.84
92.84
92.84
92.84
92.84
92.84
92.84
92.84
92.84
92.84
92.84
92.84
92.84
92.84
92.84
92.84
92.84
92.84
92.84
92.84
92.84
92.84
92.84
92.84
92.84
92.84
92.84
92.84
92.84
92.84
92.84
92.84
92.84
92.84
92.84
92.84
92.84
92.84
92.84
92.84
92.84
92.84
92.84
92.84
92.84
92.84
92.84
92.84
92.84
92.84
92.84
92.84
92.84
92.84
92.84
92.84
92.84
92.84
92.84
92.84
92.84
92.84
92.84
92.84
92.84
92.84
92.84
92.84
92.84
92.84
92.84
92.84
92.84
92.84
92.84
92.84
92.84
92.84
92.84
92.84
92.84
92.84
92.84
92.84
92.84
92.84
92.84
92.84
92.84
92.84
92.84
92.84
92.84
92.84
92.84
92.84
92.84
92.84
92.84
92.84
92.84
92.84
92.84
92.84
92.84
92.84
92.84
92.84
92.84
92.84
92.84
92.84
92.84
92.84
92.84
92.84
92.84
92.84
92.84
92.84
92.84
92.84
92.84
92.84
92.84
92.84
92.84
92.84
92.84
92.84
92.84
92.84
92.84
92.84
92.84
92.84
92.84
92.84
92.84
92.84
92.84
92.84
92.84
92.84
92.84
92.84
92.84
92.84
92.84
92.84
92.84
92.84
92.84
92.84
92.84
92.84
92.84
92.84
92.84
92.84
92.84
92.84
92.84
92.84
92.84
92.84
92.84
92.84
92.84
92.84
92.84
92.84
92.84
92.84
92.84
92.84
92.84
92.84
92.84
92.84
92.84
92.84
92.84
92.84
92.84
92.84
92.84
92.84
92.84
92.84
92.84
92.84
92.84
92.84
92.84
92.84
92.84
92.84
92.84
92.84
92.84
92.84
92.84
92.84
92.84
92.84
92.84
92.84
92.84
92.84
92.84
92.84
92.84
92.84
92.84
92.84
92.84
92.84
92.84
92.84
92.84
92.84
92.84
92.84
92.84
92.84
92.84
92.84
92.84
92.84
92.84
92.84
92.84
92.84
92.84
92.84
92.84
92.84
92.84
92.84
92.84
92.84
92.84
92.84
92.84
92.84
92.84
92.84
92.84
92.84
92.84
92.84
92.84
92.84
92.84
92.84
92.84
92.84
92.84
92.84
92.84
92.84
92.84
92.84
92.84
92.84
92.84
92.84
92.84
92.84
92.84
92.84
92.84
92.84
92.84
92.84
92.84
92.84
92.84
92.84
92.84
92.84
92.84
92.84
92.84
92.84
92.84
92.84
92.84
92.84
92.84
92.84
92.84
92.84
92.84
92.84
92.84
92.84
92.84
92.84
92.84
92.84
92.84
92.84
92.84
92.84
92.84
92.84
92.84
92.84
92.84
92.84
92.84
92.84
92.84
92.84
92.84
92.84
92.84
92.84
92.84
92.84
92.84
92.84
92.84
92.84
92.84
92.84
92.84
92.84
92.84
92.84
92.84
92.84
92.84
92.84
92.84
92.84
92.84
92.84
92.84
92.84
92.84
92.84
92.84
92.84
92.84
92.84
92.84
92.84
92.84
92.84
92.84
92.84
92.84
92.84
92.84
92.84
92.84
92.84
92.84
92.84
92.84
92.84
92.84
92.84
92.84
92.84
92.84
92.84
92.84
92.84
92.84
92.84
92.84
92.84
92.84
92.84
92.84
92.84
92.84
92.84
92.84
92.84
92.84
92.84
92.84
92.84
92.84
92.84
92.84
92.84
92.84
92.84
92.84
92.84
92.84
92.84
92.84
92.84
92.84
92.84
92.84
92.84
92.84
92.84
92.84
92.84
92.84
92.84
92.84
92.84
92.84
92.84
92.84
92.84
92.84
92.84
92.84
92.84
92.84
92.84
92.84
92.84
92.84
92.84
92.84
92.84
92.84
92.84
92.84
92.84
92.84
92.84
92.84
92.84
92.84
92.84
92.84
92.84
92.84
92.84
92.84
92.84
92.84
92.84
92.84
92.84
92.84
92.84
92.84
92.84
92.84
92.84
92.84
92.84
92.84
92.84
92.84
92.84
92.84
92.84
92.84
92.84
92.84
92.84
92.84
92.84
92.84
92.84
92.84
92.84
92.84
92.84
92.84
92.84
92.84
92.84
92.84
92.84
92.84
92.84
92.84
92.84
92.84
92.84
92.84
92.84
92.84
92.84
92.84
92.84
92.84
92.84
92.84
92.84
92.84
92.84
92.84
92.84
92.84
92.84
92.84
92.84
92.84
92.84
92.84
92.84
92.84
92.84
92.84
92.84
92.84
92.84
92.84
92.84
92.84
92.84
92.84
92.84
92.84
92.84
92.84
92.84
92.84
92.84
92.84
92.84
92.84
92.84
92.84
92.84
92.84
92.84
92.84
92.84
92.84
92.84
92.84
92.84
92.84
92.84
92.84
92.84
92.84
92.84
92.84
92.84
92.84
92.84
92.84
92.84
92.84
92.84
92.84
92.84
92.84
92.84
92.84
92.84
92.84
92.84
92.84
92.84
92.84
92.84
92.84
92.84
92.84
92.84
92.84
92.84
92.84
92.84
92.84
92.84
92.84
92.84
92.84
92.84
92.84
92.84
92.84
92.84
92.84
92.84
92.84
92.84
92.84
92.84
92.84
92.84
92.84
92.84
92.84
92.84
92.84
92.84
92.84
92.84
92.84
92.84
92.84
92.84
92.84
92.84
92.84
92.84
92.84
92.84
92.84
92.84
92.84
92.84
92.84
92.84
92.84
92.84
92.84
92.84
92.84
92.84
92.84
92.84
92.84
92.84
92.84
92.84
92.84
92.84
92.84
92.84
92.84
92.84
92.84
92.84
92.84
92.84
92.84
92.84
92.84
92.84
92.84
92.84
92.84
92.84
92.84
92.84
92.84
92.84
92.84
92.84
92.84
92.84
92.84
92.84
92.84
92.84
92.84
92.84
92.84
92.84
92.84
92.84
92.84
92.84
92.84
92.84
92.84
92.84
92.84
92.84
92.84
92.84
92.84
92.84
92.84
92.84
92.84
92.84
92.84
92.84
92.84
92.84
92.84
92.84
92.84
92.84
92.84
92.84
92.84
92.84
92.84
92.84
92.84
92.84
92.84
92.84
92.84
92.84
92.84
92.84
92.84
92.84
92.84
92.84
92.84
92.84
92.84
92.84
92.84
92.84
92.84
92.84
92.84
92.84
92.84
92.84
92.84
92.84
92.84
92.84
92.84
92.84
92.84
92.84
92.84
92.84
92.84
92.84
92.84
92.84
92.84
92.84
92.84
92.84
92.84
92.84
92.84
92.84
92.84
92.84
92.84
92.84
92.84
92.84
92.84
92.84
92.84
92.84
92.84
92.84
92.84
92.84
92.84
92.84
92.84
92.84
92.84
92.84
92.84
92.84
92.84
92.84
92.84
92.84
92.84
92.84
92.84
92.84
92.84
92.84
92.84
92.84
92.84
92.84
92.84
92.84
92.84
92.84
92.84
92.84
92.84
92.84
92.84
92.84
92.84
92.84
92.84
92.84
92.84
92.84
92.84
92.84
92.84
92.84
92.84
92.84
92.84
92.84
92.84
92.84
92.84
92.84
92.84
92.84
92.84
92.84
92.84
92.84
92.84
92.84
92.84
92.84
92.84
92.84
92.84
92.84
92.84
92.84
92.84
92.84
92.84
92.84
92.84
92.84
92.84
92.84
92.84
92.84
92.84
92.84
92.84
92.84
92.84
92.84
92.84
92.84
92.84
92.84
92.84
92.84
92.84
92.84
92.84
92.84
92.84
92.84
92.84
92.84
92.84
92.84
92.84
92.84
92.84
92.84
92.84
92.84
92.84
92.84
92.84
92.84
92.84
92.84
92.84
92.84
92.84
92.84
92.84
92.84
92.84
92.84
92.84
92.84
92.84
92.84
92.84
92.84
92.84
92.84
92.84
92.84
92.84
92.84
92.84
92.84
92.84
92.84
92.84
92.84
92.84
92.84
92.84
92.84
92.84
92.84
92.84
92.84
92.84
92.84
92.84
92.84
92.84
92.84
92.84
92.84
92.84
92.84
92.84
92.84
92.84
92.84
92.84
92.84
92.84
92.84
92.84
92.84
92.84
92.84
92.84
92.84
92.84
92.84
92.84
92.84
92.84
92.84
92.84
92.84
92.84
92.84
92.84
92.84
92.84
92.84
92.84
92.84
92.84
92.84
92.84
92.84
92.84
92.84
92.84
92.84
92.84
92.84
92.84
92.84
92.84
92.84
92.84
92.84
92.84
92.84
92.84
92.84
92.84
92.84
92.84
92.84
92.84
92.84
92.84
92.84
92.84
92.84
92.84
92.84
92.84
92.84
92.84
92.84
92.84
92.84
92.84
92.84
92.84
92.84
92.84
92.84
92.84
92.84
92.84
92.84
92.84
92.84
92.84
92.84
92.84
92.84
92.84
92.84
92.84
92.84
92.84
92.84
92.84
92.84
92.84
92.84
92.84
92.84
92.84
92.84
92.84
92.84
92.84
92.84
92.84
92.84
92.84
92.84
92.84
92.84
92.84
92.84
92.84
92.84
92.84
92.84
92.84
92.84
92.84
92.84
92.84
92.84
92.84
92.84
92.84
92.84
92.84
92.84
92.84
92.84
92.84
92.84
92.84
92.84
92.84
92.84
92.84
92.84
92.84
92.84
92.84
92.84
92.84
92.84
92.84
92.84
92.84
92.84
92.84
92.84
92.84
92.84
92.84
92.84
92.84
92.84
92.84
92.84
92.84
92.84
92.84
92.84
92.84
92.84
92.84
92.84
92.84
92.84
92.84
92.84
92.84
92.84
92.84
92.84
92.84
92.84
92.84
92.84
92.84
92.84
92.84
92.84
92.84
92.84
92.84
92.84
92.84
92.84
92.84
92.84
92.84
92.84
92.84
92.84
92.84
92.84
92.84
92.84
92.84
92.84
92.84
92.84
92.84
92.84
92.84
92.84
92.84
92.84
92.84
92.84
92.84
92.84
92.84
92.84
92.84
92.84
92.84
92.84
92.84
92.84
92.84
92.84
92.84
92.84
92.84
92.84
92.84
92.84
92.84
92.84
92.84
92.84
92.84
92.84
92.84
92.84
92.84
92.84
92.84
92.84
92.84
92.84
92.84
92.84
92.84
92.84
92.84
92.84
92.84
92.84
92.84
92.84
92.84
92.84
92.84
92.84
92.84
92.84
92.84
92.84
92.84
92.84
92.84
92.84
92.84
92.84
92.84
92.84
92.84
92.84
92.84
92.84
92.84
92.84
92.84
92.84
92.84
92.84
92.84
92.84
92.84
92.84
92.84
92.84
92.84
92.84
92.84
92.84
92.84
92.84
92.84
92.84
92.84
92.84
92.84
92.84
92.84
92.84
92.84
92.84
92.84
92.84
92.84
92.84
92.84
92.84
92.84
92.84
92.84
92.84
92.84
92.84
92.84
92.84
92.84
92.84
92.84
92.84
92.84
92.84
92.84
92.84
92.84
92.84
92.84
92.84
92.84
92.84
92.84
92.84
92.84
92.84
92.84
92.84
92.84
92.84
92.84
92.84
92.84
92.84
92.84
92.84
92.84
92.84
92.84
92.84
92.84
92.84
92.84
92.84
92.84
92.84
92.84
92.84
92.84
92.84
92.84
92.84
92.84
92.84
92.84
92.84
92.84
92.84
92.84
92.84
92.84
92.84
92.84
92.84
92.84
92.84
92.84
92.84
92.84
92.84
92.84
92.84
92.84
92.84
92.84
92.84
92.84
92.84
92.84
92.84
92.84
92.84
92.84
92.84
92.84
92.84
92.84
92.84
92.84
92.84
92.84
92.84
92.84
92.84
92.84
92.84
92.84
92.84
92.84
92.84
92.84
92.84
92.84
92.84
92.84
92.84
92.84
92.84
92.84
92.84
92.84
92.84
92.84
92.84
92.84
92.84
92.84
92.84
92.84
92.84
92.84
92.84
92.84
92.84
92.84
92.84
92.84
92.84
92.84
92.84
92.84
92.84
92.84
92.84
92.84
92.84
92.84
92.84
92.84
92.84
92.84
92.84
92.84
92.84
92.84
92.84
92.84
92.84
92.84
92.84
92.84
92.84
92.84
92.84
92.84
92.84
92.84
92.84
92.84
92.84
92.84
92.84
92.84
92.84
92.84
92.84
92.84
92.84
92.84
92.84
92.84
92.84
92.84
92.84
92.84
92.84
92.84
92.84
92.84
92.84
92.84
92.84
92.84
92.84
92.84
92.84
92.84
92.84
92.84
92.84
92.84
92.84
92.84
92.84
92.84
92.84
92.84
92.84
92.84
92.84
92.84
92.84
92.84
92.84
92.84
92.84
