0.00
39.67
39.67
39.67
39.67
39.67
39.67
39.67
39.67
39.67
39.26
39.06
39.06
38.65
38.85
39.06
38.65
38.65
38.45
38.65
38.45
38.45
38.24
38.45
38.45
38.65
38.65
39.06
39.06
38.45
38.45
38.04
37.83
37.83
37.22
37.22
35.79
35.99
35.99
35.17
35.17
35.79
35.58
35.38
35.38
34.76
34.97
35.38
34.97
35.38
35.99
35.99
35.99
34.97
34.97
34.36
34.36
34.36
34.56
33.95
34.56
35.17
34.97
34.76
34.76
34.56
34.76
34.76
34.76
34.56
34.97
34.56
34.56
34.56
33.33
34.15
33.74
34.15
34.56
32.52
32.72
32.72
32.92
32.92
32.72
33.95
38.04
38.04
46.22
52.56
52.56
48.47
48.47
61.15
69.53
70.14
72.60
72.39
72.39
69.53
68.71
77.91
76.28
76.48
77.10
77.10
78.73
77.51
76.48
76.69
76.28
76.28
75.26
74.23
73.01
69.53
70.55
68.30
71.37
71.37
72.39
73.21
69.73
69.73
72.39
72.60
75.26
75.26
74.03
73.82
73.42
70.76
71.17
70.35
70.35
70.96
70.55
69.73
71.78
74.03
74.03
75.46
76.07
75.87
77.10
77.10
75.87
76.07
76.89
77.71
78.73
78.94
78.73
79.35
78.94
79.35
79.35
79.75
80.98
81.39
80.98
81.80
82.82
82.82
83.64
82.82
84.25
83.44
83.03
83.23
83.44
83.44
83.44
83.44
83.64
82.00
83.44
82.41
82.41
82.41
81.60
81.60
81.60
80.57
81.60
80.98
80.98
79.14
78.94
78.94
79.96
78.32
80.37
81.80
81.80
83.03
83.03
82.62
82.62
82.62
84.87
84.87
84.87
84.87
84.87
84.87
84.87
84.87
84.87
84.87
84.87
84.87
84.87
84.87
84.87
84.87
84.87
84.87
84.87
84.87
84.87
84.87
84.87
84.87
84.87
84.87
84.87
84.87
84.87
84.87
84.87
84.87
84.87
84.87
84.87
84.87
84.87
84.87
84.87
84.87
84.87
84.87
84.87
84.87
84.87
84.87
84.87
84.87
84.87
84.87
84.87
84.87
84.87
84.87
84.87
84.87
84.87
84.87
84.87
84.87
84.87
84.87
84.87
84.87
84.87
84.87
84.87
84.87
84.87
84.87
84.87
84.87
84.87
84.87
84.87
84.87
84.87
84.87
84.87
84.87
84.87
84.87
84.87
84.87
84.87
84.87
84.87
84.87
84.87
84.87
84.87
84.87
84.87
84.87
84.87
84.87
84.87
84.87
84.87
84.87
84.87
84.87
84.87
84.87
84.87
84.87
84.87
84.87
84.87
84.87
84.87
84.87
84.87
84.87
84.87
84.87
84.87
84.87
84.87
84.87
84.87
84.87
84.87
84.87
84.87
84.87
84.87
84.87
84.87
84.87
84.87
84.87
84.87
84.87
84.87
84.87
84.87
84.87
84.87
84.87
84.87
84.87
84.87
84.87
84.87
84.87
84.87
84.87
84.87
84.87
84.87
84.87
84.87
84.87
84.87
84.87
84.87
84.87
84.87
84.87
84.87
84.87
84.87
84.87
84.87
84.87
84.87
84.87
84.87
84.87
84.87
84.87
84.87
84.87
84.87
84.87
84.87
84.87
84.87
84.87
84.87
84.87
84.87
84.87
84.87
84.87
84.87
84.87
84.87
84.87
84.87
84.87
84.87
84.87
84.87
84.87
84.87
84.87
84.87
84.87
84.87
85.07
84.46
84.46
84.46
82.62
80.98
82.21
82.21
79.55
82.00
84.25
85.69
84.25
84.25
84.25
84.25
84.66
84.46
87.93
86.91
86.91
84.87
83.23
83.23
83.23
81.80
81.80
81.39
80.78
81.19
78.32
76.69
78.73
78.94
78.94
80.37
82.00
81.60
83.03
83.64
83.64
86.30
86.91
86.91
87.32
88.14
91.21
89.78
90.59
87.93
84.25
85.07
84.66
85.89
85.89
85.89
87.12
86.30
87.73
85.89
85.89
86.71
86.09
88.14
88.14
87.93
88.14
87.12
87.12
87.12
87.12
85.48
85.07
84.25
83.64
85.07
85.07
85.69
86.09
87.73
86.30
86.30
86.30
84.87
86.71
84.66
84.46
86.91
84.05
87.32
86.91
86.50
87.73
88.55
90.18
89.98
89.78
89.37
89.37
89.37
89.37
89.37
89.37
89.37
89.37
89.37
89.37
89.37
89.37
89.37
89.37
89.37
89.37
89.37
89.37
89.37
89.37
89.37
89.37
89.37
89.37
89.37
89.37
89.37
89.37
89.37
89.37
89.37
89.37
89.37
89.37
89.37
89.37
89.37
89.37
89.37
89.37
89.37
89.37
89.37
89.37
89.37
89.37
89.37
89.37
89.37
89.37
89.37
89.37
89.37
89.37
89.37
89.37
89.37
89.37
89.37
89.37
89.37
89.37
89.37
89.37
89.37
89.37
89.37
89.37
89.37
89.37
89.37
89.37
89.37
89.37
89.37
89.37
89.37
89.37
89.37
89.37
89.37
89.37
89.37
89.37
89.37
89.37
89.37
89.37
89.37
89.37
89.37
89.37
89.37
89.37
89.37
89.37
89.37
89.37
89.37
89.37
89.37
89.37
89.37
89.37
89.37
89.37
89.37
89.37
89.37
89.37
89.37
89.37
89.37
89.37
89.37
89.37
89.37
89.37
89.37
89.37
89.37
89.37
89.37
89.37
89.37
89.37
89.37
89.37
89.37
89.37
89.37
89.37
89.37
89.37
89.37
89.37
89.37
89.37
89.37
89.37
89.37
89.37
89.37
89.37
89.37
89.37
89.37
89.37
89.37
89.37
89.37
89.37
89.37
89.37
89.37
89.37
89.37
89.37
89.37
89.37
89.37
89.37
89.37
89.37
89.37
89.37
89.37
89.37
89.37
89.37
89.37
89.37
89.37
89.37
89.37
89.37
89.37
89.37
89.37
89.37
89.37
89.37
89.37
89.37
89.37
89.37
89.37
89.37
89.37
89.37
89.37
89.37
89.37
89.37
89.37
89.37
89.37
89.37
89.37
89.37
89.37
89.37
89.37
89.37
89.37
89.37
89.37
89.37
89.37
89.37
89.37
89.37
89.37
89.37
89.37
89.37
89.37
89.37
89.37
89.37
89.37
89.37
89.37
89.37
89.37
89.37
89.37
89.37
89.37
89.37
89.37
89.37
89.37
89.37
89.37
89.37
89.37
89.37
89.37
89.37
89.37
89.37
89.37
89.37
89.37
89.37
89.37
89.37
89.37
89.37
89.37
89.37
89.37
89.37
89.37
89.37
89.37
89.37
89.37
89.37
89.37
89.37
89.37
89.37
89.37
89.37
89.37
89.37
89.37
89.37
89.37
89.37
89.37
89.37
89.37
89.37
89.37
89.37
89.37
89.37
89.37
89.37
89.37
89.37
89.37
89.37
89.37
89.37
89.37
89.37
89.37
89.37
89.37
89.37
89.37
89.37
89.37
89.37
89.37
89.37
89.37
89.37
89.37
89.37
89.37
89.37
89.37
89.37
89.37
89.37
89.37
89.37
89.37
89.37
89.37
89.37
89.37
89.37
89.37
89.37
89.37
89.37
89.37
89.37
89.37
89.37
89.37
89.37
89.37
89.37
89.37
89.37
89.37
89.37
89.37
89.37
89.37
89.37
89.37
89.37
89.37
89.37
89.37
89.37
89.37
89.37
89.37
89.37
89.37
89.37
89.37
89.37
89.37
89.37
89.37
89.37
89.37
89.37
89.37
89.37
89.37
89.37
89.37
89.37
89.37
89.37
89.37
89.37
89.37
89.37
89.37
89.37
89.37
89.37
89.37
89.37
89.37
89.37
89.37
89.37
89.37
89.37
89.37
89.37
89.37
89.37
89.37
89.37
89.37
89.37
89.37
89.37
89.37
89.37
89.37
89.37
89.37
89.37
89.37
89.37
89.37
89.37
89.37
89.37
89.37
89.37
89.37
89.37
89.37
89.37
89.37
89.37
89.37
89.37
89.37
89.37
89.37
89.37
89.37
89.37
89.37
89.37
89.37
89.37
89.37
89.37
89.37
89.37
89.37
89.37
89.37
89.37
89.37
89.37
89.37
89.37
89.37
89.37
89.37
89.37
89.37
89.37
89.37
89.37
89.37
89.37
89.37
89.37
89.37
89.37
89.37
89.37
89.37
89.37
89.37
89.37
89.37
89.37
89.37
89.37
89.37
89.37
89.37
89.37
89.37
89.37
89.37
89.37
89.37
89.37
89.37
89.37
89.37
89.37
89.37
89.37
89.37
89.37
89.37
89.37
89.37
89.37
89.37
89.37
89.37
89.37
89.37
89.37
89.37
89.37
89.37
89.37
89.37
89.37
89.37
89.37
89.37
89.37
89.37
89.37
89.37
89.37
89.37
89.37
89.37
89.37
89.37
89.37
89.37
89.37
89.37
89.37
89.37
89.37
89.37
89.37
89.37
89.37
89.37
89.37
89.37
89.37
89.37
89.37
89.37
89.37
89.37
89.37
89.37
89.37
89.37
89.37
89.37
89.37
89.37
89.37
89.37
89.37
89.37
89.37
89.37
89.37
89.37
89.37
89.37
89.37
89.37
89.37
89.37
89.37
89.37
89.37
89.37
89.37
89.37
89.37
89.37
89.37
89.37
89.37
89.37
89.37
89.37
89.37
89.37
89.37
89.37
89.37
89.37
89.37
89.37
89.37
89.37
89.37
89.37
89.37
89.37
89.37
89.37
89.37
89.37
89.37
89.37
89.37
89.37
89.37
89.37
89.37
89.37
89.37
89.37
89.37
89.37
89.37
89.37
89.37
89.37
89.37
89.37
89.37
89.37
89.37
89.37
89.37
89.37
89.37
89.37
89.37
89.37
89.37
89.37
89.37
89.37
89.37
89.37
89.37
89.37
89.37
89.37
89.37
89.37
89.37
89.37
89.37
89.37
89.37
89.37
89.37
89.37
89.37
89.37
89.37
89.37
89.37
89.37
89.37
89.37
89.37
89.37
89.37
89.37
89.37
89.37
89.37
89.37
89.37
89.37
89.37
89.37
89.37
89.37
89.37
89.37
89.37
89.37
89.37
89.37
89.37
89.37
89.37
89.37
89.37
89.37
89.37
89.37
89.37
89.37
89.37
89.37
89.37
89.37
89.37
89.37
89.37
89.37
89.37
89.37
89.37
89.37
89.37
89.37
89.37
89.37
89.37
89.37
89.37
89.37
89.37
89.37
89.37
89.37
89.37
89.37
89.37
89.37
89.37
89.37
89.37
89.37
89.37
89.37
89.37
89.37
89.37
89.37
89.37
89.37
89.37
89.37
89.37
89.37
89.37
89.37
89.37
89.37
89.37
89.37
89.37
89.37
89.37
89.37
89.37
89.37
89.37
89.37
89.37
89.37
89.37
89.37
89.37
89.37
89.37
89.37
89.37
89.37
89.37
89.37
89.37
89.37
89.37
89.37
89.37
89.37
89.37
89.37
89.37
89.37
89.37
89.37
89.37
89.37
89.37
89.37
89.37
89.37
89.37
89.37
89.37
89.37
89.37
89.37
89.37
89.37
89.37
89.37
89.37
89.37
89.37
89.37
89.37
89.37
89.37
89.37
89.37
89.37
89.37
89.37
89.37
89.37
89.37
89.37
89.37
89.37
89.37
89.37
89.37
89.37
89.37
89.37
89.37
89.37
89.37
89.37
89.37
89.37
89.37
89.37
89.37
89.37
89.37
89.37
89.37
89.37
89.37
89.37
89.37
89.37
89.37
89.37
89.37
89.37
89.37
89.37
89.37
89.37
89.37
89.37
89.37
89.37
89.37
89.37
89.37
89.37
89.37
89.37
89.37
89.37
89.37
89.37
89.37
89.37
89.37
89.37
89.37
89.37
89.37
89.37
89.37
89.37
89.37
89.37
89.37
89.37
89.37
89.37
89.37
89.37
89.37
89.37
89.37
89.37
89.37
89.37
89.37
89.37
89.37
89.37
89.37
89.37
89.37
89.37
89.37
89.37
89.37
89.37
89.37
89.37
89.37
89.37
89.37
89.37
89.37
89.37
89.37
89.37
89.37
89.37
89.37
89.37
89.37
89.37
89.37
89.37
89.37
89.37
89.37
89.37
89.37
89.37
89.37
89.37
89.37
89.37
89.37
89.37
89.37
89.37
89.37
89.37
89.37
89.37
89.37
89.37
91.41
91.41
91.41
91.41
91.00
90.80
90.18
91.41
91.41
91.41
91.41
91.21
91.21
91.82
91.82
91.62
91.41
91.41
91.41
91.41
92.02
91.41
92.23
90.39
90.39
87.32
87.73
87.73
86.09
88.34
88.34
89.78
90.59
90.59
88.75
90.18
90.80
90.59
88.34
88.34
89.37
88.55
89.98
91.00
91.21
90.39
90.39
88.14
87.73
87.32
88.75
90.59
90.59
91.82
92.64
91.62
91.41
91.41
91.41
92.64
92.64
92.64
93.05
92.64
92.02
92.02
92.02
92.02
91.62
91.62
91.82
91.41
91.41
91.62
92.02
92.02
92.02
92.02
92.02
92.02
92.64
92.84
92.64
92.64
92.64
92.64
93.05
93.05
92.64
92.64
92.64
93.05
92.84
92.84
92.84
93.05
93.05
93.05
93.25
92.84
92.84
92.84
92.84
92.84
92.84
92.84
92.84
92.84
92.84
92.84
92.84
92.84
92.84
92.84
92.84
92.84
92.84
92.84
92.84
92.84
92.84
92.84
92.84
92.84
92.84
92.84
92.84
92.84
92.84
92.84
92.84
92.84
92.84
92.84
92.84
92.84
92.84
92.84
92.84
92.84
92.84
92.84
92.84
92.84
92.84
92.84
92.84
92.84
92.84
92.84
92.84
92.84
92.84
92.84
92.84
92.84
92.84
92.84
92.84
92.84
92.84
92.84
92.84
92.84
92.84
92.84
92.84
92.84
92.84
92.84
92.84
92.84
92.84
92.84
92.84
92.84
92.84
92.84
92.84
92.84
92.84
92.84
92.84
92.84
92.84
92.84
92.84
92.84
92.84
92.84
92.84
92.84
92.84
92.84
92.84
92.84
92.84
92.84
92.84
92.84
92.84
92.84
92.84
92.84
92.84
92.84
92.84
92.84
92.84
92.84
92.84
92.84
92.84
92.84
92.84
92.84
92.84
92.84
92.84
92.84
92.84
92.84
92.84
92.84
92.84
92.84
92.84
92.84
92.84
92.84
92.84
92.84
92.84
92.84
92.84
92.84
92.84
92.84
92.84
92.84
92.84
92.84
92.84
92.84
92.84
92.84
92.84
92.84
92.84
92.84
92.84
92.84
92.84
92.84
92.84
92.84
92.84
92.84
92.84
92.84
92.84
92.84
92.84
92.84
92.84
92.84
92.84
92.84
92.84
92.84
92.84
92.84
92.84
92.84
92.84
92.84
92.84
92.84
92.84
92.84
92.84
92.84
92.84
92.84
92.84
92.84
92.84
92.84
92.84
92.84
92.84
92.84
92.84
92.84
92.84
92.84
92.84
92.84
92.84
92.84
92.84
92.84
92.84
92.84
92.84
92.84
92.84
92.84
92.84
92.84
92.84
92.84
92.84
92.84
92.84
92.84
92.84
92.84
92.84
92.84
92.84
92.84
92.84
92.84
92.84
92.84
92.84
92.84
92.84
92.84
92.84
92.84
92.84
92.84
92.84
92.84
92.84
92.84
92.84
92.84
92.84
92.84
92.84
92.84
92.84
92.84
92.84
92.84
92.84
92.84
92.84
92.84
92.84
92.84
92.84
92.84
92.84
92.84
92.84
92.84
92.84
92.84
92.84
92.84
92.84
92.84
92.84
92.84
92.84
92.84
92.84
92.84
92.84
92.84
92.84
92.84
92.84
92.84
92.84
92.84
92.84
92.84
92.84
92.84
92.84
92.84
92.84
92.84
92.84
92.84
92.84
92.84
92.84
92.84
92.84
92.84
92.84
92.84
92.84
92.84
92.84
92.84
92.84
92.84
92.84
92.84
92.84
92.84
92.84
92.84
92.84
92.84
92.84
92.84
92.84
92.84
92.84
92.84
92.84
92.84
92.84
92.84
92.84
92.84
92.84
92.84
92.84
92.84
92.84
92.84
92.84
92.84
92.84
92.84
92.84
92.84
92.84
92.84
92.84
92.84
92.84
92.84
92.84
92.84
92.84
92.84
92.84
92.84
92.84
92.84
92.84
92.84
92.84
92.84
92.84
92.84
92.84
92.84
92.84
92.84
92.84
92.84
92.84
92.84
92.84
92.84
92.84
92.84
92.84
92.84
92.84
92.84
92.84
92.84
92.84
92.84
92.84
92.84
92.84
92.84
92.84
92.84
92.84
92.84
92.84
92.84
92.84
92.84
92.84
92.84
92.84
92.84
92.84
92.84
92.84
92.84
92.84
92.84
92.84
92.84
92.84
92.84
92.84
92.84
92.84
92.84
92.84
92.84
92.84
92.84
92.84
92.84
92.84
92.84
92.84
92.84
92.84
92.84
92.84
92.84
92.84
92.84
92.84
92.84
92.84
92.84
92.84
92.84
92.84
92.84
92.84
92.84
92.84
92.84
92.84
92.84
92.84
92.84
92.84
92.84
92.84
92.84
92.84
92.84
92.84
92.84
92.84
92.84
92.84
92.84
92.84
92.84
92.84
92.84
92.84
92.84
92.84
92.84
92.84
92.84
92.84
92.84
92.84
92.84
92.84
92.84
92.84
92.84
92.84
92.84
92.84
92.84
92.84
92.84
92.84
92.84
92.84
92.84
92.84
92.84
92.84
92.84
92.84
92.84
92.84
92.84
92.84
92.84
92.84
92.84
92.84
92.84
92.84
92.84
92.84
92.84
92.84
92.84
92.84
92.84
92.84
92.84
92.84
92.84
92.84
92.84
92.84
92.84
92.84
92.84
92.84
92.84
92.84
92.84
92.84
92.84
92.84
92.84
92.84
92.84
92.84
92.84
92.84
92.84
92.84
92.84
92.84
92.84
92.84
92.84
92.84
92.84
92.84
92.84
92.84
92.84
92.84
92.84
92.84
92.84
92.84
92.84
92.84
92.84
92.84
92.84
92.84
92.84
92.84
92.84
92.84
92.84
92.84
92.84
92.84
92.84
92.84
92.84
92.84
92.84
92.84
92.84
92.84
92.84
92.84
92.84
92.84
92.84
92.84
92.84
92.84
92.84
92.84
92.84
92.84
92.84
92.84
92.84
92.84
92.84
92.84
92.84
92.84
92.84
92.84
92.84
92.84
92.84
92.84
92.84
92.84
92.84
92.84
92.84
92.84
92.84
92.84
92.84
92.84
92.84
92.84
92.84
92.84
92.84
92.84
92.84
92.84
92.84
92.84
92.84
92.84
92.84
92.84
92.84
92.84
92.84
92.84
92.84
92.84
92.84
92.84
92.84
92.84
92.84
92.84
91.82
91.62
92.02
91.62
91.62
91.62
91.82
91.82
91.41
91.00
91.00
90.59
90.39
91.41
90.80
90.59
91.41
91.62
91.82
91.62
90.18
89.78
90.39
90.59
90.18
91.41
91.62
92.02
91.82
92.84
93.05
93.46
92.43
92.23
92.43
92.43
92.84
93.46
93.66
94.07
93.87
94.07
94.27
94.07
93.87
94.07
94.07
93.87
93.87
93.46
93.87
93.87
94.07
94.07
93.66
93.66
94.27
94.27
94.27
94.27
94.27
94.07
94.07
94.07
94.07
94.07
94.07
94.07
94.07
93.87
93.87
93.87
93.87
94.07
94.07
94.07
94.07
94.07
94.07
94.07
94.07
94.07
94.07
94.07
94.07
94.07
94.07
94.07
94.07
94.07
94.07
94.07
94.07
94.07
94.07
94.07
94.07
94.07
94.07
94.07
94.07
94.07
94.07
94.07
94.07
94.07
94.07
94.07
94.07
94.07
94.07
94.07
94.07
94.07
94.07
94.07
94.07
94.07
94.07
94.07
94.07
94.07
94.07
94.07
94.07
94.07
94.07
94.07
94.07
94.07
94.07
94.07
94.07
94.07
94.07
94.07
94.07
94.07
94.07
94.07
94.07
94.07
94.07
94.07
94.07
94.07
94.07
94.07
94.07
94.07
94.07
94.07
94.07
94.07
94.07
94.07
94.07
94.07
94.07
94.07
94.07
94.07
94.07
94.07
94.07
94.07
94.07
94.07
94.07
94.07
94.07
94.07
94.07
94.07
94.07
94.07
94.07
94.07
94.07
94.07
94.07
94.07
94.07
94.07
94.07
94.07
94.07
94.07
94.07
94.07
94.07
94.07
94.07
94.07
94.07
94.07
94.07
94.07
94.07
94.07
94.07
94.07
94.07
94.07
94.07
94.07
94.07
94.07
94.07
94.07
94.07
94.07
94.07
94.07
94.07
94.07
94.07
94.07
94.07
94.07
94.07
94.07
94.07
94.07
94.07
94.07
94.07
94.07
94.07
94.07
94.07
94.07
94.07
94.07
94.07
94.07
94.07
94.07
94.07
94.07
94.07
94.07
94.07
94.07
94.07
94.07
94.07
94.07
94.07
94.07
94.07
94.07
94.07
94.07
94.07
94.07
94.07
94.07
94.07
94.07
94.07
94.07
94.07
94.07
94.07
94.07
94.07
94.07
94.07
94.07
94.07
94.07
94.07
94.07
94.07
93.46
93.25
93.66
93.66
93.46
93.46
93.46
93.46
93.66
93.66
93.66
93.66
93.66
93.66
93.66
93.66
93.66
93.66
93.87
93.66
93.66
93.66
93.66
93.66
93.66
93.87
93.66
93.87
93.66
93.66
93.66
93.46
93.66
93.66
93.66
93.66
93.87
93.87
93.87
93.87
93.87
93.87
93.87
94.07
94.07
94.27
94.48
94.27
94.27
94.48
94.27
94.48
94.48
94.68
94.48
94.48
94.48
94.89
94.68
94.68
94.48
94.68
94.68
94.89
94.68
95.09
95.09
95.09
95.09
95.09
94.48
94.89
95.09
95.09
95.09
95.09
94.27
94.68
95.09
95.09
95.09
95.09
94.27
94.48
94.48
94.68
94.68
94.27
94.89
94.48
94.68
94.68
94.89
94.89
94.89
94.89
94.48
94.07
94.48
94.68
60.33
60.33
60.33
60.33
60.33
60.33
60.33
60.33
60.33
60.33
60.33
60.33
60.33
60.33
60.33
60.33
60.33
60.33
60.33
60.33
60.33
60.33
60.33
60.33
60.33
60.33
60.33
60.33
60.33
60.33
60.33
60.33
60.33
60.33
60.33
60.33
60.33
60.33
60.33
60.33
60.33
60.33
60.33
60.33
60.33
60.33
60.33
60.33
60.33
60.33
60.33
60.33
60.33
60.33
60.33
60.33
60.33
60.33
60.33
60.33
60.33
60.33
60.33
60.33
60.33
60.33
60.33
60.33
60.33
60.33
60.33
60.33
60.33
60.33
60.33
60.33
60.33
60.33
60.33
60.33
60.33
60.33
60.33
60.33
60.33
60.33
60.33
60.33
60.33
60.33
60.33
60.33
60.33
60.33
60.33
60.33
60.33
60.33
60.33
60.33
60.33
60.33
60.33
60.33
60.33
60.33
60.33
60.33
60.33
60.33
60.33
60.33
60.33
60.33
60.33
60.33
60.33
60.33
60.33
60.33
60.33
60.33
60.33
60.33
60.33
60.33
60.33
60.33
60.33
60.33
60.33
60.33
60.33
60.33
60.33
60.33
60.33
60.33
60.33
60.33
60.33
60.33
60.33
60.33
60.33
60.33
60.33
60.33
60.33
60.33
60.33
60.33
60.33
60.33
60.33
60.33
60.33
60.33
60.33
60.33
60.33
60.33
60.33
60.33
60.33
60.33
60.33
60.33
60.33
60.33
60.33
60.33
60.33
60.33
60.33
60.33
60.33
60.33
60.33
60.33
60.33
60.33
60.33
60.33
60.33
60.33
60.33
60.33
60.33
60.33
60.33
60.33
60.33
60.33
60.33
60.33
60.33
60.33
60.33
60.33
87.53
87.53
87.53
87.73
87.93
88.55
88.55
88.55
88.55
88.55
88.55
88.55
88.34
88.14
88.14
87.53
87.53
87.53
87.73
87.73
87.73
88.14
88.14
88.14
88.34
88.34
88.34
88.34
88.34
88.34
88.55
88.55
88.55
88.55
88.55
88.55
88.55
88.55
88.34
88.75
88.75
89.57
89.98
89.78
89.57
89.37
89.78
89.37
89.37
89.98
89.78
89.78
90.18
90.18
90.39
89.98
89.98
89.98
89.78
89.78
89.37
88.96
88.75
88.96
88.55
88.55
88.55
88.55
88.55
88.34
87.73
88.14
88.14
88.14
88.34
88.34
88.55
88.34
88.14
87.93
87.93
87.93
88.14
87.73
88.14
88.14
87.73
87.73
86.91
86.91
87.73
87.73
87.73
87.73
87.73
87.12
87.12
86.71
86.30
85.69
92.02
92.02
92.43
92.43
92.43
92.43
92.43
92.23
92.43
92.43
92.23
92.43
92.23
92.43
92.43
92.23
92.23
92.23
93.05
92.43
92.43
92.43
92.43
92.23
92.02
92.43
92.43
92.02
92.43
92.43
92.43
92.23
92.23
92.23
92.23
92.23
92.43
92.64
92.43
92.43
92.43
92.43
92.23
92.02
92.02
92.43
92.23
92.23
92.23
92.23
92.23
92.23
92.02
92.23
92.23
92.23
92.23
92.23
92.23
92.43
92.43
92.43
92.43
92.43
92.43
92.23
92.23
92.43
92.64
92.43
92.43
92.43
92.43
92.43
92.43
93.05
92.64
92.64
92.64
92.84
92.84
92.84
93.05
92.64
92.64
92.43
92.43
92.64
92.64
92.64
92.64
92.64
92.23
92.23
92.64
92.43
92.43
92.43
92.43
92.64
92.64
92.84
92.64
92.43
92.64
92.23
92.02
92.23
92.23
93.05
93.66
94.07
94.07
93.66
93.46
93.25
93.05
92.84
92.64
93.05
93.05
93.05
93.05
92.43
92.84
93.46
94.27
94.27
94.27
94.27
94.27
93.66
93.25
93.25
92.84
92.23
92.23
92.64
92.23
92.64
93.05
93.25
93.46
93.46
93.46
93.46
93.66
94.07
94.07
95.09
95.09
95.30
95.30
95.30
95.30
95.09
95.30
95.30
95.30
95.50
95.30
95.50
95.50
95.50
95.50
95.50
95.30
95.30
95.30
95.30
95.50
95.50
95.50
95.50
95.50
95.30
95.30
95.30
95.30
95.30
95.50
95.50
95.50
95.30
95.30
95.30
95.30
95.30
95.71
96.32
96.32
96.73
96.73
96.52
96.73
96.73
96.52
96.52
96.52
96.52
96.52
96.52
96.52
96.52
96.52
96.73
96.52
96.52
96.52
96.73
96.73
96.73
96.73
96.52
96.52
96.32
96.32
96.32
96.52
96.32
96.32
96.32
96.32
96.32
96.32
96.73
96.32
96.32
96.32
96.32
96.32
96.32
96.32
96.32
96.32
96.32
96.32
95.91
95.91
95.71
95.71
95.71
95.71
95.71
95.71
95.71
95.71
95.91
95.91
95.71
96.11
95.71
95.71
95.71
95.50
95.50
95.71
95.71
95.71
95.71
95.71
95.50
95.50
95.50
95.50
95.50
95.50
95.50
95.50
95.50
95.50
95.50
95.50
95.30
95.30
95.30
95.50
95.50
95.50
95.30
95.71
95.71
95.50
95.50
95.50
95.50
95.50
95.50
95.50
95.71
95.71
95.50
95.50
95.50
95.50
95.50
95.50
95.50
95.50
95.50
95.09
94.89
95.30
95.30
95.30
95.30
95.30
95.30
95.30
95.71
95.09
95.30
96.11
96.11
96.11
96.11
96.11
96.11
96.11
96.11
96.11
96.11
96.11
96.11
96.11
96.11
96.11
96.11
96.11
95.50
95.91
95.91
95.91
95.91
96.11
95.71
95.71
94.89
94.89
94.89
95.09
94.68
94.68
94.48
94.48
94.68
94.48
93.87
93.87
94.07
94.07
94.07
93.87
94.07
94.07
94.27
94.27
94.27
94.07
94.27
94.48
94.89
95.30
95.30
94.89
94.68
94.68
94.27
95.30
95.09
94.68
94.48
94.68
94.27
94.07
94.07
94.07
94.48
94.48
94.07
94.07
94.07
94.07
94.07
94.48
94.48
95.09
94.48
94.48
94.48
94.89
94.68
94.27
94.48
94.48
94.68
94.68
94.48
94.07
94.07
95.50
94.89
94.89
95.50
95.50
95.50
95.50
95.50
95.50
95.50
95.50
95.50
95.50
95.50
95.50
95.50
95.50
95.50
95.50
95.50
95.50
95.30
95.50
95.50
95.50
95.71
95.50
95.50
95.50
95.50
95.50
95.50
95.50
95.50
95.50
95.50
95.50
95.50
95.50
95.50
95.71
95.50
95.50
95.50
95.71
95.71
95.50
95.50
95.50
95.50
95.50
95.50
95.50
95.50
95.50
95.50
95.50
95.50
95.50
95.71
95.71
95.71
95.71
95.91
95.91
95.91
95.91
95.91
95.91
95.91
95.91
96.11
96.11
95.91
95.91
95.91
95.91
95.91
95.91
95.91
95.91
95.91
95.91
95.91
95.91
95.91
95.91
96.11
96.32
96.32
96.32
96.32
96.52
96.52
96.52
96.32
96.32
96.32
96.32
96.32
96.32
96.32
96.32
96.32
96.32
96.52
96.52
96.52
96.52
96.52
96.52
96.52
96.52
96.52
96.52
96.52
96.52
96.52
96.52
96.52
96.11
96.32
96.52
96.52
96.52
96.32
96.32
96.52
96.32
96.52
96.32
96.32
96.32
96.32
96.52
96.52
96.52
96.52
96.52
96.52
96.52
96.52
96.52
96.52
96.52
96.52
96.52
96.52
96.52
96.52
96.52
96.52
96.52
96.52
96.52
96.52
96.52
96.52
96.52
96.52
96.52
96.52
96.52
96.52
96.52
96.52
96.52
96.52
96.32
96.32
96.32
96.32
96.32
96.11
96.11
96.11
96.11
96.11
95.91
95.91
95.91
96.11
96.11
95.91
95.91
95.91
96.11
96.11
96.11
96.11
96.11
96.11
96.11
96.11
96.11
96.11
96.11
95.91
95.91
95.71
95.71
95.91
95.71
95.71
95.71
95.91
96.11
96.11
96.11
96.11
96.11
96.11
96.11
96.11
96.11
96.11
95.91
96.11
96.11
96.11
96.11
96.11
96.11
96.11
96.11
96.11
96.11
96.11
96.11
96.11
96.11
95.91
96.11
96.11
96.11
95.91
96.11
96.11
96.11
96.11
96.11
96.11
96.11
95.71
96.11
95.91
95.91
96.11
96.11
96.11
95.91
95.91
95.91
96.11
96.11
96.11
96.11
96.11
96.11
96.32
96.11
96.52
96.52
96.52
96.73
96.73
96.73
96.73
96.73
96.73
96.73
96.73
96.73
96.73
96.73
96.73
96.73
96.73
96.73
96.73
96.73
96.73
96.73
96.73
96.73
96.73
96.73
96.73
96.73
96.73
96.73
96.73
96.73
96.73
96.73
96.73
96.73
96.52
96.52
96.52
96.52
96.52
96.52
96.73
96.73
96.73
96.73
96.52
96.73
96.52
96.52
96.52
96.52
96.73
96.73
96.73
96.73
96.73
96.73
96.73
96.73
96.73
96.73
96.73
96.73
96.73
96.73
96.73
96.73
96.73
96.73
96.73
96.73
96.73
96.73
96.73
96.73
96.73
96.73
96.73
96.73
96.73
96.73
96.73
96.52
96.73
96.52
96.52
96.52
96.52
96.73
96.73
96.73
96.52
96.52
96.52
96.73
96.52
96.52
96.52
96.52
96.52
96.52
96.52
96.52
96.52
96.73
96.52
96.73
96.73
96.52
96.52
96.52
96.52
96.52
96.52
96.52
96.52
96.52
96.52
96.52
96.52
96.73
96.73
96.73
96.73
96.73
96.73
96.73
96.52
96.52
96.52
96.52
96.52
96.52
96.52
96.73
96.52
96.52
96.73
96.52
96.52
96.52
96.52
96.52
96.52
96.73
96.73
96.73
96.73
96.73
96.73
96.73
96.73
96.73
96.73
96.73
96.73
96.73
96.73
96.73
96.73
96.73
96.73
96.73
96.73
96.73
96.73
96.73
96.73
96.73
96.73
96.73
96.73
96.52
96.73
96.73
96.73
96.73
96.73
96.73
96.73
96.73
96.73
96.73
96.73
96.73
96.52
96.52
96.52
96.52
96.52
96.32
96.73
96.52
96.32
96.11
96.11
96.11
96.11
95.91
95.91
95.91
95.91
95.91
95.91
95.91
95.91
95.91
96.11
96.11
95.91
95.71
95.71
95.71
95.71
95.71
95.71
95.71
95.71
95.91
96.11
96.11
95.91
96.11
96.32
96.32
96.32
96.52
96.32
96.73
96.73
96.73
96.73
96.73
96.73
96.73
96.73
96.32
96.73
96.73
96.73
96.73
96.73
96.73
96.73
96.52
96.52
96.52
96.32
96.32
96.32
96.52
96.52
96.32
96.32
96.32
96.32
96.32
96.32
96.32
96.11
96.11
96.11
96.32
96.32
96.32
96.32
96.32
96.32
96.11
96.11
96.32
96.11
96.11
96.11
96.11
96.11
96.11
96.11
96.11
96.11
96.11
96.11
95.91
95.91
96.11
96.11
96.11
96.11
96.11
96.11
96.11
96.11
96.11
96.11
96.11
96.11
96.11
96.11
96.11
96.11
96.32
96.32
96.11
96.11
96.11
96.11
96.11
95.91
96.11
96.11
95.91
95.91
95.71
95.71
95.71
95.71
95.71
95.71
95.71
95.71
95.71
95.71
95.71
95.71
95.71
95.91
95.91
96.11
96.11
96.52
96.52
96.32
96.11
96.52
96.52
96.73
96.52
96.52
96.52
96.73
96.73
96.73
96.52
96.52
96.52
96.52
96.52
96.52
96.52
96.52
96.52
96.52
96.52
96.52
96.52
96.52
96.52
96.52
96.52
96.11
96.11
96.11
96.11
96.11
96.52
96.52
96.52
96.52
96.52
96.52
96.52
96.52
96.52
96.52
96.52
96.52
96.52
96.52
96.52
96.11
96.11
96.11
96.52
96.32
96.52
96.52
96.52
96.52
96.32
96.32
96.52
96.32
96.52
96.52
96.52
96.52
96.52
96.52
96.52
96.32
96.11
96.32
96.32
96.11
95.91
95.91
95.91
95.91
95.91
95.91
95.71
95.91
96.11
95.91
95.71
95.91
95.91
95.71
95.91
95.91
95.91
95.91
95.91
95.91
95.91
95.91
95.91
95.91
95.71
95.91
95.91
95.91
95.91
95.91
95.91
95.30
95.91
95.91
96.32
96.32
96.32
96.32
96.32
96.32
96.32
96.32
96.32
96.32
96.32
96.32
96.32
96.32
96.32
96.32
96.32
96.32
96.32
96.32
96.32
96.32
96.32
96.32
96.32
96.32
96.32
95.91
95.91
95.91
95.50
95.71
95.50
95.71
95.71
95.91
95.91
95.91
95.91
95.91
95.91
95.91
95.91
95.91
95.50
95.50
95.50
95.50
95.91
95.91
95.91
95.91
95.91
95.91
96.32
96.32
96.11
96.32
96.32
96.32
96.32
96.32
96.32
96.32
96.32
96.32
96.32
96.32
96.32
96.32
96.32
96.32
96.32
95.91
95.91
96.32
96.11
95.91
95.91
96.32
96.32
96.32
96.32
96.32
96.32
96.32
96.32
95.91
95.91
95.91
96.11
95.91
95.91
95.91
95.91
95.91
95.91
95.91
95.91
95.91
95.91
95.30
95.30
95.30
95.50
95.30
95.30
95.30
95.09
95.30
95.71
95.09
95.30
95.09
95.09
95.30
95.09
95.09
95.09
95.09
95.30
95.30
94.89
94.89
94.48
94.68
94.89
95.09
95.50
95.91
95.71
95.71
95.91
95.91
95.91
95.91
95.91
95.91
95.91
95.91
95.91
95.91
95.91
95.91
95.91
95.91
96.11
96.11
96.32
96.32
96.32
96.32
96.32
96.32
96.32
96.32
96.11
96.32
96.32
96.32
96.32
96.32
96.32
96.32
96.32
96.11
96.32
96.11
96.32
96.32
96.32
96.11
96.32
96.32
96.32
96.32
96.32
96.32
96.11
95.91
96.11
96.32
96.11
95.91
95.91
95.91
95.91
95.91
95.91
95.91
95.91
95.91
95.91
95.91
95.91
95.91
95.91
95.91
95.91
95.91
95.91
95.91
95.91
95.91
95.91
96.11
96.11
95.91
95.91
95.91
95.91
95.71
95.71
95.71
95.50
95.71
95.50
95.50
95.50
95.50
95.50
95.91
95.91
95.91
95.91
95.71
95.71
95.91
95.71
95.71
95.71
95.71
95.71
95.50
95.71
95.71
95.50
95.50
95.50
95.50
95.50
95.30
95.30
95.30
95.50
95.50
95.50
95.50
95.50
95.50
95.50
95.50
95.09
95.09
94.89
94.89
95.09
95.09
95.09
95.09
95.09
95.91
95.50
95.30
95.71
95.30
95.91
95.91
95.91
95.91
95.71
95.91
95.09
95.09
95.09
95.09
95.09
95.09
94.89
95.09
95.30
95.30
95.50
95.50
95.50
95.91
95.71
95.71
95.91
95.91
95.91
95.91
95.91
95.91
95.91
95.71
95.71
95.50
95.91
95.91
95.30
96.11
95.09
95.09
95.09
95.50
95.30
95.91
95.91
95.91
95.91
95.50
95.30
95.91
95.71
95.91
95.91
94.89
94.68
94.68
94.68
94.68
94.68
94.68
94.89
94.68
94.89
94.68
94.68
94.48
94.68
94.68
94.68
94.89
95.50
95.71
94.68
94.68
94.68
94.68
94.68
94.68
94.68
94.68
94.68
94.68
94.68
94.89
94.89
94.89
95.91
95.91
95.91
96.11
95.91
95.91
95.91
95.91
96.11
96.11
95.50
96.11
96.32
96.32
96.32
96.32
96.32
96.32
96.32
96.32
96.32
96.32
96.32
96.32
96.32
96.32
96.52
96.52
96.52
96.52
96.52
96.52
96.52
96.52
96.73
96.52
96.52
96.52
96.32
96.32
96.32
96.32
96.32
96.32
96.32
96.32
96.32
96.32
96.32
96.32
94.48
94.68
94.48
94.68
94.68
95.30
95.09
95.09
95.09
95.30
95.09
95.09
95.71
95.71
95.71
95.50
95.71
95.71
95.71
95.71
95.71
95.71
95.71
95.71
95.71
95.71
95.71
95.71
95.71
95.71
95.50
95.71
95.71
95.71
95.71
95.71
95.71
95.71
95.71
95.71
95.71
95.71
95.71
95.71
95.71
95.71
95.71
95.71
95.71
95.91
95.91
95.71
95.71
95.71
95.71
95.71
95.71
95.71
95.71
95.71
95.71
95.71
95.71
95.91
95.91
95.91
95.91
95.91
95.91
95.71
95.71
95.71
95.71
95.71
95.71
95.71
95.71
95.50
95.50
95.50
95.50
95.91
95.71
95.71
95.71
95.71
95.71
95.71
95.50
95.30
95.50
95.50
95.09
95.09
95.30
95.30
95.50
95.71
95.71
95.50
96.52
96.52
96.52
96.52
96.52
96.52
96.52
96.52
96.52
96.52
96.52
96.52
96.52
96.52
96.52
96.52
96.52
96.52
96.52
96.52
96.52
96.52
96.52
96.52
96.52
96.52
96.52
96.32
96.32
96.32
96.52
96.52
96.52
96.52
96.52
96.52
96.52
96.52
96.52
96.52
96.52
96.32
96.32
96.32
96.52
96.32
96.52
96.52
96.52
96.52
96.52
96.52
96.52
96.52
96.52
96.52
96.52
96.52
96.52
96.52
96.52
96.32
96.52
96.11
96.11
95.91
96.11
96.32
96.52
96.52
96.52
96.32
96.52
96.52
96.52
96.52
96.52
96.52
96.52
96.52
96.32
96.32
96.52
96.52
96.52
95.91
95.50
95.50
96.11
96.52
96.52
96.52
96.52
96.52
96.52
96.52
96.52
96.52
96.52
96.52
95.71
95.71
95.71
95.50
95.50
95.50
94.89
94.89
94.89
94.89
94.89
94.89
94.89
94.48
94.68
94.68
94.89
95.30
95.50
95.50
95.30
95.71
95.50
95.50
95.50
95.71
95.71
95.71
95.71
95.50
95.09
94.89
95.30
94.89
95.30
95.30
94.89
95.30
95.30
95.30
95.50
95.91
95.91
95.71
95.50
95.91
95.91
95.71
95.71
95.91
95.91
95.91
95.91
95.50
95.71
95.91
95.91
95.71
95.71
95.91
96.52
96.11
96.11
95.91
95.91
96.73
96.52
96.32
96.32
95.91
95.71
96.52
95.91
95.91
95.50
95.71
96.11
96.11
96.32
96.11
96.11
96.32
96.11
96.32
96.32
96.32
96.32
96.32
96.11
96.32
96.32
96.32
96.32
96.32
96.32
96.32
96.32
96.32
96.11
96.11
96.11
96.11
96.11
96.11
96.32
96.32
96.32
96.32
96.11
96.11
96.11
95.91
95.50
95.91
95.91
95.91
95.91
95.91
96.11
95.91
95.91
96.11
96.11
96.11
96.11
96.11
95.91
95.91
95.91
95.91
95.91
95.91
95.91
95.30
95.91
95.09
95.09
95.09
95.71
95.50
95.30
95.30
95.09
95.09
94.89
95.09
95.50
96.11
95.50
95.09
95.09
95.09
95.09
95.09
95.09
95.09
95.09
95.09
95.09
94.89
95.09
95.09
95.09
95.09
94.89
94.89
95.09
95.09
95.09
95.09
95.09
94.89
94.89
94.89
94.68
94.89
94.68
94.89
94.48
94.48
93.87
94.07
94.27
94.27
94.07
94.27
94.27
94.07
94.07
93.87
93.87
94.48
94.68
94.68
94.89
94.68
95.09
94.89
95.09
94.89
94.89
95.09
94.89
94.89
94.89
94.89
94.89
94.89
94.89
94.89
94.89
94.89
94.89
94.89
94.89
94.68
94.89
95.50
95.91
95.50
95.50
95.30
95.30
95.30
95.09
95.09
94.68
94.68
94.68
94.68
94.89
94.68
95.09
95.71
95.50
95.09
95.50
95.50
95.09
95.09
95.50
95.50
95.30
95.09
94.89
94.68
94.68
94.68
94.48
94.68
94.48
94.48
94.68
94.68
94.07
93.87
94.27
94.27
94.68
95.09
95.09
95.09
94.68
94.68
94.68
94.68
95.09
94.89
95.09
95.09
95.30
95.09
95.09
95.30
95.30
95.50
95.30
95.30
95.50
95.71
96.11
96.11
95.91
95.71
95.91
95.71
95.50
95.09
95.09
95.30
94.89
95.09
95.30
95.30
95.09
95.50
95.50
95.50
95.30
95.30
95.30
94.89
94.89
94.89
94.89
95.09
94.68
94.68
94.48
94.27
95.09
95.09
94.68
94.89
94.68
94.07
94.07
94.07
94.27
94.27
94.89
94.68
94.89
95.30
95.50
95.71
95.71
95.71
95.71
95.30
94.89
94.48
94.89
95.09
94.89
95.91
95.71
95.91
96.11
95.71
95.71
94.89
94.89
94.68
94.68
95.09
94.68
95.50
94.89
95.91
95.71
95.71
95.71
95.71
95.71
95.91
96.11
95.91
96.11
95.71
95.71
95.71
95.71
95.71
95.50
95.50
95.71
95.50
95.50
95.50
95.71
95.71
95.71
95.30
95.30
95.09
95.30
95.30
95.50
95.09
95.30
95.30
95.30
95.30
95.50
95.50
95.50
95.71
95.71
95.71
95.71
95.71
95.71
95.71
95.50
95.50
95.50
95.50
95.50
95.71
95.91
95.71
95.71
95.71
95.71
95.71
95.71
95.71
95.71
95.71
95.71
95.50
95.50
95.50
95.50
95.71
95.91
95.71
95.50
95.50
95.50
95.50
95.50
95.50
95.50
95.30
95.09
94.68
94.07
94.89
94.68
94.89
94.68
94.68
94.89
95.30
95.30
95.30
95.50
95.50
94.68
94.27
94.89
94.68
94.48
94.68
94.48
94.48
94.68
94.89
94.89
95.09
94.89
95.09
95.30
95.71
95.71
95.71
95.71
94.89
94.89
95.50
95.50
95.71
95.71
95.71
95.09
95.09
94.68
95.30
95.09
95.09
95.09
95.30
95.09
95.30
95.09
95.30
95.30
95.50
95.50
95.50
95.50
95.50
95.71
95.30
95.30
95.71
95.30
94.89
95.09
94.68
94.68
94.68
95.09
95.09
94.48
94.27
94.27
