0.00
39.67
39.67
39.67
39.67
39.67
39.67
39.67
39.67
39.67
39.67
39.67
39.67
39.67
39.67
39.67
39.67
39.67
39.67
39.67
39.67
39.67
39.67
39.67
39.67
39.67
39.67
39.67
39.67
39.67
39.67
39.67
39.67
39.67
40.29
40.08
39.67
40.08
40.08
40.08
40.08
40.08
40.08
41.10
41.10
41.92
42.74
42.74
42.54
41.92
41.51
40.08
40.08
41.31
41.10
40.08
40.08
40.08
40.29
41.10
41.31
40.70
40.90
40.29
41.10
40.90
40.29
40.08
40.08
40.08
40.29
40.08
39.67
39.67
40.08
40.08
40.49
40.08
39.88
40.90
40.90
41.10
39.88
40.70
40.90
41.10
41.51
41.72
41.92
44.58
41.92
41.92
41.51
41.72
41.92
41.51
41.92
41.92
41.92
41.92
41.92
66.67
66.87
65.85
65.85
65.85
66.26
65.85
66.05
66.26
65.64
65.64
65.85
65.64
64.83
64.62
65.03
64.21
64.83
65.64
66.46
66.87
65.64
67.28
67.28
67.28
68.71
68.51
70.55
68.30
68.30
68.30
70.14
70.55
68.51
68.10
67.69
66.46
66.87
66.05
66.05
66.46
66.46
67.08
67.28
66.87
67.28
67.08
66.87
67.28
67.69
67.69
67.28
67.69
67.48
66.87
66.46
66.67
66.67
66.67
66.46
66.67
67.69
67.69
67.69
66.67
68.51
68.92
67.69
67.69
66.87
66.67
65.85
65.85
66.26
64.62
66.46
66.26
65.44
64.83
65.24
64.62
64.62
64.62
66.46
66.26
66.05
65.03
66.26
64.83
64.83
63.80
64.83
66.67
65.64
68.10
68.10
67.89
68.10
69.94
74.23
74.23
74.23
74.23
74.23
74.23
74.23
74.23
74.23
74.23
74.23
74.23
74.23
74.23
74.23
74.23
74.23
74.23
74.23
74.23
74.23
74.23
74.23
74.23
74.23
74.23
74.23
74.23
74.23
74.23
74.23
74.23
74.23
60.33
60.33
60.33
60.33
60.33
60.33
60.33
60.33
60.33
60.33
60.33
60.33
60.33
60.33
60.33
60.33
60.33
60.33
60.33
60.33
60.33
60.33
60.33
60.33
60.33
60.33
60.33
60.33
60.33
60.33
60.33
60.33
60.33
60.33
60.33
60.33
60.33
60.33
60.33
60.33
60.33
60.33
60.33
60.33
60.33
60.33
60.33
60.33
60.33
60.33
60.33
60.33
60.33
60.33
60.33
60.33
60.33
60.33
60.33
60.33
60.33
60.33
60.33
60.33
60.33
60.33
60.33
60.33
60.33
60.33
60.33
60.33
60.33
60.33
60.33
60.33
60.33
60.33
60.33
60.33
60.33
60.33
60.33
60.33
60.33
60.33
60.33
60.33
60.33
60.33
60.33
60.33
60.33
60.33
60.33
60.33
60.33
60.33
60.33
60.33
60.33
60.33
60.33
60.33
60.33
60.33
60.33
60.33
60.33
60.33
60.33
60.33
60.33
60.33
60.33
60.33
60.33
60.33
60.33
60.33
60.33
60.33
60.33
60.33
60.33
60.33
60.33
60.33
60.33
60.33
60.33
60.33
60.33
60.33
60.33
60.33
60.33
60.33
60.33
60.33
60.33
60.33
60.33
60.33
60.33
60.33
60.33
60.33
60.33
60.33
60.33
60.33
60.33
60.33
60.33
60.33
60.33
60.33
60.33
60.33
60.33
60.33
60.33
60.33
60.33
60.33
60.33
60.33
60.33
60.33
60.33
60.33
60.33
60.33
60.33
60.33
60.33
60.33
60.33
60.33
60.33
60.33
60.33
60.33
60.33
60.33
60.33
60.33
60.33
60.33
60.33
60.33
60.33
60.33
60.33
60.33
60.33
60.33
60.33
60.33
60.33
60.33
60.53
60.74
60.74
61.15
61.76
61.35
61.76
62.17
62.17
62.37
62.37
63.19
63.19
62.37
63.39
61.55
61.35
61.35
61.35
61.55
62.37
63.39
62.17
62.17
62.37
60.94
60.94
60.94
60.74
60.74
60.74
60.74
60.53
60.33
60.33
60.33
60.33
60.33
60.33
60.33
60.33
60.33
60.33
60.33
60.33
60.33
60.33
60.33
60.33
60.33
60.33
60.33
60.33
60.33
60.33
60.33
60.33
60.33
60.33
60.33
60.33
60.33
60.33
60.33
60.33
60.33
60.33
60.33
60.33
60.33
60.33
60.33
39.67
39.67
39.67
39.67
39.67
39.67
39.67
39.67
39.67
39.67
39.67
39.67
39.67
39.67
39.67
39.67
39.67
39.67
39.67
39.67
39.67
39.67
39.67
39.67
39.67
39.67
39.67
39.67
39.67
39.67
39.67
39.67
39.67
39.67
39.67
39.67
39.67
39.67
39.67
39.67
39.67
39.67
39.67
39.67
39.67
39.67
40.49
39.67
39.67
39.67
39.67
39.67
39.67
39.67
39.67
39.67
39.67
39.67
40.90
41.31
41.72
48.06
49.69
49.69
48.06
54.81
58.90
55.21
61.35
58.69
51.12
55.83
57.26
57.06
51.12
47.44
48.26
47.85
47.85
48.47
54.81
47.65
44.38
41.51
41.72
44.58
48.47
48.47
45.19
41.51
41.31
41.72
45.19
44.58
82.62
82.62
80.98
79.55
79.55
80.16
81.39
83.44
82.82
78.53
79.75
78.53
78.53
78.53
80.16
79.75
80.16
79.96
79.96
84.05
83.44
84.46
83.64
84.66
87.32
87.53
88.14
88.34
88.34
86.09
86.09
86.30
84.87
88.14
89.57
89.78
90.39
90.39
90.18
90.80
90.80
91.41
90.39
91.41
91.41
90.39
90.59
88.55
88.14
86.50
85.07
83.64
83.44
85.07
84.87
83.64
83.64
85.48
85.48
85.48
85.48
86.91
87.53
87.53
87.53
87.93
87.93
88.34
89.57
87.93
88.96
89.16
88.14
86.50
86.91
86.71
86.71
86.91
86.71
87.12
87.53
87.53
87.32
86.91
87.53
88.34
88.34
88.34
88.96
88.96
89.57
88.75
89.78
89.37
89.57
88.34
88.34
87.73
86.30
86.09
86.09
86.09
86.09
86.09
86.09
86.09
86.09
86.09
86.09
86.09
86.09
86.09
86.09
86.09
86.09
86.09
86.09
86.09
86.09
86.09
86.09
86.09
86.09
86.09
86.09
86.09
86.09
86.09
86.09
86.09
86.09
86.09
86.09
86.09
86.09
86.09
86.09
86.09
86.09
86.09
86.09
86.09
86.09
86.09
86.09
86.09
86.09
86.09
86.09
86.09
86.09
86.09
86.09
86.09
86.09
86.09
86.09
86.09
86.09
86.09
86.09
86.09
86.09
86.09
86.09
86.09
86.09
86.09
86.09
86.09
86.09
86.09
86.09
86.09
86.09
86.09
86.09
86.09
86.09
86.09
86.09
86.09
86.09
86.09
86.09
86.09
86.09
86.09
86.09
86.09
86.09
86.09
86.09
86.09
86.09
86.09
86.09
86.09
86.09
86.09
86.09
86.09
86.09
86.09
86.09
86.09
86.09
86.09
86.09
86.09
86.09
86.09
86.09
86.09
86.09
86.09
86.09
86.09
86.09
86.09
86.09
86.09
86.09
86.09
86.09
86.09
86.09
86.09
86.09
86.09
86.09
86.09
86.09
86.09
86.09
86.09
86.09
86.09
86.09
86.09
86.09
86.09
86.09
86.09
86.09
86.09
86.09
86.09
86.09
86.09
86.09
86.09
79.55
79.55
78.73
79.55
79.14
79.55
78.73
78.94
76.89
77.71
77.71
79.35
79.75
78.94
79.55
79.75
78.73
78.73
79.55
79.55
79.96
80.37
79.96
79.75
78.73
79.14
79.35
79.55
79.75
79.55
80.37
79.96
82.62
83.03
83.23
83.64
83.64
83.44
83.44
83.23
83.23
83.23
83.64
82.82
83.64
84.25
84.25
84.66
84.66
84.66
84.66
84.66
84.66
84.66
84.66
84.66
84.66
84.66
84.66
84.66
84.66
84.66
84.66
84.66
84.66
84.66
84.66
84.66
84.66
84.66
84.66
84.66
84.66
84.66
84.66
84.66
84.66
84.66
84.66
84.66
84.66
84.66
84.66
84.66
84.66
84.66
84.66
84.66
84.66
84.66
84.66
84.66
84.66
84.66
84.66
84.66
84.66
84.66
84.66
84.66
84.66
84.66
84.66
84.66
84.66
84.66
84.66
84.66
84.66
84.66
84.66
84.66
84.66
84.66
84.66
84.66
84.66
84.66
84.66
84.66
84.66
84.66
84.66
84.66
84.66
84.66
84.66
84.66
84.66
84.66
84.66
84.66
84.66
84.66
84.66
84.66
84.66
84.66
84.66
84.66
84.66
84.66
84.66
84.66
84.66
84.66
84.66
84.66
84.66
84.66
84.66
84.66
84.66
84.66
84.66
84.66
84.66
84.66
84.66
84.66
84.66
84.66
84.66
84.66
84.66
84.66
84.66
84.66
84.66
84.66
84.66
84.66
84.66
84.66
84.66
84.66
84.66
84.66
84.66
84.66
84.66
84.66
84.66
84.66
84.66
84.66
84.66
84.66
84.66
84.66
84.66
84.66
84.66
84.66
84.66
84.66
84.66
84.66
84.66
84.66
84.66
84.66
84.66
84.66
84.66
84.66
84.66
84.66
84.66
84.66
84.66
84.66
84.66
84.66
84.66
84.66
84.66
84.66
84.66
84.66
84.66
84.66
84.66
84.66
84.66
84.66
84.66
84.66
84.66
84.66
84.66
84.66
84.66
84.66
84.66
84.66
84.66
84.66
84.66
84.66
84.66
84.66
84.66
84.66
84.66
84.66
84.66
84.66
87.93
88.14
88.55
88.75
87.32
88.34
90.39
91.00
91.21
91.82
92.64
92.43
92.23
92.23
91.82
92.02
92.02
91.21
90.39
90.39
88.75
88.14
85.69
86.50
86.50
85.69
85.69
86.50
85.69
86.91
86.30
89.37
88.14
87.73
87.73
87.73
87.93
87.12
86.91
87.73
89.16
90.39
88.55
88.55
88.55
90.18
86.30
85.69
82.82
78.73
78.53
79.55
80.37
81.39
83.84
84.66
85.89
89.37
89.37
89.98
87.93
87.73
88.96
87.53
86.71
84.46
83.64
77.91
81.39
82.82
82.62
83.64
85.48
85.48
84.05
79.35
74.03
74.03
77.71
75.46
74.85
74.85
74.85
75.87
76.89
74.44
75.66
73.82
72.80
73.21
73.21
72.39
73.01
74.85
75.66
72.60
71.98
74.03
74.03
73.42
73.42
73.42
73.42
73.42
73.42
73.42
73.42
73.42
73.42
73.42
73.42
73.42
73.42
73.42
73.42
73.42
73.42
73.42
73.42
73.42
73.42
73.42
73.42
73.42
73.42
73.42
73.42
73.42
73.42
73.42
73.42
73.42
73.42
73.42
73.42
73.42
73.42
73.42
73.42
73.42
73.42
73.42
73.42
73.42
73.42
73.42
73.42
73.42
73.42
73.42
73.42
73.42
73.42
73.42
73.42
73.42
73.42
73.42
73.42
73.42
73.42
73.42
73.42
73.42
73.42
73.42
73.42
73.42
73.42
73.42
73.42
73.42
73.42
73.42
73.42
73.42
73.42
73.42
73.42
73.42
73.42
73.42
73.42
73.42
73.42
73.42
73.42
73.42
73.42
73.42
73.42
73.42
73.42
73.42
73.42
73.42
73.42
73.42
73.42
73.42
73.42
73.42
73.42
73.42
73.42
73.42
73.42
73.42
73.42
73.42
73.42
73.42
73.42
73.42
73.42
73.42
73.42
73.42
73.42
73.42
73.42
73.42
73.42
73.42
73.42
73.42
73.42
73.42
73.42
73.42
73.42
73.42
73.42
73.42
73.42
73.42
73.42
73.42
73.42
73.42
73.42
73.42
73.42
73.42
73.42
73.42
73.42
73.42
73.42
73.42
73.42
73.42
73.42
73.42
73.42
73.42
73.42
73.42
73.42
73.42
73.42
73.42
73.42
73.42
73.42
73.42
73.42
73.42
73.42
73.42
73.42
73.42
73.42
73.42
73.42
73.42
73.42
73.42
73.42
73.42
73.42
73.42
73.42
73.42
73.42
73.42
73.42
73.42
73.42
73.42
73.42
73.42
73.42
73.42
73.42
73.42
73.42
73.42
73.42
73.42
73.42
73.42
73.42
73.42
73.42
73.42
73.42
73.42
73.42
73.42
73.42
73.42
73.42
73.42
73.42
73.42
73.42
73.42
73.42
73.42
73.42
73.42
73.42
73.42
73.42
73.42
73.42
73.42
73.42
73.42
73.42
73.42
73.42
73.42
73.42
73.42
73.42
73.42
73.42
73.42
73.42
73.42
73.42
73.42
73.42
73.42
73.42
73.42
73.42
73.42
73.42
73.42
73.42
73.42
73.42
73.42
73.42
73.42
73.42
73.42
73.42
73.42
73.42
73.42
73.42
73.42
73.42
73.42
73.42
73.42
73.42
73.42
73.42
73.42
73.42
73.42
73.42
73.42
73.42
73.42
73.42
73.42
73.42
73.42
73.42
73.42
73.42
73.42
73.42
73.42
73.42
73.42
73.42
73.42
73.42
73.42
73.42
73.42
73.42
73.42
73.42
73.42
73.42
73.42
73.42
73.42
73.42
73.42
73.42
73.42
73.42
73.42
73.42
73.42
73.42
73.42
73.42
73.42
73.42
73.42
73.42
73.42
73.42
73.42
73.42
73.42
73.42
73.42
73.42
73.42
73.42
73.42
73.42
73.42
73.42
73.42
73.42
73.42
73.42
73.42
73.42
73.42
73.42
73.42
73.42
73.42
73.42
73.42
73.42
73.42
73.42
73.42
73.42
73.42
73.42
73.42
73.42
73.42
73.42
73.42
73.42
73.42
73.42
73.42
73.42
73.42
73.42
73.42
73.42
73.42
73.42
73.42
73.42
73.42
73.42
73.42
73.42
73.42
73.42
73.42
73.42
73.42
73.42
73.42
73.42
73.42
73.42
73.42
73.42
73.42
73.42
73.42
73.42
73.42
73.42
73.42
73.42
73.42
73.42
73.42
73.42
73.42
73.42
73.42
73.42
73.42
73.42
73.42
73.42
73.42
73.42
74.03
72.39
72.60
72.60
72.60
71.78
69.53
70.96
70.96
71.78
72.80
72.80
70.96
71.78
72.19
73.01
73.01
73.21
75.05
75.87
75.87
74.03
74.64
75.46
73.01
71.78
71.78
70.96
70.35
71.78
70.55
70.35
70.35
70.14
70.55
70.76
71.78
71.98
71.78
71.78
73.82
72.39
71.78
71.37
71.78
71.78
70.76
70.76
69.94
69.53
69.73
71.98
70.96
70.76
74.03
74.23
73.21
73.21
74.23
75.26
76.28
75.26
75.46
75.46
75.46
75.05
73.01
73.82
73.62
71.37
72.19
70.35
70.55
70.55
71.17
70.96
72.19
71.57
71.57
73.21
74.85
74.85
73.21
74.23
76.48
74.03
73.62
75.05
74.85
74.85
74.85
74.85
74.85
74.85
74.85
74.85
74.85
74.85
74.85
74.85
74.85
74.85
74.85
74.85
74.85
74.85
74.85
74.85
74.85
74.85
74.85
74.85
74.85
74.85
74.85
74.85
74.85
74.85
74.85
74.85
74.85
74.85
74.85
74.85
74.85
74.85
74.85
74.85
74.85
74.85
74.85
74.85
74.85
74.85
74.85
74.85
74.85
74.85
74.85
74.85
74.85
74.85
74.85
74.85
74.85
74.85
74.85
74.85
74.85
74.85
74.85
74.85
74.85
74.85
74.85
74.85
74.85
74.85
74.85
74.85
74.85
74.85
74.85
74.85
74.85
74.85
74.85
74.85
74.85
74.85
74.85
74.85
74.85
74.85
74.85
74.85
74.85
74.85
74.85
74.85
74.85
74.85
74.85
74.85
74.85
74.85
74.85
74.85
74.85
77.71
76.69
75.26
73.21
73.21
72.80
72.80
72.39
72.39
72.39
72.39
72.80
72.19
73.21
73.21
73.01
74.85
75.05
75.05
74.64
74.44
74.03
74.23
73.62
73.62
75.26
75.26
75.26
74.64
75.26
73.21
73.21
73.21
73.21
73.42
73.21
72.80
72.80
72.19
72.19
72.19
71.57
71.78
71.98
70.76
71.37
71.37
71.37
71.78
71.57
71.57
71.57
71.78
72.19
71.78
71.57
71.57
71.17
71.17
71.17
70.76
70.55
70.76
70.76
71.37
72.19
73.01
72.39
72.39
72.80
72.80
72.80
72.80
72.80
73.21
73.21
74.85
74.64
74.64
76.07
76.07
76.07
76.89
77.30
76.89
77.10
77.51
78.73
78.94
77.91
77.91
78.94
79.14
78.53
79.14
79.35
79.75
79.75
78.94
78.94
78.94
78.94
78.94
78.94
78.94
78.94
78.94
78.94
78.94
78.94
78.94
78.94
78.94
78.94
78.94
78.94
78.94
78.94
78.94
78.94
78.94
78.94
78.94
78.94
78.94
78.94
78.94
78.94
78.94
78.94
78.94
78.94
78.94
78.94
78.94
78.94
78.94
78.94
78.94
78.94
78.94
78.94
78.94
78.94
78.94
78.94
78.94
78.94
78.94
78.94
78.94
78.94
78.94
78.94
78.94
78.94
78.94
78.94
78.94
78.94
78.94
78.94
78.94
78.94
78.94
78.94
78.94
78.94
78.94
78.94
78.94
78.94
78.94
78.94
78.94
78.94
78.94
78.94
78.94
78.94
78.94
78.94
78.94
78.94
78.94
78.94
78.94
78.94
78.94
78.94
78.94
78.94
78.94
78.94
78.94
78.94
78.94
78.94
78.94
78.94
78.94
78.94
78.94
78.94
78.94
78.94
78.94
78.94
78.94
78.94
78.94
78.94
78.94
78.94
78.94
78.94
78.94
78.94
78.94
78.94
78.94
78.94
78.94
78.94
78.94
78.94
78.94
78.94
78.94
78.94
78.94
78.94
78.94
78.94
78.94
78.94
78.94
78.94
78.94
78.94
78.94
78.94
78.94
78.94
78.94
78.94
78.94
78.94
78.94
78.94
78.94
78.94
78.94
78.94
78.94
78.94
78.94
78.94
78.94
78.94
78.94
78.94
78.94
78.94
78.94
78.94
78.94
78.94
78.94
78.94
78.94
78.94
78.94
78.94
78.94
78.94
78.94
78.94
78.94
78.94
78.94
78.94
78.94
78.94
78.94
78.94
78.94
78.94
78.94
78.94
78.94
78.94
78.94
78.94
78.94
78.94
78.94
78.94
78.94
78.94
94.27
93.46
91.62
91.62
92.02
91.21
91.41
91.41
91.41
91.82
91.41
91.82
91.41
91.00
91.41
93.46
92.84
93.46
93.05
92.84
93.46
93.87
94.27
94.48
94.48
94.07
94.07
94.48
94.48
94.48
94.48
94.48
94.89
94.27
94.07
94.27
94.27
94.48
94.89
94.89
95.09
95.09
95.50
95.30
95.30
94.89
95.09
95.30
95.09
94.68
95.30
94.89
94.89
95.30
95.30
95.30
95.09
95.09
95.09
95.09
95.09
95.09
95.30
95.30
95.30
95.50
95.91
95.91
95.91
95.71
95.30
95.71
95.30
95.09
95.71
95.91
95.91
95.91
95.50
94.89
95.30
95.30
95.91
95.50
95.91
95.91
95.91
95.91
95.91
95.71
95.91
95.91
96.11
95.71
95.30
95.09
94.68
95.30
95.09
95.50
95.50
95.50
95.50
95.50
95.50
95.50
95.50
95.50
95.50
95.50
95.50
95.50
95.50
95.50
95.50
95.50
95.50
95.50
95.50
95.50
95.50
95.50
95.50
95.50
95.50
95.50
95.50
95.50
95.50
95.50
95.50
95.50
95.50
95.50
95.50
95.50
95.50
95.50
95.50
95.50
95.50
95.50
95.50
95.50
95.50
95.50
95.50
95.50
95.50
95.50
95.50
95.50
95.50
95.50
95.50
95.50
95.50
95.50
95.50
95.50
95.50
95.50
95.50
95.50
95.50
95.50
95.50
95.50
95.50
95.50
95.50
95.50
95.50
95.50
95.50
95.50
95.50
95.50
95.50
95.50
95.50
95.50
95.50
95.50
95.50
95.50
95.50
95.50
95.50
95.50
95.50
95.50
95.50
95.50
95.50
95.50
95.50
95.50
95.50
95.50
95.50
95.50
95.50
95.50
95.50
95.50
95.50
95.50
95.50
95.50
95.50
95.50
95.50
95.50
95.50
95.50
95.50
95.50
95.50
95.50
95.50
95.50
95.50
95.50
95.50
95.50
95.50
95.50
95.50
95.50
95.50
95.50
95.50
95.50
95.50
95.50
95.50
95.50
95.50
95.50
95.50
95.50
95.50
95.50
95.50
95.50
95.50
95.50
95.50
95.50
95.50
95.50
95.50
95.50
95.50
95.50
95.50
95.50
95.50
95.50
95.50
95.50
95.50
95.50
95.50
95.50
95.50
95.50
95.50
95.50
95.50
95.50
95.50
95.50
95.50
95.50
95.50
95.50
95.50
95.50
95.50
95.50
95.50
95.50
95.50
95.50
95.50
95.50
95.50
95.50
95.50
95.50
95.50
95.50
95.50
95.50
95.50
95.50
95.50
95.50
95.50
95.50
95.50
95.50
95.50
95.50
95.50
95.50
95.50
95.50
95.50
95.50
95.50
95.50
95.50
95.50
95.50
95.50
95.50
95.50
95.50
95.50
95.50
95.50
95.50
95.50
95.50
95.50
95.50
95.50
95.50
95.50
95.50
95.50
95.50
95.50
95.50
95.50
95.50
95.50
95.50
95.50
95.50
95.50
95.50
95.50
95.50
95.50
95.50
95.50
95.50
95.50
95.50
95.50
95.50
95.50
95.50
95.50
95.50
95.50
95.50
95.50
95.50
95.50
95.50
95.50
95.50
95.50
95.50
95.50
95.50
95.50
95.50
95.50
95.50
95.50
95.50
95.50
95.50
95.50
95.50
95.50
95.50
95.50
95.50
95.50
95.50
95.50
95.50
95.50
95.50
95.50
95.50
95.50
95.50
95.50
95.50
95.50
95.50
95.50
89.98
88.14
88.34
88.34
88.34
90.59
90.18
92.23
92.23
91.82
92.43
93.25
93.46
93.66
93.66
93.66
93.87
93.66
93.46
94.07
94.07
94.07
94.07
93.66
93.46
93.46
93.25
93.05
93.05
93.66
93.87
93.87
93.66
93.46
93.25
93.05
93.25
93.25
93.25
93.25
93.25
93.25
93.05
93.05
93.25
93.87
93.05
93.46
93.46
93.66
93.66
93.46
93.46
93.46
93.66
94.07
93.66
93.87
93.66
93.25
93.05
92.84
92.84
93.05
93.05
93.25
93.25
93.05
93.25
93.25
93.25
93.46
93.05
93.05
93.05
93.05
93.66
93.46
93.66
94.48
94.89
95.09
95.09
94.68
94.68
95.30
95.91
95.50
95.50
95.50
95.09
94.89
94.89
94.89
94.89
94.89
94.89
95.30
95.30
94.89
94.89
94.89
94.89
94.89
94.89
94.89
94.89
94.89
94.89
94.89
94.89
94.89
94.89
94.89
94.89
94.89
94.89
94.89
94.89
94.89
94.89
94.89
94.89
94.89
94.89
94.89
94.89
94.89
94.89
94.89
94.89
94.89
94.89
94.89
94.89
94.89
94.89
94.89
94.89
94.89
94.89
94.89
94.89
94.89
94.89
94.89
94.89
94.89
94.89
94.89
94.89
94.89
94.89
94.89
94.89
94.89
94.89
94.89
94.89
94.89
94.89
94.89
94.89
94.89
94.89
94.89
94.89
94.89
94.89
94.89
94.89
94.89
94.89
94.89
94.89
94.89
94.89
94.89
94.89
94.89
94.89
94.89
94.89
94.89
94.89
94.89
94.89
94.89
94.89
94.89
94.89
94.89
94.89
94.89
94.89
94.89
94.89
94.89
94.89
94.89
94.89
94.89
94.89
94.89
94.89
94.89
94.89
94.89
94.89
94.89
94.89
94.89
94.89
94.89
94.89
94.89
94.89
94.89
94.89
94.89
94.89
94.89
94.89
94.89
94.89
94.89
94.89
94.89
94.89
94.89
94.89
94.89
94.89
94.89
94.89
94.89
94.89
94.89
94.89
94.89
94.89
94.89
94.89
94.89
94.89
94.89
94.89
94.89
94.89
94.89
94.89
94.89
94.89
94.89
94.89
94.89
94.89
94.89
94.89
94.89
94.89
94.89
94.89
94.89
94.89
94.89
94.89
94.89
94.89
94.89
94.89
94.89
94.89
94.89
94.89
94.89
94.89
94.89
94.89
94.89
94.89
94.89
94.89
94.89
94.89
94.89
94.89
94.89
94.89
94.89
94.89
94.89
94.89
94.89
94.89
94.89
94.89
94.89
94.89
94.89
92.43
92.43
92.64
93.05
93.05
92.84
93.05
93.25
93.66
93.46
93.25
93.66
93.66
93.87
93.87
93.87
93.46
93.66
93.87
93.66
93.66
93.66
93.66
93.66
93.05
92.84
92.64
92.64
92.84
92.84
92.84
92.84
93.25
93.05
92.84
92.84
93.05
93.25
92.84
92.84
92.84
92.23
92.23
91.82
91.82
91.62
91.62
91.41
91.41
91.82
91.62
90.80
91.62
91.82
92.02
91.82
92.02
91.62
92.02
92.23
92.23
92.64
92.64
92.84
92.43
92.64
91.82
91.82
92.02
92.23
92.23
91.82
91.82
91.62
92.02
92.23
92.23
92.23
92.23
92.23
91.62
91.62
91.82
91.82
92.23
92.23
92.43
92.64
92.64
92.64
92.64
92.64
92.64
92.64
93.05
93.25
93.46
93.46
93.46
93.46
93.46
93.46
93.46
93.46
93.46
93.46
93.46
93.46
93.46
93.46
93.46
93.46
93.46
93.46
93.46
93.46
93.46
93.46
93.46
93.46
93.46
93.46
93.46
93.46
93.46
93.46
93.46
93.46
93.46
93.46
93.46
93.46
93.46
93.46
93.46
93.46
93.46
93.46
93.46
93.46
93.46
93.46
93.46
93.46
93.46
93.46
93.46
93.46
93.46
93.46
93.46
93.46
93.46
93.46
93.46
93.46
93.46
93.46
93.46
93.46
93.46
93.46
93.46
93.46
93.46
93.46
93.46
93.46
93.46
93.46
93.46
93.46
93.46
93.46
93.46
93.46
93.46
93.46
93.46
93.46
93.46
93.46
93.46
93.46
93.46
93.46
93.46
93.46
93.46
93.46
93.46
93.46
93.46
93.46
93.46
93.46
93.46
93.46
93.46
93.46
93.46
93.46
93.46
93.46
93.46
93.46
93.46
93.46
93.46
93.46
93.46
93.46
93.46
93.46
93.46
93.46
93.46
93.46
93.46
93.46
93.46
93.46
93.46
93.46
93.46
93.46
93.46
93.46
93.46
93.46
93.46
93.46
93.46
93.46
93.46
93.46
93.46
93.46
93.46
93.46
93.46
93.46
93.46
93.46
93.46
93.46
93.46
93.46
93.46
93.46
93.46
93.46
93.46
93.46
93.46
93.46
93.46
93.46
93.46
93.46
93.46
93.46
93.46
93.46
93.46
93.46
93.46
93.46
93.46
93.46
93.46
93.46
93.46
93.46
93.46
93.46
93.46
93.46
93.46
93.46
93.46
93.46
93.46
93.46
93.46
93.46
93.46
93.46
93.46
93.46
93.46
93.46
93.46
93.46
93.46
93.46
93.46
93.46
93.46
93.46
93.46
93.46
93.46
93.46
93.46
93.46
93.46
93.46
93.46
93.46
93.46
93.46
93.46
93.46
93.46
93.46
93.46
93.46
93.46
93.46
93.46
93.46
93.46
93.46
93.46
93.46
93.46
93.46
93.46
93.46
93.46
93.46
93.46
93.46
93.46
93.46
93.46
93.46
93.46
93.46
93.46
93.46
93.46
93.46
93.46
93.46
93.46
93.46
93.46
93.46
93.46
93.46
93.46
93.46
93.46
93.46
93.46
93.46
93.46
93.46
93.46
93.46
93.46
93.46
93.46
93.46
93.46
93.46
93.46
93.46
93.46
93.46
93.46
93.46
93.46
93.46
93.46
93.46
93.46
93.46
93.46
93.46
93.46
93.46
93.46
93.46
93.46
93.46
93.46
93.46
93.46
93.46
93.46
93.46
93.46
93.46
93.46
93.46
93.46
93.46
93.46
93.46
93.46
93.46
93.46
93.46
93.46
93.46
93.46
93.46
93.46
93.46
93.46
93.46
93.46
93.46
93.46
93.46
93.46
93.46
93.46
93.46
93.46
93.46
93.46
93.46
93.46
93.46
93.46
93.46
93.46
93.46
93.46
93.46
93.46
93.46
93.46
93.46
93.46
93.46
93.46
93.46
93.46
93.46
93.46
93.46
93.46
93.46
93.46
93.46
93.46
93.46
93.46
93.46
93.46
93.46
93.46
93.46
93.46
93.46
93.46
93.46
93.46
93.46
93.46
93.46
93.46
93.46
93.46
93.46
93.46
93.46
93.46
93.46
93.46
93.46
93.46
93.46
93.46
93.46
93.46
93.46
93.46
93.46
93.46
93.46
93.46
93.46
93.46
93.46
93.46
93.46
93.46
93.46
93.46
93.46
93.46
93.46
93.46
93.46
93.46
93.46
93.46
93.46
93.46
93.46
93.46
93.46
93.46
93.46
93.46
93.46
93.46
93.46
93.46
93.46
93.46
93.46
93.46
93.46
93.46
93.46
93.46
93.46
93.46
93.46
93.46
93.46
93.46
93.46
93.46
93.46
93.46
93.46
93.46
93.46
93.46
93.46
93.46
93.46
93.46
93.46
93.46
93.46
93.46
93.46
93.46
93.46
93.46
93.46
93.46
93.46
93.46
93.46
93.46
93.46
93.46
93.46
93.46
93.46
93.46
93.46
93.46
93.46
93.46
93.46
93.46
93.46
93.46
93.46
93.46
93.46
93.46
93.46
93.46
93.46
93.46
93.46
93.46
93.46
93.46
93.46
93.46
93.46
93.46
93.46
93.46
93.46
93.46
93.46
93.46
93.46
93.46
93.46
93.46
93.46
93.46
93.46
93.46
93.46
93.46
93.46
93.46
93.46
93.46
93.46
93.46
93.46
93.46
93.46
93.46
93.46
93.46
93.46
93.46
93.46
93.46
93.46
93.46
93.46
93.46
93.46
93.46
93.46
93.46
93.46
93.46
93.46
93.46
93.46
93.46
93.46
93.46
93.46
93.46
93.46
93.46
93.46
93.46
93.46
93.46
93.46
93.46
93.46
93.46
93.46
93.46
93.46
93.46
93.46
93.46
93.46
93.46
93.46
93.46
93.46
93.46
93.46
93.46
93.46
93.46
93.46
93.46
93.46
93.46
93.46
93.46
93.46
93.46
93.46
93.46
93.46
93.46
93.46
93.46
93.46
93.46
93.46
93.46
93.46
93.46
93.46
93.46
93.46
93.46
93.46
93.46
93.46
93.46
93.46
93.46
93.46
93.46
93.46
93.46
93.46
93.46
93.46
93.46
93.46
93.46
93.46
93.46
93.46
93.46
93.46
93.46
93.46
93.46
93.46
93.46
93.46
93.46
93.46
93.46
93.46
93.46
93.46
93.46
93.46
93.46
93.46
93.46
93.46
93.46
93.46
93.46
93.46
93.46
93.46
93.46
93.46
93.46
93.46
93.46
93.46
93.46
93.46
93.46
93.46
93.46
93.46
93.46
93.46
93.46
93.46
93.46
93.46
93.46
93.46
93.46
93.46
93.46
93.46
93.46
93.46
93.46
93.46
93.46
93.46
93.46
93.46
93.46
93.46
93.46
93.46
93.46
93.46
93.46
93.46
93.46
93.46
93.46
93.46
93.46
93.46
93.46
93.46
93.46
93.46
93.46
93.46
93.46
93.46
93.46
93.46
93.46
93.46
93.46
93.46
93.46
93.46
93.46
93.46
93.46
93.46
93.46
93.46
93.46
93.46
93.46
93.46
93.46
93.46
93.46
93.46
93.46
93.46
93.46
93.46
93.46
93.46
93.46
93.46
93.46
93.46
93.46
93.46
93.46
93.46
93.46
93.46
93.46
93.46
93.46
93.46
93.46
93.46
93.46
93.46
93.46
93.46
93.46
93.46
93.46
93.46
93.46
93.46
93.46
93.46
93.46
93.46
93.46
93.46
93.46
93.46
93.46
93.46
93.46
93.46
93.46
93.46
93.46
93.46
93.46
93.46
93.46
93.46
93.46
93.46
93.46
93.46
93.46
93.46
93.46
93.46
93.46
93.46
93.46
93.46
93.46
93.46
93.46
93.46
93.46
93.46
93.46
93.46
93.46
93.46
93.46
93.46
93.46
93.46
93.46
93.46
93.46
93.46
93.46
93.46
93.46
93.46
93.46
93.46
93.46
93.46
93.46
93.46
93.46
93.46
93.46
93.46
93.46
93.46
93.46
93.46
93.46
93.46
93.46
93.46
93.46
93.46
93.46
93.46
93.46
93.46
93.46
93.46
93.46
93.46
93.46
93.46
93.46
93.46
93.46
93.46
93.46
93.46
93.46
93.46
93.46
93.46
93.46
93.46
93.46
93.46
93.46
93.46
93.46
93.46
93.46
93.46
93.46
93.46
93.46
93.46
93.46
93.46
93.46
93.46
93.46
93.46
93.46
93.46
93.46
93.46
93.46
93.46
93.46
93.46
93.46
93.46
93.46
93.46
93.46
93.46
93.46
93.46
93.46
93.46
93.46
93.46
93.46
93.46
93.46
93.46
93.46
93.46
93.46
93.46
93.46
93.46
93.46
93.46
93.46
93.46
93.46
93.46
93.46
93.46
93.46
93.46
93.46
93.46
93.46
93.46
93.46
93.46
93.46
93.46
93.46
93.46
93.46
93.46
93.46
93.46
93.46
93.46
93.46
93.46
93.46
93.46
93.46
93.46
93.46
93.46
93.46
93.46
93.46
93.46
93.46
93.46
93.46
93.46
93.46
93.46
93.46
93.46
93.46
93.46
93.46
93.46
93.46
93.46
93.46
93.46
93.46
93.46
93.46
93.46
93.46
93.46
93.46
93.46
93.46
93.46
93.46
93.46
93.46
93.46
93.46
93.46
93.46
93.46
93.46
93.46
93.46
93.46
93.46
93.46
93.46
93.46
93.46
93.46
93.46
93.46
93.46
93.46
93.46
93.46
93.46
93.46
93.46
93.46
93.46
93.46
93.46
93.46
93.46
93.46
93.46
93.46
93.46
93.46
93.46
93.46
93.46
93.46
93.46
93.46
93.46
93.46
93.46
93.46
93.46
93.46
93.46
93.46
93.46
93.46
93.46
93.46
93.46
93.46
93.46
93.46
93.46
93.46
93.46
93.46
93.46
93.46
93.46
93.46
93.46
93.46
93.46
93.46
93.46
93.46
93.46
93.46
93.46
93.46
93.46
93.46
93.46
93.46
93.46
93.46
93.46
93.46
93.46
93.46
93.46
93.46
93.46
93.46
93.46
93.46
93.46
93.46
93.46
93.46
93.46
93.46
93.46
93.46
93.46
93.46
93.46
93.46
93.46
93.46
93.46
93.46
93.46
93.46
93.46
93.46
93.46
93.46
93.46
93.46
93.46
93.46
93.46
93.46
93.46
93.46
93.46
93.46
93.46
93.46
93.46
93.46
93.46
93.46
93.46
93.46
93.46
93.46
93.46
93.46
93.46
93.46
93.46
93.46
93.46
93.46
93.46
93.46
93.46
93.46
93.46
93.46
93.46
93.46
93.46
93.46
93.46
93.46
93.46
93.46
93.46
93.46
93.46
93.46
93.46
93.46
93.46
93.46
93.46
93.46
93.46
93.46
93.46
93.46
93.46
93.46
93.46
93.46
93.46
93.46
93.46
93.46
93.46
93.46
93.46
93.46
93.46
93.46
93.46
93.46
93.46
93.46
93.46
93.46
93.46
93.46
93.46
93.46
93.46
93.46
93.46
93.46
93.46
93.46
93.46
93.46
93.46
93.46
93.46
93.46
93.46
93.46
93.46
93.46
93.46
93.46
93.46
93.46
93.46
93.46
93.46
93.46
93.46
93.46
93.46
93.46
93.46
93.46
93.46
93.46
93.46
93.46
93.46
93.46
93.46
93.46
93.46
93.46
93.46
93.46
93.46
93.46
93.46
93.46
93.46
93.46
93.46
93.46
93.46
93.46
93.46
93.46
93.46
93.46
93.46
93.46
93.46
93.46
93.46
93.46
93.46
93.46
93.46
93.46
93.46
93.46
93.46
93.46
93.46
93.46
93.46
93.46
93.46
93.46
93.46
93.46
93.46
93.46
93.46
93.46
93.46
93.46
93.46
93.46
93.46
93.46
93.46
93.46
93.46
93.46
93.46
93.46
93.46
93.46
93.46
93.46
93.46
93.46
93.46
93.46
93.46
93.46
93.46
93.46
93.46
93.46
93.46
93.46
93.46
93.46
93.46
93.46
93.46
93.46
93.46
93.46
93.46
93.46
93.46
93.46
93.46
93.46
93.46
93.46
93.46
93.46
93.46
93.46
93.46
93.46
93.46
93.46
93.46
93.46
93.46
93.46
93.46
93.46
93.46
93.46
93.46
93.46
93.46
93.46
93.46
93.46
93.46
93.46
93.46
93.46
93.46
93.46
93.46
93.46
93.46
93.46
93.46
93.46
93.46
93.46
93.46
93.46
93.46
93.46
93.46
93.46
93.46
93.46
93.46
93.46
93.46
93.46
93.46
93.46
93.46
93.46
93.46
93.46
93.46
93.46
93.46
93.46
93.46
93.46
93.46
93.46
93.46
93.46
93.46
93.46
93.46
93.46
93.46
93.46
93.46
93.46
93.46
93.46
93.46
93.46
93.46
93.46
93.46
93.46
93.46
93.46
93.46
93.46
93.46
93.46
93.46
93.46
93.46
93.46
93.46
93.46
93.46
93.46
93.46
93.46
93.46
93.46
93.46
93.46
93.46
93.46
93.46
93.46
93.46
93.46
93.46
93.46
93.46
93.46
93.46
93.46
93.46
93.46
93.46
93.46
93.46
93.46
93.46
93.46
93.46
93.46
93.46
93.46
93.46
93.46
93.46
93.46
93.46
93.46
93.46
93.46
93.46
93.46
93.46
93.46
93.46
93.46
93.46
93.46
93.46
93.46
93.46
93.46
93.46
93.46
93.46
93.46
93.46
93.46
93.46
93.46
93.46
93.46
93.46
93.46
93.46
93.46
93.46
93.46
93.46
93.46
93.46
93.46
93.46
93.46
93.46
93.46
93.46
93.46
93.46
93.46
93.46
93.46
93.46
93.46
93.46
93.46
93.46
93.46
93.46
93.46
93.46
93.46
93.46
93.46
93.46
93.46
93.46
93.46
93.46
93.46
93.46
93.46
93.46
93.46
93.46
93.46
93.46
93.46
93.46
93.46
93.46
93.46
93.46
93.46
93.46
93.46
93.46
93.46
93.46
93.46
93.46
93.46
93.46
93.46
93.46
93.46
93.46
93.46
93.46
93.46
93.46
93.46
93.46
93.46
93.46
93.46
93.46
93.46
93.46
93.46
93.46
93.46
93.46
93.46
93.46
93.46
93.46
93.46
93.46
93.46
93.46
93.46
93.46
93.46
93.46
93.46
93.46
93.46
93.46
93.46
93.46
93.46
93.46
93.46
93.46
93.46
93.46
93.46
93.46
93.46
93.46
93.46
93.46
93.46
93.46
93.46
93.46
93.46
93.46
93.46
93.46
93.46
93.46
93.46
93.46
93.46
93.46
93.46
93.46
93.46
93.46
93.46
93.46
93.46
93.46
93.46
93.46
93.46
93.46
93.46
93.46
93.46
93.46
93.46
93.46
93.46
93.46
93.46
93.46
93.46
93.46
93.46
93.46
93.46
93.46
93.46
93.46
93.46
93.46
93.46
93.46
93.46
93.46
93.46
93.46
93.46
93.46
93.46
93.46
93.46
93.46
93.46
93.46
93.46
93.46
93.46
93.46
93.46
93.46
93.46
93.46
93.46
93.46
93.46
93.46
93.46
93.46
93.46
93.46
93.46
93.46
93.46
93.46
93.46
93.46
93.46
93.46
93.46
93.46
93.46
93.46
93.46
93.46
93.46
93.46
93.46
93.46
93.46
93.46
93.46
93.46
93.46
93.46
93.46
93.46
93.46
93.46
93.46
93.46
93.46
93.46
93.46
93.46
93.46
93.46
93.46
93.46
93.46
93.46
93.46
93.46
93.46
93.46
93.46
93.46
93.46
93.46
93.46
93.46
93.46
93.46
93.46
93.46
93.46
93.46
93.46
93.46
93.46
93.46
93.46
93.46
93.46
93.46
93.46
93.46
93.46
93.46
93.46
93.46
93.46
93.46
93.46
93.46
93.46
93.46
93.46
93.46
93.46
93.46
93.46
93.46
93.46
93.46
93.46
93.46
93.46
93.46
93.46
93.46
93.46
93.46
93.46
93.46
93.46
93.46
93.46
93.46
93.46
93.46
93.46
93.46
93.46
93.46
93.46
93.46
93.46
93.46
93.46
93.46
93.46
93.46
93.46
93.46
93.46
93.46
93.46
93.46
93.46
93.46
93.46
93.46
93.46
93.46
93.46
93.46
93.46
93.46
93.46
93.46
93.46
93.46
93.46
93.46
93.46
93.46
93.46
93.46
93.46
93.46
93.46
93.46
93.46
93.46
93.46
93.46
93.46
93.46
93.46
93.46
93.46
93.46
93.46
93.46
93.46
93.46
93.46
93.46
93.46
93.46
93.46
93.46
93.46
93.46
93.46
93.46
93.46
93.46
93.46
93.46
93.46
93.46
93.46
93.46
93.46
93.46
93.46
93.46
93.46
93.46
93.46
93.46
93.46
93.46
93.46
93.46
93.46
93.46
93.46
93.46
93.46
93.46
93.46
93.46
93.46
93.46
93.46
93.46
93.46
93.46
93.46
93.46
93.46
93.46
93.46
93.46
93.46
93.46
93.46
93.46
93.46
93.46
93.46
93.46
93.46
93.46
93.46
93.46
93.46
93.46
93.46
93.46
93.46
93.46
93.46
93.46
93.46
93.46
93.46
93.46
93.46
93.46
93.46
93.46
93.46
93.46
93.46
93.46
93.46
93.46
93.46
93.46
93.46
93.46
93.46
93.46
93.46
93.46
93.46
93.46
93.46
93.46
93.46
93.46
93.46
93.46
93.46
93.46
93.46
93.46
93.46
93.46
93.46
93.46
93.46
93.46
93.46
93.46
93.46
93.46
93.46
93.46
93.46
93.46
93.46
93.46
93.46
93.46
93.46
93.46
93.46
93.46
93.46
93.46
93.46
93.46
93.46
93.46
93.46
93.46
93.46
93.46
93.46
93.46
93.46
93.46
93.46
93.46
93.46
93.46
93.46
93.46
93.46
93.46
93.46
93.46
93.46
93.46
93.46
93.46
93.46
93.46
93.46
93.46
93.46
93.46
93.46
93.46
93.46
93.46
93.46
93.46
93.46
93.46
93.46
93.46
93.46
93.46
93.46
93.46
93.46
93.46
93.46
93.46
93.46
93.46
93.46
93.46
93.46
93.46
93.46
93.46
93.46
93.46
93.46
93.46
93.46
93.46
93.46
93.46
93.46
93.46
93.46
93.46
93.46
93.46
93.46
93.46
93.46
93.46
93.46
93.46
93.46
93.46
93.46
93.46
93.46
93.46
93.46
93.46
93.46
93.46
93.46
93.46
93.46
93.46
93.46
93.46
93.46
93.46
93.46
93.46
93.46
93.46
93.46
93.46
93.46
93.46
93.46
93.46
93.46
93.46
93.46
93.46
93.46
93.46
93.46
93.46
93.46
93.46
93.46
93.46
93.46
93.46
93.46
93.46
93.46
93.46
93.46
93.46
93.46
93.46
93.46
93.46
93.46
93.46
93.46
93.46
93.46
93.46
93.46
93.46
93.46
93.46
93.46
93.46
93.46
93.46
93.46
93.46
93.46
93.46
93.46
93.46
93.46
93.46
93.46
93.46
93.46
93.46
93.46
93.46
93.46
93.46
93.46
93.46
93.46
93.46
93.46
93.46
93.46
93.46
93.46
93.46
93.46
93.46
93.46
93.46
93.46
93.46
93.46
93.46
93.46
93.46
93.46
93.46
93.46
93.46
93.46
93.46
93.46
93.46
93.46
93.46
93.46
93.46
93.46
93.46
93.46
93.46
93.46
93.46
93.46
93.46
93.46
93.46
93.46
93.46
93.46
93.46
