0.00
39.67
39.67
39.67
39.67
39.67
39.67
39.67
39.67
39.67
39.67
39.67
39.67
39.67
39.67
39.67
39.67
39.67
39.67
39.67
39.67
39.67
39.67
39.67
39.67
39.67
39.67
39.67
39.67
39.67
39.67
39.67
39.67
39.67
39.67
39.67
39.67
39.67
39.67
39.67
39.67
39.67
39.67
39.67
39.67
39.67
39.67
39.67
39.67
39.67
39.67
39.67
39.67
39.67
39.67
39.67
39.67
39.67
39.67
39.67
39.67
39.67
39.67
39.67
39.67
39.67
39.67
39.67
39.67
39.67
39.67
39.67
39.67
39.67
39.67
39.67
39.67
39.67
39.67
39.67
39.67
39.67
39.67
39.67
39.67
39.67
39.67
39.67
39.67
39.67
39.67
39.67
39.67
39.67
39.67
39.67
39.67
39.67
39.67
39.67
39.67
38.85
38.85
38.85
38.65
38.85
38.85
38.85
38.85
38.85
38.65
37.01
36.81
34.56
33.74
39.47
36.81
52.76
53.78
53.78
50.10
51.53
64.42
64.21
62.37
59.51
59.51
65.85
66.46
69.12
70.35
71.37
70.76
68.10
71.37
73.62
73.21
72.19
72.19
67.28
59.30
54.19
54.19
43.35
43.35
31.49
43.35
33.13
33.13
32.11
32.52
31.29
37.22
38.65
40.49
49.49
54.19
51.33
51.33
46.01
57.06
50.10
28.83
23.11
23.72
27.61
27.61
25.15
46.83
46.42
53.99
50.10
52.97
49.49
49.49
58.49
58.49
61.55
61.76
61.35
61.15
61.15
61.15
61.35
61.96
61.35
62.37
62.17
62.37
62.99
62.17
61.55
61.55
62.17
61.76
63.39
67.69
67.89
68.30
70.14
70.14
70.14
70.14
70.14
70.14
70.14
70.14
70.14
70.14
70.14
70.14
70.14
70.14
70.14
70.14
70.14
70.14
70.14
70.14
70.14
70.14
70.14
70.14
70.14
70.14
70.14
70.14
70.14
70.14
70.14
70.14
70.14
70.14
70.14
70.14
70.14
39.67
39.67
39.67
39.67
39.67
39.67
39.67
39.67
39.67
39.67
39.67
39.67
39.67
39.67
39.67
39.67
39.67
39.67
39.67
39.67
39.67
39.67
39.67
39.67
39.67
39.67
39.67
39.67
39.67
39.67
39.67
39.67
39.67
39.67
39.67
39.67
39.67
39.67
39.67
39.67
39.67
39.67
39.67
39.67
39.67
39.67
39.67
39.67
39.67
39.67
39.67
39.67
39.67
39.67
39.67
39.67
39.67
39.67
39.67
39.67
39.67
39.67
39.67
39.67
39.67
91.41
91.21
91.21
91.62
91.62
91.62
88.55
84.25
85.07
87.73
82.21
83.03
87.12
87.53
87.53
87.53
87.53
82.21
80.37
84.05
77.71
77.71
78.32
77.91
77.71
73.21
72.80
78.53
81.39
80.78
84.25
84.87
84.87
86.50
87.93
87.73
86.71
85.69
85.69
86.50
86.50
86.30
87.12
87.73
84.66
80.16
80.98
79.35
79.35
77.71
77.71
76.89
73.62
75.05
71.17
70.55
69.53
66.05
65.24
66.87
66.87
66.67
69.12
68.92
71.98
68.51
71.57
68.51
69.12
70.76
73.01
75.66
76.89
79.96
80.16
77.71
77.10
78.12
79.35
81.60
81.19
83.44
80.98
82.62
83.03
78.94
78.94
77.71
77.71
78.94
76.28
75.05
78.53
76.48
77.30
75.26
76.07
72.80
72.80
76.69
76.69
76.69
76.69
76.69
76.69
76.69
76.69
76.69
76.69
76.69
76.69
76.69
76.69
76.69
76.69
76.69
76.69
76.69
76.69
76.69
76.69
76.69
76.69
76.69
76.69
76.69
76.69
76.69
76.69
76.69
76.69
76.69
76.69
76.69
76.69
76.69
76.69
76.69
76.69
76.69
76.69
76.69
76.69
76.69
76.69
76.69
76.69
76.69
76.69
76.69
76.69
76.69
76.69
76.69
76.69
76.69
76.69
76.69
76.69
76.69
76.69
76.69
76.69
76.69
76.69
76.69
76.69
76.69
76.69
76.69
76.69
76.69
76.69
76.69
76.69
76.69
76.69
76.69
76.69
76.69
76.69
76.69
76.69
76.69
76.69
76.69
76.69
76.69
76.69
76.69
76.69
76.69
76.69
76.69
76.69
76.69
76.69
76.69
76.69
76.69
83.23
83.23
82.82
83.23
83.23
84.66
84.66
84.87
84.25
84.87
83.84
84.05
84.25
83.23
84.05
83.44
82.82
82.62
81.80
82.41
82.41
82.41
82.21
82.00
81.39
82.82
82.82
82.82
82.62
83.64
84.25
84.46
85.69
85.89
84.87
85.69
87.32
87.73
87.93
88.55
88.75
88.75
88.75
88.75
88.96
89.57
89.78
89.78
89.78
89.57
89.78
89.16
88.75
88.55
88.55
88.75
88.75
88.55
88.75
88.75
88.55
88.75
88.96
90.59
88.75
89.37
89.37
88.14
87.32
88.14
88.55
88.34
86.91
87.93
88.14
88.14
88.34
87.73
87.93
87.93
87.93
88.75
88.75
88.55
88.14
88.34
88.75
89.78
90.39
90.18
89.98
89.98
89.37
88.96
89.37
90.18
90.18
89.98
89.98
89.98
89.98
89.98
89.98
89.98
89.98
89.98
89.98
89.98
89.98
89.98
89.98
89.98
89.98
89.98
89.98
89.98
89.98
89.98
89.98
89.98
89.98
89.98
89.98
89.98
89.98
89.98
89.98
89.98
89.98
89.98
89.98
89.98
89.98
89.98
89.98
89.98
89.98
89.98
89.98
89.98
89.98
89.98
89.98
89.98
89.98
89.98
89.98
89.98
89.98
89.98
89.98
89.98
89.98
89.98
89.98
89.98
89.98
89.98
89.98
89.98
89.98
89.98
89.98
89.98
89.98
89.98
89.98
89.98
89.98
89.98
89.98
89.98
89.98
89.98
89.98
89.98
89.98
89.98
89.98
89.98
89.98
89.98
89.98
89.98
89.98
89.98
89.98
89.98
89.98
89.98
89.98
89.98
89.98
89.98
89.98
89.98
89.98
89.98
89.98
89.98
89.98
89.98
89.98
89.98
89.98
89.98
89.98
89.98
89.98
89.98
89.98
89.98
89.98
89.98
89.98
89.98
89.98
89.98
89.98
89.98
89.98
89.98
89.98
89.98
89.98
89.98
89.98
89.98
89.98
89.98
89.98
89.98
89.98
89.98
89.98
89.98
89.98
89.98
89.98
89.98
89.98
89.98
89.98
89.98
89.98
89.98
89.98
89.98
89.98
89.98
89.98
89.98
89.98
89.98
89.98
89.98
89.98
89.98
89.98
89.98
89.98
89.98
89.98
89.98
89.98
89.98
89.98
89.98
89.98
89.98
89.98
89.98
89.98
89.98
89.98
89.98
89.98
89.98
89.98
89.98
89.98
89.98
89.98
89.98
89.98
89.98
89.98
89.98
89.98
89.98
89.98
89.98
89.98
89.98
89.98
89.98
89.98
89.98
89.98
89.98
89.98
89.98
89.98
89.98
89.98
89.98
89.98
89.98
89.98
89.98
89.98
89.98
89.98
89.98
89.98
89.98
89.98
89.98
89.98
89.98
89.98
89.98
88.55
89.98
89.78
89.78
90.18
89.57
90.18
89.78
89.78
89.37
88.96
88.14
87.32
87.32
85.89
87.93
86.71
85.89
85.48
85.48
84.87
84.46
84.87
84.87
84.46
83.23
83.44
85.07
85.48
85.69
86.71
85.28
83.64
83.84
83.84
84.46
81.60
81.39
81.39
83.03
82.41
83.64
84.46
82.62
83.84
83.84
81.60
78.94
80.16
82.41
83.84
85.07
84.87
85.07
84.05
85.07
85.48
85.48
86.09
83.64
85.07
84.05
88.34
89.16
89.57
90.18
91.41
91.62
91.62
89.16
90.18
92.23
91.62
91.82
93.05
93.46
93.25
93.87
93.87
93.87
93.87
93.87
93.87
93.87
93.87
93.87
93.87
93.87
93.87
93.87
93.87
93.87
93.87
93.87
93.87
93.87
93.87
93.87
93.87
93.87
93.87
93.87
93.87
93.87
93.87
93.87
93.87
93.87
93.87
93.87
93.87
93.87
93.87
93.87
93.87
93.87
93.87
93.87
93.87
93.87
93.87
93.87
93.87
93.87
93.87
93.87
93.87
93.87
93.87
93.87
93.87
93.87
93.87
93.87
93.87
93.87
93.87
93.87
93.87
93.87
93.87
93.87
93.87
93.87
93.87
93.87
93.87
93.87
93.87
93.87
93.87
93.87
93.87
93.87
93.87
93.87
93.87
93.87
93.87
93.87
93.87
93.87
93.87
93.87
93.87
93.87
93.87
93.87
93.87
93.87
93.87
93.87
93.87
93.87
93.87
93.87
93.87
93.87
93.87
93.87
93.87
93.87
93.87
93.87
93.87
93.87
93.87
93.87
93.87
93.87
93.87
93.87
93.87
93.87
93.87
93.87
93.87
93.87
93.87
93.87
93.87
93.87
93.87
93.87
93.87
93.87
93.87
93.87
93.87
93.87
93.87
93.87
93.87
93.87
93.87
93.87
93.87
93.87
93.87
93.87
93.87
93.87
93.87
93.87
93.87
93.87
93.87
93.87
93.87
93.87
93.87
93.87
93.87
93.87
93.87
93.87
93.87
93.87
93.87
93.87
93.87
93.87
93.87
93.87
93.87
93.87
93.87
93.87
93.87
93.87
93.87
93.87
93.87
93.87
93.87
93.87
93.87
93.87
93.87
93.87
93.87
93.87
93.87
93.87
93.87
93.87
93.87
93.87
93.87
93.87
93.87
93.87
93.87
93.87
93.87
93.87
93.87
93.87
93.87
93.87
93.87
93.87
93.87
93.87
93.87
93.87
93.87
93.87
93.87
93.87
93.87
93.87
93.87
93.87
93.87
93.87
93.87
93.87
93.87
93.87
93.87
93.87
93.87
93.87
93.87
93.87
93.87
93.87
93.87
93.87
93.87
93.87
93.87
93.87
93.87
93.87
93.87
93.87
93.87
93.87
93.87
93.87
93.87
93.87
93.87
93.87
93.87
93.87
93.87
93.87
93.87
93.87
93.87
93.87
93.87
93.87
93.87
93.87
93.87
93.87
93.87
93.87
93.87
93.87
93.87
93.87
93.87
93.87
93.87
93.87
93.87
93.87
93.87
93.87
93.87
93.87
93.87
93.87
93.87
93.87
93.87
93.87
93.87
60.33
60.33
60.33
60.33
60.33
60.33
60.33
60.33
60.33
60.33
60.33
60.33
60.33
60.33
60.33
89.98
87.93
89.16
87.73
87.32
88.96
91.00
91.00
89.78
88.34
88.34
88.55
88.75
87.93
87.93
88.55
88.14
88.55
87.73
88.75
88.96
88.96
88.96
89.78
89.78
91.21
91.21
91.82
91.62
92.02
91.82
92.23
91.82
91.41
91.62
93.25
91.62
92.84
91.41
89.16
91.82
91.41
90.18
89.37
89.16
87.12
83.64
85.48
84.66
82.00
83.44
84.25
84.66
88.96
89.98
89.78
92.02
91.82
91.62
91.41
89.16
89.37
89.78
91.00
89.57
91.21
87.93
88.14
85.28
91.41
85.07
88.96
89.78
91.41
92.84
93.05
94.48
94.48
94.27
93.87
93.66
94.27
93.87
93.66
93.66
93.46
93.46
93.46
92.84
92.43
92.64
89.98
88.14
89.78
89.16
89.37
91.21
91.21
91.21
93.05
78.32
73.82
71.17
69.94
68.10
68.30
66.87
66.67
66.26
66.05
65.85
64.62
66.05
66.26
65.85
66.46
66.05
66.46
66.46
66.46
66.46
66.26
66.26
66.46
66.46
66.46
66.67
63.80
66.67
65.64
66.05
66.87
66.26
66.67
63.80
63.60
63.60
62.17
60.33
61.35
62.17
62.17
62.17
61.76
61.76
60.33
60.33
60.33
60.33
60.33
60.33
60.33
60.33
60.33
60.33
60.33
60.33
60.33
60.33
61.35
62.58
62.99
62.78
62.37
63.60
64.62
65.24
63.60
63.60
62.17
61.55
62.37
63.19
62.78
62.78
64.42
65.24
64.62
64.62
64.83
63.60
65.03
65.64
65.44
65.03
65.85
65.24
65.24
66.05
67.48
68.51
68.51
68.51
67.89
68.30
68.30
68.51
70.14
68.30
68.92
68.92
68.92
68.92
68.92
68.92
68.92
68.92
68.92
68.92
68.92
68.92
68.92
68.92
68.92
68.92
68.92
68.92
68.92
68.92
68.92
68.92
68.92
68.92
68.92
68.92
68.92
68.92
68.92
68.92
68.92
68.92
68.92
68.92
68.92
68.92
68.92
68.92
68.92
68.92
68.92
68.92
68.92
68.92
68.92
68.92
68.92
68.92
68.92
68.92
68.92
68.92
68.92
68.92
68.92
68.92
68.92
68.92
68.92
68.92
68.92
68.92
68.92
68.92
68.92
68.92
68.92
68.92
68.92
68.92
68.92
68.92
68.92
68.92
68.92
68.92
68.92
68.92
68.92
68.92
68.92
68.92
68.92
68.92
68.92
68.92
68.92
68.92
68.92
68.92
68.92
68.92
68.92
68.92
68.92
68.92
68.92
68.92
68.92
68.92
68.92
78.94
77.91
78.73
78.12
78.73
79.35
79.35
78.94
77.30
77.51
77.91
76.48
76.69
78.12
78.12
79.35
79.35
78.94
78.94
80.16
81.39
82.41
81.39
80.98
79.75
80.37
79.35
79.55
77.71
77.71
75.66
76.28
76.48
77.71
78.73
79.14
77.91
78.32
78.32
77.71
76.28
76.07
76.07
74.64
74.64
74.64
73.82
74.03
74.03
74.44
76.28
76.48
76.07
76.69
76.69
77.91
77.91
77.91
77.51
77.10
77.51
77.51
77.91
77.30
78.53
77.71
78.12
78.53
79.14
79.55
79.35
81.19
81.19
82.62
82.62
82.00
81.39
81.19
80.78
80.37
80.78
80.78
78.73
78.12
78.53
78.73
78.73
80.78
78.94
78.53
78.53
77.91
76.89
77.30
77.71
78.32
79.55
79.55
80.57
79.96
79.96
79.96
79.96
79.96
79.96
79.96
79.96
79.96
79.96
79.96
79.96
79.96
79.96
79.96
79.96
79.96
79.96
79.96
79.96
79.96
79.96
79.96
79.96
79.96
79.96
79.96
79.96
79.96
79.96
79.96
79.96
79.96
79.96
79.96
79.96
79.96
79.96
79.96
79.96
79.96
79.96
79.96
79.96
79.96
79.96
79.96
79.96
79.96
79.96
79.96
79.96
79.96
79.96
79.96
79.96
79.96
79.96
79.96
79.96
79.96
79.96
79.96
79.96
79.96
79.96
79.96
79.96
79.96
79.96
79.96
79.96
79.96
79.96
79.96
79.96
79.96
79.96
79.96
79.96
79.96
79.96
79.96
79.96
79.96
79.96
79.96
79.96
79.96
79.96
79.96
79.96
79.96
79.96
79.96
79.96
79.96
79.96
79.96
79.96
79.96
79.96
79.96
79.96
79.96
79.96
79.96
79.96
79.96
79.96
79.96
79.96
79.96
79.96
79.96
79.96
79.96
79.96
79.96
79.96
79.96
79.96
79.96
79.96
79.96
79.96
79.96
79.96
79.96
79.96
79.96
79.96
79.96
79.96
79.96
79.96
79.96
79.96
79.96
79.96
79.96
79.96
79.96
79.96
79.96
79.96
79.96
79.96
79.96
79.96
79.96
79.96
79.96
79.96
79.96
79.96
79.96
79.96
79.96
79.96
79.96
79.96
79.96
79.96
79.96
79.96
79.96
79.96
79.96
79.96
79.96
79.96
79.96
79.96
79.96
79.96
79.96
79.96
79.96
79.96
79.96
79.96
79.96
79.96
79.96
79.96
79.96
79.96
79.96
79.96
79.96
79.96
79.96
79.96
79.96
79.96
79.96
79.96
79.96
79.96
79.96
89.98
88.34
85.48
83.84
82.41
82.41
80.57
79.96
78.12
76.48
74.44
73.01
72.60
74.85
75.05
73.42
76.07
76.28
75.26
74.03
73.82
74.03
74.03
73.21
73.82
75.46
74.64
76.69
76.69
75.66
75.26
73.62
74.64
74.64
75.05
72.19
71.17
69.94
69.33
68.92
68.71
68.51
68.71
68.71
67.28
67.69
67.28
67.48
68.51
68.30
68.30
67.69
67.69
68.10
67.89
67.48
67.48
67.48
67.69
67.69
67.69
67.69
67.89
68.51
68.30
69.33
70.96
70.96
69.73
69.73
69.94
70.55
70.14
70.14
69.94
70.14
73.21
73.42
72.19
74.44
75.05
75.66
78.12
78.12
77.91
79.55
82.62
84.66
84.66
83.44
82.62
84.87
85.89
86.30
87.53
87.53
87.53
87.53
86.91
84.05
84.05
84.05
84.05
84.05
84.05
84.05
84.05
84.05
84.05
84.05
84.05
84.05
84.05
84.05
84.05
84.05
84.05
84.05
84.05
84.05
84.05
84.05
84.05
84.05
84.05
84.05
84.05
84.05
84.05
84.05
84.05
84.05
84.05
84.05
84.05
84.05
84.05
84.05
84.05
84.05
84.05
84.05
84.05
84.05
84.05
84.05
84.05
84.05
84.05
84.05
84.05
84.05
84.05
84.05
84.05
84.05
84.05
84.05
84.05
84.05
84.05
84.05
84.05
84.05
84.05
84.05
84.05
84.05
84.05
84.05
84.05
84.05
84.05
84.05
84.05
84.05
84.05
84.05
84.05
84.05
84.05
84.05
84.05
84.05
84.05
84.05
84.05
84.05
84.05
84.05
84.05
84.05
84.05
84.05
84.05
84.05
84.05
84.05
84.05
84.05
84.05
84.05
84.05
84.05
84.05
84.05
84.05
84.05
84.05
84.05
84.05
84.05
84.05
84.05
84.05
84.05
84.05
84.05
84.05
84.05
84.05
84.05
84.05
84.05
84.05
84.05
84.05
84.05
84.05
84.05
84.05
84.05
84.05
84.05
84.05
84.05
84.05
84.05
84.05
84.05
84.05
84.05
84.05
84.05
84.05
84.05
84.05
84.05
84.05
84.05
84.05
84.05
84.05
84.05
84.05
84.05
84.05
84.05
84.05
84.05
84.05
84.05
84.05
84.05
84.05
84.05
84.05
84.05
84.05
84.05
84.05
84.05
84.05
84.05
84.05
84.05
84.05
84.05
84.05
84.05
84.05
84.05
84.05
84.05
84.05
84.05
84.05
84.05
84.05
84.05
84.05
84.05
84.05
84.05
84.05
84.05
84.05
84.05
84.05
84.05
84.05
84.05
84.05
84.05
84.05
84.05
84.05
61.15
60.53
60.33
60.33
60.33
60.33
60.74
60.94
61.15
61.15
61.15
60.33
60.33
60.33
60.94
60.33
60.33
60.53
60.33
60.33
60.33
60.33
60.33
60.33
60.53
60.53
60.33
60.33
60.33
60.33
60.53
60.94
60.94
61.15
61.15
61.96
62.78
63.60
62.99
62.58
62.58
63.80
62.78
62.17
61.55
60.94
62.17
63.60
64.42
64.21
63.60
61.76
61.76
61.76
61.55
61.76
61.96
62.78
64.01
64.83
66.67
69.33
68.30
65.03
65.24
63.39
64.83
69.73
68.92
69.12
67.28
69.73
70.14
70.14
70.55
72.60
73.01
74.03
76.89
82.82
84.25
84.25
84.46
83.23
83.23
85.07
82.62
77.91
79.96
80.98
81.60
80.98
83.84
93.25
93.25
92.84
93.05
93.66
94.48
94.07
94.27
94.68
95.09
95.30
95.30
95.09
95.71
95.50
95.50
95.30
95.09
94.48
95.71
95.71
95.50
95.30
95.30
95.30
95.30
95.09
95.30
95.50
95.50
95.50
95.30
95.50
95.50
94.89
94.68
94.68
95.50
95.09
94.89
95.09
95.09
94.89
94.89
94.48
94.48
93.87
94.27
93.66
94.27
94.27
93.66
93.05
93.05
93.05
93.66
93.05
92.43
92.23
91.00
87.12
83.03
82.62
85.48
85.48
85.89
85.89
83.23
84.25
82.62
85.48
80.37
80.37
80.98
80.37
81.60
80.78
82.21
82.21
80.37
80.16
80.16
80.78
82.21
83.64
84.87
87.53
85.89
90.18
91.62
93.46
93.46
92.64
92.64
92.64
91.00
90.59
91.21
92.23
91.82
91.82
91.82
91.82
91.82
91.82
91.82
91.82
91.82
91.82
91.82
91.82
91.82
91.82
91.82
91.82
91.82
91.41
90.39
91.41
91.00
90.80
91.00
91.21
91.62
91.62
91.00
89.98
91.41
92.02
91.41
91.00
91.00
91.21
91.00
90.18
89.37
89.16
88.55
86.30
83.64
82.41
84.05
83.44
84.05
84.46
84.05
84.46
85.48
85.28
86.30
86.91
86.30
86.50
85.48
85.07
85.07
85.07
84.05
84.66
81.39
78.73
78.53
78.73
78.94
80.78
80.78
82.21
82.21
81.60
81.60
82.00
83.03
83.03
83.23
82.82
83.03
81.60
81.80
81.80
80.57
80.37
80.57
81.60
79.55
77.91
77.51
76.48
76.48
75.66
77.30
78.53
79.14
77.91
79.55
78.53
75.05
76.69
77.51
78.94
77.91
77.91
77.91
77.91
77.91
77.91
77.91
77.91
77.91
77.91
77.91
77.91
77.91
77.91
77.91
77.91
77.91
77.91
77.91
77.91
77.91
77.91
77.91
77.91
77.91
77.91
77.91
77.91
77.91
77.91
77.91
77.91
77.91
77.91
77.91
77.91
77.91
77.91
77.91
77.91
77.91
77.91
77.91
77.91
77.91
77.91
77.91
77.91
77.91
77.91
77.91
77.91
77.91
77.91
77.91
77.91
77.91
77.91
77.91
77.91
77.91
77.91
77.91
77.91
77.91
77.91
77.91
77.91
77.91
77.91
77.91
77.91
77.91
77.91
77.91
77.91
77.91
77.91
77.91
77.91
77.91
77.91
77.91
77.91
77.91
77.91
77.91
77.91
77.91
77.91
77.91
77.91
77.91
77.91
77.91
77.91
77.91
77.91
77.91
77.91
77.91
77.91
86.50
86.50
86.50
86.09
86.91
86.50
87.53
87.53
87.53
87.53
88.55
88.75
89.57
90.80
90.39
91.00
91.00
91.41
91.41
92.43
92.43
92.43
91.62
91.62
92.23
92.64
92.64
93.66
93.46
93.87
94.27
93.46
93.46
93.87
93.46
94.07
94.07
94.27
93.66
93.25
93.25
92.43
93.05
93.66
93.66
93.25
93.66
93.66
93.87
93.66
93.87
93.87
93.87
93.87
93.87
93.25
93.46
93.05
92.02
92.02
92.02
92.23
92.23
92.23
92.23
92.23
92.23
92.23
92.43
92.43
92.43
93.25
93.87
93.87
94.07
94.27
94.27
94.27
94.27
94.27
94.27
94.27
94.27
93.87
94.07
94.07
94.27
94.68
94.68
94.07
93.66
93.66
93.66
93.66
93.87
94.89
94.89
94.68
94.68
94.68
94.68
94.68
94.68
94.68
94.68
94.68
94.68
94.68
94.68
94.68
94.68
94.68
94.68
94.68
94.68
94.68
94.68
94.68
94.68
94.68
94.68
94.68
94.68
94.68
94.68
94.68
94.68
94.68
94.68
94.68
94.68
94.68
94.68
94.68
94.68
94.68
94.68
94.68
94.68
94.68
94.68
94.68
94.68
94.68
94.68
94.68
94.68
94.68
94.68
94.68
94.68
94.68
94.68
94.68
94.68
94.68
94.68
94.68
94.68
94.68
94.68
94.68
94.68
94.68
94.68
94.68
94.68
94.68
94.68
94.68
94.68
94.68
94.68
94.68
94.68
94.68
94.68
94.68
94.68
94.68
94.68
94.68
94.68
94.68
94.68
94.68
94.68
94.68
94.68
94.68
94.68
94.68
94.68
94.68
94.68
94.68
94.68
94.68
94.68
94.68
94.68
94.68
94.68
94.68
94.68
94.68
94.68
94.68
94.68
94.68
94.68
94.68
94.68
94.68
94.68
94.68
94.68
94.68
94.68
94.68
94.68
94.68
94.68
94.68
94.68
94.68
94.68
94.68
94.68
94.68
94.68
94.68
94.68
94.68
94.68
94.68
94.68
94.68
94.68
94.68
94.68
94.68
94.68
94.68
94.68
94.68
94.68
94.68
94.68
94.68
94.68
94.68
94.68
94.68
94.68
94.68
94.68
94.68
94.68
94.68
94.68
94.68
94.68
94.68
94.68
94.68
94.68
94.68
94.68
94.68
94.68
94.68
94.68
94.68
94.68
94.68
94.68
94.68
94.68
94.68
94.68
94.68
94.68
94.68
94.68
94.68
94.68
94.68
94.68
94.68
94.68
94.68
94.68
94.68
94.68
94.68
94.68
94.68
94.68
94.68
94.68
94.68
94.68
94.68
94.68
94.68
94.68
94.68
94.68
94.68
94.68
94.68
94.68
94.68
94.68
94.68
94.68
94.68
94.68
94.68
94.68
94.68
94.68
94.68
94.68
94.68
94.68
94.68
94.68
94.68
94.68
94.68
94.68
94.68
94.68
94.68
94.68
94.68
94.68
94.68
94.68
94.68
94.68
94.68
94.68
94.68
94.68
94.68
94.68
94.68
94.68
94.68
94.68
94.68
94.68
94.68
94.68
94.68
94.68
94.68
94.68
94.68
94.68
94.68
94.68
94.68
94.68
94.68
94.68
94.68
94.68
94.68
94.68
94.68
94.68
94.68
94.68
94.68
94.68
94.68
94.68
94.68
94.68
94.68
94.68
94.68
94.68
94.68
94.68
94.68
94.68
94.68
94.68
94.68
94.68
94.68
94.68
94.68
94.68
94.68
94.68
94.68
94.68
94.68
94.68
94.68
94.68
94.68
94.68
94.68
94.68
94.68
94.68
94.68
94.68
94.68
94.68
94.68
94.68
94.68
94.68
94.68
94.68
94.68
94.68
94.68
94.68
94.68
94.68
94.68
94.68
94.68
94.68
94.68
94.68
94.68
94.68
94.68
94.68
94.68
94.68
94.68
94.68
94.68
94.68
94.68
94.68
94.68
94.68
94.68
94.68
94.68
94.68
94.68
94.68
94.68
94.68
94.68
94.68
94.68
94.68
94.68
94.68
94.68
94.68
94.68
94.68
94.68
94.68
94.68
94.68
94.68
94.68
94.68
94.68
94.68
94.68
94.68
94.68
94.68
94.68
94.68
94.68
94.68
94.68
94.68
94.68
94.68
94.68
94.68
94.68
94.68
94.68
94.68
94.68
94.68
94.68
94.68
94.68
94.68
94.68
94.68
94.68
94.68
94.68
94.68
94.68
94.68
94.68
94.68
94.68
94.68
94.68
94.68
94.68
94.68
94.68
94.68
94.68
94.68
94.68
94.68
94.68
94.68
94.68
94.68
94.68
94.68
94.68
94.68
94.68
94.68
94.68
94.68
94.68
94.68
94.68
94.68
94.68
94.68
94.68
94.68
94.68
94.68
94.68
94.68
94.68
94.68
94.68
94.68
94.68
94.68
94.68
94.68
94.68
94.68
94.68
94.68
94.68
94.68
94.68
94.68
94.68
94.68
94.68
94.68
94.68
94.68
94.68
94.68
94.68
94.68
94.68
94.68
94.68
94.68
94.68
94.68
94.68
94.68
94.68
94.68
94.68
94.68
94.68
94.68
94.68
94.68
94.68
94.68
94.68
94.68
94.68
94.68
94.68
94.68
94.68
94.68
94.68
94.68
94.68
94.68
94.68
94.68
94.68
94.68
94.68
94.68
94.68
94.68
94.68
94.68
94.68
94.68
94.68
94.68
94.68
94.68
94.68
94.68
94.68
94.68
94.68
94.68
94.68
94.68
94.68
94.68
94.68
94.68
94.68
94.68
94.68
94.68
94.68
94.68
94.68
94.68
94.68
94.68
94.68
94.68
94.68
94.68
94.68
94.68
94.68
94.68
94.68
94.68
94.68
94.68
94.68
94.68
94.68
94.68
94.68
94.68
94.68
94.68
94.68
94.68
94.68
94.68
94.68
94.68
94.68
94.68
94.68
94.68
94.68
94.68
94.68
94.68
94.68
94.68
94.68
94.68
94.68
94.68
94.68
94.68
94.68
94.68
94.68
94.68
94.68
94.68
94.68
94.68
94.68
94.68
94.68
94.68
94.68
94.68
94.68
94.68
94.68
94.68
94.68
94.68
94.68
94.68
94.68
94.68
94.68
94.68
94.68
94.68
94.68
94.68
94.68
94.68
94.68
94.68
94.68
94.68
94.68
94.68
94.68
94.68
94.68
94.68
94.68
94.68
94.68
94.68
94.68
94.68
94.68
94.68
94.68
94.68
94.68
94.68
94.68
94.68
94.68
94.68
94.68
94.68
94.68
94.68
94.68
94.68
94.68
94.68
94.68
94.68
94.68
94.68
94.68
94.68
94.68
94.68
94.68
94.68
94.68
94.68
94.68
94.68
94.68
94.68
94.68
94.68
94.68
94.68
94.68
94.68
94.68
94.68
94.68
94.68
94.68
94.68
94.68
94.68
94.68
94.68
94.68
94.68
94.68
94.68
94.68
94.68
94.68
94.68
94.68
94.68
94.68
94.68
94.68
94.68
94.68
94.68
94.68
94.68
94.68
94.68
94.68
94.68
94.68
94.68
94.68
94.68
94.68
94.68
94.68
94.68
94.68
94.68
94.68
94.68
94.68
94.68
94.68
94.68
94.68
94.68
94.68
94.68
94.68
94.68
94.68
94.68
94.68
94.68
94.68
94.68
94.68
94.68
94.68
94.68
94.68
94.68
94.68
94.68
94.68
94.68
94.68
94.68
94.68
94.68
94.68
94.68
94.68
94.68
94.68
94.68
94.68
94.68
94.68
94.68
94.68
94.68
94.68
94.68
94.68
94.68
94.68
94.68
94.68
94.68
94.68
94.68
94.68
94.68
94.68
94.68
94.68
94.68
94.68
94.68
94.68
94.68
94.68
94.68
94.68
94.68
94.68
94.68
94.68
94.68
94.68
94.68
94.68
94.68
94.68
94.68
94.68
94.68
94.68
94.68
94.68
94.68
94.68
94.68
94.68
94.68
94.68
94.68
94.68
94.68
94.68
94.68
94.68
94.68
94.68
94.68
94.68
94.68
94.68
94.68
94.68
94.68
94.68
94.68
94.68
94.68
94.68
94.68
94.68
94.68
94.68
94.68
94.68
94.68
94.68
94.68
94.68
94.68
94.68
94.68
94.68
94.68
94.68
94.68
94.68
94.68
94.68
94.68
94.68
94.68
94.68
94.68
94.68
94.68
94.68
94.68
94.68
94.68
94.68
94.68
94.68
94.68
94.68
94.68
94.68
94.68
94.68
94.68
94.68
94.68
94.68
94.68
94.68
94.68
94.68
94.68
94.68
94.68
94.68
94.68
94.68
94.68
94.68
94.68
94.68
94.68
94.68
94.68
94.68
94.68
94.68
94.68
94.68
94.68
94.68
94.68
94.68
94.68
94.68
94.68
94.68
94.68
94.68
94.68
94.68
94.68
94.68
94.68
94.68
94.68
94.68
94.68
94.68
94.68
94.68
94.68
94.68
94.68
94.68
94.68
94.68
94.68
94.68
94.68
94.68
94.68
94.68
94.68
94.68
94.68
94.68
94.68
94.68
94.68
94.68
94.68
94.68
94.68
94.68
94.68
94.68
94.68
94.68
94.68
94.68
94.68
94.68
94.68
94.68
94.68
94.68
94.68
94.68
94.68
94.68
94.68
94.68
94.68
94.68
94.68
94.68
94.68
94.68
94.68
94.68
94.68
94.68
94.68
94.68
94.68
94.68
94.68
94.68
94.68
94.68
94.68
94.68
94.68
94.68
94.68
94.68
94.68
94.68
94.68
94.68
94.68
94.68
94.68
94.68
94.68
94.68
94.68
94.68
94.68
94.68
94.68
94.68
94.68
94.68
94.68
94.68
94.68
94.68
94.68
94.68
94.68
94.68
94.68
94.68
94.68
94.68
94.68
94.68
94.68
94.68
94.68
94.68
94.68
94.68
94.68
94.68
94.68
94.68
94.68
94.68
94.68
94.68
94.68
94.68
94.68
94.68
94.68
94.68
94.68
94.68
94.68
94.68
94.68
94.68
94.68
94.68
94.68
94.68
94.68
94.68
94.68
94.68
94.68
94.68
94.68
94.68
94.68
94.68
94.68
94.68
94.68
94.68
94.68
94.68
94.68
94.68
94.68
94.68
94.68
94.68
94.68
94.68
94.68
94.68
94.68
94.68
94.68
94.68
94.68
94.68
94.68
94.68
94.68
94.68
94.68
94.68
94.68
94.68
94.68
94.68
94.68
94.68
94.68
94.68
94.68
94.68
94.68
94.68
94.68
94.68
94.68
94.68
94.68
94.68
94.68
94.68
94.68
94.68
94.68
94.68
94.68
94.68
94.68
94.68
94.68
94.68
94.68
94.68
94.68
94.68
94.68
94.68
94.68
94.68
94.68
94.68
94.68
94.68
94.68
94.68
94.68
94.68
94.68
94.68
94.68
94.68
94.68
94.68
94.68
94.68
94.68
94.68
94.68
94.68
94.68
94.68
94.68
94.68
94.68
94.68
94.68
94.68
94.68
94.68
94.68
94.68
94.68
94.68
94.68
94.68
94.68
94.68
94.68
94.68
94.68
94.68
94.68
94.68
94.68
94.68
94.68
94.68
94.68
94.68
94.68
94.68
94.68
94.68
94.68
94.68
94.68
94.68
94.68
94.68
94.68
94.68
94.68
94.68
94.68
94.68
94.68
94.68
94.68
94.68
94.68
94.68
94.68
94.68
94.68
94.68
94.68
94.68
94.68
94.68
94.68
94.68
94.68
94.68
94.68
94.68
94.68
94.68
94.68
94.68
94.68
94.68
94.68
94.68
94.68
94.68
94.68
94.68
94.68
94.68
94.68
94.68
94.68
94.68
94.68
94.68
94.68
94.68
94.68
94.68
94.68
94.68
94.68
94.68
94.68
94.68
94.68
94.68
94.68
94.68
94.68
94.68
94.68
94.68
94.68
94.68
94.68
94.68
94.68
94.68
94.68
94.68
94.68
94.68
94.68
94.68
94.68
94.68
94.68
94.68
94.68
94.68
94.68
94.68
94.68
94.68
94.68
94.68
94.68
94.68
94.68
94.68
94.68
94.68
94.68
94.68
94.68
94.68
94.68
94.68
94.68
94.68
94.68
94.68
94.68
94.68
94.68
94.68
94.68
94.68
94.68
94.68
94.68
94.68
94.68
94.68
94.68
94.68
94.68
94.68
94.68
94.68
94.68
94.68
94.68
94.68
94.68
94.68
94.68
94.68
94.68
94.68
94.68
94.68
94.68
94.68
94.68
94.68
94.68
94.68
94.68
94.68
94.68
94.68
94.68
94.68
94.68
94.68
94.68
94.68
94.68
94.68
94.68
94.68
94.68
94.68
94.68
94.68
94.68
94.68
94.68
94.68
94.68
94.68
94.68
94.68
94.68
94.68
94.68
94.68
94.68
94.68
94.68
94.68
94.68
94.68
94.68
94.68
94.68
94.68
94.68
94.68
94.68
94.68
94.68
94.68
94.68
94.68
94.68
94.68
94.68
94.68
94.68
94.68
94.68
94.68
94.68
94.68
94.68
94.68
94.68
94.68
94.68
94.68
94.68
94.68
94.68
94.68
94.68
94.68
94.68
94.68
94.68
94.68
94.68
94.68
94.68
94.68
94.68
94.68
94.68
94.68
94.68
94.68
94.68
94.68
94.68
94.68
94.68
94.68
94.68
94.68
94.68
94.68
94.68
94.68
94.68
94.68
94.68
94.68
94.68
94.68
94.68
94.68
94.68
94.68
94.68
94.68
94.68
94.68
94.68
94.68
94.68
94.68
94.68
94.68
94.68
94.68
94.68
94.68
94.68
94.68
94.68
94.68
94.68
94.68
94.68
94.68
94.68
94.68
94.68
94.68
94.68
94.68
94.68
94.68
94.68
94.68
94.68
94.68
94.68
94.68
94.68
94.68
94.68
94.68
94.68
94.68
94.68
94.68
94.68
94.68
94.68
94.68
94.68
94.68
94.68
94.68
94.68
94.68
94.68
94.68
94.68
94.68
94.68
94.68
94.68
94.68
94.68
94.68
94.68
94.68
94.68
94.68
94.68
94.68
94.68
94.68
94.68
94.68
94.68
94.68
94.68
94.68
94.68
94.68
94.68
94.68
94.68
94.68
94.68
94.68
94.68
94.68
94.68
94.68
94.68
94.68
94.68
94.68
94.68
94.68
94.68
94.68
94.68
94.68
94.68
94.68
94.68
94.68
94.68
94.68
94.68
94.68
94.68
94.68
94.68
94.68
94.68
94.68
94.68
94.68
94.68
94.68
94.68
94.68
94.68
94.68
94.68
94.68
94.68
94.68
94.68
94.68
94.68
94.68
94.68
94.68
94.68
94.68
94.68
94.68
94.68
94.68
94.68
94.68
94.68
94.68
94.68
94.68
94.68
94.68
94.68
94.68
94.68
94.68
94.68
94.68
94.68
94.68
94.68
94.68
94.68
94.68
94.68
94.68
94.68
94.68
94.68
94.68
94.68
94.68
94.68
94.68
94.68
94.68
94.68
94.68
94.68
94.68
94.68
94.68
94.68
94.68
94.68
94.68
94.68
94.68
94.68
94.68
94.68
94.68
94.68
94.68
94.68
94.68
94.68
94.68
94.68
94.68
94.68
94.68
94.68
94.68
94.68
94.68
94.68
94.68
94.68
94.68
94.68
94.68
94.68
94.68
94.68
94.68
94.68
94.68
94.68
94.68
94.68
94.68
94.68
94.68
94.68
94.68
94.68
94.68
94.68
94.68
94.68
94.68
94.68
94.68
94.68
94.68
94.68
94.68
94.68
94.68
94.68
94.68
94.68
94.68
94.68
94.68
94.68
94.68
94.68
94.68
94.68
94.68
94.68
94.68
94.68
94.68
94.68
94.68
94.68
94.68
94.68
94.68
94.68
94.68
94.68
94.68
94.68
94.68
94.68
94.68
94.68
94.68
94.68
94.68
94.68
94.68
94.68
94.68
94.68
94.68
94.68
94.68
94.68
94.68
94.68
94.68
94.68
94.68
94.68
94.68
94.68
94.68
94.68
94.68
94.68
94.68
94.68
94.68
94.68
94.68
94.68
94.68
94.68
94.68
94.68
94.68
94.68
94.68
94.68
94.68
94.68
94.68
94.68
94.68
94.68
94.68
94.68
94.68
94.68
94.68
94.68
94.68
94.68
94.68
94.68
94.68
94.68
94.68
94.68
94.68
94.68
94.68
94.68
94.68
94.68
94.68
94.68
94.68
94.68
94.68
94.68
94.68
94.68
94.68
94.68
94.68
94.68
94.68
94.68
94.68
94.68
94.68
94.68
94.68
94.68
94.68
94.68
94.68
94.68
94.68
94.68
94.68
94.68
94.68
94.68
94.68
94.68
94.68
94.68
94.68
94.68
94.68
94.68
94.68
94.68
94.68
94.68
94.68
94.68
94.68
94.68
94.68
94.68
94.68
94.68
94.68
94.68
94.68
94.68
94.68
94.68
94.68
94.68
94.68
94.68
94.68
94.68
94.68
94.68
94.68
94.68
94.68
94.68
94.68
94.68
94.68
94.68
94.68
94.68
94.68
94.68
94.68
94.68
94.68
94.68
94.68
94.68
94.68
94.68
94.68
94.68
94.68
94.68
94.68
94.68
94.68
94.68
94.68
94.68
94.68
94.68
94.68
94.68
94.68
94.68
94.68
94.68
94.68
94.68
94.68
94.68
94.68
94.68
94.68
94.68
94.68
94.68
94.68
94.68
94.68
94.68
94.68
94.68
94.68
94.68
94.68
94.68
94.68
94.68
94.68
94.68
94.68
94.68
94.68
94.68
94.68
94.68
94.68
94.68
94.68
94.68
94.68
94.68
94.68
94.68
94.68
94.68
94.68
94.68
94.68
94.68
94.68
94.68
94.68
94.68
94.68
94.68
94.68
94.68
94.68
94.68
94.68
94.68
94.68
94.68
94.68
94.68
94.68
94.68
94.68
94.68
94.68
94.68
94.68
94.68
94.68
94.68
94.68
94.68
94.68
94.68
94.68
94.68
94.68
94.68
94.68
94.68
94.68
94.68
94.68
94.68
94.68
94.68
94.68
94.68
94.68
94.68
94.68
94.68
94.68
94.68
94.68
94.68
94.68
94.68
94.68
94.68
94.68
94.68
94.68
94.68
94.68
94.68
94.68
94.68
94.68
94.68
94.68
94.68
94.68
94.68
94.68
94.68
94.68
94.68
94.68
94.68
94.68
94.68
94.68
94.68
94.68
94.68
94.68
94.68
94.68
94.68
94.68
94.68
94.68
94.68
94.68
94.68
94.68
94.68
94.68
94.68
94.68
94.68
94.68
94.68
94.68
94.68
94.68
94.68
94.68
94.68
94.68
94.68
94.68
94.68
94.68
94.68
94.68
94.68
94.68
94.68
94.68
94.68
94.68
94.68
94.68
94.68
94.68
94.68
94.68
94.68
94.68
94.68
94.68
94.68
94.68
94.68
94.68
94.68
94.68
94.68
94.68
94.68
94.68
94.68
94.68
94.68
94.68
94.68
94.68
94.68
94.68
94.68
94.68
94.68
94.68
94.68
94.68
94.68
94.68
94.68
94.68
94.68
94.68
94.68
94.68
94.68
94.68
94.68
94.68
94.68
94.68
94.68
94.68
94.68
94.68
94.68
94.68
94.68
94.68
94.68
94.68
94.68
94.68
94.68
94.68
94.68
94.68
94.68
94.68
94.68
94.68
94.68
94.68
94.68
94.68
94.68
94.68
94.68
94.68
94.68
94.68
94.68
94.68
94.68
94.68
94.68
94.68
94.68
94.68
94.68
94.68
94.68
94.68
94.68
94.68
94.68
94.68
94.68
94.68
94.68
94.68
94.68
94.68
94.68
94.68
94.68
94.68
94.68
94.68
94.68
94.68
94.68
94.68
94.68
94.68
94.68
94.68
94.68
94.68
94.68
94.68
94.68
94.68
94.68
94.68
94.68
94.68
94.68
94.68
94.68
94.68
94.68
94.68
94.68
94.68
94.68
94.68
94.68
94.68
94.68
94.68
94.68
94.68
94.68
94.68
94.68
94.68
94.68
94.68
94.68
94.68
94.68
94.68
94.68
94.68
94.68
94.68
94.68
94.68
94.68
94.68
94.68
94.68
94.68
94.68
94.68
94.68
94.68
94.68
94.68
94.68
94.68
94.68
94.68
94.68
94.68
94.68
94.68
94.68
94.68
94.68
94.68
94.68
94.68
94.68
94.68
94.68
94.68
94.68
94.68
94.68
94.68
94.68
94.68
94.68
94.68
94.68
94.68
94.68
94.68
94.68
94.68
94.68
94.68
94.68
94.68
94.68
94.68
94.68
94.68
94.68
94.68
94.68
94.68
94.68
94.68
94.68
94.68
94.68
94.68
94.68
94.68
94.68
94.68
94.68
94.68
94.68
94.68
94.68
94.68
94.68
94.68
94.68
94.68
94.68
94.68
94.68
94.68
94.68
94.68
94.68
94.68
94.68
94.68
94.68
94.68
94.68
94.68
94.68
94.68
94.68
94.68
94.68
94.68
94.68
94.68
94.68
94.68
94.68
94.68
94.68
94.68
94.68
94.68
94.68
94.68
94.68
94.68
94.68
94.68
94.68
94.68
94.68
94.68
94.68
94.68
94.68
94.68
94.68
94.68
94.68
94.68
94.68
94.68
94.68
94.68
94.68
94.68
94.68
94.68
94.68
94.68
94.68
94.68
94.68
94.68
94.68
94.68
94.68
94.68
94.68
94.68
94.68
94.68
94.68
94.68
94.68
94.68
94.68
94.68
94.68
94.68
94.68
94.68
94.68
94.68
94.68
94.68
94.68
94.68
94.68
94.68
94.68
94.68
94.68
94.68
94.68
94.68
94.68
94.68
94.68
94.68
94.68
94.68
94.68
94.68
94.68
94.68
94.68
94.68
94.68
94.68
94.68
94.68
94.68
94.68
94.68
94.68
94.68
94.68
94.68
94.68
94.68
94.68
94.68
94.68
94.68
94.68
94.68
94.68
94.68
94.68
94.68
94.68
94.68
94.68
94.68
94.68
94.68
94.68
94.68
94.68
94.68
94.68
94.68
94.68
94.68
94.68
94.68
94.68
94.68
94.68
94.68
94.68
94.68
94.68
94.68
94.68
