0.00
60.33
60.33
60.33
60.33
60.33
60.33
60.33
60.33
60.33
60.33
60.33
60.33
60.33
60.33
60.33
60.33
60.33
60.33
60.33
60.33
60.33
60.33
60.33
60.33
60.33
60.33
60.33
60.33
60.33
60.33
60.33
60.33
60.33
60.33
60.33
60.33
60.33
60.33
60.33
60.33
60.33
60.33
60.33
60.33
60.33
60.33
60.33
60.33
60.33
60.33
60.33
60.33
60.33
60.33
60.33
60.33
60.33
60.33
60.33
60.33
60.33
60.33
60.33
60.33
60.33
60.33
60.33
60.33
60.33
60.33
60.33
60.33
60.33
60.33
60.33
60.33
60.33
60.33
60.33
60.33
60.33
60.33
60.33
60.33
60.33
60.33
60.33
60.33
60.33
60.33
60.53
60.74
60.53
60.53
60.33
60.33
60.53
60.53
60.53
60.53
60.53
60.53
60.53
60.53
39.67
39.67
39.67
39.67
39.67
39.67
39.67
39.67
39.67
39.67
39.67
39.67
39.67
39.67
39.67
39.67
39.67
39.67
39.67
39.67
39.67
39.67
39.67
39.67
39.67
39.67
39.67
39.67
39.67
39.67
39.67
39.67
39.67
39.67
39.67
39.67
39.67
39.67
39.67
39.67
39.67
39.67
39.67
39.67
39.67
39.67
39.67
39.67
39.67
39.67
39.67
39.67
39.67
39.67
39.67
39.67
39.67
39.67
39.67
39.67
39.67
39.67
39.67
39.67
39.67
39.67
39.67
39.67
39.67
39.67
39.67
39.67
39.67
39.67
39.67
39.67
39.67
39.67
39.67
39.67
39.67
39.67
39.67
39.67
39.67
39.67
39.67
39.67
39.67
39.67
39.67
39.67
39.67
39.67
39.67
39.67
68.51
68.51
70.96
71.17
71.98
72.19
71.57
65.24
69.94
74.03
73.21
73.21
73.01
73.01
74.64
74.03
75.26
75.05
74.44
74.44
74.85
75.46
75.05
71.57
71.78
73.62
71.78
73.42
70.35
71.17
75.05
75.46
75.05
74.64
76.07
76.89
74.85
72.60
72.60
72.60
69.53
68.92
70.76
66.67
65.44
63.80
64.62
64.62
66.05
64.83
64.83
67.69
67.69
65.44
65.03
64.62
64.21
65.64
65.24
65.24
65.64
66.87
67.69
67.28
67.89
69.12
68.30
69.73
69.12
67.69
67.28
67.28
67.28
67.28
63.80
61.76
60.94
60.53
60.53
60.53
60.94
61.35
63.39
62.78
62.17
62.17
61.96
61.96
61.96
63.60
63.80
63.19
62.99
61.55
61.35
62.37
62.37
63.19
62.99
62.78
62.78
62.78
62.78
62.78
62.78
62.78
62.78
62.78
62.78
62.78
62.78
62.78
62.78
62.78
62.78
62.78
62.78
62.78
62.78
62.78
62.78
62.78
62.78
62.78
62.78
62.78
62.78
62.78
62.78
62.78
62.78
62.78
62.78
62.78
62.78
62.78
62.78
62.78
62.78
62.78
62.78
62.78
62.78
62.78
62.78
62.78
62.78
62.78
62.78
62.78
62.78
62.78
62.78
62.78
62.78
62.78
62.78
62.78
62.78
62.78
62.78
62.78
62.78
62.78
62.78
62.78
62.78
62.78
62.78
62.78
62.78
62.78
62.78
62.78
62.78
62.78
62.78
62.78
62.78
62.78
62.78
62.78
62.78
62.78
62.78
62.78
62.78
62.78
62.78
62.78
62.78
62.78
62.78
62.78
62.78
62.78
62.78
62.78
62.78
62.78
74.44
73.21
74.03
72.80
72.60
71.98
71.78
72.19
69.94
67.89
68.10
69.33
68.92
72.39
72.39
72.39
72.60
71.57
71.57
71.57
72.80
72.80
75.46
75.26
77.91
75.05
73.82
75.66
74.44
76.28
76.69
76.28
79.96
78.12
79.75
79.75
82.41
81.80
81.80
84.05
85.69
88.14
87.32
87.12
87.12
87.12
87.12
84.25
84.25
82.21
80.57
84.66
83.84
84.05
85.07
85.69
86.91
87.12
87.32
88.14
87.93
89.78
87.32
88.14
84.87
84.46
83.03
80.98
78.12
80.57
78.32
78.12
78.12
77.10
74.85
77.30
74.23
74.23
70.96
70.55
73.42
70.35
69.53
69.53
70.55
72.80
70.96
73.62
72.39
76.28
75.87
74.03
73.62
74.23
74.23
76.07
75.26
75.46
75.46
75.87
75.87
75.87
75.87
75.87
75.87
75.87
75.87
75.87
75.87
75.87
75.87
75.87
75.87
75.87
75.87
75.87
75.87
75.87
75.87
75.87
75.87
75.87
75.87
75.87
75.87
75.87
75.87
75.87
75.87
75.87
75.87
75.87
75.87
75.87
75.87
75.87
75.87
75.87
75.87
75.87
75.87
75.87
75.87
75.87
75.87
75.87
75.87
75.87
75.87
75.87
75.87
75.87
75.87
75.87
75.87
75.87
75.87
75.87
75.87
75.87
75.87
75.87
75.87
75.87
75.87
75.87
75.87
75.87
75.87
75.87
75.87
75.87
75.87
75.87
75.87
75.87
75.87
75.87
75.87
75.87
75.87
75.87
75.87
75.87
75.87
75.87
75.87
75.87
75.87
75.87
75.87
75.87
75.87
75.87
75.87
75.87
75.87
75.87
75.87
75.87
89.98
89.98
89.78
89.98
89.98
89.78
89.16
89.57
89.16
87.93
87.93
88.55
89.57
89.16
89.57
89.37
89.57
89.98
89.57
90.18
90.18
89.57
89.37
89.37
89.16
90.59
90.18
90.18
90.39
89.98
89.37
89.16
88.34
88.34
88.55
89.37
89.37
90.18
89.98
89.78
88.75
88.96
87.93
88.75
88.55
87.93
87.93
86.71
86.30
85.07
84.25
84.66
84.46
84.46
84.25
84.25
84.46
83.44
82.21
82.62
82.00
82.21
82.41
82.21
82.21
82.41
82.41
82.41
83.23
83.23
83.64
83.44
83.23
82.62
82.82
82.62
82.62
82.62
82.62
82.82
83.23
83.23
83.03
82.62
83.03
83.44
83.64
83.64
84.05
84.05
84.25
84.25
84.46
84.66
84.66
84.46
84.46
84.05
84.05
84.05
84.05
84.05
84.05
84.05
84.05
84.05
84.05
84.05
84.05
84.05
84.05
84.05
84.05
84.05
84.05
84.05
84.05
84.05
84.05
84.05
84.05
84.05
84.05
84.05
84.05
84.05
84.05
84.05
84.05
84.05
84.05
84.05
84.05
84.05
84.05
84.05
84.05
84.05
84.05
84.05
84.05
84.05
84.05
84.05
84.05
84.05
84.05
84.05
84.05
84.05
84.05
84.05
84.05
84.05
84.05
84.05
84.05
84.05
84.05
84.05
84.05
84.05
84.05
84.05
84.05
84.05
84.05
84.05
84.05
84.05
84.05
84.05
84.05
84.05
84.05
84.05
84.05
84.05
84.05
84.05
84.05
84.05
84.05
84.05
84.05
84.05
84.05
84.05
84.05
84.05
84.05
84.05
84.05
84.05
84.05
84.05
84.05
84.05
84.05
84.05
84.05
84.05
84.05
84.05
84.05
84.05
84.05
84.05
84.05
84.05
84.05
84.05
84.05
84.05
84.05
84.05
84.05
84.05
84.05
84.05
84.05
84.05
84.05
84.05
84.05
84.05
84.05
84.05
84.05
84.05
84.05
84.05
84.05
84.05
84.05
84.05
84.05
84.05
84.05
84.05
84.05
84.05
84.05
84.05
84.05
84.05
84.05
84.05
84.05
84.05
84.05
84.05
84.05
84.05
84.05
84.05
84.05
84.05
84.05
84.05
84.05
84.05
84.05
84.05
84.05
84.05
84.05
84.05
84.05
84.05
84.05
84.05
84.05
84.05
84.05
84.05
84.05
84.05
84.05
84.05
84.05
84.05
84.05
84.05
84.05
84.05
84.05
84.05
84.05
84.05
84.05
84.05
84.05
84.05
84.05
84.05
84.05
84.05
84.05
84.05
84.05
84.05
84.05
93.66
94.89
95.50
94.89
94.68
95.50
95.71
95.09
94.89
94.89
94.89
94.27
94.27
94.07
94.07
93.66
93.25
93.87
93.25
93.25
93.25
93.46
93.87
93.87
93.87
93.25
93.87
93.46
93.66
94.07
93.05
93.05
93.46
93.46
93.05
93.46
93.46
93.46
93.46
93.25
93.05
93.46
93.87
93.25
93.66
94.27
94.68
94.89
95.30
95.30
94.68
95.09
94.68
94.68
94.68
94.89
95.09
95.09
95.09
95.30
95.50
95.91
95.30
95.30
95.30
95.30
95.30
95.30
95.09
95.09
95.30
94.68
94.68
94.27
94.27
94.07
93.87
93.87
94.68
94.07
94.68
95.30
95.50
94.27
94.07
93.66
94.07
93.87
92.23
93.05
92.43
92.02
92.23
92.84
92.02
92.02
92.23
92.23
92.23
92.23
92.23
92.23
92.23
92.23
92.23
92.23
92.23
92.23
92.23
92.23
92.23
92.23
92.23
92.23
92.23
92.23
92.23
92.23
92.23
92.23
92.23
92.23
92.23
92.23
92.23
92.23
92.23
92.23
92.23
92.23
92.23
92.23
92.23
92.23
92.23
92.23
92.23
92.23
92.23
92.23
92.23
92.23
92.23
92.23
92.23
92.23
92.23
92.23
92.23
92.23
92.23
92.23
92.23
92.23
92.23
92.23
92.23
92.23
92.23
92.23
92.23
92.23
92.23
92.23
92.23
92.23
92.23
92.23
92.23
92.23
92.23
92.23
92.23
92.23
92.23
92.23
92.23
92.23
92.23
92.23
92.23
92.23
92.23
92.23
92.23
92.23
92.23
92.23
92.23
92.23
92.23
92.23
92.23
92.23
92.23
92.23
92.23
92.23
92.23
92.23
92.23
92.23
92.23
92.23
92.23
92.23
92.23
92.23
92.23
92.23
92.23
92.23
92.23
92.23
92.23
92.23
92.23
92.23
92.23
92.23
92.23
92.23
92.23
92.23
92.23
92.23
92.23
92.23
92.23
92.23
92.23
92.23
92.23
92.23
92.23
92.23
92.23
92.23
92.23
92.23
92.23
92.23
92.23
92.23
92.23
92.23
92.23
92.23
92.23
92.23
92.23
92.23
92.23
92.23
92.23
92.23
92.23
92.23
92.23
92.23
92.23
92.23
92.23
92.23
92.23
92.23
92.23
92.23
92.23
92.23
92.23
92.23
92.23
92.23
92.23
92.23
92.23
92.23
92.23
92.23
92.23
92.23
92.23
92.23
92.23
92.23
92.23
92.23
92.23
92.23
92.23
92.23
92.23
92.23
92.23
92.23
92.23
92.23
92.23
92.23
92.23
92.23
92.23
92.23
92.23
92.23
92.23
92.23
92.23
92.23
92.23
92.23
92.23
92.23
92.23
92.23
92.23
92.23
92.23
92.23
92.23
92.23
92.23
92.23
92.23
92.23
92.23
92.23
92.23
92.23
92.23
92.23
92.23
92.23
92.23
92.23
92.23
92.23
92.23
92.23
92.23
92.23
92.23
92.23
92.23
92.23
92.23
92.23
92.23
92.23
92.23
92.23
92.23
92.23
92.23
92.23
92.23
92.23
92.23
92.23
92.23
92.23
92.23
92.23
92.23
92.23
92.23
92.23
92.23
92.23
92.23
92.23
92.23
92.23
92.23
92.23
92.23
92.23
92.23
92.23
92.23
92.23
92.23
92.23
92.23
92.23
92.23
92.23
92.23
92.23
92.23
92.23
92.23
92.23
92.23
92.23
92.23
92.23
92.23
92.23
92.23
92.23
92.64
93.46
93.05
93.05
94.27
94.27
93.66
93.66
93.05
93.66
94.07
93.05
92.64
93.87
93.87
93.87
93.66
93.66
93.87
94.27
94.27
94.27
93.87
94.68
94.07
93.87
94.27
93.87
94.07
92.84
92.02
92.02
91.62
90.59
90.80
91.41
92.02
92.02
91.00
92.02
90.80
90.80
90.80
91.41
90.59
90.59
90.59
90.59
91.00
91.62
91.21
91.00
91.00
91.00
91.21
92.43
92.64
92.64
92.23
93.46
94.48
94.48
92.64
93.66
92.64
92.64
93.46
94.07
93.87
94.07
94.89
94.68
95.09
95.30
94.89
94.89
94.68
94.07
94.27
94.07
93.87
93.87
94.68
94.68
93.87
93.87
93.87
94.68
94.89
94.68
95.09
94.07
95.09
94.68
94.89
94.89
72.39
75.26
74.23
70.76
70.76
69.94
70.55
70.76
72.39
71.37
69.94
69.94
70.96
72.60
74.85
72.80
73.42
75.46
73.62
72.39
70.35
71.98
71.57
71.37
69.73
68.10
67.69
68.10
67.89
67.89
68.10
67.89
69.73
69.33
71.17
70.96
70.76
70.76
70.96
70.96
70.55
70.96
71.17
72.19
71.98
73.21
71.98
71.98
71.98
73.82
74.64
74.23
75.66
76.89
74.23
71.57
71.17
70.14
73.21
73.01
72.80
73.82
72.60
69.33
69.53
69.53
69.33
69.53
68.51
67.69
67.48
67.69
67.69
69.12
69.12
68.10
68.30
68.30
68.51
68.30
67.89
68.10
69.53
70.76
72.60
74.64
73.82
72.19
74.03
73.21
73.21
73.01
74.85
73.62
74.03
74.03
73.42
74.64
74.85
74.85
74.85
74.85
74.85
74.85
74.85
74.85
74.85
74.85
74.85
74.85
74.85
74.85
74.85
74.85
74.85
74.85
74.85
74.85
74.85
74.85
74.85
74.85
74.85
74.85
74.85
74.85
74.85
74.85
74.85
74.85
74.85
74.85
74.85
74.85
74.85
74.85
74.85
74.85
74.85
74.85
74.85
74.85
74.85
74.85
74.85
74.85
74.85
74.85
74.85
74.85
74.85
74.85
74.85
74.85
74.85
74.85
74.85
74.85
74.85
74.85
74.85
74.85
74.85
74.85
74.85
74.85
74.85
74.85
74.85
74.85
74.85
74.85
74.85
74.85
74.85
74.85
74.85
74.85
74.85
74.85
74.85
74.85
74.85
74.85
74.85
74.85
74.85
74.85
74.85
74.85
74.85
74.85
74.85
74.85
74.85
74.85
74.85
74.85
74.85
80.16
80.16
79.14
78.94
79.55
79.55
79.14
80.16
79.35
81.80
83.23
83.03
82.82
82.00
81.19
81.19
82.41
80.37
81.39
80.98
80.98
80.37
80.78
80.37
82.41
82.41
82.41
82.00
82.00
82.41
82.41
82.41
82.41
82.21
82.41
82.62
82.21
81.39
79.75
78.73
78.94
79.14
78.73
78.53
78.53
78.94
78.53
79.14
79.14
79.14
79.14
81.39
80.37
80.16
79.35
80.16
80.16
79.75
79.75
78.73
78.12
78.73
78.73
78.32
78.32
79.35
79.75
78.73
78.73
78.53
79.35
79.35
79.35
79.35
79.96
79.96
79.14
78.73
78.32
77.71
77.91
77.91
77.51
77.51
77.91
77.51
77.51
77.71
77.51
77.51
79.35
79.75
80.16
79.75
79.96
79.96
79.14
78.73
78.94
80.57
80.57
80.57
80.57
80.57
80.57
80.57
80.57
80.57
80.57
80.57
80.57
80.57
80.57
80.57
80.57
80.57
80.57
80.57
80.57
80.57
80.57
80.57
80.57
80.57
80.57
80.57
80.57
80.57
80.57
80.57
80.57
80.57
80.57
80.57
80.57
80.57
80.57
80.57
80.57
80.57
80.57
80.57
80.57
80.57
80.57
80.57
80.57
80.57
80.57
80.57
80.57
80.57
80.57
80.57
80.57
80.57
80.57
80.57
80.57
80.57
80.57
80.57
80.57
80.57
80.57
80.57
80.57
80.57
80.57
80.57
80.57
80.57
80.57
80.57
80.57
80.57
80.57
80.57
80.57
80.57
80.57
80.57
80.57
80.57
80.57
80.57
80.57
80.57
80.57
80.57
80.57
80.57
80.57
80.57
80.57
80.57
80.57
80.57
80.57
80.57
80.57
80.57
80.57
80.57
80.57
80.57
80.57
80.57
80.57
80.57
80.57
80.57
80.57
80.57
80.57
80.57
80.57
80.57
80.57
80.57
80.57
80.57
80.57
80.57
80.57
80.57
80.57
80.57
80.57
80.57
80.57
80.57
80.57
80.57
80.57
80.57
80.57
80.57
80.57
80.57
80.57
80.57
80.57
80.57
80.57
80.57
80.57
80.57
80.57
80.57
80.57
80.57
80.57
80.57
80.57
80.57
80.57
80.57
80.57
80.57
80.57
80.57
80.57
80.57
80.57
80.57
80.57
80.57
80.57
80.57
80.57
80.57
80.57
80.57
80.57
80.57
80.57
80.57
80.57
80.57
80.57
80.57
80.57
80.57
80.57
80.57
80.57
80.57
80.57
80.57
80.57
80.57
80.57
80.57
80.57
80.57
80.57
80.57
80.57
80.57
81.39
84.25
87.12
84.87
83.64
83.23
80.57
79.55
81.60
82.41
83.84
85.48
87.53
87.53
88.55
88.55
88.34
89.16
88.14
88.96
89.16
89.57
90.18
90.80
90.80
90.80
89.98
91.00
91.00
90.59
88.96
88.75
88.34
85.89
85.07
87.73
88.14
88.96
88.14
88.75
88.96
89.78
91.00
91.21
89.78
90.59
90.18
88.55
89.57
87.53
89.98
89.37
90.80
91.62
91.00
90.80
90.80
90.80
90.80
90.80
90.39
91.00
91.00
90.80
91.41
91.21
92.23
93.25
93.25
93.25
93.05
93.46
93.66
93.66
93.46
93.46
93.66
93.46
92.84
91.82
90.80
90.80
90.59
89.98
90.18
92.23
92.23
91.41
91.21
91.41
92.64
90.80
90.80
90.80
91.00
89.37
89.78
89.78
88.96
89.16
89.16
89.16
89.16
89.16
89.16
89.16
89.16
89.16
89.16
89.16
89.16
89.16
89.16
89.16
89.16
89.16
89.16
89.16
89.16
89.16
89.16
89.16
89.16
89.16
89.16
89.16
89.16
89.16
89.16
89.16
89.16
89.16
89.16
89.16
89.16
89.16
89.16
89.16
89.16
89.16
89.16
89.16
89.16
89.16
89.16
89.16
89.16
89.16
89.16
89.16
89.16
89.16
89.16
89.16
89.16
89.16
89.16
89.16
89.16
89.16
89.16
89.16
89.16
89.16
89.16
89.16
89.16
89.16
89.16
89.16
89.16
89.16
89.16
89.16
89.16
89.16
89.16
89.16
89.16
89.16
89.16
89.16
89.16
89.16
89.16
89.16
89.16
89.16
89.16
89.16
89.16
89.16
89.16
89.16
89.16
89.16
89.16
89.16
89.16
89.16
89.16
89.16
89.16
89.16
89.16
89.16
89.16
89.16
89.16
89.16
89.16
89.16
89.16
89.16
89.16
89.16
89.16
89.16
89.16
89.16
89.16
89.16
89.16
89.16
89.16
89.16
89.16
89.16
89.16
89.16
89.16
89.16
89.16
89.16
89.16
89.16
89.16
89.16
89.16
89.16
89.16
89.16
89.16
89.16
89.16
89.16
89.16
89.16
89.16
89.16
89.16
89.16
89.16
89.16
89.16
89.16
89.16
89.16
89.16
89.16
89.16
89.16
89.16
89.16
89.16
89.16
89.16
89.16
89.16
89.16
89.16
89.16
89.16
89.16
89.16
89.16
89.16
89.16
89.16
89.16
89.16
89.16
89.16
89.16
89.16
89.16
89.16
89.16
89.16
89.16
89.16
89.16
89.16
89.16
89.16
89.16
89.16
89.16
89.16
89.16
89.16
89.16
89.16
89.16
89.16
89.16
89.16
89.16
89.16
89.16
89.16
89.16
89.16
89.16
89.16
89.16
89.16
89.16
89.16
89.16
89.16
89.16
89.16
89.16
89.16
89.16
89.16
89.16
89.16
89.16
89.16
89.16
89.16
89.16
89.16
89.16
89.16
89.16
89.16
89.16
89.16
89.16
89.16
89.16
89.16
89.16
89.16
89.16
89.16
89.16
89.16
89.16
89.16
89.16
89.16
89.16
89.16
89.16
89.16
89.16
89.16
89.16
89.16
89.16
89.16
89.16
89.16
89.16
89.16
89.16
89.16
89.16
89.16
89.16
89.16
89.16
89.16
89.16
89.16
89.16
89.16
89.16
89.16
89.16
89.16
89.16
89.16
89.16
89.16
89.16
89.16
89.16
89.16
89.16
89.16
89.16
89.16
89.16
89.16
89.16
89.16
89.16
89.16
89.16
89.16
89.16
89.16
89.16
89.16
89.16
89.16
89.16
89.16
89.16
89.16
89.16
89.16
89.16
89.16
89.16
89.16
89.16
89.16
89.16
89.16
89.16
89.16
89.16
89.16
89.16
89.16
93.05
93.25
93.46
94.68
94.89
95.30
95.30
95.71
95.09
95.50
95.50
95.71
95.50
95.30
95.50
95.50
95.50
95.71
95.71
95.71
95.50
95.71
95.50
95.50
95.50
95.50
95.50
95.50
94.48
94.07
94.07
94.07
94.27
94.68
94.68
94.89
95.09
95.30
94.48
94.89
95.09
95.30
95.09
94.89
94.68
94.68
94.68
94.48
94.48
94.48
94.48
94.27
93.87
93.66
93.87
93.46
92.84
92.84
92.64
92.84
93.05
93.66
94.07
93.46
92.02
92.43
92.02
92.43
93.05
93.05
93.05
93.05
78.12
77.10
73.82
73.62
74.44
74.85
75.46
74.23
73.82
72.19
72.19
71.37
70.35
71.98
70.76
70.96
69.12
69.73
69.94
69.94
70.96
69.94
71.57
70.76
72.80
70.55
72.80
71.17
71.37
70.14
70.55
71.98
73.01
72.60
72.60
72.60
71.17
71.78
72.60
72.60
73.01
72.60
74.44
75.66
75.66
75.87
78.12
78.53
80.98
80.16
81.39
81.19
81.60
82.00
82.00
81.19
81.19
78.32
78.32
76.48
76.69
75.26
75.46
75.46
74.85
74.44
75.05
75.46
77.10
79.14
80.78
79.96
78.73
77.51
79.35
79.55
80.37
80.98
82.00
81.39
80.98
82.21
82.82
82.62
83.23
84.87
84.05
84.87
84.46
86.30
87.12
86.71
86.71
86.30
85.28
85.28
84.66
61.96
61.96
61.96
61.96
61.96
61.96
61.55
62.58
62.17
62.37
61.96
63.19
63.39
63.39
63.39
63.39
63.39
63.19
63.19
63.19
63.19
63.39
63.39
62.58
62.99
63.19
64.01
64.01
64.62
65.24
65.24
65.24
64.42
65.24
65.03
64.62
64.62
64.62
64.62
63.19
63.19
63.19
61.76
62.99
63.19
63.19
63.19
63.19
62.99
63.19
63.19
63.19
63.19
63.60
63.60
63.60
63.19
63.19
62.99
61.76
61.76
61.76
61.96
61.35
61.35
61.15
61.15
61.55
61.76
61.76
61.76
61.96
62.99
63.19
63.19
64.21
64.42
64.21
64.21
64.21
64.42
64.62
65.03
65.24
65.24
65.24
65.85
65.64
66.26
66.26
65.03
65.03
65.03
66.26
66.05
66.05
66.05
65.85
65.64
63.80
94.27
94.27
94.27
94.27
94.48
94.48
94.48
94.48
94.48
94.48
94.48
94.48
94.48
94.48
94.68
94.27
94.27
93.25
93.25
93.25
93.25
93.25
93.25
93.25
93.25
93.46
93.46
93.46
94.27
94.27
93.87
93.87
93.05
93.87
94.27
94.27
94.27
94.27
94.27
94.48
94.68
94.48
94.48
94.27
93.87
93.66
93.87
93.87
93.46
93.87
93.87
93.87
93.87
93.87
93.87
93.87
94.07
94.07
94.07
94.07
93.87
93.25
93.25
93.25
92.84
92.84
91.41
91.82
91.62
91.62
92.23
91.82
91.41
92.23
92.23
92.23
92.23
92.23
93.25
93.46
93.46
93.25
93.25
93.46
93.46
93.46
93.46
93.46
93.46
93.46
93.46
93.46
93.46
93.25
93.25
93.46
93.25
93.25
93.46
93.46
93.46
93.46
93.46
93.46
93.46
93.46
93.46
93.46
93.46
93.46
93.46
93.46
93.46
93.46
93.46
93.46
93.46
93.46
93.46
93.46
93.46
93.46
93.46
93.46
93.46
93.46
93.46
93.46
93.46
93.46
93.46
93.46
93.46
93.46
93.46
93.46
93.46
93.46
93.46
93.46
93.46
93.46
93.46
93.46
93.46
93.46
93.46
93.46
93.46
93.46
93.46
93.46
93.46
93.46
93.46
93.46
93.46
93.46
93.46
93.46
93.46
93.46
93.46
93.46
93.46
93.46
93.46
93.46
93.46
93.46
93.46
93.46
93.46
93.46
93.46
93.46
93.46
93.46
93.46
93.46
93.46
93.46
93.46
93.46
93.46
93.46
93.46
93.46
93.46
93.46
93.46
93.46
93.46
93.46
93.46
93.46
93.46
93.46
93.46
93.46
93.46
93.46
93.46
93.46
93.46
93.46
93.46
93.46
93.46
93.46
93.46
93.46
93.46
93.46
93.46
93.46
93.46
93.46
93.46
93.46
93.46
93.46
93.46
93.46
93.46
93.46
93.46
93.46
93.46
93.46
93.46
93.46
93.46
93.46
93.46
93.46
93.46
93.46
93.46
93.46
93.46
93.46
93.46
93.46
93.46
93.46
93.46
93.46
93.46
93.46
93.46
93.46
93.46
93.46
93.46
93.46
93.46
93.46
93.46
93.46
93.46
93.46
93.46
93.46
93.46
93.46
93.46
93.46
93.46
93.46
93.46
93.46
93.46
93.46
93.46
93.46
93.46
93.46
93.46
93.46
93.46
93.46
93.46
93.46
93.46
93.46
93.46
93.46
93.46
93.46
93.46
93.46
93.46
93.46
93.46
93.46
93.46
93.46
93.46
93.46
93.46
93.46
93.46
93.46
93.46
93.46
93.46
93.46
93.46
93.46
93.46
93.46
93.46
93.46
93.46
93.46
93.46
93.46
93.46
93.46
93.46
93.46
93.46
93.46
93.46
93.46
93.46
93.46
93.46
93.46
93.46
93.46
93.46
93.46
93.46
93.46
93.46
93.46
93.46
93.46
93.46
93.46
93.46
93.46
93.46
93.46
93.46
93.46
93.46
93.46
93.46
93.46
93.46
93.46
93.46
93.46
93.46
93.46
93.46
93.46
93.46
93.46
93.46
93.46
93.46
93.46
93.46
93.46
93.46
93.46
93.46
93.46
93.46
93.46
93.46
93.46
93.46
93.46
93.46
93.46
93.46
93.46
93.46
93.46
93.46
93.46
93.46
93.46
93.46
93.46
93.46
93.46
93.46
93.46
93.46
93.46
93.46
93.46
93.46
93.46
93.46
93.46
93.46
93.46
93.46
93.46
93.46
93.46
93.46
93.46
93.46
93.46
93.46
93.46
93.46
93.46
93.46
93.46
93.46
93.46
93.46
93.46
93.46
93.46
93.46
93.46
93.46
93.46
93.46
93.46
93.46
93.46
93.46
93.46
93.46
93.46
93.46
93.46
93.46
93.46
93.46
93.46
93.46
93.46
93.46
93.46
93.46
93.46
93.46
93.46
93.46
93.46
93.46
93.46
93.46
93.46
93.46
93.46
93.46
93.46
93.46
93.46
93.46
93.46
93.46
93.46
93.46
93.46
93.46
93.46
93.46
93.46
93.46
93.46
93.46
93.46
93.46
93.46
93.46
93.46
93.46
93.46
93.46
93.46
93.46
93.46
93.46
93.46
93.46
93.46
93.46
93.46
93.46
93.46
93.46
93.46
93.46
93.46
93.46
93.46
93.46
93.46
93.46
93.46
93.46
93.46
93.46
93.46
93.46
93.46
93.46
93.46
93.46
93.46
93.46
93.46
93.46
93.46
93.46
93.46
93.46
93.46
93.46
93.46
93.46
93.46
93.46
93.46
93.46
93.46
93.46
93.46
93.46
93.46
93.46
93.46
93.46
93.46
93.46
93.46
93.46
93.46
93.46
93.46
93.46
93.46
93.46
93.46
93.46
93.46
93.46
93.46
93.46
93.46
93.46
93.46
93.46
93.46
93.46
93.46
93.46
93.46
93.46
93.46
93.46
93.46
93.46
93.46
93.46
93.46
93.46
93.46
93.46
93.46
93.46
93.46
93.46
93.46
93.46
93.46
93.46
93.46
93.46
93.46
93.46
93.46
93.46
93.46
93.46
93.46
93.46
93.46
93.46
93.46
93.46
93.46
93.46
93.46
93.46
93.46
93.46
93.46
93.46
93.46
93.46
93.46
93.46
93.46
93.46
93.46
93.46
93.46
93.46
93.46
93.46
93.46
93.46
93.46
93.46
93.46
93.46
93.46
93.46
93.46
93.46
93.46
93.46
93.46
93.46
93.46
93.46
93.46
93.46
93.46
93.46
93.46
93.46
93.46
93.46
93.46
93.46
93.46
93.46
93.46
93.46
93.46
93.46
93.46
93.46
93.46
93.46
93.46
93.46
93.46
93.46
93.46
93.46
93.46
93.46
93.46
93.46
93.46
93.46
93.46
93.46
93.46
93.46
93.46
93.46
93.46
93.46
93.46
93.46
93.46
93.46
93.46
93.46
93.46
93.46
93.46
93.46
93.46
93.46
93.46
93.46
93.46
93.46
93.46
93.46
93.46
93.46
93.46
93.46
93.46
93.46
93.46
93.46
93.46
93.46
93.46
93.46
93.46
93.46
93.46
93.46
93.46
93.46
93.46
93.46
93.46
93.46
93.46
93.46
93.46
93.46
93.46
93.46
93.46
93.46
93.46
93.46
93.46
93.46
93.46
93.46
93.46
93.46
93.46
93.46
93.46
93.46
93.46
93.46
93.46
93.46
93.46
93.46
93.46
93.46
93.46
93.46
93.46
93.46
93.46
93.46
93.46
93.46
93.46
93.46
93.46
93.46
93.46
93.46
93.46
93.46
93.46
93.46
93.46
93.46
93.46
93.46
93.46
93.46
93.46
93.46
93.46
93.46
93.46
93.46
93.46
93.46
93.46
93.46
93.46
93.46
93.46
93.46
93.46
93.46
93.46
93.46
93.46
93.46
93.46
93.46
93.46
93.46
93.46
93.46
93.46
93.46
93.46
93.46
93.46
93.46
93.46
93.46
93.46
93.46
93.46
93.46
93.46
93.46
93.46
93.46
93.46
93.46
93.46
93.46
93.46
93.46
93.46
93.46
93.46
93.46
93.46
93.46
93.46
93.46
93.46
93.46
93.46
93.46
93.46
93.46
93.46
93.46
93.46
93.46
93.46
93.46
93.46
93.46
93.46
93.46
93.46
93.46
93.46
93.46
93.46
93.46
93.46
93.46
93.46
93.46
93.46
93.46
93.46
93.46
93.46
93.46
93.46
93.46
93.46
93.46
93.46
93.46
93.46
93.46
93.46
93.46
93.46
93.46
93.46
93.46
93.46
93.46
93.46
93.46
93.46
93.46
93.46
93.46
93.46
93.46
93.46
93.46
93.46
93.46
93.46
93.46
93.46
93.46
93.46
93.46
93.46
93.46
93.46
93.46
93.46
93.46
93.46
93.46
93.46
93.46
93.46
93.46
93.46
93.46
93.46
93.46
93.46
93.46
93.46
93.46
93.46
93.46
93.46
93.46
93.46
93.46
93.46
93.46
93.46
93.46
93.46
93.46
93.46
93.46
93.46
93.46
93.46
93.46
93.46
93.46
93.46
93.46
93.46
93.46
93.46
93.46
93.46
93.46
93.46
93.46
93.46
93.46
93.46
93.46
93.46
93.46
93.46
93.46
93.46
93.46
93.46
93.46
93.46
93.46
93.46
93.46
93.46
93.46
93.46
93.46
93.46
93.46
93.46
93.46
93.46
93.46
93.46
93.46
93.46
93.46
93.46
93.46
93.46
93.46
93.46
93.46
93.46
93.46
93.46
93.46
93.46
93.46
93.46
93.46
93.46
93.46
93.46
93.46
93.46
93.46
93.46
93.46
93.46
93.46
93.46
93.46
93.46
93.46
93.46
93.46
93.46
93.46
93.46
93.46
93.46
93.46
93.46
93.46
93.46
93.46
93.46
93.46
93.46
93.46
93.46
93.46
93.46
93.46
93.46
93.46
93.46
93.46
93.46
93.46
93.46
93.46
93.46
93.46
93.46
93.46
93.46
93.46
93.46
93.46
93.46
93.46
93.46
93.46
93.46
93.46
93.46
93.46
93.46
93.46
93.46
93.46
93.46
93.46
93.46
93.46
93.46
93.46
93.46
93.46
93.46
93.46
93.46
93.46
93.46
93.46
93.46
93.46
93.46
93.46
93.46
93.46
93.46
93.46
93.46
93.46
93.46
93.46
93.46
93.46
93.46
93.46
93.46
93.46
93.46
93.46
93.46
93.46
93.46
93.46
93.46
93.46
93.46
93.46
93.46
93.46
93.46
93.46
93.46
93.46
93.46
93.46
93.46
93.46
93.46
93.46
93.46
93.46
93.46
93.46
93.46
93.46
93.46
93.46
93.46
93.46
93.46
93.46
93.46
93.46
93.46
93.46
93.46
93.46
93.46
93.46
93.46
93.46
93.46
93.46
93.46
93.46
93.46
93.46
93.46
93.46
93.46
93.46
93.46
93.46
93.46
93.46
93.46
93.46
93.46
93.46
93.46
93.46
93.46
93.46
93.46
93.46
93.46
93.46
93.46
93.46
93.46
93.46
93.46
93.46
93.46
93.46
93.46
93.46
93.46
93.46
93.46
93.46
93.46
93.46
93.46
93.46
93.46
93.46
93.46
93.46
93.46
93.46
93.46
93.46
93.46
93.46
93.46
93.46
93.46
93.46
93.46
93.46
93.46
93.46
93.46
93.46
93.46
93.46
93.46
93.46
93.46
93.46
93.46
93.46
93.46
93.46
93.46
93.46
93.46
93.46
93.46
93.46
93.46
93.46
93.46
93.46
93.46
93.46
93.46
93.46
93.46
93.46
93.46
93.46
93.46
93.46
93.46
93.46
93.46
93.46
93.46
93.46
93.46
93.46
93.46
93.46
93.46
93.46
93.46
93.46
93.46
93.46
93.46
93.46
93.46
93.46
93.46
93.46
93.46
93.46
93.46
93.46
93.46
93.46
93.46
93.46
93.46
93.46
93.46
93.46
93.46
93.46
93.46
93.46
93.46
93.46
93.46
93.46
93.46
93.46
93.46
93.46
93.46
93.46
93.46
93.46
93.46
93.46
93.46
93.46
93.46
93.46
93.46
93.46
93.46
93.46
93.46
93.46
93.46
93.46
93.46
93.46
93.46
93.46
93.46
93.46
93.46
93.46
93.46
93.46
93.46
93.46
93.46
93.46
93.46
93.46
93.46
93.46
93.46
93.46
93.46
93.46
93.46
93.46
93.46
93.46
93.46
93.46
93.46
93.46
93.46
93.46
93.46
93.46
93.46
93.46
93.46
93.46
93.46
93.46
93.46
93.46
93.46
93.46
93.46
93.46
93.46
93.46
93.46
93.46
93.46
93.46
93.46
93.46
93.46
93.46
93.46
93.46
93.46
93.46
93.46
93.46
93.46
93.46
93.46
93.46
93.46
93.46
93.46
93.46
93.46
93.46
93.46
93.46
93.46
93.46
93.46
93.46
93.46
93.46
93.46
93.46
93.46
93.46
93.46
93.46
93.46
93.46
93.46
93.46
93.46
93.46
93.46
93.46
93.46
93.46
93.46
93.46
93.46
93.46
93.46
93.46
93.46
93.46
93.46
93.46
93.46
93.46
93.46
93.46
93.46
93.46
93.46
93.46
93.46
93.46
93.46
93.46
93.46
93.46
93.46
93.46
93.46
93.46
93.46
93.46
93.46
93.46
93.46
93.46
93.46
93.46
93.46
93.46
93.46
93.46
93.46
93.46
93.46
93.46
93.46
93.46
93.46
93.46
93.46
93.46
93.46
93.46
93.46
93.46
93.46
93.46
93.46
93.46
93.46
93.46
93.46
93.46
93.46
93.46
93.46
93.46
93.46
93.46
93.46
93.46
93.46
93.46
93.46
93.46
93.46
93.46
93.46
93.46
93.46
93.46
93.46
93.46
93.46
93.46
93.46
93.46
93.46
93.46
93.46
93.46
93.46
93.46
93.46
93.46
93.46
93.46
93.46
93.46
93.46
93.46
93.46
93.46
93.46
93.46
93.46
93.46
93.46
93.46
93.46
93.46
93.46
93.46
93.46
93.46
93.46
93.46
93.46
93.46
93.46
93.46
93.46
93.46
93.46
93.46
93.46
93.46
93.46
93.46
93.46
93.46
93.46
93.46
93.46
93.46
93.46
93.46
93.46
93.46
93.46
93.46
93.46
93.46
93.46
93.46
93.46
93.46
93.46
93.46
93.46
93.46
93.46
93.46
93.46
93.46
93.46
93.46
93.46
93.46
93.46
93.46
93.46
93.46
93.46
93.46
93.46
93.46
93.46
93.46
93.46
93.46
93.46
93.46
93.46
93.46
93.46
93.46
93.46
93.46
93.46
93.46
93.46
93.46
93.46
93.46
93.46
93.46
93.46
93.46
93.46
93.46
93.46
93.46
93.46
93.46
93.46
93.46
93.46
93.46
93.46
93.46
93.46
93.46
93.46
93.46
93.46
93.46
93.46
93.46
93.46
93.46
93.46
93.46
93.46
93.46
93.46
93.46
93.46
93.46
93.46
93.46
93.46
93.46
93.46
93.46
93.46
93.46
93.46
93.46
93.46
93.46
93.46
93.46
93.46
93.46
93.46
93.46
93.46
93.46
93.46
93.46
93.46
93.46
93.46
93.46
93.46
93.46
93.46
93.46
93.46
93.46
93.46
93.46
93.46
93.46
93.46
93.46
93.46
93.46
93.46
93.46
93.46
93.46
93.46
93.46
93.46
93.46
93.46
93.46
93.46
93.46
93.46
93.46
93.46
93.46
93.46
93.46
93.46
93.46
93.46
93.46
93.46
93.46
93.46
93.46
93.46
93.46
93.46
93.46
93.46
93.46
93.46
93.46
93.46
93.46
93.46
93.46
93.46
93.46
93.46
93.46
93.46
93.46
93.46
93.46
93.46
93.46
93.46
93.46
93.46
93.46
93.46
93.46
93.46
93.46
93.46
93.46
93.46
93.46
93.46
93.46
93.46
93.46
93.46
93.46
93.46
93.46
93.46
93.46
93.46
93.46
93.46
93.46
93.46
93.46
93.46
93.46
93.46
93.46
93.46
93.46
93.46
93.46
93.46
93.46
93.46
93.46
93.46
93.46
93.46
93.46
93.46
93.46
93.46
93.46
93.46
93.46
93.46
93.46
93.46
93.46
93.46
93.46
93.46
93.46
93.46
93.46
93.46
93.46
93.46
93.46
93.46
93.46
93.46
93.46
93.46
93.46
93.46
93.46
93.46
93.46
93.46
93.46
93.46
93.46
93.46
93.46
93.46
93.46
93.46
93.46
93.46
93.46
93.46
93.46
93.46
93.46
93.46
93.46
93.46
93.46
93.46
93.46
93.46
93.46
93.46
93.46
93.46
93.46
93.46
93.46
93.46
93.46
93.46
93.46
93.46
93.46
93.46
93.46
93.46
93.46
93.46
93.46
93.46
93.46
93.46
93.46
93.46
93.46
93.46
93.46
93.46
93.46
93.46
93.46
93.46
93.46
93.46
93.46
93.46
93.46
93.46
93.46
93.46
93.46
93.46
93.46
93.46
93.46
93.46
93.46
93.46
93.46
93.46
93.46
93.46
93.46
93.46
93.46
93.46
93.46
93.46
93.46
93.46
93.46
93.46
93.46
93.46
93.46
93.46
93.46
93.46
93.46
93.46
93.46
93.46
93.46
93.46
93.46
93.46
93.46
93.46
93.46
93.46
93.46
93.46
93.46
93.46
93.46
93.46
93.46
93.46
93.46
93.46
93.46
93.46
93.46
93.46
93.46
93.46
93.46
93.46
93.46
93.46
93.46
93.46
93.46
93.46
93.46
93.46
93.46
93.46
93.46
93.46
93.46
93.46
93.46
93.46
93.46
93.46
93.46
93.46
93.46
93.46
93.46
93.46
93.46
93.46
93.46
93.46
93.46
93.46
93.46
93.46
93.46
93.46
93.46
93.46
93.46
93.46
93.46
93.46
93.46
93.46
93.46
93.46
93.46
93.46
93.46
93.46
93.46
93.46
93.46
93.46
93.46
93.46
93.46
93.46
93.46
93.46
93.46
93.46
93.46
93.46
93.46
93.46
93.46
93.46
93.46
93.46
93.46
93.46
93.46
93.46
93.46
93.46
93.46
93.46
93.46
93.46
93.46
93.46
93.46
93.46
93.46
93.46
93.46
93.46
93.46
93.46
93.46
93.46
93.46
93.46
93.46
93.46
93.46
93.46
93.46
93.46
93.46
93.46
93.46
93.46
93.46
93.46
93.46
93.46
93.46
93.46
93.46
93.46
93.46
93.46
93.46
93.46
93.46
93.46
93.46
93.46
93.46
93.46
93.46
93.46
93.46
93.46
93.46
93.46
93.46
93.46
93.46
93.46
93.46
93.46
93.46
93.46
93.46
93.46
93.46
93.46
93.46
93.46
93.46
93.46
93.46
93.46
93.46
93.46
93.46
93.46
93.46
93.46
93.46
93.46
93.46
93.46
93.46
93.46
93.46
93.46
93.46
93.46
93.46
93.46
93.46
93.46
93.46
93.46
93.46
93.46
93.46
93.46
93.46
93.46
93.46
93.46
93.46
93.46
93.46
93.46
93.46
93.46
93.46
93.46
93.46
93.46
93.46
93.46
93.46
93.46
93.46
93.46
93.46
93.46
93.46
93.46
93.46
93.46
93.46
93.46
93.46
93.46
93.46
93.46
93.46
93.46
93.46
93.46
93.46
93.46
93.46
93.46
93.46
93.46
93.46
93.46
93.46
93.46
93.46
93.46
93.46
93.46
93.46
93.46
93.46
93.46
93.46
93.46
93.46
93.46
93.46
93.46
93.46
93.46
93.46
93.46
93.46
93.46
93.46
93.46
93.46
93.46
93.46
93.46
93.46
93.46
93.46
93.46
93.46
93.46
93.46
93.46
93.46
93.46
93.46
93.46
93.46
93.46
93.46
93.46
93.46
93.46
93.46
93.46
93.46
93.46
93.46
93.46
93.46
93.46
93.46
93.46
93.46
93.46
93.46
93.46
93.46
93.46
93.46
93.46
93.46
93.46
93.46
93.46
93.46
93.46
93.46
93.46
93.46
93.46
93.46
93.46
93.46
93.46
93.46
93.46
93.46
93.46
93.46
93.46
93.46
93.46
93.46
93.46
93.46
93.46
93.46
93.46
93.46
93.46
93.46
93.46
93.46
93.46
93.46
93.46
93.46
93.46
93.46
93.46
93.46
93.46
93.46
93.46
93.46
93.46
93.46
93.46
93.46
93.46
93.46
93.46
93.46
93.46
93.46
93.46
93.46
93.46
93.46
93.46
93.46
93.46
93.46
93.46
93.46
93.46
93.46
93.46
93.46
93.46
93.46
93.46
93.46
93.46
93.46
93.46
93.46
93.46
93.46
93.46
93.46
93.46
93.46
93.46
93.46
93.46
93.46
93.46
93.46
93.46
93.46
93.46
93.46
93.46
93.46
93.46
93.46
93.46
93.46
93.46
93.46
93.46
93.46
93.46
93.46
93.46
93.46
93.46
93.46
93.46
93.46
93.46
93.46
93.46
93.46
93.46
93.46
93.46
93.46
93.46
93.46
93.46
93.46
93.46
93.46
93.46
93.46
93.46
93.46
93.46
93.46
93.46
93.46
93.46
93.46
93.46
93.46
93.46
93.46
93.46
93.46
93.46
93.46
93.46
93.46
93.46
93.46
93.46
93.46
93.46
93.46
93.46
93.46
93.46
93.46
93.46
93.46
93.46
93.46
93.46
93.46
93.46
93.46
93.46
93.46
93.46
93.46
93.46
93.46
93.46
93.46
93.46
93.46
93.46
93.46
93.46
93.46
93.46
93.46
93.46
93.46
93.46
93.46
93.46
93.46
93.46
93.46
93.46
93.46
93.46
93.46
93.46
93.46
93.46
93.46
93.46
93.46
93.46
93.46
93.46
93.46
93.46
93.46
93.46
93.46
93.46
93.46
93.46
93.46
93.46
93.46
93.46
93.46
93.46
93.46
93.46
93.46
93.46
93.46
93.46
93.46
93.46
93.46
93.46
93.46
93.46
93.46
93.46
93.46
93.46
93.46
93.46
93.46
93.46
93.46
93.46
93.46
93.46
93.46
93.46
93.46
93.46
93.46
93.46
93.46
93.46
93.46
93.46
93.46
