0.00
39.67
39.67
39.67
39.67
39.67
39.67
39.67
39.67
39.67
39.67
39.67
39.67
39.67
39.67
39.67
39.67
39.67
39.67
39.67
39.67
39.67
39.67
39.67
39.67
39.67
39.67
39.67
39.67
39.67
39.67
39.67
39.67
39.67
39.67
39.67
39.67
39.67
39.67
39.67
39.67
39.67
39.67
39.67
39.67
39.67
39.67
39.67
39.67
39.67
39.67
39.67
39.67
39.67
39.67
39.67
39.67
39.67
39.67
39.67
39.67
39.67
39.67
39.67
39.67
39.67
39.67
39.67
39.67
39.67
39.67
39.67
39.67
39.67
39.67
39.67
39.67
39.67
39.67
39.67
39.67
39.67
39.67
39.67
39.67
39.67
39.67
39.67
39.67
39.67
39.67
39.67
39.67
39.67
39.67
39.67
39.67
39.67
39.67
39.67
39.67
58.49
59.51
59.92
48.06
46.22
45.19
45.60
46.42
46.83
59.10
59.30
67.69
73.82
77.30
89.78
90.39
90.18
91.00
90.80
89.57
90.59
90.39
90.59
90.80
89.98
89.78
88.75
88.55
88.14
88.14
87.73
88.14
88.14
87.32
88.34
87.93
88.14
88.14
89.16
89.78
91.00
91.21
90.80
88.96
90.39
90.80
90.39
90.80
89.98
89.98
90.18
90.39
90.39
89.98
90.18
89.37
90.39
90.39
89.37
90.59
89.78
89.78
82.82
76.07
85.07
79.14
76.28
83.64
83.03
87.53
88.96
86.09
87.53
86.50
89.98
88.34
89.98
90.18
89.37
90.18
90.18
90.59
89.78
89.78
89.37
89.78
89.16
89.37
86.91
85.48
84.05
84.05
87.12
87.93
90.18
91.41
91.21
90.80
91.82
91.82
91.82
91.82
91.82
91.82
91.82
91.82
91.82
91.82
91.82
91.82
91.82
91.82
70.55
73.82
74.03
77.30
75.66
75.05
71.37
70.55
74.03
75.05
75.26
77.71
76.28
74.44
76.28
76.28
77.51
77.71
76.48
76.48
75.05
75.05
75.26
72.60
76.07
78.32
78.53
78.32
78.73
77.91
77.51
78.12
78.53
78.73
78.73
78.94
78.53
77.51
76.69
77.71
78.12
76.69
75.46
73.21
74.44
76.48
75.05
74.85
76.48
77.10
77.51
75.05
75.26
76.28
75.46
75.46
75.26
74.64
73.82
73.82
73.82
74.44
74.23
70.96
69.94
69.53
73.21
73.62
73.42
74.85
74.85
73.82
74.64
72.60
73.01
73.01
71.78
71.57
70.96
70.76
70.76
69.94
67.28
69.33
66.67
66.87
67.28
67.28
88.34
88.55
88.96
88.96
88.96
89.16
88.96
86.71
87.32
88.34
87.73
87.53
88.75
88.75
88.96
88.96
88.75
87.53
86.71
88.14
86.91
86.71
86.71
87.32
87.12
87.12
88.34
89.37
89.57
89.16
89.16
89.16
89.16
89.16
89.57
89.57
89.16
89.16
90.39
89.57
89.57
89.78
90.80
90.59
89.37
88.96
89.16
88.55
88.34
88.55
86.91
85.48
85.07
84.87
84.46
83.84
83.84
82.62
82.00
82.41
82.41
82.82
84.25
84.87
85.89
84.87
85.89
85.07
85.07
86.71
86.71
86.71
86.50
87.32
87.73
87.12
86.71
86.71
86.91
87.12
87.12
88.34
88.34
88.55
87.93
86.09
86.09
85.89
85.89
85.07
84.46
85.48
86.30
85.69
86.30
85.89
85.89
84.66
84.46
84.25
84.25
84.25
84.25
84.25
84.25
84.25
84.25
84.25
84.25
84.25
84.25
84.25
84.25
84.25
84.25
84.25
84.25
84.25
84.25
84.25
84.25
84.25
84.25
84.25
84.25
84.25
84.25
84.25
84.25
84.25
84.25
84.25
84.25
84.25
84.25
84.25
84.25
84.25
84.25
84.25
84.25
84.25
84.25
84.25
84.25
84.25
84.25
84.25
84.25
84.25
84.25
84.25
84.25
84.25
84.25
84.25
84.25
84.25
84.25
84.25
84.25
84.25
84.25
84.25
84.25
84.25
84.25
84.25
84.25
84.25
84.25
84.25
84.25
84.25
84.25
84.25
84.25
84.25
84.25
84.25
84.25
84.25
84.25
84.25
84.25
84.25
84.25
84.25
84.25
84.25
84.25
84.25
84.25
84.25
84.25
84.25
84.25
84.25
84.25
84.25
84.25
84.25
84.25
84.25
84.25
84.25
84.25
84.25
84.25
84.25
84.25
84.25
84.25
84.25
84.25
84.25
84.25
84.25
84.25
84.25
84.25
84.25
84.25
84.25
84.25
84.25
84.25
84.25
84.25
84.25
84.25
84.25
84.25
84.25
84.25
84.25
84.25
84.25
84.25
84.25
84.25
84.25
84.25
84.25
84.25
84.25
84.25
84.25
84.25
84.25
84.25
84.25
84.25
84.25
84.25
84.25
84.25
84.25
84.25
84.25
84.25
84.25
84.25
84.25
84.25
84.25
84.25
84.25
84.25
84.25
84.25
84.25
84.25
84.25
84.25
84.25
84.25
84.25
84.25
84.25
84.25
84.25
84.25
84.25
84.25
84.25
84.25
84.25
84.25
84.25
84.25
84.25
84.25
83.44
81.80
82.00
80.37
82.62
80.78
82.82
93.66
93.66
93.87
93.66
93.87
93.87
93.66
93.87
92.84
92.43
92.23
92.23
92.43
92.43
92.64
92.43
92.23
92.23
92.23
92.23
92.23
92.23
92.02
92.23
92.64
93.05
93.05
93.25
93.66
93.05
92.64
91.82
91.62
92.43
92.64
93.05
93.25
93.66
93.25
92.84
92.64
92.64
92.64
92.64
92.84
92.84
92.84
90.80
90.80
90.80
91.00
90.59
91.21
91.00
89.78
90.39
90.39
90.59
89.78
89.98
89.57
90.18
89.98
89.98
90.18
90.18
90.18
90.59
91.62
91.82
92.23
91.41
90.39
89.78
90.18
89.98
90.18
89.57
89.57
89.78
89.98
89.37
89.37
89.16
88.34
88.34
89.37
90.18
90.80
91.00
91.00
91.00
91.00
91.00
90.59
89.98
89.98
88.75
87.73
88.55
88.55
88.55
88.55
88.55
88.55
88.55
88.55
88.55
88.55
88.55
88.55
88.55
88.55
88.55
88.55
88.55
88.55
88.55
88.55
88.55
88.55
88.55
88.55
88.55
88.55
88.55
88.55
88.55
88.55
88.55
88.55
88.55
88.55
88.55
88.55
88.55
88.55
88.55
88.55
88.55
88.55
88.55
88.55
88.55
88.55
88.55
88.55
88.55
88.55
88.55
88.55
88.55
88.55
88.55
88.55
88.55
88.55
88.55
88.55
88.55
88.55
88.55
88.55
88.55
88.55
88.55
88.55
88.55
88.55
88.55
88.55
88.55
88.55
88.55
88.55
88.55
88.55
88.55
88.55
88.55
88.55
88.55
88.55
88.55
88.55
88.55
88.55
88.55
88.55
88.55
88.55
88.55
88.55
88.55
88.55
88.55
88.55
88.55
88.55
88.55
88.55
88.55
88.55
88.55
88.55
88.55
88.55
88.55
88.55
88.55
88.55
88.55
88.55
88.55
88.55
88.55
88.55
88.55
88.55
88.55
88.55
88.55
88.55
88.55
88.55
88.55
88.55
88.55
88.55
88.55
88.55
88.55
88.55
88.55
88.55
88.55
88.55
88.55
88.55
88.55
88.55
88.55
88.55
88.55
88.55
88.55
88.55
88.55
88.55
88.55
88.55
88.55
88.55
88.55
88.55
88.55
88.55
88.55
88.55
88.55
88.55
88.55
88.55
88.55
88.55
88.55
88.55
88.55
88.55
88.55
88.55
88.55
88.55
88.55
88.55
88.55
88.55
88.55
88.55
88.55
88.55
88.55
88.55
88.55
88.55
88.55
88.55
88.55
88.55
88.55
88.55
88.55
88.55
88.55
88.55
88.55
88.55
88.55
88.55
88.55
88.55
88.55
88.55
88.55
88.55
88.55
88.55
88.55
88.55
88.55
88.55
88.55
88.55
88.55
88.55
88.55
88.55
88.55
88.55
88.55
88.55
88.55
88.55
88.55
88.55
88.55
88.55
88.55
88.55
88.55
88.55
88.55
88.55
88.55
88.55
88.55
88.55
88.55
88.55
88.55
88.55
88.55
88.55
88.55
88.55
88.55
88.55
88.55
88.55
88.55
88.55
88.55
88.55
88.55
88.55
88.55
88.55
88.55
88.55
88.55
88.55
88.55
88.55
88.55
88.55
88.55
88.55
88.55
88.55
88.55
88.55
88.55
88.55
88.55
88.55
88.55
88.55
88.55
88.55
88.55
88.55
88.55
88.55
88.55
88.55
88.55
88.55
88.55
88.55
88.55
88.55
88.55
88.55
88.55
88.55
88.55
88.55
88.55
88.55
88.55
88.55
88.55
88.55
88.55
88.55
88.55
88.55
88.55
88.55
88.55
88.55
88.55
88.55
88.55
88.55
88.55
88.55
88.55
88.55
88.55
88.55
88.55
88.55
88.55
88.55
88.55
88.55
88.55
88.55
88.55
88.55
88.55
88.55
88.55
88.55
88.55
88.55
88.55
88.55
88.55
88.55
88.55
88.55
88.55
88.55
88.55
88.55
88.55
88.55
88.55
88.55
88.55
88.55
88.55
88.55
88.55
88.55
88.55
88.55
88.55
88.55
88.55
88.55
88.55
88.55
88.55
88.55
88.55
88.55
88.55
88.55
88.55
88.55
88.55
88.55
88.55
88.55
88.55
88.55
88.55
88.55
88.55
88.55
88.55
88.55
88.55
88.55
88.55
88.55
88.55
88.55
88.55
88.55
88.55
88.55
88.55
88.55
88.55
88.55
88.55
88.55
88.55
88.55
88.55
84.05
85.48
85.48
85.07
85.07
86.50
86.30
86.71
85.48
84.66
85.28
84.25
84.05
83.84
83.84
83.64
83.23
82.62
82.41
84.05
84.05
83.44
83.84
84.46
83.23
81.60
81.19
83.84
84.25
84.25
84.66
84.87
84.25
84.46
84.46
85.69
86.50
85.28
84.87
84.25
84.25
84.25
81.39
80.98
78.32
76.89
76.69
75.66
78.53
78.53
80.78
79.35
80.37
83.23
82.82
82.00
77.30
79.96
79.96
81.39
80.78
76.07
77.51
76.07
78.94
79.55
76.07
79.96
81.60
83.23
83.23
80.78
78.94
76.69
77.91
76.69
76.28
76.28
75.26
75.87
75.87
75.46
75.87
74.44
73.21
72.80
72.80
73.62
73.82
75.05
74.03
71.37
71.57
73.21
72.60
72.60
72.60
72.60
72.60
72.60
72.60
72.60
72.60
72.60
72.60
72.60
72.60
72.60
72.60
72.60
72.60
72.60
72.60
72.60
72.60
72.60
72.60
72.60
72.60
72.60
72.60
72.60
72.60
72.60
72.60
72.60
72.60
72.60
72.60
72.60
72.60
72.60
72.60
72.60
72.60
72.60
72.60
72.60
72.60
72.60
72.60
72.60
72.60
72.60
72.60
72.60
72.60
72.60
72.60
72.60
72.60
72.60
72.60
72.60
72.60
72.60
72.60
72.60
72.60
72.60
72.60
72.60
72.60
72.60
72.60
72.60
72.60
72.60
72.60
72.60
72.60
72.60
72.60
72.60
72.60
72.60
72.60
72.60
72.60
72.60
72.60
72.60
72.60
72.60
72.60
72.60
72.60
72.60
72.60
72.60
72.60
72.60
72.60
72.60
72.60
72.60
84.46
82.41
81.60
81.60
80.98
80.98
80.37
80.78
80.78
80.57
78.94
77.51
78.53
78.53
78.73
79.75
78.94
79.35
79.75
80.16
80.78
79.96
79.96
80.16
80.16
81.60
81.60
80.78
81.60
81.19
80.98
81.60
81.60
81.80
80.16
80.16
80.16
79.55
79.35
79.75
80.78
81.39
81.19
80.16
80.98
79.55
79.14
78.53
79.96
80.16
78.73
77.30
77.30
78.12
79.35
78.32
76.48
76.28
76.28
76.69
77.71
79.55
79.75
79.75
80.16
81.19
82.21
80.57
80.16
78.32
77.30
79.35
80.78
80.16
80.37
81.80
82.00
82.00
82.00
82.21
81.39
82.21
81.60
82.00
82.00
82.21
82.21
81.80
83.84
83.64
83.84
83.84
83.84
84.05
83.84
83.64
83.84
83.64
83.03
83.64
83.64
83.64
83.64
83.64
83.64
83.64
83.64
83.64
83.64
83.64
83.64
83.64
63.19
68.51
68.92
65.03
69.12
65.64
66.05
63.39
62.17
61.55
63.60
64.21
64.83
61.35
61.35
63.60
62.17
64.21
66.05
64.21
69.12
69.12
69.33
70.96
72.19
70.96
73.42
79.96
80.37
77.91
77.91
77.91
75.66
77.51
81.80
75.46
72.80
68.10
68.10
75.26
72.60
75.26
71.98
70.96
61.96
61.15
60.53
60.53
60.33
60.53
60.53
60.53
60.33
60.33
60.33
60.33
60.33
60.33
60.33
60.33
60.33
60.33
60.33
60.53
60.33
60.33
60.53
60.74
60.53
60.53
60.74
60.74
61.76
61.15
63.80
62.78
61.55
62.37
62.78
68.51
75.05
77.51
79.55
78.94
81.80
77.30
81.60
79.14
82.82
82.82
80.57
81.80
80.98
78.12
77.30
79.35
80.16
79.96
78.32
83.44
82.41
82.41
84.25
80.16
80.37
75.66
80.57
74.85
73.62
67.89
70.96
77.71
80.57
80.57
83.64
83.84
83.23
82.21
81.80
82.21
83.84
83.64
83.03
84.25
83.44
83.23
83.84
82.82
82.00
82.00
79.75
79.14
78.53
78.94
79.35
78.32
81.60
83.23
83.23
82.62
82.82
83.03
83.84
80.78
82.82
83.23
83.03
83.03
83.44
80.16
80.98
83.64
80.78
83.84
82.00
80.78
80.78
80.78
80.78
80.78
78.73
78.73
78.53
81.19
82.62
80.98
84.46
85.07
84.25
83.84
83.84
84.46
85.28
84.66
85.07
85.07
85.28
85.48
84.25
82.00
78.32
78.53
78.53
81.39
82.82
84.25
84.05
81.80
92.84
92.84
92.64
93.05
92.84
92.84
92.84
93.05
92.84
94.48
94.68
95.09
94.27
94.27
94.27
94.27
94.07
93.46
93.25
93.87
94.07
93.25
93.66
93.66
94.68
94.68
94.68
94.48
94.68
94.68
94.68
94.68
94.68
94.68
94.68
94.27
94.48
93.87
92.43
92.02
91.82
91.21
90.39
90.80
90.39
90.39
90.59
91.41
90.59
90.18
89.16
91.62
91.41
91.62
91.41
92.43
92.64
92.23
92.43
91.41
89.78
89.78
89.78
89.57
88.75
90.18
89.98
88.75
90.39
90.59
90.18
90.59
89.57
89.57
89.57
87.53
86.50
86.30
84.05
84.25
79.55
83.44
80.37
83.44
83.64
84.05
83.84
85.28
82.82
83.03
86.50
86.71
86.91
85.69
83.84
85.69
83.44
82.41
82.41
83.64
83.64
83.64
83.64
83.64
83.64
83.64
83.64
83.64
83.64
83.64
83.64
83.64
83.64
83.64
83.64
83.64
83.64
83.64
83.64
83.64
83.64
83.64
83.64
83.64
83.64
83.64
83.64
83.64
83.64
83.64
83.64
83.64
83.64
83.64
83.64
83.64
83.64
83.64
83.64
83.64
83.64
83.64
83.64
83.64
83.64
83.64
83.64
83.64
83.64
83.64
83.64
83.64
83.64
83.64
83.64
83.64
83.64
83.64
83.64
83.64
83.64
83.64
83.64
83.64
83.64
83.64
83.64
83.64
83.64
83.64
83.64
83.64
83.64
83.64
83.64
83.64
83.64
83.64
83.64
83.64
83.64
83.64
83.64
83.64
83.64
83.64
83.64
83.64
83.64
83.64
83.64
83.64
83.64
83.64
83.64
83.64
83.64
83.64
83.64
83.64
83.64
83.64
83.64
83.64
83.64
83.64
83.64
83.64
83.64
83.64
83.64
83.64
83.64
83.64
83.64
83.64
83.64
83.64
83.64
83.64
83.64
83.64
83.64
83.64
83.64
83.64
83.64
83.64
83.64
83.64
83.64
83.64
83.64
83.64
83.64
83.64
83.64
83.64
83.64
83.64
83.64
83.64
83.64
83.64
83.64
83.64
83.64
83.64
83.64
83.64
83.64
83.64
83.64
83.64
83.64
83.64
83.64
83.64
83.64
83.64
83.64
83.64
83.64
83.64
83.64
83.64
83.64
83.64
83.64
83.64
83.64
83.64
83.64
83.64
83.64
83.64
83.64
83.64
83.64
83.64
83.64
83.64
83.64
83.64
83.64
83.64
83.64
83.64
83.64
83.64
83.64
83.64
83.64
83.64
83.64
83.64
83.64
83.64
83.64
83.64
83.64
83.64
83.64
83.64
83.64
83.64
83.64
83.64
83.64
83.64
83.64
83.64
83.64
83.64
83.64
83.64
83.64
83.64
83.64
83.64
83.64
83.64
83.64
83.64
83.64
83.64
60.33
60.33
60.33
60.33
60.33
60.33
60.33
60.33
60.33
60.33
60.33
60.33
60.33
60.33
60.33
60.33
60.33
60.33
60.33
60.33
60.33
60.33
60.33
60.33
60.33
60.33
60.74
60.94
60.74
60.94
60.74
60.74
60.94
60.94
60.74
60.94
61.35
61.35
62.37
62.78
62.78
62.99
63.60
64.01
62.37
62.99
62.99
62.99
62.99
63.19
63.39
64.62
64.62
64.62
64.62
62.78
62.78
62.17
62.78
62.78
62.17
62.17
61.76
61.96
62.37
61.35
61.55
61.76
61.96
61.35
61.35
61.55
61.55
61.76
94.48
94.89
94.07
93.87
94.27
94.27
94.68
94.68
94.27
94.27
94.07
94.27
93.87
93.46
93.66
93.66
93.46
93.46
93.46
93.46
93.87
93.46
93.25
93.46
93.66
93.05
91.62
91.21
92.02
92.84
91.62
87.32
88.14
88.55
87.32
85.89
81.39
81.80
88.75
88.14
87.32
87.32
83.03
79.75
73.21
76.89
77.71
77.71
74.85
75.66
69.33
66.87
72.39
80.57
83.03
85.89
87.32
86.09
82.00
82.62
87.53
86.50
87.93
87.93
88.34
88.55
87.73
87.73
86.91
80.57
79.96
81.60
79.96
75.26
73.62
77.71
80.78
80.57
80.98
86.30
84.46
84.46
87.73
92.23
93.05
91.62
93.05
92.43
89.37
83.03
84.25
90.39
92.23
88.96
90.39
90.39
88.34
86.91
82.62
88.34
74.85
72.80
72.60
72.60
73.82
73.01
74.03
73.82
73.82
73.62
74.23
73.82
73.21
73.01
73.01
74.85
73.82
74.03
70.76
71.57
72.19
72.80
73.01
72.80
73.62
73.82
73.82
73.82
73.01
72.60
72.39
72.60
73.42
71.17
70.14
71.37
69.94
71.17
71.78
71.98
72.60
74.03
75.87
74.85
75.05
71.78
71.57
71.78
74.64
74.03
75.87
75.87
75.66
76.07
77.91
78.32
77.71
78.12
79.96
78.94
79.55
79.35
78.32
79.96
82.82
82.62
83.03
82.82
83.03
82.41
82.82
82.82
79.75
80.37
82.41
82.41
82.41
82.21
81.60
80.57
80.16
79.96
81.39
82.21
82.82
82.82
85.07
85.48
85.07
85.28
85.48
84.46
85.69
84.46
83.44
83.23
83.23
83.44
83.44
83.64
83.64
83.64
83.64
83.64
83.64
83.64
83.64
83.64
83.64
83.64
83.64
83.64
83.64
83.64
83.64
83.64
83.64
83.64
83.64
83.64
83.64
83.64
83.64
83.64
83.64
83.64
83.64
83.64
83.64
83.64
83.64
83.64
83.64
83.64
83.64
83.64
83.64
83.64
83.64
83.64
83.64
83.64
83.64
83.64
83.64
83.64
83.64
83.64
83.64
83.64
83.64
83.64
83.64
83.64
83.64
83.64
83.64
83.64
83.64
83.64
83.64
83.64
83.64
83.64
83.64
83.64
83.64
83.64
83.64
83.64
83.64
83.64
83.64
83.64
83.64
83.64
83.64
83.64
83.64
83.64
83.64
83.64
83.64
83.64
83.64
83.64
83.64
83.64
83.64
83.64
83.64
83.64
83.64
83.64
83.64
83.64
83.64
83.64
83.64
83.64
94.27
94.48
94.48
94.27
93.87
94.27
93.87
94.07
93.66
93.87
93.46
93.05
93.25
92.84
92.02
91.62
92.02
92.43
91.00
91.62
91.82
91.82
92.43
92.02
92.43
92.84
93.66
93.66
93.05
92.23
91.21
90.18
89.37
88.96
88.14
86.09
86.30
86.30
86.30
86.30
86.09
86.30
86.30
86.30
87.53
86.71
86.09
85.69
85.69
85.69
86.50
86.50
86.71
86.09
85.28
84.25
84.46
83.84
83.84
83.44
82.62
82.41
82.41
82.62
83.03
83.03
83.64
84.87
84.66
84.66
84.66
85.07
85.07
85.07
85.89
85.48
85.07
85.69
85.07
84.05
83.44
83.44
84.25
83.84
83.03
83.64
83.44
83.23
83.23
83.64
83.84
84.46
84.46
85.28
84.46
82.82
83.64
83.84
83.84
83.84
83.84
83.84
79.75
73.62
67.89
63.19
62.37
64.62
65.03
68.10
62.99
62.78
63.60
61.15
61.15
60.94
60.94
60.94
62.58
61.15
60.94
60.94
61.55
61.15
60.94
60.94
60.74
60.94
60.74
61.35
60.94
62.37
60.94
62.17
62.78
66.46
64.83
66.05
63.19
61.15
61.55
62.17
61.76
62.17
62.37
63.39
66.67
63.80
65.44
73.82
78.94
85.07
91.41
91.41
89.16
85.28
86.09
92.43
91.21
92.64
93.05
89.78
89.37
89.37
91.41
88.96
87.32
92.02
91.82
92.84
90.39
92.43
89.57
89.57
91.21
92.43
90.59
87.73
89.57
90.39
90.59
89.78
91.21
91.41
88.75
87.32
88.96
88.96
84.05
91.41
92.23
89.37
89.37
91.41
91.00
87.53
81.80
73.21
76.28
74.44
85.28
84.87
84.87
86.50
86.50
86.09
86.09
86.30
86.30
85.89
86.71
86.71
86.91
86.91
86.91
86.91
86.91
87.12
87.12
87.12
87.12
87.12
87.12
87.12
87.12
87.12
87.12
87.12
87.12
87.12
87.12
87.12
86.30
86.30
86.09
83.64
83.64
83.64
83.84
83.64
83.64
83.23
82.41
82.41
84.25
85.69
84.25
85.48
86.30
86.71
84.66
86.09
86.50
86.91
86.50
86.50
86.50
87.12
86.50
85.69
84.87
85.69
85.28
84.46
84.46
83.64
85.28
85.07
84.46
84.66
84.66
84.25
84.25
84.87
85.07
86.50
86.50
86.91
87.12
87.12
86.50
86.71
87.12
86.50
87.32
87.32
87.32
86.50
86.50
86.71
86.71
86.91
86.91
86.91
86.91
86.50
86.50
86.50
86.50
87.12
87.12
87.12
87.12
87.12
87.12
87.12
87.12
87.12
87.12
87.12
87.12
87.12
87.12
87.12
87.12
87.12
87.12
87.12
87.12
87.12
87.12
87.12
87.12
87.12
87.12
87.12
87.12
87.12
87.12
87.12
87.12
87.12
87.12
87.12
87.12
87.12
87.12
87.12
87.12
87.12
87.12
87.12
87.12
87.12
87.12
87.12
87.12
87.12
87.12
87.12
87.12
87.12
87.12
87.12
87.12
87.12
87.12
87.12
87.12
87.12
87.12
87.12
87.12
87.12
87.12
87.12
87.12
87.12
87.12
87.12
87.12
87.12
87.12
87.12
87.12
87.12
87.12
87.12
87.12
87.12
87.12
87.12
87.12
87.12
87.12
87.12
87.12
87.12
87.12
87.12
87.12
87.12
87.12
87.12
87.12
87.12
87.12
87.12
87.12
87.12
87.12
87.12
87.12
87.12
87.12
87.12
87.12
87.12
87.12
87.12
87.12
87.12
87.12
87.12
87.12
87.12
87.12
87.12
87.12
87.12
87.12
87.12
87.12
87.12
87.12
87.12
87.12
87.12
87.12
87.12
87.12
87.12
87.12
87.12
87.12
87.12
87.12
87.12
87.12
87.12
87.12
87.12
87.12
87.12
87.12
87.12
87.12
87.12
87.12
87.12
87.12
87.12
87.12
87.12
87.12
87.12
87.12
87.12
87.12
87.12
87.12
87.12
87.12
87.12
87.12
87.12
87.12
87.12
87.12
87.12
87.12
87.12
87.12
87.12
87.12
87.12
87.12
87.12
87.12
87.12
87.12
87.12
87.12
87.12
87.12
87.12
87.12
87.12
87.12
87.12
87.12
87.12
87.12
87.12
87.12
87.12
87.12
87.12
87.12
87.12
87.12
87.12
87.12
87.12
87.12
87.12
87.12
87.12
87.12
87.12
87.12
87.12
87.12
87.12
87.12
87.12
87.12
87.12
87.12
87.12
87.12
87.12
87.12
87.12
87.12
87.12
87.12
87.12
87.12
87.12
87.12
87.12
87.12
87.12
87.12
87.12
87.12
87.12
87.12
87.12
87.12
87.12
87.12
87.12
87.12
87.12
87.12
87.12
87.12
87.12
87.12
87.12
87.12
87.12
87.12
87.12
87.12
87.12
87.12
87.12
87.12
87.12
87.12
87.12
87.12
87.12
87.12
87.12
87.12
87.12
87.12
87.12
87.12
87.12
87.12
87.12
87.12
87.12
87.12
87.12
87.12
87.12
87.12
87.12
87.12
87.12
87.12
87.12
87.12
87.12
87.12
87.12
87.12
87.12
87.12
87.12
87.12
87.12
87.12
87.12
87.12
87.12
87.12
87.12
87.12
87.12
87.12
87.12
87.12
87.12
87.12
87.12
87.12
87.12
87.12
87.12
87.12
87.12
87.12
87.12
87.12
87.12
87.12
87.12
87.12
87.12
87.12
87.12
87.12
87.12
87.12
87.12
87.12
87.12
87.12
87.12
87.12
87.12
87.12
87.12
87.12
87.12
87.12
87.12
87.12
87.12
87.12
87.12
87.12
87.12
87.12
87.12
87.12
87.12
87.12
87.12
87.12
87.12
87.12
87.12
87.12
87.12
87.12
87.12
87.12
87.12
87.12
87.12
87.12
87.12
87.12
87.12
87.12
87.12
87.12
87.12
87.12
87.12
87.12
87.12
87.12
87.12
87.12
87.12
87.12
87.12
87.12
87.12
87.12
87.12
87.12
87.12
87.12
87.12
87.12
87.12
87.12
87.12
87.12
87.12
87.12
87.12
87.12
87.12
87.12
87.12
87.12
87.12
87.12
87.12
87.12
87.12
87.12
87.12
87.12
87.12
87.12
87.12
87.12
87.12
87.12
87.12
87.12
87.12
87.12
87.12
87.12
87.12
87.12
87.12
87.12
87.12
87.12
87.12
87.12
87.12
87.12
87.12
87.12
87.12
87.12
87.12
87.12
87.12
87.12
87.12
87.12
87.12
87.12
87.12
87.12
87.12
87.12
87.12
87.12
87.12
87.12
87.12
87.12
87.12
87.12
87.12
87.12
87.12
87.12
87.12
87.12
87.12
87.12
87.12
87.12
87.12
87.12
87.12
87.12
87.12
87.12
87.12
87.12
87.12
87.12
87.12
87.12
87.12
87.12
87.12
87.12
87.12
87.12
87.12
87.12
87.12
87.12
87.12
87.12
87.12
87.12
87.12
87.12
87.12
87.12
87.12
87.12
87.12
87.12
87.12
87.12
87.12
87.12
87.12
87.12
87.12
87.12
87.12
87.12
87.12
87.12
87.12
87.12
87.12
87.12
87.12
87.12
87.12
87.12
87.12
87.12
87.12
87.12
87.12
87.12
87.12
87.12
87.12
87.12
87.12
87.12
87.12
87.12
87.12
87.12
87.12
87.12
87.12
87.12
87.12
87.12
87.12
87.12
87.12
87.12
87.12
87.12
87.12
87.12
87.12
87.12
87.12
87.12
87.12
87.12
87.12
87.12
87.12
87.12
87.12
87.12
87.12
87.12
87.12
87.12
87.12
87.12
87.12
87.12
87.12
87.12
87.12
87.12
87.12
87.12
87.12
87.12
87.12
87.12
87.12
87.12
87.12
87.12
87.12
87.12
87.12
87.12
87.12
87.12
87.12
87.12
87.12
87.12
87.12
87.12
87.12
87.12
87.12
87.12
87.12
87.12
87.12
87.12
87.12
87.12
87.12
87.12
87.12
87.12
87.12
87.12
87.12
87.12
87.12
87.12
87.12
87.12
87.12
87.12
87.12
87.12
87.12
87.12
87.12
87.12
87.12
87.12
87.12
87.12
87.12
87.12
87.12
87.12
87.12
87.12
87.12
87.12
87.12
87.12
87.12
87.12
87.12
87.12
87.12
87.12
87.12
87.12
87.12
87.12
87.12
87.12
87.12
87.12
87.12
87.12
87.12
87.12
87.12
87.12
87.12
87.12
87.12
87.12
87.12
87.12
87.12
87.12
87.12
87.12
87.12
87.12
87.12
87.12
87.12
87.12
87.12
87.12
87.12
87.12
87.12
87.12
87.12
87.12
87.12
87.12
87.12
87.12
87.12
87.12
87.12
87.12
87.12
87.12
87.12
87.12
87.12
87.12
87.12
87.12
87.12
87.12
87.12
87.12
87.12
87.12
87.12
87.12
87.12
87.12
87.12
87.12
87.12
87.12
87.12
87.12
87.12
87.12
87.12
87.12
87.12
87.12
87.12
87.12
87.12
87.12
87.12
87.12
87.12
87.12
87.12
87.12
87.12
87.12
87.12
87.12
87.12
87.12
87.12
87.12
87.12
87.12
87.12
87.12
87.12
87.12
87.12
87.12
87.12
87.12
87.12
87.12
87.12
87.12
87.12
87.12
87.12
87.12
87.12
87.12
87.12
87.12
87.12
87.12
87.12
87.12
87.12
87.12
87.12
87.12
87.12
87.12
87.12
87.12
87.12
87.12
87.12
87.12
87.12
87.12
87.12
87.12
87.12
87.12
87.12
87.12
87.12
87.12
87.12
87.12
87.12
87.12
87.12
87.12
87.12
87.12
87.12
87.12
87.12
87.12
87.12
87.12
87.12
87.12
87.12
87.12
87.12
87.12
87.12
87.12
87.12
87.12
87.12
87.12
87.12
87.12
87.12
87.12
87.12
87.12
87.12
87.12
87.12
87.12
87.12
87.12
87.12
87.12
87.12
87.12
87.12
87.12
87.12
87.12
87.12
87.12
87.12
87.12
87.12
87.12
87.12
87.12
87.12
87.12
87.12
87.12
87.12
87.12
87.12
87.12
87.12
87.12
87.12
87.12
87.12
87.12
87.12
87.12
87.12
87.12
87.12
87.12
87.12
87.12
87.12
87.12
87.12
87.12
87.12
87.12
87.12
87.12
87.12
87.12
87.12
87.12
87.12
87.12
87.12
87.12
87.12
87.12
87.12
87.12
87.12
87.12
87.12
87.12
87.12
87.12
87.12
87.12
87.12
87.12
87.12
87.12
87.12
87.12
87.12
87.12
87.12
87.12
87.12
87.12
87.12
87.12
87.12
87.12
87.12
87.12
87.12
87.12
87.12
87.12
87.12
87.12
87.12
87.12
87.12
87.12
87.12
87.12
87.12
87.12
87.12
87.12
87.12
87.12
87.12
87.12
87.12
87.12
87.12
87.12
87.12
87.12
87.12
87.12
87.12
87.12
87.12
87.12
87.12
87.12
87.12
87.12
87.12
87.12
87.12
87.12
87.12
87.12
87.12
87.12
87.12
87.12
87.12
87.12
87.12
87.12
87.12
87.12
87.12
87.12
87.12
87.12
87.12
87.12
87.12
87.12
87.12
87.12
87.12
87.12
87.12
87.12
87.12
87.12
87.12
87.12
87.12
87.12
87.12
87.12
87.12
87.12
87.12
87.12
87.12
87.12
87.12
87.12
87.12
87.12
87.12
87.12
87.12
87.12
87.12
87.12
87.12
87.12
87.12
87.12
87.12
87.12
87.12
87.12
87.12
87.12
87.12
87.12
87.12
87.12
87.12
87.12
87.12
87.12
87.12
87.12
87.12
87.12
87.12
87.12
87.12
87.12
87.12
87.12
87.12
87.12
87.12
87.12
87.12
87.12
87.12
87.12
87.12
87.12
87.12
87.12
87.12
87.12
87.12
87.12
87.12
87.12
87.12
87.12
87.12
87.12
87.12
87.12
87.12
87.12
87.12
87.12
87.12
87.12
87.12
87.12
87.12
87.12
87.12
87.12
87.12
87.12
87.12
87.12
87.12
87.12
87.12
87.12
87.12
87.12
87.12
87.12
87.12
87.12
87.12
87.12
87.12
87.12
87.12
87.12
87.12
87.12
87.12
87.12
87.12
87.12
87.12
87.12
87.12
87.12
87.12
87.12
87.12
87.12
87.12
87.12
87.12
87.12
87.12
87.12
87.12
87.12
87.12
87.12
87.12
87.12
87.12
87.12
87.12
87.12
87.12
87.12
87.12
87.12
87.12
87.12
87.12
87.12
87.12
87.12
87.12
87.12
87.12
87.12
87.12
87.12
87.12
87.12
87.12
87.12
87.12
87.12
87.12
87.12
87.12
87.12
87.12
87.12
87.12
87.12
87.12
87.12
87.12
87.12
87.12
87.12
87.12
87.12
87.12
87.12
87.12
87.12
87.12
87.12
87.12
87.12
87.12
87.12
87.12
87.12
87.12
87.12
87.12
87.12
87.12
87.12
87.12
87.12
87.12
87.12
87.12
87.12
87.12
87.12
87.12
87.12
87.12
87.12
87.12
87.12
87.12
87.12
87.12
87.12
87.12
87.12
87.12
87.12
87.12
87.12
87.12
87.12
87.12
87.12
87.12
87.12
87.12
87.12
87.12
87.12
87.12
87.12
87.12
87.12
87.12
87.12
87.12
87.12
87.12
87.12
87.12
87.12
87.12
87.12
87.12
87.12
87.12
87.12
87.12
87.12
87.12
87.12
87.12
87.12
87.12
87.12
87.12
87.12
87.12
87.12
87.12
87.12
87.12
87.12
87.12
87.12
87.12
87.12
87.12
87.12
87.12
87.12
87.12
87.12
87.12
87.12
87.12
87.12
87.12
87.12
87.12
87.12
87.12
87.12
87.12
87.12
87.12
87.12
87.12
87.12
87.12
87.12
87.12
87.12
87.12
87.12
87.12
87.12
87.12
87.12
87.12
87.12
87.12
87.12
87.12
87.12
87.12
87.12
87.12
87.12
87.12
87.12
87.12
87.12
87.12
87.12
87.12
87.12
87.12
87.12
87.12
87.12
87.12
87.12
87.12
87.12
87.12
87.12
87.12
87.12
87.12
87.12
87.12
87.12
87.12
87.12
87.12
87.12
87.12
87.12
87.12
87.12
87.12
87.12
87.12
87.12
87.12
87.12
87.12
87.12
87.12
87.12
87.12
87.12
87.12
87.12
87.12
87.12
87.12
87.12
87.12
87.12
87.12
87.12
87.12
87.12
87.12
87.12
87.12
87.12
87.12
87.12
87.12
87.12
87.12
87.12
87.12
87.12
87.12
87.12
87.12
87.12
87.12
87.12
87.12
87.12
87.12
87.12
87.12
87.12
87.12
87.12
87.12
87.12
87.12
87.12
87.12
87.12
87.12
87.12
87.12
87.12
87.12
87.12
87.12
87.12
87.12
87.12
87.12
87.12
87.12
87.12
87.12
87.12
87.12
87.12
87.12
87.12
87.12
87.12
87.12
87.12
87.12
87.12
87.12
87.12
87.12
87.12
87.12
87.12
87.12
87.12
87.12
87.12
87.12
87.12
87.12
87.12
87.12
87.12
87.12
87.12
87.12
87.12
87.12
87.12
87.12
87.12
87.12
87.12
87.12
87.12
87.12
87.12
87.12
87.12
87.12
87.12
87.12
87.12
87.12
87.12
87.12
87.12
87.12
87.12
87.12
87.12
87.12
87.12
87.12
87.12
87.12
87.12
87.12
87.12
87.12
87.12
87.12
87.12
87.12
87.12
87.12
87.12
87.12
87.12
87.12
87.12
87.12
87.12
87.12
87.12
87.12
87.12
87.12
87.12
87.12
87.12
87.12
87.12
87.12
87.12
87.12
87.12
87.12
87.12
87.12
87.12
87.12
87.12
87.12
87.12
87.12
87.12
87.12
87.12
87.12
87.12
87.12
87.12
87.12
87.12
87.12
87.12
87.12
87.12
87.12
87.12
87.12
87.12
87.12
87.12
87.12
87.12
87.12
87.12
87.12
87.12
87.12
87.12
87.12
87.12
87.12
87.12
87.12
87.12
87.12
87.12
87.12
87.12
87.12
87.12
87.12
87.12
87.12
87.12
87.12
87.12
87.12
87.12
87.12
87.12
87.12
87.12
87.12
87.12
87.12
87.12
87.12
87.12
87.12
87.12
87.12
87.12
87.12
87.12
87.12
87.12
87.12
87.12
87.12
87.12
87.12
87.12
87.12
87.12
87.12
87.12
87.12
87.12
87.12
87.12
87.12
87.12
87.12
87.12
87.12
87.12
87.12
87.12
87.12
87.12
87.12
87.12
87.12
87.12
87.12
87.12
87.12
87.12
87.12
87.12
87.12
87.12
87.12
87.12
87.12
87.12
87.12
87.12
87.12
87.12
87.12
87.12
87.12
87.12
87.12
87.12
87.12
87.12
87.12
87.12
87.12
87.12
87.12
87.12
87.12
87.12
87.12
87.12
87.12
87.12
87.12
87.12
87.12
87.12
87.12
87.12
87.12
87.12
87.12
87.12
87.12
87.12
87.12
87.12
87.12
87.12
87.12
87.12
87.12
87.12
87.12
87.12
87.12
87.12
87.12
87.12
87.12
87.12
87.12
87.12
87.12
87.12
87.12
87.12
87.12
87.12
87.12
87.12
87.12
87.12
87.12
87.12
87.12
87.12
87.12
87.12
87.12
87.12
87.12
87.12
87.12
87.12
87.12
87.12
87.12
87.12
87.12
87.12
87.12
87.12
87.12
87.12
87.12
87.12
87.12
87.12
87.12
87.12
87.12
87.12
87.12
87.12
87.12
87.12
87.12
87.12
87.12
87.12
87.12
87.12
87.12
87.12
87.12
87.12
87.12
87.12
87.12
87.12
87.12
87.12
87.12
87.12
87.12
87.12
87.12
87.12
87.12
87.12
87.12
87.12
87.12
87.12
87.12
87.12
87.12
87.12
87.12
87.12
87.12
87.12
87.12
87.12
87.12
87.12
87.12
87.12
87.12
87.12
87.12
87.12
87.12
87.12
87.12
87.12
87.12
87.12
87.12
87.12
87.12
87.12
87.12
87.12
87.12
87.12
87.12
87.12
87.12
87.12
87.12
87.12
87.12
87.12
87.12
87.12
87.12
87.12
87.12
87.12
87.12
87.12
87.12
87.12
87.12
87.12
87.12
87.12
87.12
87.12
87.12
87.12
87.12
87.12
87.12
87.12
87.12
87.12
87.12
87.12
87.12
87.12
87.12
87.12
87.12
87.12
87.12
87.12
87.12
87.12
87.12
87.12
87.12
87.12
87.12
87.12
87.12
87.12
87.12
87.12
87.12
87.12
87.12
87.12
87.12
87.12
87.12
87.12
87.12
87.12
87.12
87.12
87.12
87.12
87.12
87.12
87.12
87.12
87.12
87.12
87.12
87.12
87.12
87.12
87.12
87.12
87.12
87.12
87.12
87.12
87.12
87.12
87.12
87.12
87.12
87.12
87.12
87.12
87.12
87.12
87.12
87.12
87.12
87.12
87.12
87.12
87.12
87.12
87.12
87.12
87.12
87.12
87.12
87.12
87.12
87.12
87.12
87.12
87.12
87.12
87.12
87.12
87.12
87.12
87.12
87.12
87.12
87.12
87.12
87.12
87.12
87.12
87.12
87.12
87.12
87.12
87.12
87.12
87.12
87.12
87.12
87.12
87.12
87.12
87.12
87.12
87.12
87.12
87.12
87.12
87.12
87.12
87.12
87.12
87.12
87.12
87.12
87.12
87.12
87.12
87.12
87.12
87.12
87.12
87.12
87.12
87.12
87.12
87.12
87.12
87.12
87.12
87.12
87.12
87.12
87.12
87.12
87.12
87.12
87.12
87.12
87.12
87.12
87.12
87.12
87.12
87.12
87.12
87.12
87.12
87.12
87.12
87.12
87.12
87.12
87.12
87.12
87.12
87.12
87.12
87.12
87.12
87.12
87.12
87.12
87.12
87.12
87.12
87.12
87.12
87.12
87.12
87.12
87.12
87.12
87.12
87.12
87.12
87.12
87.12
87.12
87.12
87.12
87.12
87.12
87.12
87.12
87.12
87.12
87.12
87.12
87.12
87.12
87.12
87.12
87.12
87.12
87.12
87.12
87.12
87.12
87.12
87.12
87.12
87.12
87.12
87.12
87.12
87.12
87.12
87.12
87.12
87.12
87.12
87.12
87.12
87.12
87.12
87.12
87.12
87.12
87.12
87.12
87.12
87.12
87.12
87.12
87.12
87.12
87.12
87.12
87.12
87.12
87.12
87.12
87.12
87.12
87.12
87.12
87.12
87.12
87.12
87.12
87.12
87.12
87.12
87.12
87.12
87.12
87.12
87.12
87.12
87.12
87.12
87.12
87.12
87.12
87.12
87.12
87.12
87.12
87.12
87.12
87.12
87.12
87.12
87.12
87.12
87.12
87.12
87.12
87.12
87.12
87.12
87.12
87.12
87.12
87.12
87.12
87.12
87.12
87.12
87.12
87.12
87.12
87.12
87.12
87.12
87.12
87.12
87.12
87.12
87.12
87.12
87.12
87.12
87.12
87.12
87.12
87.12
87.12
87.12
87.12
87.12
87.12
87.12
87.12
87.12
87.12
87.12
87.12
87.12
87.12
87.12
87.12
87.12
87.12
87.12
87.12
87.12
87.12
87.12
87.12
87.12
87.12
87.12
87.12
87.12
87.12
87.12
87.12
87.12
87.12
87.12
87.12
87.12
87.12
87.12
87.12
87.12
87.12
87.12
87.12
87.12
87.12
87.12
87.12
87.12
87.12
87.12
87.12
87.12
87.12
87.12
87.12
87.12
87.12
87.12
87.12
87.12
87.12
87.12
87.12
87.12
87.12
87.12
87.12
87.12
87.12
87.12
87.12
87.12
87.12
87.12
87.12
87.12
87.12
87.12
87.12
87.12
87.12
87.12
87.12
87.12
87.12
87.12
87.12
87.12
87.12
87.12
87.12
87.12
87.12
87.12
87.12
87.12
87.12
87.12
87.12
87.12
87.12
87.12
87.12
87.12
87.12
87.12
87.12
87.12
87.12
87.12
87.12
87.12
87.12
87.12
87.12
87.12
87.12
87.12
87.12
87.12
87.12
87.12
87.12
87.12
87.12
87.12
87.12
87.12
87.12
87.12
87.12
87.12
87.12
87.12
87.12
87.12
87.12
87.12
87.12
87.12
87.12
87.12
87.12
87.12
87.12
87.12
87.12
87.12
87.12
87.12
87.12
87.12
87.12
87.12
87.12
87.12
87.12
87.12
87.12
87.12
87.12
87.12
87.12
87.12
87.12
87.12
87.12
87.12
87.12
87.12
87.12
87.12
87.12
87.12
87.12
87.12
87.12
87.12
87.12
87.12
87.12
87.12
87.12
87.12
87.12
87.12
87.12
87.12
87.12
87.12
87.12
87.12
87.12
87.12
87.12
87.12
87.12
87.12
87.12
87.12
87.12
87.12
87.12
87.12
87.12
87.12
87.12
87.12
87.12
87.12
87.12
87.12
87.12
87.12
87.12
87.12
87.12
87.12
87.12
87.12
87.12
87.12
87.12
87.12
87.12
87.12
87.12
87.12
87.12
87.12
87.12
87.12
87.12
87.12
87.12
87.12
87.12
87.12
87.12
87.12
87.12
87.12
87.12
87.12
87.12
87.12
87.12
87.12
87.12
87.12
87.12
87.12
87.12
87.12
87.12
87.12
87.12
87.12
87.12
87.12
87.12
87.12
87.12
87.12
87.12
87.12
87.12
87.12
87.12
87.12
87.12
87.12
87.12
87.12
87.12
87.12
87.12
87.12
87.12
87.12
87.12
87.12
87.12
87.12
87.12
87.12
87.12
87.12
87.12
87.12
87.12
87.12
87.12
87.12
87.12
87.12
87.12
87.12
87.12
87.12
87.12
87.12
87.12
87.12
87.12
87.12
87.12
87.12
87.12
87.12
