0.00
39.67
39.67
39.67
39.67
39.67
39.67
39.67
39.67
39.67
39.67
39.67
39.67
39.67
39.67
39.67
39.67
39.67
39.67
39.67
39.67
39.67
39.67
39.67
39.67
39.67
39.67
39.67
39.67
39.67
39.67
39.67
39.67
39.67
39.67
39.67
39.67
39.67
39.67
39.67
39.67
39.67
39.67
39.67
39.67
39.67
39.67
39.67
39.67
39.67
39.67
39.67
39.67
39.67
39.67
39.67
39.67
39.67
39.67
39.67
39.67
39.67
39.67
39.67
39.67
39.67
39.67
39.67
39.67
39.67
39.67
39.67
39.67
39.67
39.67
39.67
39.67
39.67
39.67
39.67
39.67
39.67
39.67
39.67
39.67
39.47
39.26
39.26
38.65
38.45
37.83
37.83
38.65
38.65
38.65
38.65
38.24
38.45
39.26
39.26
39.47
39.47
39.47
39.47
39.47
39.47
39.47
39.47
39.47
39.47
39.47
39.47
39.47
39.47
39.47
39.47
39.47
39.67
39.67
39.67
39.67
39.67
39.67
39.67
39.67
39.67
39.67
39.67
39.67
39.67
39.67
39.67
39.67
39.67
39.67
39.67
39.67
39.67
39.67
39.67
39.67
39.67
39.67
39.67
39.67
39.67
39.67
39.67
39.67
39.67
39.67
39.67
39.67
39.67
39.67
39.67
39.67
39.67
39.67
39.67
39.67
39.67
39.67
39.67
39.67
39.67
39.67
39.67
39.67
39.67
39.67
39.67
39.67
39.67
39.67
39.67
39.67
39.67
39.67
39.67
39.67
39.67
39.67
39.67
39.67
39.67
39.67
39.67
39.67
39.67
39.67
39.67
39.67
39.67
39.67
39.67
39.67
39.67
39.67
39.67
39.67
91.41
92.23
91.21
90.80
91.41
91.62
91.62
91.21
91.62
90.39
90.39
91.41
91.21
90.18
88.55
86.91
88.96
88.75
89.57
89.37
88.55
87.93
87.93
84.66
88.34
90.18
90.18
89.37
85.28
83.64
83.64
84.66
84.66
86.91
84.46
86.91
83.03
80.16
82.21
86.09
84.87
83.03
88.55
82.82
86.09
84.66
86.30
86.09
87.93
83.23
79.75
81.39
81.60
79.35
75.66
73.21
75.46
79.14
75.87
79.35
82.41
84.87
83.44
79.35
80.98
86.09
85.48
87.53
85.28
83.84
81.80
86.50
86.91
88.96
88.75
86.50
84.66
83.03
87.32
87.32
87.12
88.96
87.93
84.66
87.73
89.16
88.14
88.14
90.18
89.78
89.78
89.37
89.78
89.16
88.75
89.37
88.14
88.96
89.37
89.37
89.37
89.37
89.37
89.37
89.37
89.37
89.37
89.37
89.37
89.37
89.37
89.37
89.37
89.37
89.37
89.37
89.37
89.37
89.37
89.37
89.37
89.37
89.37
89.37
89.37
89.37
89.37
89.37
89.37
89.37
89.37
89.37
89.37
89.37
89.37
89.37
89.37
89.37
89.37
89.37
89.37
89.37
89.37
89.37
89.37
89.37
89.37
89.37
89.37
89.37
89.37
89.37
89.37
89.37
89.37
89.37
89.37
89.37
89.37
89.37
89.37
89.37
89.37
89.37
89.37
89.37
89.37
89.37
89.37
89.37
89.37
89.37
89.37
89.37
89.37
89.37
89.37
89.37
89.37
89.37
89.37
89.37
89.37
89.37
89.37
89.37
89.37
89.37
89.37
89.37
89.37
89.37
89.37
89.37
89.37
89.37
89.37
89.37
89.37
89.37
83.03
83.03
84.46
83.84
82.62
82.62
83.23
83.84
82.21
81.60
82.41
83.44
83.84
84.66
84.46
83.44
83.03
83.84
83.84
84.46
84.46
84.66
84.46
84.46
84.46
83.03
83.23
83.23
83.84
84.46
84.25
83.03
84.87
84.66
84.66
84.87
84.87
84.87
85.28
86.71
86.91
88.34
88.55
88.55
88.34
88.34
88.75
87.93
87.93
88.14
88.34
88.34
88.14
88.34
88.55
88.34
88.34
88.34
88.75
88.75
89.16
88.96
88.96
89.16
88.14
87.93
88.14
88.34
86.50
87.12
86.30
85.69
86.09
85.48
84.46
84.66
84.46
84.46
84.46
84.87
85.69
84.87
84.25
84.46
84.87
85.48
85.28
86.30
86.30
86.30
85.69
84.66
84.46
84.87
84.87
85.48
86.09
85.48
84.46
85.07
85.07
85.07
85.07
85.07
85.07
85.07
85.07
85.07
85.07
85.07
85.07
85.07
85.07
85.07
85.07
85.07
85.07
85.07
85.07
85.07
85.07
85.07
85.07
85.07
85.07
85.07
85.07
85.07
85.07
85.07
85.07
85.07
85.07
85.07
85.07
85.07
85.07
85.07
85.07
85.07
85.07
85.07
85.07
85.07
85.07
85.07
85.07
85.07
85.07
85.07
85.07
85.07
85.07
85.07
85.07
85.07
85.07
85.07
85.07
85.07
85.07
85.07
85.07
85.07
85.07
85.07
85.07
85.07
85.07
85.07
85.07
85.07
85.07
85.07
85.07
85.07
85.07
85.07
85.07
85.07
85.07
85.07
85.07
85.07
85.07
85.07
85.07
85.07
85.07
85.07
85.07
85.07
85.07
85.07
85.07
85.07
85.07
85.07
85.07
85.07
85.07
85.07
85.07
85.07
85.07
85.07
85.07
85.07
85.07
85.07
85.07
85.07
85.07
85.07
85.07
85.07
85.07
85.07
85.07
85.07
85.07
85.07
85.07
85.07
85.07
85.07
85.07
85.07
85.07
85.07
85.07
85.07
85.07
85.07
85.07
85.07
85.07
85.07
85.07
85.07
85.07
85.07
85.07
85.07
85.07
85.07
85.07
85.07
85.07
85.07
85.07
85.07
85.07
85.07
85.07
85.07
85.07
85.07
85.07
85.07
85.07
85.07
85.07
85.07
85.07
85.07
85.07
85.07
85.07
85.07
85.07
85.07
85.07
85.07
85.07
85.07
85.07
85.07
85.07
85.07
85.07
85.07
85.07
85.07
85.07
85.07
85.07
85.07
85.07
85.07
85.07
85.07
85.07
85.07
85.07
85.07
85.07
85.07
85.07
85.07
88.75
87.53
87.32
87.73
87.73
86.91
86.09
86.30
86.50
87.32
86.50
86.30
86.50
85.28
85.89
85.69
85.48
86.30
86.91
86.30
88.34
88.14
86.09
87.32
86.50
88.55
88.55
87.32
86.30
86.30
86.30
86.30
85.89
85.89
84.46
84.25
85.28
86.30
88.14
86.50
86.91
86.50
86.71
86.71
86.50
85.69
86.91
86.91
86.50
88.14
88.96
88.96
89.57
89.16
90.18
90.39
89.98
91.41
91.41
89.57
88.75
87.93
87.32
88.34
88.96
89.78
90.59
90.80
91.62
92.23
92.23
93.46
93.87
94.07
94.07
93.87
93.66
92.84
92.23
92.43
92.43
93.46
93.46
93.46
93.25
93.66
93.87
93.46
93.46
92.43
93.66
92.02
91.21
91.21
89.98
91.62
90.39
89.37
89.57
88.14
88.14
88.14
88.14
88.14
88.14
88.14
88.14
88.14
88.14
88.14
88.14
88.14
88.14
88.14
88.14
88.14
88.14
88.14
88.14
88.14
88.14
88.14
88.14
88.14
88.14
88.14
88.14
88.14
88.14
88.14
88.14
88.14
88.14
88.14
88.14
88.14
88.14
88.14
88.14
88.14
88.14
88.14
88.14
88.14
88.14
88.14
88.14
88.14
88.14
88.14
88.14
88.14
88.14
88.14
88.14
88.14
88.14
88.14
88.14
88.14
88.14
88.14
88.14
88.14
88.14
88.14
88.14
88.14
88.14
88.14
88.14
88.14
88.14
88.14
88.14
88.14
88.14
88.14
88.14
88.14
88.14
88.14
88.14
88.14
88.14
88.14
88.14
88.14
88.14
88.14
88.14
88.14
88.14
88.14
88.14
88.14
88.14
88.14
88.14
88.14
88.14
88.14
88.14
88.14
88.14
88.14
88.14
88.14
88.14
88.14
88.14
88.14
88.14
88.14
88.14
88.14
88.14
88.14
88.14
88.14
88.14
88.14
88.14
88.14
88.14
88.14
88.14
88.14
88.14
88.14
88.14
88.14
88.14
88.14
88.14
88.14
88.14
88.14
88.14
88.14
88.14
88.14
88.14
88.14
88.14
88.14
88.14
88.14
88.14
88.14
88.14
88.14
88.14
88.14
88.14
88.14
88.14
88.14
88.14
88.14
88.14
88.14
88.14
88.14
88.14
88.14
88.14
88.14
88.14
88.14
88.14
88.14
88.14
88.14
88.14
88.14
88.14
88.14
88.14
88.14
88.14
88.14
88.14
88.14
88.14
88.14
88.14
88.14
88.14
88.14
88.14
88.14
88.14
88.14
88.14
88.14
88.14
88.14
88.14
88.14
88.14
88.14
88.14
88.14
88.14
88.14
88.14
88.14
88.14
88.14
88.14
88.14
88.14
88.14
88.14
88.14
88.14
88.14
88.14
88.14
88.14
88.14
88.14
88.14
88.14
88.14
88.14
88.14
88.14
88.14
88.14
88.14
88.14
88.14
60.33
60.33
60.53
60.33
60.33
60.33
60.33
60.33
60.33
60.33
60.33
60.33
60.33
60.33
60.33
60.33
60.33
60.33
60.33
60.33
60.33
60.33
60.33
60.33
60.33
60.33
60.33
60.33
60.33
60.33
60.33
60.33
60.33
60.33
60.33
60.33
60.33
60.33
60.33
60.33
60.33
60.33
60.33
60.33
60.33
60.33
60.33
60.33
60.33
60.33
60.33
60.33
60.33
60.33
60.33
60.33
60.33
60.33
60.33
60.33
60.33
60.33
60.33
60.33
60.33
60.33
70.14
73.62
72.60
72.19
74.23
72.80
65.64
65.64
60.53
59.30
57.26
53.78
65.24
65.85
59.51
65.44
72.60
75.46
78.53
78.53
82.41
82.41
83.64
81.19
80.57
82.21
84.05
83.44
89.37
89.78
89.98
88.75
88.75
88.55
86.09
84.05
84.25
89.57
89.57
89.57
88.75
89.78
91.82
93.05
93.46
93.25
94.48
94.27
92.64
92.43
92.43
92.43
92.84
93.46
95.30
94.27
94.89
94.07
95.09
95.09
93.25
94.89
95.50
93.87
94.89
94.89
94.68
93.46
94.48
93.87
94.27
93.05
92.84
91.62
93.25
93.66
92.84
91.41
92.43
92.23
91.21
91.82
91.82
92.84
93.25
93.25
93.25
92.23
91.00
91.00
88.55
88.34
89.57
91.21
91.00
88.75
90.59
91.41
90.18
90.39
71.98
71.37
70.96
69.94
68.71
69.94
70.55
70.35
66.87
66.87
66.67
66.05
64.62
64.62
64.42
64.62
64.01
63.39
63.39
63.39
63.39
62.58
62.58
62.58
62.58
64.21
64.21
65.03
66.46
66.87
67.48
66.46
66.46
66.46
66.46
69.12
71.98
71.78
71.98
74.85
71.98
73.01
73.01
74.03
74.23
78.32
78.94
77.91
78.53
77.30
77.30
75.46
75.66
76.89
79.75
80.98
78.32
79.75
80.57
80.57
81.19
79.75
79.35
80.78
80.16
79.75
80.78
81.80
82.41
79.55
82.62
81.39
80.98
80.16
80.16
79.35
74.44
73.62
73.62
74.44
72.80
75.05
76.89
75.66
73.82
74.23
76.07
77.71
78.12
78.94
77.30
79.14
79.96
79.96
79.75
79.55
77.71
79.35
77.51
76.07
76.07
76.07
76.07
76.07
76.07
76.07
76.07
76.07
76.07
76.07
76.07
76.07
76.07
76.07
76.07
76.07
76.07
76.07
76.07
76.07
76.07
76.07
76.07
76.07
76.07
76.07
76.07
76.07
76.07
76.07
76.07
76.07
76.07
76.07
76.07
76.07
76.07
76.07
76.07
76.07
76.07
76.07
76.07
76.07
76.07
76.07
76.07
76.07
76.07
76.07
76.07
76.07
76.07
76.07
76.07
76.07
76.07
76.07
76.07
76.07
76.07
76.07
76.07
76.07
76.07
76.07
76.07
76.07
76.07
76.07
76.07
76.07
76.07
76.07
76.07
76.07
76.07
76.07
76.07
76.07
76.07
76.07
76.07
76.07
76.07
76.07
76.07
76.07
76.07
76.07
76.07
76.07
76.07
76.07
76.07
76.07
76.07
76.07
76.07
76.07
76.07
83.44
83.44
83.84
82.62
82.82
82.62
82.41
82.21
81.80
81.60
82.21
82.21
81.80
82.00
83.23
82.41
82.41
82.21
82.41
82.41
81.80
82.21
82.21
81.60
80.98
80.37
80.57
79.55
80.78
80.57
80.57
80.37
80.98
80.37
80.98
80.78
80.57
79.96
81.39
79.96
78.94
79.35
80.37
80.37
80.37
80.78
78.73
78.53
78.53
78.73
79.55
79.55
79.35
80.98
79.96
78.73
78.94
78.73
80.16
79.96
79.96
80.37
81.80
80.78
79.35
79.55
79.14
79.35
79.35
79.35
79.14
79.55
79.35
79.96
80.16
79.75
79.14
79.55
80.57
80.57
80.57
80.16
79.35
81.60
80.98
82.41
81.60
79.96
81.60
81.19
82.21
81.60
80.78
80.16
79.35
77.91
78.32
78.32
78.12
78.12
78.12
78.12
78.12
78.12
78.12
78.12
78.12
78.12
78.12
78.12
78.12
78.12
78.12
78.12
78.12
78.12
78.12
78.12
78.12
78.12
78.12
78.12
78.12
78.12
78.12
78.12
78.12
78.12
78.12
78.12
78.12
78.12
78.12
78.12
78.12
78.12
78.12
78.12
78.12
78.12
78.12
78.12
78.12
78.12
78.12
78.12
78.12
78.12
78.12
78.12
78.12
78.12
78.12
78.12
78.12
78.12
78.12
78.12
78.12
78.12
78.12
78.12
78.12
78.12
78.12
78.12
78.12
78.12
78.12
78.12
78.12
78.12
78.12
78.12
78.12
78.12
78.12
78.12
78.12
78.12
78.12
78.12
78.12
78.12
78.12
78.12
78.12
78.12
78.12
78.12
78.12
78.12
78.12
78.12
78.12
78.12
78.12
78.12
78.12
78.12
78.12
78.12
78.12
78.12
78.12
78.12
78.12
78.12
78.12
78.12
78.12
78.12
78.12
78.12
78.12
78.12
78.12
78.12
78.12
78.12
78.12
78.12
78.12
78.12
78.12
78.12
78.12
78.12
78.12
78.12
78.12
84.66
84.87
85.89
85.48
85.48
85.69
81.80
81.39
80.16
79.55
79.35
79.35
78.32
77.91
77.91
77.91
78.32
77.71
77.51
78.53
78.12
77.91
77.30
77.51
77.71
78.12
78.12
77.51
76.69
77.10
77.30
78.53
77.71
78.94
79.14
77.91
78.94
78.12
77.71
77.51
78.12
78.12
78.12
78.12
77.71
77.91
77.30
77.91
76.07
77.51
76.07
76.48
77.30
77.91
78.73
80.78
79.14
78.73
82.00
85.07
85.07
85.07
85.07
85.48
85.07
84.87
85.89
85.89
82.00
86.09
83.03
83.03
82.82
81.60
79.55
83.44
84.46
83.03
84.66
84.87
86.09
85.07
84.25
84.66
87.73
87.73
87.73
87.53
86.91
86.50
86.50
86.50
82.62
82.62
83.84
83.23
83.84
81.39
83.84
81.80
82.21
81.39
83.03
82.82
80.37
80.78
84.25
84.46
83.84
82.00
84.25
84.46
85.69
87.53
87.93
88.34
87.12
87.32
87.32
88.55
87.32
89.16
90.80
88.75
87.73
86.50
86.50
84.87
88.14
88.96
88.34
90.39
91.41
91.82
91.82
91.41
90.59
89.98
90.18
90.59
92.23
92.84
93.25
92.64
93.05
93.25
93.05
93.05
93.05
93.25
93.05
91.41
90.59
90.39
90.59
89.78
89.98
89.57
88.14
87.12
84.46
83.44
83.64
82.00
83.03
86.50
86.91
88.75
88.75
88.75
88.75
88.75
88.75
88.75
88.75
88.75
88.75
88.75
88.75
88.75
88.75
88.75
88.75
88.75
88.75
88.75
88.75
88.75
88.75
88.75
88.75
88.75
88.75
88.75
88.75
88.75
88.75
88.75
88.75
88.75
88.75
88.75
88.75
88.75
88.75
88.75
88.75
88.75
88.75
88.75
88.75
88.75
88.75
88.75
88.75
88.75
88.75
88.75
88.75
88.75
88.75
88.75
88.75
88.75
88.75
88.75
88.75
88.75
88.75
88.75
88.75
88.75
88.75
88.75
88.75
88.75
88.75
88.75
88.75
88.75
88.75
88.75
88.75
88.75
88.75
88.75
88.75
88.75
88.75
88.75
88.75
88.75
88.75
88.75
88.75
88.75
88.75
88.75
88.75
88.75
88.75
88.75
88.75
88.75
88.75
88.75
88.75
88.75
88.75
88.75
88.75
88.75
88.75
88.75
88.75
88.75
88.75
88.75
88.75
88.75
88.75
88.75
88.75
88.75
88.75
88.75
88.75
88.75
88.75
88.75
88.75
88.75
88.75
88.75
88.75
88.75
88.75
88.75
88.75
88.75
88.75
88.75
88.75
88.75
88.75
88.75
88.75
88.75
88.75
88.75
88.75
88.75
88.75
88.75
88.75
88.75
88.75
88.75
88.75
88.75
88.75
88.75
88.75
88.75
88.75
88.75
88.75
88.75
88.75
88.75
88.75
88.75
88.75
88.75
88.75
88.75
88.75
88.75
88.75
88.75
88.75
88.75
88.75
88.75
88.75
88.75
88.75
88.75
88.75
88.75
88.75
88.75
88.75
88.75
88.75
88.75
88.75
88.75
88.75
88.75
88.75
88.75
88.75
88.75
88.75
88.75
88.75
88.75
61.96
61.55
61.96
61.96
61.55
61.35
61.35
61.35
61.35
61.35
61.35
61.35
61.15
61.35
60.94
60.74
61.35
60.94
61.35
61.15
60.94
61.96
62.17
61.55
61.55
61.55
61.35
61.55
61.15
60.94
60.94
61.55
62.17
61.55
61.96
62.17
62.58
61.55
61.15
60.94
61.55
61.55
61.55
61.96
63.39
62.37
61.55
63.39
63.39
63.39
64.21
64.83
64.42
63.19
61.76
61.55
61.55
60.94
61.15
60.94
60.53
60.33
60.33
60.53
60.94
60.74
60.94
60.94
61.35
61.96
64.01
62.99
62.78
61.96
62.17
61.55
61.35
61.15
61.15
61.15
61.15
61.15
60.94
60.33
60.33
60.33
60.33
60.33
60.33
60.33
60.33
60.33
60.33
60.33
60.33
60.33
60.33
60.53
61.15
60.53
87.73
92.02
89.98
93.46
92.64
93.46
92.02
92.43
92.02
93.46
93.05
92.02
93.87
93.66
93.46
91.62
92.43
91.62
93.87
93.87
91.41
89.98
89.57
89.98
88.14
88.96
90.59
88.75
87.93
88.96
88.55
88.55
88.55
92.84
93.66
92.23
92.84
90.39
90.39
91.21
89.37
90.39
90.39
91.41
91.82
92.23
94.07
94.27
92.23
93.25
92.43
92.64
92.43
92.23
89.16
91.41
92.23
92.43
92.43
93.05
92.64
92.43
92.43
91.41
91.41
91.41
91.41
91.41
90.80
91.41
93.46
92.43
92.84
92.43
92.43
92.43
92.43
92.84
93.87
94.27
94.48
94.48
94.48
94.48
94.48
92.84
91.62
88.75
87.93
88.34
87.93
87.93
88.75
91.82
94.27
94.27
94.48
93.66
94.68
94.68
84.87
84.66
85.07
84.46
83.64
83.64
83.03
83.23
82.21
82.21
82.00
80.37
80.37
81.80
82.21
82.21
81.39
81.60
82.82
85.48
85.89
86.71
87.32
88.14
88.14
89.57
89.16
88.55
89.98
89.78
90.18
89.57
88.75
88.75
86.91
87.12
87.12
87.12
88.34
89.78
89.37
92.02
91.62
91.62
92.64
92.64
93.05
91.62
91.62
91.82
91.62
92.02
92.64
92.84
92.02
91.82
92.64
92.02
92.02
92.02
92.02
91.62
91.62
91.62
91.62
92.23
92.23
92.02
91.62
92.23
92.02
91.41
89.98
89.98
89.98
89.98
90.18
89.98
90.18
89.37
89.37
89.37
89.78
89.98
90.18
91.82
91.82
91.00
91.41
91.41
91.82
91.21
91.82
92.02
91.41
91.41
91.00
91.21
91.21
91.00
91.00
91.00
91.00
91.00
91.00
91.00
91.00
91.00
91.00
91.00
91.00
91.00
91.00
91.00
91.00
91.00
91.00
91.00
91.00
91.00
91.00
91.00
91.00
91.00
91.00
91.00
91.00
91.00
91.00
91.00
91.00
91.00
91.00
91.00
91.00
91.00
91.00
91.00
91.00
91.00
91.00
91.00
91.00
91.00
91.00
91.00
91.00
91.00
66.46
65.03
64.83
65.03
65.85
67.69
67.08
66.26
67.08
65.24
65.24
63.80
62.37
62.99
63.19
62.99
63.39
63.19
64.42
65.03
62.99
62.99
62.99
63.19
63.60
63.80
63.19
63.19
62.99
62.78
62.99
62.78
62.58
62.58
62.17
61.76
61.15
61.55
61.15
61.15
60.94
60.94
61.15
61.35
61.35
62.17
61.76
61.15
61.76
61.35
61.96
61.96
83.64
83.44
83.64
83.64
83.23
83.23
83.03
83.03
83.23
83.23
83.03
83.03
83.03
82.41
82.62
82.21
82.82
82.41
82.62
82.21
82.21
82.21
82.21
82.41
82.00
82.41
82.41
82.62
82.62
82.62
82.62
82.62
82.41
82.00
82.82
82.62
82.62
82.62
82.62
82.62
82.41
82.82
82.21
82.82
82.82
82.82
83.03
83.03
82.82
83.03
83.03
83.44
83.03
83.03
83.64
83.84
84.05
84.25
84.25
84.25
82.82
83.23
83.23
83.23
83.03
83.44
83.44
83.44
83.44
83.64
83.84
83.84
84.25
84.46
84.46
84.05
84.05
84.46
85.07
85.07
85.07
85.07
84.66
84.05
84.66
84.87
84.66
85.07
86.30
85.07
86.30
85.89
87.32
87.32
87.32
87.12
86.50
86.71
86.71
86.30
67.08
65.85
67.28
71.17
74.64
74.64
68.92
74.85
75.26
76.07
77.10
74.85
74.85
78.32
78.32
78.32
78.32
68.30
72.60
72.60
72.60
75.05
79.14
77.10
73.82
73.82
75.46
74.03
78.73
76.28
79.55
79.55
75.26
71.78
67.48
64.01
64.01
64.01
64.01
61.15
60.94
60.94
60.33
60.33
60.53
61.15
60.33
60.33
60.33
60.53
60.33
60.33
60.33
60.33
60.33
60.33
60.53
60.53
60.33
60.33
60.33
60.53
60.33
60.33
60.33
60.33
60.33
60.33
60.33
60.33
60.33
60.33
60.33
60.33
60.33
60.33
60.33
60.33
60.33
60.74
61.15
61.15
61.55
61.55
60.53
60.33
60.33
60.33
60.33
60.12
60.33
60.33
60.33
60.33
60.33
60.33
60.33
60.33
60.33
60.33
86.50
86.09
86.50
86.09
85.89
85.07
84.05
85.48
85.69
86.30
86.91
85.69
85.69
85.69
86.91
86.09
85.69
84.87
85.07
86.30
86.71
85.89
86.71
86.50
85.69
85.48
85.69
85.69
86.30
86.30
85.28
85.07
85.07
85.28
86.09
86.30
86.09
85.89
85.69
85.69
85.69
85.48
85.69
85.69
86.09
85.89
85.89
84.87
84.66
84.05
84.66
85.48
85.48
85.48
85.69
85.69
85.69
85.48
85.48
85.69
83.44
82.21
79.55
79.35
78.73
77.71
77.71
78.53
78.53
78.53
78.32
78.12
77.30
77.30
77.30
77.30
77.51
77.71
77.91
78.12
77.51
77.51
77.30
77.30
78.12
77.51
79.96
78.73
78.53
78.73
78.73
78.53
77.51
76.07
76.07
76.07
76.07
75.87
75.66
75.26
75.26
75.26
75.26
75.26
75.26
75.26
75.26
75.26
75.26
75.26
75.26
75.26
75.26
75.26
75.26
75.26
75.26
75.26
75.26
75.26
75.26
75.26
75.26
75.26
75.26
75.26
75.26
75.26
75.26
75.26
75.26
75.26
75.26
75.26
75.26
75.26
75.26
75.26
75.26
75.26
75.26
75.26
75.26
75.26
75.26
75.26
75.26
75.26
75.26
75.26
75.26
75.26
75.26
75.26
75.26
75.26
75.26
75.26
75.26
75.26
75.26
75.26
75.26
75.26
75.26
75.26
75.26
75.26
75.26
75.26
75.26
75.26
75.26
75.26
75.26
75.26
75.26
75.26
75.26
75.26
75.26
75.26
75.26
75.26
75.26
75.26
75.26
75.26
75.26
75.26
75.26
75.26
75.26
75.26
75.26
75.26
75.26
75.26
75.26
75.26
75.26
75.26
75.26
75.26
75.26
75.26
75.26
75.26
75.26
75.26
75.26
75.26
75.26
75.26
75.26
75.26
75.26
75.26
75.26
75.26
75.26
75.26
75.26
75.26
75.26
75.26
75.26
75.26
75.26
75.26
75.26
75.26
75.26
75.26
75.26
75.26
75.26
75.26
75.26
75.26
75.26
75.26
75.26
75.26
75.26
75.26
75.26
75.26
75.26
75.26
75.26
75.26
75.26
75.26
75.26
75.26
75.26
75.26
75.26
75.26
75.26
75.26
75.26
75.26
75.26
75.26
75.26
75.26
75.26
75.26
75.26
75.26
75.26
75.26
75.26
75.26
75.26
75.26
75.26
75.26
75.26
75.26
75.26
75.26
75.26
75.26
75.26
75.26
75.26
75.26
75.26
75.26
75.26
75.26
75.26
75.26
75.26
75.26
75.26
75.26
75.26
75.26
75.26
75.26
75.26
75.26
75.26
75.26
75.26
75.26
75.26
75.26
75.26
75.26
75.26
75.26
75.26
75.26
75.26
75.26
75.26
75.26
75.26
75.26
75.26
75.26
75.26
75.26
75.26
75.26
75.26
75.26
75.26
75.26
75.26
75.26
75.26
75.26
75.26
75.26
75.26
75.26
75.26
75.26
75.26
75.26
75.26
75.26
75.26
75.26
75.26
75.26
75.26
75.26
75.26
75.26
75.26
75.26
75.26
75.26
75.26
75.26
75.26
75.26
75.26
75.26
75.26
75.26
75.26
75.26
75.26
75.26
75.26
75.26
75.26
75.26
75.26
75.26
75.26
75.26
75.26
75.26
75.26
75.26
75.26
75.26
75.26
75.26
75.26
75.26
75.26
75.26
75.26
75.26
75.26
75.26
75.26
75.26
75.26
75.26
75.26
75.26
75.26
75.26
75.26
75.26
75.26
75.26
75.26
75.26
75.26
75.26
75.26
75.26
75.26
75.26
75.26
75.26
75.26
75.26
75.26
75.26
75.26
75.26
75.26
75.26
75.26
75.26
75.26
75.26
75.26
75.26
75.26
75.26
75.26
75.26
75.26
75.26
75.26
75.26
75.26
75.26
75.26
75.26
75.26
75.26
75.26
75.26
75.26
75.26
75.26
75.26
75.26
75.26
75.26
75.26
75.26
75.26
75.26
75.26
75.26
75.26
75.26
75.26
75.26
75.26
75.26
75.26
75.26
75.26
75.26
75.26
75.26
75.26
75.26
75.26
75.26
75.26
75.26
75.26
75.26
75.26
75.26
75.26
75.26
75.26
75.26
75.26
75.26
75.26
75.26
75.26
75.26
75.26
75.26
75.26
75.26
75.26
75.26
75.26
75.26
75.26
75.26
75.26
75.26
75.26
75.26
75.26
75.26
75.26
75.26
75.26
75.26
75.26
75.26
75.26
75.26
75.26
75.26
75.26
75.26
75.26
75.26
75.26
75.26
75.26
75.26
75.26
75.26
75.26
75.26
75.26
75.26
75.26
75.26
75.26
75.26
75.26
75.26
75.26
75.26
75.26
75.26
75.26
75.26
75.26
75.26
75.26
75.26
75.26
75.26
75.26
75.26
75.26
75.26
75.26
75.26
75.26
75.26
75.26
75.26
75.26
75.26
75.26
75.26
75.26
75.26
75.26
75.26
75.26
75.26
75.26
75.26
75.26
75.26
75.26
75.26
75.26
75.26
75.26
75.26
75.26
75.26
75.26
75.26
75.26
75.26
75.26
75.26
75.26
75.26
75.26
75.26
75.26
75.26
75.26
75.26
75.26
75.26
75.26
75.26
75.26
75.26
75.26
75.26
75.26
75.26
75.26
75.26
75.26
75.26
75.26
75.26
75.26
75.26
75.26
75.26
75.26
75.26
75.26
75.26
75.26
75.26
75.26
75.26
75.26
75.26
75.26
75.26
75.26
75.26
75.26
75.26
75.26
75.26
75.26
75.26
75.26
75.26
75.26
75.26
75.26
75.26
75.26
75.26
75.26
75.26
75.26
75.26
75.26
75.26
75.26
75.26
75.26
75.26
75.26
75.26
75.26
75.26
75.26
75.26
75.26
75.26
75.26
75.26
75.26
75.26
75.26
75.26
75.26
75.26
75.26
75.26
75.26
75.26
75.26
75.26
75.26
75.26
75.26
75.26
75.26
75.26
75.26
75.26
75.26
75.26
75.26
75.26
75.26
75.26
75.26
75.26
75.26
75.26
75.26
75.26
75.26
75.26
75.26
75.26
75.26
75.26
75.26
75.26
75.26
75.26
75.26
75.26
75.26
75.26
75.26
75.26
75.26
75.26
75.26
75.26
75.26
75.26
75.26
75.26
75.26
75.26
75.26
75.26
75.26
75.26
75.26
75.26
75.26
75.26
75.26
75.26
75.26
75.26
75.26
75.26
75.26
75.26
75.26
75.26
75.26
75.26
75.26
75.26
75.26
75.26
75.26
75.26
75.26
75.26
75.26
75.26
75.26
75.26
75.26
75.26
75.26
75.26
75.26
75.26
75.26
75.26
75.26
75.26
75.26
75.26
75.26
75.26
75.26
75.26
75.26
75.26
75.26
75.26
75.26
75.26
75.26
75.26
75.26
75.26
75.26
75.26
75.26
75.26
75.26
75.26
75.26
75.26
75.26
75.26
75.26
75.26
75.26
75.26
75.26
75.26
75.26
75.26
75.26
75.26
75.26
75.26
75.26
75.26
75.26
75.26
75.26
75.26
75.26
75.26
75.26
75.26
75.26
75.26
75.26
75.26
75.26
75.26
75.26
75.26
75.26
75.26
75.26
75.26
75.26
75.26
75.26
75.26
75.26
75.26
75.26
75.26
75.26
75.26
75.26
75.26
75.26
75.26
75.26
75.26
75.26
75.26
75.26
75.26
75.26
75.26
75.26
75.26
75.26
75.26
75.26
75.26
75.26
75.26
75.26
75.26
75.26
75.26
75.26
75.26
75.26
75.26
75.26
75.26
75.26
75.26
75.26
75.26
75.26
75.26
75.26
75.26
75.26
75.26
75.26
75.26
75.26
75.26
75.26
75.26
75.26
75.26
75.26
75.26
75.26
75.26
75.26
75.26
75.26
75.26
75.26
75.26
75.26
75.26
75.26
75.26
75.26
75.26
75.26
75.26
75.26
75.26
75.26
75.26
75.26
75.26
75.26
75.26
75.26
75.26
75.26
75.26
75.26
75.26
75.26
75.26
75.26
75.26
75.26
75.26
75.26
75.26
75.26
75.26
75.26
75.26
75.26
75.26
75.26
75.26
75.26
75.26
75.26
75.26
75.26
75.26
75.26
75.26
75.26
75.26
75.26
75.26
75.26
75.26
75.26
75.26
75.26
75.26
75.26
75.26
75.26
75.26
75.26
75.26
75.26
75.26
75.26
75.26
75.26
75.26
75.26
75.26
75.26
75.26
75.26
75.26
75.26
75.26
75.26
75.26
75.26
75.26
75.26
75.26
75.26
75.26
75.26
75.26
75.26
75.26
75.26
75.26
75.26
75.26
75.26
75.26
75.26
75.26
75.26
75.26
75.26
75.26
75.26
75.26
75.26
75.26
75.26
75.26
75.26
75.26
75.26
75.26
75.26
75.26
75.26
75.26
75.26
75.26
75.26
75.26
75.26
75.26
75.26
75.26
75.26
75.26
75.26
75.26
75.26
75.26
75.26
75.26
75.26
75.26
75.26
75.26
75.26
75.26
75.26
75.26
75.26
75.26
75.26
75.26
75.26
75.26
75.26
75.26
75.26
75.26
75.26
75.26
75.26
75.26
75.26
75.26
75.26
75.26
75.26
75.26
75.26
75.26
75.26
75.26
75.26
75.26
75.26
75.26
75.26
75.26
75.26
75.26
75.26
75.26
75.26
75.26
75.26
75.26
75.26
75.26
75.26
75.26
75.26
75.26
75.26
75.26
75.26
75.26
75.26
75.26
75.26
75.26
75.26
75.26
75.26
75.26
75.26
75.26
75.26
75.26
75.26
75.26
75.26
75.26
75.26
75.26
75.26
75.26
75.26
75.26
75.26
75.26
75.26
75.26
75.26
75.26
75.26
75.26
75.26
75.26
75.26
75.26
75.26
75.26
75.26
75.26
75.26
75.26
75.26
75.26
75.26
75.26
75.26
75.26
75.26
75.26
75.26
75.26
75.26
75.26
75.26
75.26
75.26
75.26
75.26
75.26
75.26
75.26
75.26
75.26
75.26
75.26
75.26
75.26
75.26
75.26
75.26
75.26
75.26
75.26
75.26
75.26
75.26
75.26
75.26
75.26
75.26
75.26
75.26
75.26
75.26
75.26
75.26
75.26
75.26
75.26
75.26
75.26
75.26
75.26
75.26
75.26
75.26
75.26
75.26
75.26
75.26
75.26
75.26
75.26
75.26
75.26
75.26
75.26
75.26
75.26
75.26
75.26
75.26
75.26
75.26
75.26
75.26
75.26
75.26
75.26
75.26
75.26
75.26
75.26
75.26
75.26
75.26
75.26
75.26
75.26
75.26
75.26
75.26
75.26
75.26
75.26
75.26
75.26
75.26
75.26
75.26
75.26
75.26
75.26
75.26
75.26
75.26
75.26
75.26
75.26
75.26
75.26
75.26
75.26
75.26
75.26
75.26
75.26
75.26
75.26
75.26
75.26
75.26
75.26
75.26
75.26
75.26
75.26
75.26
75.26
75.26
75.26
75.26
75.26
75.26
75.26
75.26
75.26
75.26
75.26
75.26
75.26
75.26
75.26
75.26
75.26
75.26
75.26
75.26
75.26
75.26
75.26
75.26
75.26
75.26
75.26
75.26
75.26
75.26
75.26
75.26
75.26
75.26
75.26
75.26
75.26
75.26
75.26
75.26
75.26
75.26
75.26
75.26
75.26
75.26
75.26
75.26
75.26
75.26
75.26
75.26
75.26
75.26
75.26
75.26
75.26
75.26
75.26
75.26
75.26
75.26
75.26
75.26
75.26
75.26
75.26
75.26
75.26
75.26
75.26
75.26
75.26
75.26
75.26
75.26
75.26
75.26
75.26
75.26
75.26
75.26
75.26
75.26
75.26
75.26
75.26
75.26
75.26
75.26
75.26
75.26
75.26
75.26
75.26
75.26
75.26
75.26
75.26
75.26
75.26
75.26
75.26
75.26
75.26
75.26
75.26
75.26
75.26
75.26
75.26
75.26
75.26
75.26
75.26
75.26
75.26
75.26
75.26
75.26
75.26
75.26
75.26
75.26
75.26
75.26
75.26
75.26
75.26
75.26
75.26
75.26
75.26
75.26
75.26
75.26
75.26
75.26
75.26
75.26
75.26
75.26
75.26
75.26
75.26
75.26
75.26
75.26
75.26
75.26
75.26
75.26
75.26
75.26
75.26
75.26
75.26
75.26
75.26
75.26
75.26
75.26
75.26
75.26
75.26
75.26
75.26
75.26
75.26
75.26
75.26
75.26
75.26
75.26
75.26
75.26
75.26
75.26
75.26
75.26
75.26
75.26
75.26
75.26
75.26
75.26
75.26
75.26
75.26
75.26
75.26
75.26
75.26
75.26
75.26
75.26
75.26
75.26
75.26
75.26
75.26
75.26
75.26
75.26
75.26
75.26
75.26
75.26
75.26
75.26
75.26
75.26
75.26
75.26
75.26
75.26
75.26
75.26
75.26
75.26
75.26
75.26
75.26
75.26
75.26
75.26
75.26
75.26
75.26
75.26
75.26
75.26
75.26
75.26
75.26
75.26
75.26
75.26
75.26
75.26
75.26
75.26
75.26
75.26
75.26
75.26
75.26
75.26
75.26
75.26
75.26
75.26
75.26
75.26
75.26
75.26
75.26
75.26
75.26
75.26
75.26
75.26
75.26
75.26
75.26
75.26
75.26
75.26
75.26
75.26
75.26
75.26
75.26
75.26
75.26
75.26
75.26
75.26
75.26
75.26
75.26
75.26
75.26
75.26
75.26
75.26
75.26
75.26
75.26
75.26
75.26
75.26
75.26
75.26
75.26
75.26
75.26
75.26
75.26
75.26
75.26
75.26
75.26
75.26
75.26
75.26
75.26
75.26
75.26
75.26
75.26
75.26
75.26
75.26
75.26
75.26
75.26
75.26
75.26
75.26
75.26
75.26
75.26
75.26
75.26
75.26
75.26
75.26
75.26
75.26
75.26
75.26
75.26
75.26
75.26
75.26
75.26
75.26
75.26
75.26
75.26
75.26
75.26
75.26
75.26
75.26
75.26
75.26
75.26
75.26
75.26
75.26
75.26
75.26
75.26
75.26
75.26
75.26
75.26
75.26
75.26
75.26
75.26
75.26
75.26
75.26
75.26
75.26
75.26
75.26
75.26
75.26
75.26
75.26
75.26
75.26
75.26
75.26
75.26
75.26
75.26
75.26
75.26
75.26
75.26
75.26
75.26
75.26
75.26
75.26
75.26
75.26
75.26
75.26
75.26
75.26
75.26
75.26
75.26
75.26
75.26
75.26
75.26
75.26
75.26
75.26
75.26
75.26
75.26
75.26
75.26
75.26
75.26
75.26
75.26
75.26
75.26
75.26
75.26
75.26
75.26
75.26
75.26
75.26
75.26
75.26
75.26
75.26
75.26
75.26
75.26
75.26
75.26
75.26
75.26
75.26
75.26
75.26
75.26
75.26
75.26
75.26
75.26
75.26
75.26
75.26
75.26
75.26
75.26
75.26
75.26
75.26
75.26
75.26
75.26
75.26
75.26
75.26
75.26
75.26
75.26
75.26
75.26
75.26
75.26
75.26
75.26
75.26
75.26
75.26
75.26
75.26
75.26
75.26
75.26
75.26
75.26
75.26
75.26
75.26
75.26
75.26
75.26
75.26
75.26
75.26
75.26
75.26
75.26
75.26
75.26
75.26
75.26
75.26
75.26
75.26
75.26
75.26
75.26
75.26
75.26
75.26
75.26
75.26
75.26
75.26
75.26
75.26
75.26
75.26
75.26
75.26
75.26
75.26
75.26
75.26
75.26
75.26
75.26
75.26
75.26
75.26
75.26
75.26
75.26
75.26
75.26
75.26
75.26
75.26
75.26
75.26
75.26
75.26
75.26
75.26
75.26
75.26
75.26
75.26
75.26
75.26
75.26
75.26
75.26
75.26
75.26
75.26
75.26
75.26
75.26
75.26
75.26
75.26
75.26
75.26
75.26
75.26
75.26
75.26
75.26
75.26
75.26
75.26
75.26
75.26
75.26
75.26
75.26
75.26
75.26
75.26
75.26
75.26
75.26
75.26
75.26
75.26
75.26
75.26
75.26
75.26
75.26
75.26
75.26
75.26
75.26
75.26
75.26
75.26
75.26
75.26
75.26
75.26
75.26
75.26
75.26
75.26
75.26
75.26
75.26
75.26
75.26
75.26
75.26
75.26
75.26
75.26
75.26
75.26
75.26
75.26
75.26
75.26
75.26
75.26
75.26
75.26
75.26
75.26
75.26
75.26
75.26
75.26
75.26
75.26
75.26
75.26
75.26
75.26
75.26
75.26
75.26
75.26
75.26
75.26
75.26
75.26
75.26
75.26
75.26
75.26
75.26
75.26
75.26
75.26
75.26
75.26
75.26
75.26
75.26
75.26
75.26
75.26
75.26
75.26
75.26
75.26
75.26
75.26
75.26
75.26
75.26
75.26
75.26
75.26
75.26
75.26
75.26
75.26
75.26
75.26
75.26
75.26
75.26
75.26
75.26
75.26
75.26
75.26
75.26
75.26
75.26
75.26
75.26
75.26
75.26
75.26
75.26
75.26
75.26
75.26
75.26
75.26
75.26
75.26
75.26
75.26
75.26
75.26
75.26
75.26
75.26
75.26
75.26
75.26
75.26
75.26
75.26
75.26
75.26
75.26
75.26
75.26
75.26
75.26
75.26
75.26
75.26
75.26
75.26
75.26
75.26
75.26
75.26
75.26
75.26
75.26
75.26
75.26
75.26
75.26
75.26
75.26
75.26
75.26
75.26
75.26
75.26
75.26
75.26
75.26
75.26
75.26
75.26
75.26
75.26
75.26
75.26
75.26
75.26
75.26
75.26
75.26
75.26
75.26
75.26
75.26
75.26
75.26
75.26
75.26
75.26
75.26
75.26
75.26
75.26
75.26
75.26
75.26
75.26
75.26
75.26
75.26
75.26
75.26
75.26
75.26
75.26
75.26
75.26
75.26
75.26
75.26
75.26
75.26
75.26
75.26
75.26
75.26
75.26
75.26
75.26
75.26
75.26
75.26
75.26
75.26
75.26
75.26
75.26
75.26
75.26
75.26
75.26
75.26
75.26
75.26
75.26
75.26
75.26
75.26
75.26
75.26
75.26
75.26
75.26
75.26
75.26
75.26
75.26
75.26
75.26
75.26
75.26
75.26
75.26
75.26
75.26
75.26
75.26
75.26
75.26
75.26
75.26
75.26
75.26
75.26
75.26
75.26
75.26
75.26
75.26
75.26
75.26
75.26
75.26
75.26
75.26
75.26
75.26
75.26
75.26
75.26
75.26
75.26
75.26
75.26
75.26
75.26
75.26
75.26
75.26
75.26
75.26
75.26
75.26
75.26
75.26
75.26
75.26
75.26
75.26
75.26
75.26
75.26
75.26
75.26
75.26
75.26
75.26
75.26
75.26
75.26
75.26
75.26
75.26
75.26
75.26
75.26
75.26
75.26
75.26
75.26
75.26
75.26
75.26
75.26
75.26
75.26
75.26
75.26
75.26
75.26
75.26
75.26
75.26
75.26
75.26
75.26
75.26
75.26
75.26
75.26
75.26
75.26
75.26
75.26
75.26
75.26
75.26
75.26
75.26
75.26
75.26
75.26
75.26
75.26
75.26
75.26
75.26
75.26
75.26
75.26
75.26
75.26
75.26
75.26
75.26
75.26
75.26
75.26
75.26
75.26
75.26
75.26
75.26
75.26
75.26
75.26
75.26
75.26
75.26
75.26
75.26
75.26
75.26
75.26
75.26
75.26
75.26
75.26
75.26
75.26
75.26
75.26
75.26
75.26
75.26
75.26
75.26
75.26
75.26
75.26
75.26
75.26
75.26
75.26
75.26
75.26
75.26
75.26
75.26
75.26
75.26
75.26
75.26
75.26
75.26
75.26
75.26
75.26
75.26
75.26
75.26
75.26
75.26
75.26
75.26
75.26
75.26
75.26
75.26
75.26
75.26
75.26
75.26
75.26
75.26
75.26
75.26
75.26
75.26
75.26
75.26
75.26
75.26
75.26
75.26
75.26
75.26
75.26
75.26
75.26
75.26
75.26
75.26
75.26
75.26
75.26
75.26
75.26
75.26
75.26
75.26
75.26
75.26
75.26
75.26
75.26
75.26
75.26
75.26
75.26
75.26
75.26
75.26
75.26
75.26
75.26
75.26
75.26
75.26
75.26
75.26
75.26
75.26
75.26
75.26
75.26
75.26
75.26
75.26
75.26
75.26
75.26
75.26
75.26
75.26
75.26
75.26
75.26
75.26
75.26
75.26
75.26
75.26
75.26
75.26
75.26
75.26
75.26
75.26
75.26
75.26
75.26
75.26
75.26
75.26
75.26
75.26
75.26
75.26
75.26
75.26
75.26
75.26
75.26
75.26
75.26
75.26
75.26
75.26
75.26
75.26
75.26
75.26
75.26
75.26
75.26
75.26
75.26
75.26
75.26
75.26
75.26
75.26
75.26
75.26
75.26
75.26
75.26
75.26
75.26
75.26
75.26
75.26
75.26
75.26
75.26
75.26
75.26
75.26
75.26
75.26
75.26
75.26
75.26
75.26
75.26
75.26
75.26
75.26
75.26
75.26
75.26
75.26
75.26
75.26
75.26
75.26
75.26
75.26
