0.00
67.28
64.83
64.83
66.05
66.05
68.30
67.69
66.87
66.67
64.83
65.64
65.64
65.44
66.46
67.28
67.48
68.71
68.30
68.10
66.67
66.05
66.67
66.05
65.64
66.46
66.46
66.46
66.26
65.85
65.85
65.85
66.26
66.67
65.64
65.64
65.64
64.62
65.03
64.62
66.26
66.46
66.26
64.42
64.42
66.26
64.42
64.83
66.46
66.46
66.46
69.53
71.98
69.73
73.21
74.23
74.64
74.85
73.21
70.14
70.35
73.21
74.03
73.82
73.42
74.23
73.82
73.82
75.46
75.46
74.85
73.42
73.62
73.62
69.94
70.14
70.14
74.85
74.85
74.64
72.60
75.05
75.66
75.87
75.87
76.69
76.69
78.73
78.32
78.53
79.75
79.75
79.75
77.71
77.91
77.91
77.91
78.12
80.57
80.16
78.73
78.73
78.73
78.73
78.73
78.73
78.73
78.73
78.73
78.73
78.73
78.73
78.73
78.73
78.73
78.73
78.73
78.73
78.73
78.73
78.73
78.73
78.73
78.73
78.73
78.73
78.73
78.73
78.73
78.73
78.73
78.73
78.73
78.73
78.73
78.73
78.73
78.73
78.73
78.73
78.73
78.73
78.73
78.73
78.73
78.73
78.73
78.73
78.73
78.73
78.73
78.73
78.73
78.73
78.73
78.73
78.73
78.73
78.73
78.73
78.73
78.73
78.73
78.73
78.73
78.73
78.73
78.73
78.73
78.73
78.73
78.73
78.73
78.73
78.73
78.73
78.73
78.73
78.73
78.73
78.73
78.73
78.73
78.73
78.73
78.73
78.73
78.73
78.73
78.73
78.73
78.73
78.73
78.73
78.73
78.73
78.73
78.73
78.73
78.73
78.73
78.73
78.73
78.73
78.73
78.73
78.73
78.73
78.73
78.73
78.73
78.73
78.73
78.73
78.73
78.73
78.73
78.73
78.73
78.73
78.73
78.73
78.73
78.73
78.73
78.73
78.73
78.73
78.73
78.73
78.73
78.73
78.73
78.73
78.73
78.73
78.73
78.73
78.73
78.73
78.73
78.73
78.73
78.73
78.73
78.73
78.73
78.73
78.73
78.73
78.73
78.73
78.73
78.73
78.73
78.73
78.73
78.73
78.73
78.73
78.73
78.73
78.73
78.73
78.73
78.73
78.73
78.73
78.73
78.73
78.73
78.73
78.73
78.73
78.73
78.73
78.73
78.73
78.73
78.73
78.73
78.73
78.73
78.73
78.73
78.73
78.73
78.73
78.73
78.73
78.73
78.73
78.73
78.73
78.73
78.73
78.73
78.73
78.73
78.73
78.73
80.78
80.57
83.64
84.46
83.84
87.12
86.50
82.62
83.44
83.44
81.80
80.37
80.37
80.37
80.78
80.57
80.16
75.05
74.85
77.71
77.71
81.60
81.19
82.00
82.41
78.94
79.75
79.75
79.35
80.37
81.60
82.41
82.41
83.44
82.21
82.41
81.80
84.05
84.87
84.66
82.00
82.41
83.03
84.46
83.03
83.64
87.12
84.05
84.05
82.00
83.03
83.03
83.03
83.23
83.23
82.82
82.82
81.80
78.73
78.73
79.96
82.00
83.84
84.87
84.87
83.84
86.91
86.71
86.91
88.14
89.57
88.75
88.55
89.16
90.59
91.00
89.37
90.80
91.00
91.00
91.00
92.02
91.62
91.62
91.00
89.37
88.75
88.75
88.75
88.75
88.14
88.14
90.59
91.21
91.21
91.21
89.98
88.75
88.34
88.34
88.34
88.34
88.34
88.34
88.34
88.34
88.34
88.34
88.34
88.34
88.34
88.34
88.34
88.34
88.34
88.34
88.34
88.34
88.34
88.34
88.34
88.34
88.34
88.34
88.34
88.34
88.34
88.34
88.34
88.34
88.34
88.34
88.34
88.34
88.34
88.34
88.34
88.34
88.34
88.34
88.34
88.34
88.34
88.34
88.34
88.34
88.34
88.34
88.34
88.34
88.34
88.34
88.34
88.34
88.34
88.34
88.34
88.34
88.34
88.34
88.34
88.34
88.34
88.34
88.34
88.34
88.34
88.34
88.34
88.34
88.34
88.34
88.34
88.34
88.34
88.34
88.34
88.34
88.34
88.34
88.34
88.34
88.34
88.34
88.34
88.34
88.34
88.34
88.34
88.34
88.34
88.34
88.34
88.34
88.34
88.34
88.34
88.34
88.34
88.34
88.34
88.34
88.34
88.34
88.34
88.34
88.34
88.34
88.34
88.34
88.34
88.34
88.34
88.34
88.34
88.34
88.34
88.34
88.34
88.34
88.34
88.34
88.34
88.34
88.34
88.34
88.34
88.34
88.34
88.34
88.34
88.34
88.34
88.34
88.34
88.34
88.34
88.34
88.34
88.34
88.34
88.34
88.34
88.34
88.34
88.34
88.34
88.34
88.34
88.34
88.34
88.34
88.34
88.34
88.34
88.34
88.34
88.34
88.34
88.34
88.34
88.34
88.34
88.34
88.34
88.34
88.34
88.34
88.34
88.34
88.34
88.34
88.34
88.34
88.34
88.34
88.34
88.34
88.34
88.34
88.34
88.34
88.34
88.34
88.34
88.34
88.34
88.34
88.34
88.34
88.34
88.34
88.34
88.34
88.34
88.34
88.34
88.34
88.34
88.34
88.34
88.34
88.34
88.34
88.34
88.34
88.34
88.34
88.34
88.34
88.34
88.34
88.34
88.34
88.34
88.34
88.34
88.34
88.34
88.34
88.34
88.34
88.34
88.34
88.34
88.34
88.34
88.34
88.34
88.34
88.34
88.34
88.34
88.34
88.34
88.34
88.34
88.34
88.34
88.34
88.34
88.34
88.34
88.34
88.34
88.34
88.34
88.34
88.34
88.34
88.34
88.34
88.34
88.34
88.34
88.34
88.34
88.34
88.34
88.34
88.34
88.34
88.34
88.34
88.34
88.34
88.34
88.34
88.34
88.34
88.34
88.34
88.34
88.34
88.34
88.34
88.34
88.34
88.34
88.34
88.34
88.34
88.34
88.34
88.34
88.34
88.34
88.34
88.34
88.34
88.34
88.34
88.34
88.34
88.34
88.34
88.34
88.34
88.34
88.34
88.34
88.34
88.34
88.34
88.34
88.34
88.34
88.34
88.34
88.34
88.34
88.34
88.34
88.34
88.34
88.34
88.34
88.34
88.34
88.34
88.34
88.34
88.34
88.34
88.34
88.34
88.34
88.34
88.34
88.34
88.34
88.34
88.34
88.34
88.34
88.34
88.34
88.34
88.34
88.34
88.34
88.34
88.34
88.34
88.34
88.34
88.34
88.34
88.34
88.34
88.34
88.34
88.34
88.34
88.34
88.34
88.34
88.34
88.34
88.34
88.34
88.34
88.34
88.34
88.34
88.34
88.34
88.34
88.34
88.34
88.34
88.34
88.34
88.34
88.34
88.34
88.34
88.34
88.34
88.34
88.34
88.34
88.34
88.34
88.34
88.34
88.34
88.34
88.34
88.34
88.34
88.34
88.34
88.34
88.34
88.34
88.34
88.34
88.34
88.34
88.34
90.18
90.59
90.39
90.59
90.39
90.39
90.39
90.39
90.59
89.78
89.98
89.57
88.34
87.93
85.48
86.91
87.73
87.93
88.34
88.34
87.93
88.14
88.34
87.53
87.53
87.93
87.93
88.34
88.75
89.16
88.14
87.53
87.53
87.32
84.87
86.30
87.32
86.09
85.69
84.66
84.66
84.25
84.25
84.05
84.05
83.84
83.23
82.00
83.64
83.03
83.84
83.23
81.80
81.19
82.62
81.60
82.41
80.57
80.57
80.16
79.75
79.96
81.19
81.19
81.19
82.00
82.00
80.78
80.57
80.98
82.41
83.44
83.23
83.23
83.23
83.03
83.03
83.23
83.44
83.64
83.44
83.44
83.44
84.46
85.89
87.32
87.53
87.53
87.53
87.32
87.32
87.93
86.91
85.69
84.05
85.07
86.30
85.07
86.09
86.09
86.09
86.09
86.09
86.09
86.09
86.09
86.09
86.09
86.09
86.09
86.09
86.09
86.09
86.09
86.09
86.09
86.09
86.09
86.09
86.09
86.09
86.09
86.09
86.09
86.09
86.09
86.09
86.09
86.09
86.09
86.09
86.09
86.09
86.09
86.09
86.09
86.09
86.09
86.09
86.09
86.09
86.09
86.09
86.09
86.09
86.09
86.09
86.09
86.09
86.09
86.09
86.09
86.09
86.09
86.09
86.09
86.09
86.09
86.09
86.09
86.09
86.09
86.09
86.09
86.09
86.09
86.09
86.09
86.09
86.09
86.09
86.09
86.09
86.09
86.09
86.09
86.09
86.09
86.09
86.09
86.09
86.09
86.09
86.09
86.09
86.09
86.09
86.09
86.09
86.09
86.09
86.09
86.09
86.09
86.09
86.09
86.09
86.09
86.09
86.09
86.09
86.09
86.09
86.09
86.09
86.09
86.09
86.09
86.09
86.09
86.09
86.09
86.09
86.09
86.09
86.09
86.09
86.09
86.09
86.09
86.09
86.09
86.09
86.09
86.09
86.09
86.09
86.09
86.09
86.09
86.09
86.09
86.09
86.09
86.09
86.09
86.09
86.09
86.09
86.09
86.09
86.09
86.09
86.09
86.09
86.09
86.09
86.09
86.09
86.09
86.09
86.09
86.09
86.09
86.09
86.09
86.09
86.09
86.09
86.09
86.09
86.09
86.09
86.09
86.09
86.09
86.09
86.09
86.09
86.09
86.09
86.09
86.09
86.09
86.09
86.09
86.09
86.09
86.09
86.09
86.09
86.09
86.09
86.09
86.09
86.09
86.09
86.09
86.09
86.09
86.09
86.09
86.09
86.09
86.09
86.09
86.09
86.09
86.09
86.09
86.09
86.09
86.09
86.09
86.09
86.09
86.09
86.09
86.09
86.09
86.09
86.09
86.09
86.09
86.09
86.09
86.09
86.09
86.09
86.09
86.09
86.09
86.09
86.09
86.09
86.09
86.09
86.09
86.09
86.09
86.09
86.09
86.09
86.09
86.09
86.09
86.09
86.09
86.09
86.09
86.09
86.09
86.09
86.09
86.09
86.09
86.09
86.09
86.09
86.09
86.09
86.09
86.09
86.09
86.09
86.09
86.09
86.09
86.09
86.09
86.09
86.09
86.09
86.09
86.09
86.09
86.09
86.09
86.09
86.09
86.09
86.09
86.09
86.09
86.09
86.09
86.09
86.09
86.09
86.09
86.09
86.09
86.09
86.09
86.09
86.09
86.09
86.09
86.09
86.09
86.09
86.09
86.09
86.09
86.09
86.09
86.09
86.09
86.09
86.09
86.09
86.09
86.09
86.09
86.09
86.09
86.09
86.09
86.09
86.09
86.09
86.09
86.09
86.09
86.09
86.09
86.09
86.09
86.09
86.09
86.09
86.09
86.09
86.09
86.09
86.09
86.09
86.09
86.09
86.09
86.09
86.09
86.09
86.09
86.09
86.09
86.09
86.09
86.09
86.09
86.09
86.09
86.09
86.09
86.09
86.09
86.09
86.09
86.09
86.09
86.09
86.09
86.09
86.09
86.09
86.09
86.09
86.09
86.09
86.09
86.09
86.09
86.09
86.09
86.09
86.09
86.09
86.09
86.09
86.09
86.09
86.09
86.09
86.09
86.09
86.09
86.09
86.09
86.09
86.09
86.09
86.09
86.09
86.09
86.09
86.09
86.09
86.09
86.09
86.09
86.09
86.09
86.09
86.09
86.09
86.09
86.09
86.09
86.09
92.23
90.80
89.78
88.34
86.09
87.12
82.82
85.69
86.50
84.05
83.23
81.60
86.91
84.05
85.07
87.32
87.32
87.32
89.16
88.55
89.37
88.96
88.75
88.14
87.93
87.93
87.73
86.71
88.55
88.75
88.75
90.18
89.16
91.00
90.18
87.93
87.93
86.71
85.48
85.89
87.93
87.53
86.50
86.09
84.05
82.21
82.21
82.41
84.05
84.87
82.82
76.69
78.73
80.57
81.80
82.41
80.57
79.55
78.53
79.14
81.39
79.35
77.30
77.30
82.82
84.05
84.05
84.25
85.89
79.35
78.94
82.82
83.64
84.46
85.69
87.12
90.18
88.55
88.75
88.75
88.34
88.34
88.34
90.39
90.80
91.62
90.39
90.39
90.80
90.80
92.23
93.05
91.82
91.41
91.62
91.62
91.62
91.21
91.21
91.41
91.41
91.41
91.41
91.41
91.41
91.41
91.41
91.41
91.41
91.41
91.41
91.41
91.41
91.41
91.41
91.41
91.41
91.41
91.41
91.41
91.41
91.41
91.41
91.41
91.41
91.41
91.41
91.41
91.41
91.41
91.41
91.41
91.41
91.41
91.41
91.41
91.41
91.41
91.41
91.41
91.41
91.41
91.41
91.41
91.41
91.41
91.41
91.41
91.41
91.41
91.41
91.41
91.41
91.41
91.41
91.41
91.41
91.41
91.41
91.41
91.41
91.41
91.41
91.41
91.41
91.41
91.41
91.41
91.41
91.41
91.41
91.41
91.41
91.41
91.41
91.41
91.41
91.41
91.41
91.41
91.41
91.41
91.41
91.41
91.41
91.41
91.41
91.41
91.41
91.41
91.41
91.41
91.41
91.41
91.41
91.41
91.41
91.41
91.41
91.41
91.41
91.41
91.41
91.41
91.41
91.41
91.41
91.41
91.41
91.41
91.41
91.41
91.41
91.41
91.41
91.41
91.41
91.41
91.41
91.41
91.41
91.41
91.41
91.41
91.41
91.41
91.41
91.41
91.41
91.41
91.41
91.41
91.41
91.41
91.41
91.41
91.41
91.41
91.41
91.41
91.41
91.41
91.41
91.41
91.41
91.41
91.41
91.41
91.41
91.41
91.41
91.41
91.41
91.41
91.41
91.41
91.41
91.41
91.41
91.41
91.41
91.41
91.41
91.41
91.41
91.41
91.41
91.41
91.41
91.41
91.41
91.41
91.41
91.41
91.41
91.41
91.41
91.41
91.41
91.41
91.41
91.41
91.41
91.41
91.41
91.41
91.41
91.41
91.41
91.41
91.41
91.41
91.41
91.41
91.41
91.41
91.41
91.41
91.41
91.41
91.41
91.41
91.41
91.41
91.41
91.41
91.41
91.41
91.41
91.41
91.41
91.41
91.41
91.41
91.41
91.41
91.41
91.41
91.41
91.41
91.41
91.41
91.41
91.41
91.41
91.41
91.41
91.41
91.41
91.41
91.41
91.41
91.41
91.41
91.41
91.41
91.41
91.41
91.41
91.41
91.41
91.41
91.41
91.41
91.41
91.41
91.41
91.41
91.41
91.41
91.41
91.41
91.41
91.41
91.41
91.41
91.41
91.41
91.41
91.41
91.41
91.41
91.41
91.41
91.41
91.41
91.41
91.41
91.41
91.41
91.41
91.41
91.41
91.41
91.41
91.41
91.41
91.41
91.41
91.41
91.41
91.41
91.41
91.41
91.41
91.41
91.41
91.41
91.41
91.41
91.41
91.41
91.41
91.41
91.41
91.41
91.41
91.41
91.41
91.41
91.41
91.41
91.41
91.41
91.41
91.41
91.41
91.41
91.41
91.41
91.41
91.41
91.41
91.41
91.41
91.41
91.41
91.41
91.41
91.41
91.41
91.41
91.41
91.41
91.41
91.41
91.41
91.41
91.41
91.41
91.41
91.41
91.41
91.41
91.41
91.41
91.41
91.41
91.41
91.41
91.41
91.41
91.41
91.41
91.41
91.41
91.41
91.41
91.41
91.41
91.41
91.41
91.41
91.41
91.41
91.41
91.41
91.41
91.41
91.41
91.41
91.41
91.41
91.41
91.41
91.41
91.41
91.41
91.41
91.41
91.41
91.41
91.41
91.41
91.41
91.41
91.41
91.41
91.41
91.41
91.41
91.41
91.41
91.41
91.41
91.41
91.41
91.41
91.41
91.41
91.41
91.41
91.41
91.41
91.41
91.41
91.41
91.41
91.41
91.41
91.41
91.41
91.41
91.41
91.41
91.41
91.41
91.41
91.41
91.41
91.41
91.41
91.41
91.41
91.41
91.41
91.41
91.41
91.41
91.41
91.41
91.41
91.41
91.41
91.41
91.41
91.41
91.41
91.41
91.41
91.41
91.41
91.41
91.41
91.41
91.41
91.41
91.41
91.41
91.41
91.41
91.41
91.41
91.41
91.41
91.41
91.41
91.41
91.41
91.41
91.41
91.41
91.41
91.41
91.41
91.41
91.41
91.41
91.41
91.41
91.41
91.41
91.41
91.41
91.41
91.41
91.41
91.41
91.41
91.41
91.41
91.41
91.41
91.41
91.41
91.41
91.41
91.41
91.41
91.41
91.41
91.41
91.41
91.41
91.41
91.41
91.41
91.41
91.41
91.41
91.41
91.41
91.41
91.41
91.41
91.41
91.41
91.41
91.41
91.41
91.41
91.41
91.41
91.41
91.41
91.41
91.41
91.41
91.41
91.41
91.41
91.41
91.41
91.41
91.41
91.41
91.41
91.41
91.41
91.41
91.41
91.41
91.41
91.41
91.41
91.41
91.41
91.41
91.41
91.41
91.41
91.41
91.41
91.41
91.41
91.41
91.41
91.41
91.41
91.41
91.41
91.41
91.41
91.41
91.41
91.41
91.41
91.41
91.41
91.41
91.41
91.41
91.41
91.41
91.41
91.41
91.41
91.41
91.41
91.41
91.41
91.41
91.41
91.41
91.41
91.41
91.41
91.41
91.41
91.41
91.41
91.41
91.41
91.41
91.41
91.41
91.41
91.41
91.41
91.41
91.41
91.41
91.41
91.41
91.41
91.41
91.41
91.41
91.41
91.41
91.41
91.41
91.41
91.41
91.41
91.41
91.41
91.41
91.41
91.41
91.41
91.41
91.41
91.41
91.41
91.41
91.41
91.41
91.41
91.41
91.41
84.66
85.69
85.89
85.89
85.69
86.91
86.91
86.09
84.66
85.89
85.89
86.71
86.71
86.50
87.53
87.32
87.12
87.32
88.14
88.14
89.37
88.55
88.55
88.55
88.55
89.37
89.16
87.12
87.12
87.73
88.55
89.16
90.39
91.82
91.82
91.00
91.00
91.00
90.59
91.62
92.02
91.82
90.80
91.00
91.00
90.80
90.80
91.41
91.41
90.80
90.80
90.18
90.18
90.18
89.57
90.59
90.80
90.59
91.41
91.82
91.41
92.23
92.23
92.64
92.23
92.23
92.43
92.02
91.62
91.62
92.02
92.02
91.62
91.62
91.82
91.41
91.62
91.62
93.25
92.43
91.62
91.82
91.82
90.39
90.59
90.59
91.62
92.02
91.82
91.82
91.82
91.82
91.82
91.82
91.82
91.82
91.82
91.82
91.82
91.82
91.82
91.82
91.82
91.82
91.82
91.82
91.82
91.82
91.82
91.82
91.82
91.82
91.82
91.82
91.82
91.82
91.82
91.82
91.82
91.82
91.82
91.82
91.82
91.82
91.82
91.82
91.82
91.82
91.82
91.82
91.82
91.82
91.82
91.82
91.82
91.82
91.82
91.82
91.82
91.82
91.82
91.82
91.82
91.82
91.82
91.82
91.82
91.82
91.82
91.82
91.82
91.82
91.82
91.82
91.82
91.82
91.82
91.82
91.82
91.82
91.82
91.82
91.82
91.82
91.82
91.82
91.82
91.82
91.82
91.82
91.82
91.82
91.82
91.82
91.82
91.82
91.82
91.82
91.82
91.82
91.82
91.82
91.82
91.82
91.82
91.82
91.82
91.82
91.82
91.82
91.82
91.82
91.82
91.82
91.82
91.82
91.82
91.82
91.82
91.82
91.82
91.82
91.82
91.82
91.82
91.82
91.82
91.82
91.82
91.82
91.82
91.82
91.82
91.82
91.82
91.82
91.82
91.82
91.82
91.82
91.82
91.82
91.82
91.82
91.82
91.82
91.82
91.82
91.82
91.82
91.82
91.82
91.82
91.82
91.82
91.82
91.82
91.82
91.82
91.82
91.82
91.82
91.82
91.82
91.82
91.82
91.82
91.82
91.82
91.82
91.82
91.82
91.82
91.82
91.82
91.82
91.82
91.82
91.82
91.82
91.82
91.82
91.82
91.82
91.82
91.82
91.82
91.82
91.82
91.82
91.82
91.82
91.82
91.82
91.82
91.82
91.82
91.82
91.82
91.82
91.82
91.82
91.82
91.82
91.82
91.82
91.82
91.82
91.82
96.11
96.11
95.30
95.30
95.50
95.30
95.50
95.50
95.30
95.09
94.89
94.68
94.48
94.89
94.68
94.89
94.89
94.89
94.48
94.68
94.89
94.89
94.89
94.68
94.68
94.89
94.89
94.89
94.68
94.68
94.89
94.27
94.68
94.68
94.07
93.87
93.87
93.66
93.66
93.66
94.07
94.07
94.07
93.66
94.07
94.07
93.46
93.46
93.46
93.46
93.87
93.87
93.87
93.46
93.46
93.46
93.46
93.66
93.46
93.46
93.66
93.66
93.66
93.66
93.46
93.25
94.07
94.07
94.27
94.07
94.48
94.48
94.48
94.48
94.27
94.27
94.27
94.07
94.07
93.66
93.66
93.66
94.27
94.07
94.07
94.07
94.07
93.87
93.66
93.87
94.07
93.87
94.27
94.07
94.07
93.46
93.66
93.87
93.66
93.66
93.66
93.66
93.66
93.66
93.66
93.66
93.66
93.66
93.66
93.66
93.66
93.66
93.66
93.66
93.66
93.66
93.66
93.66
93.66
93.66
93.66
93.66
93.66
93.66
93.66
93.66
93.66
93.66
93.66
93.66
93.66
93.66
93.66
93.66
93.66
93.66
93.66
93.66
93.66
93.66
93.66
93.66
93.66
93.66
93.66
93.66
93.66
93.66
93.66
93.66
93.66
93.66
93.66
93.66
93.66
93.66
93.66
93.66
93.66
93.66
93.66
93.66
93.66
93.66
93.66
93.66
93.66
93.66
93.66
93.66
93.66
93.66
93.66
93.66
93.66
93.66
93.66
93.66
93.66
93.66
93.66
93.66
93.66
93.66
93.66
93.66
93.66
93.66
93.66
93.66
93.66
93.66
93.66
93.66
93.66
93.66
93.66
93.66
93.66
93.66
39.67
39.67
39.67
39.67
39.67
39.67
39.67
39.67
39.67
39.67
39.67
39.67
39.67
39.67
39.67
39.67
39.67
39.67
39.67
39.67
39.67
39.67
39.67
39.67
39.67
39.67
39.67
39.67
39.67
39.67
39.67
39.67
39.67
39.67
39.67
39.67
39.67
39.67
39.67
39.67
39.67
39.67
39.67
39.67
39.67
39.67
39.67
39.67
39.67
39.67
39.67
39.67
39.67
39.67
39.67
39.67
39.67
39.67
39.67
39.67
39.67
39.67
39.67
39.67
39.67
39.67
39.67
39.67
39.67
39.67
39.67
39.67
39.67
39.67
39.67
39.67
39.67
39.67
39.67
39.67
39.67
39.67
39.67
39.67
39.67
39.67
39.67
39.67
39.67
39.67
39.67
39.67
39.67
39.67
39.67
39.67
39.67
39.67
39.67
39.67
88.55
87.93
87.93
87.32
87.32
87.32
87.32
87.53
88.14
88.55
88.55
88.55
88.34
87.73
88.55
88.55
88.55
88.14
88.55
88.55
88.55
88.55
88.55
88.34
88.34
88.34
88.55
88.55
88.34
88.34
88.34
88.34
88.34
88.34
88.55
88.55
88.75
88.96
89.57
89.37
89.98
89.98
89.98
89.78
89.78
89.78
89.78
89.78
89.98
89.98
90.18
90.18
90.18
90.18
90.39
90.39
90.39
89.98
89.98
90.80
89.37
89.57
88.55
88.55
87.93
87.93
87.53
87.73
88.14
88.14
88.14
87.93
88.14
88.14
88.14
88.14
88.14
87.93
87.93
87.93
88.14
87.73
87.73
87.93
87.73
87.73
88.34
88.14
88.14
88.14
88.34
88.14
88.14
87.93
87.73
87.53
87.53
87.53
87.53
87.53
93.05
93.25
93.25
93.46
93.87
94.68
94.89
95.09
95.09
95.09
94.89
94.89
94.89
94.68
94.68
93.46
93.25
93.66
93.66
93.66
93.87
94.48
94.48
94.07
94.07
93.05
93.05
94.27
94.27
94.27
94.07
94.27
94.27
94.27
94.27
94.68
94.68
94.48
94.48
94.68
94.68
94.68
94.68
94.89
94.68
94.68
94.89
94.68
94.27
93.87
94.48
94.48
93.25
93.46
93.05
93.05
93.05
93.05
93.05
93.05
93.05
93.05
92.64
92.43
92.02
91.82
92.02
92.23
92.43
93.05
93.05
92.64
92.64
92.43
93.46
93.46
93.25
92.64
92.64
92.23
92.43
92.43
92.43
92.23
92.23
92.64
92.64
92.23
92.23
92.23
92.23
92.23
92.23
92.43
92.84
92.23
92.23
92.02
92.02
92.02
92.02
92.02
92.02
92.02
92.02
92.02
92.02
92.02
92.02
92.02
92.02
92.02
92.02
92.02
92.02
92.02
92.02
92.02
92.02
92.02
92.02
92.02
92.02
92.02
92.02
92.02
92.02
92.02
92.02
92.02
92.02
92.02
92.02
92.02
92.02
92.02
92.02
92.02
92.02
92.02
92.02
92.02
92.02
92.02
92.02
92.02
92.02
92.02
92.02
92.02
92.02
92.02
92.02
92.02
92.02
92.02
92.02
92.02
92.02
92.02
92.02
92.02
92.02
92.02
92.02
92.02
92.02
92.02
92.02
92.02
92.02
92.02
92.02
92.02
92.02
92.02
92.02
92.02
92.02
92.02
92.02
92.02
92.02
92.02
92.02
92.02
92.02
92.02
92.02
92.02
92.02
92.02
92.02
92.02
92.02
92.02
92.02
92.02
92.02
92.02
92.02
92.02
92.02
92.02
92.02
92.02
92.02
92.02
92.02
92.02
92.02
92.02
92.02
92.02
92.02
92.02
92.02
92.02
92.02
92.02
92.02
92.02
92.02
92.02
92.02
92.02
92.02
92.02
92.02
92.02
92.02
92.02
92.02
92.02
92.02
92.02
92.02
92.02
92.02
92.02
92.02
92.02
92.02
92.02
92.02
92.02
92.02
92.02
92.02
92.02
92.02
92.02
92.02
92.02
92.02
92.02
92.02
92.02
92.02
92.02
92.02
92.02
92.02
92.02
92.02
92.02
92.02
92.02
92.02
92.02
92.02
92.02
92.02
92.02
92.02
92.02
92.02
92.02
92.02
92.02
92.02
92.02
92.02
92.02
92.02
92.02
92.02
92.02
92.02
92.02
92.02
92.02
92.02
92.02
92.02
92.02
92.02
92.02
92.02
92.02
96.11
96.11
96.11
96.11
96.32
96.32
96.11
96.11
95.91
95.91
95.91
95.91
95.91
95.91
96.11
96.11
95.91
95.91
95.91
95.91
95.91
95.91
95.91
95.91
95.91
95.91
95.91
95.91
95.91
95.91
95.91
95.91
95.91
95.91
95.91
95.91
95.91
95.91
96.11
95.91
96.11
96.11
96.11
96.11
95.91
96.11
96.11
96.11
95.91
95.91
95.91
95.71
95.91
95.91
95.91
95.91
95.91
96.11
96.11
96.11
95.91
96.11
95.91
96.11
95.91
95.91
95.91
95.30
95.50
95.50
95.30
95.30
95.30
94.07
94.07
94.07
94.07
93.87
95.30
95.30
94.89
94.89
94.89
94.89
95.09
95.09
95.30
95.30
95.30
95.30
95.30
95.09
94.68
94.68
94.89
95.30
95.30
95.30
95.30
94.89
95.71
95.50
95.71
95.71
95.50
95.50
95.71
95.71
95.71
95.71
95.71
95.50
95.50
95.71
95.71
95.71
95.50
95.71
95.71
95.71
95.50
95.50
95.71
95.50
95.71
95.71
95.71
95.71
95.71
95.71
95.71
95.71
95.71
95.71
95.50
95.50
95.71
95.50
95.50
95.50
95.50
95.30
95.30
95.30
95.30
95.30
95.50
95.30
95.30
95.50
95.09
95.09
95.30
95.30
95.30
95.09
95.09
94.89
95.30
95.09
95.30
95.50
95.50
95.50
95.50
95.50
95.50
95.30
95.50
95.50
95.50
95.50
95.50
95.50
95.30
95.30
95.30
95.30
95.30
95.50
95.09
95.09
95.09
95.50
95.50
95.50
95.50
95.30
95.50
95.50
95.30
95.30
95.30
95.50
95.50
95.71
95.50
95.50
95.50
95.50
95.50
95.50
95.50
95.50
95.50
95.50
95.50
95.50
95.50
95.50
95.50
95.50
95.50
95.50
95.50
95.50
95.50
95.50
95.50
95.50
95.50
95.50
95.50
95.50
95.50
95.50
95.50
95.50
95.50
95.50
95.50
95.50
95.50
95.50
95.50
95.50
95.50
95.50
95.50
95.50
95.50
95.50
95.50
95.50
95.50
95.50
95.50
95.50
95.50
95.50
95.50
94.07
94.48
94.48
94.07
94.48
95.09
95.30
95.30
95.30
95.30
95.30
95.50
95.50
95.30
95.50
96.32
96.11
96.11
96.11
96.11
96.32
96.11
96.32
95.71
95.91
96.11
96.32
96.32
96.32
95.91
96.11
95.91
96.11
96.11
95.71
95.91
95.91
96.11
95.91
95.91
96.11
96.11
95.91
95.91
95.91
95.91
95.91
95.91
96.11
96.32
96.32
96.32
96.32
96.32
96.32
96.32
96.32
96.11
96.32
96.32
96.32
96.11
95.71
95.91
95.30
96.32
95.71
95.30
95.30
95.09
95.30
95.09
95.09
95.09
95.09
95.09
94.89
94.89
94.89
94.89
94.89
94.68
94.68
95.09
95.09
95.09
94.89
94.89
94.89
94.89
94.89
94.68
94.68
94.68
94.89
95.09
95.30
95.30
95.50
95.50
95.50
95.50
95.50
95.50
95.71
95.71
95.71
95.71
95.91
95.50
95.50
95.50
95.91
95.91
95.50
95.50
95.50
95.50
95.71
95.71
95.50
95.50
95.71
95.71
95.50
95.50
95.71
95.71
95.71
95.71
95.50
95.50
95.71
95.71
95.71
95.71
95.30
95.30
95.30
95.71
95.71
95.30
95.71
95.50
95.71
95.30
95.30
95.30
95.30
95.30
95.30
95.30
95.30
95.30
95.30
95.91
95.91
95.71
95.91
95.91
95.91
95.30
95.50
95.30
95.30
95.30
95.30
95.30
95.30
95.50
95.30
95.30
94.89
94.48
94.48
94.48
94.48
94.27
94.48
94.27
94.27
95.09
94.89
95.09
95.09
95.30
95.30
95.30
95.09
95.09
95.09
95.09
95.09
95.30
96.32
95.71
96.11
96.11
96.11
96.11
96.32
96.11
96.11
95.50
95.50
95.50
95.50
95.91
96.11
96.32
96.32
96.32
96.32
96.32
96.32
96.32
96.11
96.11
96.11
96.11
96.32
96.32
96.32
96.32
96.11
96.11
96.11
96.11
96.11
96.11
96.11
96.11
96.32
96.11
95.91
96.11
96.11
96.11
96.11
96.11
96.11
96.11
96.11
96.32
96.32
96.32
95.91
96.11
96.32
95.71
95.91
95.91
95.91
95.71
95.50
95.50
95.50
95.50
95.50
95.30
94.89
94.68
94.89
94.68
95.09
95.30
94.68
94.68
94.68
94.68
95.30
95.50
95.30
95.30
95.30
95.30
95.30
94.68
94.68
94.68
94.89
94.89
95.09
94.68
94.68
94.89
94.89
94.68
94.89
95.09
95.09
95.09
95.09
94.48
94.68
94.68
94.48
94.48
94.89
95.09
95.30
95.30
95.09
95.09
95.09
95.30
95.09
95.09
95.09
95.09
95.30
94.89
94.89
94.68
94.89
95.09
95.09
95.09
95.09
95.09
95.09
95.09
95.30
95.50
95.50
95.50
95.50
95.50
95.50
95.09
95.09
94.89
94.89
94.89
94.89
94.89
95.09
95.30
95.30
95.09
95.09
95.09
95.09
95.30
95.30
95.30
95.30
95.30
95.30
95.09
95.09
95.09
95.09
95.09
95.50
95.09
94.89
95.30
95.30
95.30
95.30
95.50
95.50
95.50
95.30
95.30
95.09
95.09
95.30
95.30
95.50
95.09
95.50
95.09
95.09
95.30
95.09
95.09
94.68
94.68
94.68
94.68
94.68
94.48
94.68
94.68
94.68
95.09
95.50
95.50
95.50
95.50
95.50
95.30
95.30
95.30
95.30
95.30
95.30
95.50
95.30
95.30
95.09
95.30
95.30
94.68
94.68
94.68
94.68
94.68
94.89
95.09
94.68
94.68
94.68
94.68
94.68
94.68
94.68
94.68
94.68
94.68
94.68
94.68
94.68
94.68
95.30
95.30
95.30
95.30
95.50
95.30
95.30
95.50
95.50
95.50
95.50
95.50
95.30
95.30
95.30
95.30
95.30
95.30
95.30
95.50
95.30
95.30
95.30
95.30
95.50
95.71
95.50
95.50
95.71
95.91
96.11
96.11
95.91
95.91
95.91
95.91
95.71
95.71
95.50
95.50
95.50
95.71
95.71
95.71
95.71
95.71
95.71
95.71
95.71
95.71
95.71
95.50
95.50
95.91
95.91
95.71
95.71
95.71
95.71
95.71
95.50
95.91
95.71
95.71
95.71
95.71
95.71
95.30
95.30
95.71
95.50
95.71
95.71
95.71
95.71
95.91
95.91
95.91
96.11
96.11
95.91
95.91
95.91
95.91
95.91
95.91
95.71
95.71
95.30
95.50
95.30
95.71
95.50
95.50
95.30
95.50
95.30
95.30
95.30
95.30
95.09
95.09
95.30
95.09
95.09
95.09
95.09
95.09
95.09
95.09
95.09
95.09
95.09
95.09
95.30
95.30
95.30
95.09
95.09
95.30
95.30
95.09
95.09
95.09
95.09
95.30
95.09
95.30
95.09
95.09
95.09
95.09
95.09
95.30
95.30
95.50
95.30
95.50
95.30
95.30
95.30
95.30
95.09
95.30
95.30
95.30
95.30
95.30
95.30
95.30
95.30
95.30
95.30
95.30
95.30
95.50
95.09
95.09
95.09
95.30
95.50
95.50
95.50
95.50
95.50
95.30
95.30
95.30
95.50
95.50
95.30
95.09
95.50
95.30
95.50
95.30
95.50
95.30
95.30
95.30
95.30
95.30
95.30
95.30
95.30
95.09
95.09
95.30
95.09
95.09
95.30
95.30
95.50
95.91
95.91
95.71
95.71
95.71
95.71
95.71
95.71
95.50
95.50
95.50
95.50
95.50
95.71
95.71
95.71
95.71
95.71
95.71
95.71
95.71
95.71
95.50
95.50
95.50
95.30
95.71
95.50
95.71
95.71
95.50
95.71
95.71
95.50
95.71
95.71
95.71
95.71
95.71
95.71
95.30
95.30
95.50
95.50
95.50
95.50
95.71
95.71
95.91
95.50
95.50
95.71
95.71
95.50
95.50
95.30
95.30
95.09
95.30
94.68
94.68
94.68
94.89
95.09
95.09
95.30
95.30
95.30
95.30
95.30
95.30
95.30
95.30
95.30
95.09
95.30
94.89
94.89
95.30
95.09
95.30
95.09
95.09
94.89
94.89
95.09
95.09
95.09
95.09
95.09
95.30
95.09
95.50
95.50
95.50
95.50
95.50
95.50
95.50
95.50
95.50
95.50
95.50
95.09
95.09
95.09
95.09
95.09
95.09
95.50
95.50
95.50
95.50
95.50
95.50
95.50
95.30
95.30
95.30
95.30
95.30
95.30
95.30
95.30
94.89
95.30
95.30
95.30
95.30
95.30
95.30
95.30
95.30
95.30
95.30
95.30
95.30
95.30
95.30
95.30
95.30
95.30
95.30
95.30
95.30
95.30
95.30
95.30
95.30
95.30
95.30
95.30
95.30
95.30
95.30
95.30
95.30
95.30
95.30
95.30
95.30
95.30
95.30
95.30
95.30
95.30
95.30
95.30
95.30
95.30
95.30
95.30
95.30
95.30
95.30
95.30
95.30
95.30
95.30
94.48
94.48
94.48
94.48
94.68
94.27
94.48
94.48
94.48
94.48
94.48
94.48
94.48
94.48
94.89
94.89
94.68
94.68
94.48
94.48
94.48
94.68
94.48
94.48
94.27
95.09
94.89
94.89
94.68
94.48
94.48
94.27
94.27
94.27
94.27
94.27
94.48
94.48
94.48
94.27
94.89
94.48
94.68
94.68
94.27
94.27
94.48
94.48
94.48
94.48
94.27
94.27
94.27
94.27
94.27
94.27
94.27
94.89
94.27
94.48
94.27
94.27
94.68
94.27
94.89
94.68
95.09
95.09
95.09
95.09
94.89
95.09
95.09
94.89
94.89
94.89
94.89
94.89
95.09
94.89
94.89
94.89
94.48
94.68
94.68
94.89
94.89
94.89
94.89
94.89
94.89
94.89
94.68
94.48
94.48
94.27
94.68
94.68
94.68
94.27
94.48
94.48
94.48
94.27
94.27
94.27
94.48
94.27
94.48
94.27
94.68
94.89
94.89
94.89
94.48
94.68
94.68
94.68
94.68
94.68
94.89
94.68
94.68
94.68
94.68
94.68
95.09
95.09
94.68
94.68
94.68
94.89
96.11
95.71
96.11
96.11
96.11
96.11
96.11
96.11
96.11
96.11
96.11
96.32
96.11
96.11
96.11
96.11
95.50
96.11
95.71
95.71
95.91
95.91
95.91
95.91
95.91
95.50
95.91
95.50
95.71
95.91
95.91
95.50
95.50
95.50
95.71
95.50
95.50
95.09
95.09
94.89
94.89
94.89
95.09
95.09
95.09
95.09
95.09
94.89
94.48
94.07
94.48
94.27
94.27
94.68
94.68
94.27
94.27
94.27
94.27
94.27
94.27
94.27
94.07
93.87
94.27
93.87
93.87
93.66
93.66
94.48
94.27
93.87
94.07
94.68
94.89
94.48
94.48
94.48
94.27
94.27
94.48
94.48
94.48
94.48
94.48
94.68
95.09
95.30
95.50
95.50
94.89
94.68
94.48
94.48
94.48
95.09
95.09
95.09
95.30
95.09
95.09
95.30
95.09
95.50
95.30
95.30
95.09
95.09
94.68
94.89
94.48
94.48
94.48
94.27
94.68
94.89
94.89
94.68
94.89
95.50
95.09
95.09
95.09
95.09
95.50
95.50
95.30
95.50
95.91
95.50
95.30
95.71
95.91
95.71
95.71
95.71
95.91
95.91
95.91
96.11
96.11
95.91
96.11
96.11
96.11
96.11
96.11
96.11
96.11
96.11
96.11
96.32
96.11
96.32
96.52
96.52
96.52
96.52
96.52
96.52
96.52
96.52
96.52
96.52
96.52
96.52
96.52
96.52
96.52
96.52
96.52
96.52
96.52
96.52
96.52
96.52
96.52
96.52
96.52
96.52
96.52
96.52
96.52
96.73
96.52
96.52
96.52
96.52
96.52
96.52
96.52
96.32
96.32
96.73
96.73
96.73
96.73
96.73
96.73
96.73
96.73
96.73
96.73
96.73
96.52
96.52
96.52
96.52
96.52
96.52
96.52
96.52
96.52
96.52
96.52
96.52
96.52
96.52
96.52
96.52
96.52
95.50
95.30
95.30
95.50
95.50
95.50
95.91
95.91
95.91
96.11
96.11
95.91
96.11
95.91
95.30
95.50
95.09
95.09
94.89
95.91
95.71
95.50
95.50
94.48
95.09
94.68
94.48
94.48
94.48
94.48
94.48
94.68
94.48
95.30
95.30
94.89
95.30
95.71
95.91
95.91
96.11
95.91
95.71
96.11
96.11
96.11
96.11
96.11
96.11
96.11
96.11
96.11
96.11
96.11
96.52
96.11
95.91
95.91
95.91
95.50
95.09
95.09
95.09
94.68
95.50
95.50
95.50
95.50
95.50
94.68
95.50
95.71
96.11
96.11
95.71
96.11
95.50
95.50
95.50
95.50
95.50
95.50
95.50
95.30
95.30
95.30
95.30
95.50
95.71
95.71
95.71
95.91
95.91
95.91
95.91
95.91
95.91
95.91
95.91
95.50
94.89
95.50
95.91
95.91
95.91
95.91
95.09
95.09
95.09
95.09
94.48
94.48
94.68
94.89
94.89
94.68
94.68
94.68
94.68
94.68
94.89
94.68
94.68
94.48
94.27
94.27
94.89
94.68
94.68
94.68
94.68
94.27
94.68
94.68
94.48
94.68
95.09
95.09
95.30
96.11
95.50
95.09
95.09
95.50
95.50
95.50
95.30
95.71
95.71
95.71
95.50
95.30
95.50
96.11
95.71
95.71
95.71
96.11
96.32
96.32
96.11
96.11
96.32
96.32
96.52
96.52
96.52
96.32
95.50
96.32
96.32
95.91
95.50
96.32
96.73
96.73
96.73
96.73
96.73
96.73
96.73
96.73
96.73
96.73
96.73
96.73
96.73
96.73
96.73
96.73
96.52
96.52
96.73
96.73
96.73
96.52
96.52
96.32
96.52
96.52
96.52
96.73
96.73
96.73
96.73
96.73
96.73
96.52
96.52
96.52
96.52
96.52
96.32
96.32
96.32
96.32
96.73
96.73
96.73
96.73
96.73
96.52
96.11
96.11
96.11
96.11
96.11
96.11
96.32
96.32
96.11
96.11
96.11
96.32
96.11
96.32
96.11
95.50
95.50
95.91
95.91
95.71
95.71
96.11
96.11
96.11
95.91
95.71
95.91
95.91
95.91
95.71
95.71
94.89
94.89
95.50
95.71
95.71
95.91
95.91
96.11
96.32
95.91
95.91
95.91
95.71
95.91
95.91
95.71
94.89
94.89
94.89
94.68
94.68
94.68
94.68
94.68
94.68
94.07
94.68
94.48
94.07
93.87
94.07
94.07
93.87
93.87
93.87
94.07
94.27
94.27
94.27
95.30
95.30
95.71
95.71
95.50
95.71
95.50
95.91
95.50
95.30
95.30
94.68
94.27
94.27
94.27
93.87
94.07
94.07
94.07
94.27
94.27
94.27
94.27
95.30
95.30
94.68
95.09
95.09
95.30
95.30
94.48
94.68
95.30
94.89
95.30
95.50
95.50
95.30
95.71
95.71
95.50
95.50
95.71
95.71
95.71
95.71
95.71
95.30
95.09
95.30
94.89
94.89
94.68
94.89
94.68
94.68
94.68
94.48
94.48
94.48
94.27
93.87
94.48
94.68
94.68
94.89
95.30
94.89
94.68
94.68
94.68
94.89
95.50
95.50
95.50
95.50
95.71
95.71
95.91
95.91
95.50
95.71
95.71
95.30
95.30
95.50
95.71
95.71
95.71
95.91
95.91
95.71
95.30
94.89
95.30
95.50
95.09
95.30
95.30
95.09
94.89
95.09
95.50
95.09
95.30
95.09
94.89
94.89
94.89
94.89
94.89
94.89
94.89
94.89
94.89
94.89
95.50
95.09
94.89
94.89
94.89
94.89
94.89
94.89
94.89
94.89
94.89
94.89
95.30
94.89
95.30
95.50
95.30
95.30
95.09
94.89
94.48
94.48
94.48
94.48
94.68
94.68
94.68
95.09
94.68
94.68
94.68
94.68
94.68
94.68
94.68
94.68
94.68
94.89
94.68
94.68
94.48
94.48
94.48
94.07
94.27
94.48
94.07
94.07
94.07
93.87
94.07
94.27
94.27
94.07
94.07
94.48
94.48
94.48
94.48
94.48
94.48
94.27
94.48
94.27
94.27
94.07
93.87
93.87
94.07
94.07
94.48
94.07
93.87
94.07
94.27
94.68
94.68
94.68
94.27
94.27
94.27
94.27
94.68
94.68
94.89
94.68
94.89
95.30
95.30
94.27
94.89
95.30
95.71
95.71
95.71
95.71
95.71
95.71
95.71
95.91
95.71
95.71
95.71
95.09
95.09
95.50
95.50
95.09
95.09
95.50
95.50
95.09
95.30
95.30
95.09
94.48
94.48
94.27
94.27
94.48
94.27
94.27
94.27
94.27
94.27
94.27
94.27
94.27
94.27
94.07
94.07
94.07
94.27
94.07
94.07
94.27
94.07
94.07
94.07
94.27
94.48
94.68
94.68
95.09
95.09
95.09
95.09
94.89
95.09
95.09
95.09
94.89
94.89
94.89
94.89
94.89
94.89
94.89
94.89
94.89
94.89
95.09
95.09
94.89
95.09
95.09
94.89
95.09
94.89
94.89
94.89
95.09
95.09
94.89
94.89
94.68
94.68
95.30
95.09
94.89
94.89
94.68
94.27
94.48
94.48
94.27
93.87
93.87
93.87
