-299.03710 0.00000
-337.24040 0.00000
-336.89200 0.00000
-336.64540 0.00000
-337.41970 0.00000
-335.65340 0.00000
-336.69100 0.00000
-337.54810 0.00000
-336.95320 0.00000
-337.09190 0.00000
-337.17470 0.00000
-336.20720 0.00000
-337.23800 0.00000
-336.58050 0.00000
-336.75860 0.00000
-336.44020 0.00000
-337.29170 0.00000
-337.78190 0.00000
-336.08330 0.00000
-336.26090 0.00000
-337.23820 0.00000
-337.58100 0.00000
-337.00720 0.00000
-337.46520 0.00000
-336.16780 0.00000
-336.51010 0.00000
-337.11730 0.00000
-334.55240 0.00000
-336.69870 0.00000
-337.62430 0.00000
-337.09920 0.00000
-335.82870 0.00000
-335.82200 0.00000
-337.41960 0.00000
-336.94730 0.00000
-338.42530 0.00000
-336.30000 0.00000
-337.07650 0.00000
-336.59760 0.00000
-337.24070 0.00000
-335.32230 0.00000
-337.64700 0.00000
-337.67880 0.00000
-337.39810 0.00000
-336.44040 0.00000
-336.03370 0.00000
-336.50450 0.00000
-336.84740 0.00000
-337.15270 0.00000
-338.06020 0.00000
-336.40710 0.00000
-336.52640 0.00000
-336.74820 0.00000
-336.87700 0.00000
-338.05520 0.00000
-336.64330 0.00000
-336.90840 0.00000
-336.86040 0.00000
-337.14430 0.00000
-337.95800 0.00000
-336.69540 0.00000
-336.84240 0.00000
-336.97570 0.00000
-336.06270 0.00000
-337.41430 0.00000
-336.55710 0.00000
-337.82930 0.00000
-336.48320 0.00000
-336.58020 0.00000
-336.61680 0.00000
-336.36410 0.00000
-337.32590 0.00000
-336.38120 0.00000
-336.44850 0.00000
-336.61700 0.00000
-336.53090 0.00000
-336.81530 0.00000
-336.13250 0.00000
-335.98780 0.00000
-337.66760 0.00000
-336.54540 0.00000
-337.73190 0.00000
-336.90500 0.00000
-338.03800 0.00000
-336.75750 0.00000
-336.52270 0.00000
-336.49910 0.00000
-336.87610 0.00000
-336.32880 0.00000
-337.42320 0.00000
-336.90110 0.00000
-335.99440 0.00000
-337.66540 0.00000
-336.52420 0.00000
-336.61040 0.00000
-336.15300 0.00000
-336.70970 0.00000
-338.05920 0.00000
-336.66710 0.00000
-337.00080 0.00000
-336.97200 0.00000
-343.81080 0.00000
-344.87600 0.00000
-344.72460 0.00000
-344.51640 0.00000
-343.74750 0.00000
-344.11860 0.00000
-344.21040 0.00000
-344.96060 0.00000
-345.99050 0.00000
-345.02280 0.00000
-344.09160 0.00000
-343.54910 0.00000
-345.93800 0.00000
-344.98710 0.00000
-344.88710 0.00000
-344.39990 0.00000
-344.90900 0.00000
-345.07660 0.00000
-343.82930 0.00000
-345.37300 0.00000
-345.31130 0.00000
-345.27170 0.00000
-344.76280 0.00000
-345.08500 0.00000
-344.68480 0.00000
-345.24030 0.00000
-345.11610 0.00000
-345.04610 0.00000
-344.45770 0.00000
-345.28700 0.00000
-344.36700 0.00000
-344.13350 0.00000
-345.48340 0.00000
-344.14850 0.00000
-345.16210 0.00000
-344.30500 0.00000
-345.38200 0.00000
-344.50970 0.00000
-344.32810 0.00000
-343.27720 0.00000
-345.75960 0.00000
-345.59110 0.00000
-344.68280 0.00000
-346.19930 0.00000
-345.80240 0.00000
-343.87230 0.00000
-344.06850 0.00000
-344.53950 0.00000
-343.78320 0.00000
-345.07730 0.00000
-345.42020 0.00000
-345.89080 0.00000
-345.80850 0.00000
-345.26360 0.00000
-345.77800 0.00000
-345.23440 0.00000
-344.07980 0.00000
-343.88400 0.00000
-344.58060 0.00000
-343.29500 0.00000
-342.61380 0.00000
-342.29450 0.00000
-341.84630 0.00000
-342.72210 0.00000
-343.45270 0.00000
-342.68360 0.00000
-343.05490 0.00000
-341.66080 0.00000
-341.34970 0.00000
-341.92140 0.00000
-341.81270 0.00000
-341.21040 0.00000
-340.24310 0.00000
-341.20960 0.00000
-340.47820 0.00000
-339.55990 0.00000
-339.11050 0.00000
-338.53840 0.00000
-339.07230 0.00000
-338.79900 0.00000
-339.77780 0.00000
-338.95570 0.00000
-338.91760 0.00000
-338.50790 0.00000
-338.52670 0.00000
-337.95120 0.00000
-337.76740 0.00000
-337.92080 0.00000
-339.21340 0.00000
-338.37590 0.00000
-338.22530 0.00000
-338.39820 0.00000
-338.10740 0.00000
-338.42550 0.00000
-338.48410 0.00000
-337.99190 0.00000
-338.04130 0.00000
-337.93950 0.00000
-337.57170 0.00000
-336.80730 0.00000
-337.35900 0.00000
-338.16450 0.00000
-337.12960 0.00000
-337.04710 0.00000
-336.69060 0.00000
-336.99560 0.00000
-335.56710 0.00000
-335.21070 0.00000
-334.57020 0.00000
-334.12130 0.00000
-333.80010 0.00000
-333.51730 0.00000
-333.34910 0.00000
-333.92560 0.00000
-333.13000 0.00000
-332.98000 0.00000
-333.18970 0.00000
-333.58700 0.00000
-333.63980 0.00000
-333.57180 0.00000
-333.39160 0.00000
-334.38950 0.00000
-333.61810 0.00000
-334.27190 0.00000
-333.79420 0.00000
-334.48460 0.00000
-333.69240 0.00000
-333.51420 0.00000
-334.44310 0.00000
-332.62290 0.00000
-332.90520 0.00000
-332.81320 0.00000
-332.60310 0.00000
-333.29030 0.00000
-331.77810 0.00000
-333.05390 0.00000
-332.83430 0.00000
-333.88970 0.00000
-333.61730 0.00000
-333.30750 0.00000
-332.91660 0.00000
-333.00220 0.00000
-332.80380 0.00000
-332.64800 0.00000
-332.79350 0.00000
-331.59210 0.00000
-332.28020 0.00000
-331.82510 0.00000
-331.63570 0.00000
-331.21970 0.00000
-331.19690 0.00000
-332.00400 0.00000
-331.22450 0.00000
-330.77190 0.00000
-330.07800 0.00000
-329.42830 0.00000
-328.84580 0.00000
-329.19600 0.00000
-328.88110 0.00000
-328.58350 0.00000
-328.66710 0.00000
-329.43500 0.00000
-329.30090 0.00000
-329.21440 0.00000
-329.94580 0.00000
-329.76340 0.00000
-330.25690 0.00000
-329.97680 0.00000
-330.51220 0.00000
-330.75280 0.00000
-330.70550 0.00000
-330.43150 0.00000
-331.43310 0.00000
-330.04770 0.00000
-329.60430 0.00000
-330.12520 0.00000
-329.37820 0.00000
-328.89170 0.00000
-329.19600 0.00000
-329.23240 0.00000
-329.19690 0.00000
-329.03740 0.00000
-329.05820 0.00000
-328.82020 0.00000
-329.94100 0.00000
-328.83320 0.00000
-329.05930 0.00000
-328.64360 0.00000
-328.57460 0.00000
-329.19630 0.00000
-328.95410 0.00000
-329.03720 0.00000
-329.19640 0.00000
-329.54030 0.00000
-329.64790 0.00000
-330.62050 0.00000
-330.90280 0.00000
-330.26870 0.00000
-330.36390 0.00000
-330.06730 0.00000
-302.03870 0.00000
-301.95390 0.00000
-301.41400 0.00000
-300.50260 0.00000
-300.10110 0.00000
-300.00380 0.00000
-300.74250 0.00000
-301.31440 0.00000
-300.32610 0.00000
-301.02490 0.00000
-300.37610 0.00000
-300.93890 0.00000
-300.46860 0.00000
-300.07960 0.00000
-300.35940 0.00000
-300.74520 0.00000
-301.00110 0.00000
-300.27240 0.00000
-300.16120 0.00000
-299.28180 0.00000
-299.23680 0.00000
-298.98490 0.00000
-298.69300 0.00000
-299.76550 0.00000
-298.58360 0.00000
-299.10480 0.00000
-298.77150 0.00000
-298.33590 0.00000
-298.77300 0.00000
-299.26700 0.00000
-299.31710 0.00000
-299.52190 0.00000
-298.99020 0.00000
-297.97800 0.00000
-298.44120 0.00000
-297.43200 0.00000
-297.74010 0.00000
-297.66220 0.00000
-297.78720 0.00000
-297.64010 0.00000
-298.06460 0.00000
-298.23110 0.00000
-298.54040 0.00000
-298.55050 0.00000
-298.32260 0.00000
-298.51070 0.00000
-299.47090 0.00000
-299.09600 0.00000
-299.06130 0.00000
-298.68600 0.00000
-298.29650 0.00000
-298.69790 0.00000
-298.87210 0.00000
-298.21940 0.00000
-298.17730 0.00000
-297.52790 0.00000
-297.73550 0.00000
-296.77140 0.00000
-296.55780 0.00000
-296.31170 0.00000
-296.16920 0.00000
-296.78200 0.00000
-295.89460 0.00000
-294.99620 0.00000
-294.84520 0.00000
-293.82300 0.00000
-293.50960 0.00000
-293.75540 0.00000
-292.62520 0.00000
-292.32910 0.00000
-292.03360 0.00000
-292.90080 0.00000
-292.88230 0.00000
-291.95730 0.00000
-290.68760 0.00000
-290.63770 0.00000
-290.85680 0.00000
-290.53030 0.00000
-290.90350 0.00000
-290.46690 0.00000
-290.19270 0.00000
-289.76010 0.00000
-290.19780 0.00000
-290.32960 0.00000
-290.65680 0.00000
-290.12070 0.00000
-291.10710 0.00000
-289.94740 0.00000
-290.28870 0.00000
-288.75340 0.00000
-288.70260 0.00000
-289.00250 0.00000
-288.21620 0.00000
-287.63050 0.00000
-287.34670 0.00000
-287.91690 0.00000
-287.12710 0.00000
-287.74500 0.00000
-287.66210 0.00000
-336.75320 0.00000
-342.63620 0.00000
-343.25130 0.00000
-341.76990 0.00000
-341.89410 0.00000
-342.21050 0.00000
-343.02290 0.00000
-341.92340 0.00000
-341.86680 0.00000
-341.90640 0.00000
-342.92170 0.00000
-341.60910 0.00000
-342.16580 0.00000
-342.97980 0.00000
-341.88660 0.00000
-342.99400 0.00000
-343.06860 0.00000
-342.41180 0.00000
-342.74690 0.00000
-343.19030 0.00000
-343.65190 0.00000
-342.78690 0.00000
-342.97990 0.00000
-342.22760 0.00000
-342.03430 0.00000
-342.28600 0.00000
-340.82610 0.00000
-341.07190 0.00000
-340.52040 0.00000
-340.89980 0.00000
-341.75130 0.00000
-341.33380 0.00000
-339.93330 0.00000
-339.82120 0.00000
-339.57550 0.00000
-339.98030 0.00000
-340.50390 0.00000
-340.33030 0.00000
-340.25110 0.00000
-340.45280 0.00000
-340.17910 0.00000
-340.54860 0.00000
-340.93900 0.00000
-341.01950 0.00000
-341.05060 0.00000
-340.83770 0.00000
-341.48030 0.00000
-340.88290 0.00000
-340.82640 0.00000
-339.80800 0.00000
-339.67520 0.00000
-340.23790 0.00000
-339.88590 0.00000
-340.02740 0.00000
-340.94430 0.00000
-340.76630 0.00000
-341.10610 0.00000
-341.66090 0.00000
-341.16810 0.00000
-341.78760 0.00000
-340.93190 0.00000
-340.36520 0.00000
-340.47700 0.00000
-340.40060 0.00000
-341.07520 0.00000
-340.79780 0.00000
-341.01730 0.00000
-340.07760 0.00000
-339.97210 0.00000
-339.45940 0.00000
-340.22500 0.00000
-339.43780 0.00000
-339.47600 0.00000
-340.10720 0.00000
-340.30670 0.00000
-340.63990 0.00000
-340.53060 0.00000
-341.52910 0.00000
-340.90560 0.00000
-341.32120 0.00000
-341.15090 0.00000
-341.64360 0.00000
-342.14340 0.00000
-341.86140 0.00000
-342.48770 0.00000
-342.63010 0.00000
-341.68810 0.00000
-342.33370 0.00000
-341.99570 0.00000
-342.27310 0.00000
-342.87390 0.00000
-342.22470 0.00000
-342.75040 0.00000
-342.63050 0.00000
-342.85010 0.00000
-342.91150 0.00000
-343.46870 0.00000
-344.05680 0.00000
-344.38180 0.00000
-343.69000 0.00000
-344.66250 0.00000
-351.75410 0.00000
-350.41200 0.00000
-351.71750 0.00000
-349.05600 0.00000
-350.37520 0.00000
-349.53010 0.00000
-350.08690 0.00000
-351.95360 0.00000
-351.63610 0.00000
-349.82510 0.00000
-350.66530 0.00000
-348.28470 0.00000
-351.86450 0.00000
-351.37670 0.00000
-351.29940 0.00000
-351.39280 0.00000
-351.09290 0.00000
-351.23130 0.00000
-350.87270 0.00000
-351.74910 0.00000
-349.60620 0.00000
-351.28710 0.00000
-351.14130 0.00000
-350.78970 0.00000
-351.25640 0.00000
-352.05570 0.00000
-352.20740 0.00000
-350.62980 0.00000
-349.40550 0.00000
-350.30130 0.00000
-349.06460 0.00000
-348.00100 0.00000
-349.11370 0.00000
-348.17330 0.00000
-349.59080 0.00000
-348.72260 0.00000
-349.33380 0.00000
-348.22870 0.00000
-347.96970 0.00000
-347.91980 0.00000
-347.50040 0.00000
-349.18550 0.00000
-348.45230 0.00000
-348.69810 0.00000
-349.53740 0.00000
-348.48830 0.00000
-348.64940 0.00000
-349.32860 0.00000
-347.86070 0.00000
-349.21170 0.00000
-349.30700 0.00000
-348.96200 0.00000
-348.84380 0.00000
-349.12470 0.00000
-349.37260 0.00000
-348.73260 0.00000
-348.72390 0.00000
-348.33160 0.00000
-348.31260 0.00000
-347.03020 0.00000
-346.88480 0.00000
-347.23090 0.00000
-346.49610 0.00000
-346.44990 0.00000
-347.47980 0.00000
-346.31570 0.00000
-345.58390 0.00000
-345.51180 0.00000
-346.41150 0.00000
-346.40850 0.00000
-344.94530 0.00000
-344.84870 0.00000
-345.43060 0.00000
-345.38930 0.00000
-345.20650 0.00000
-343.81520 0.00000
-343.09220 0.00000
-342.54590 0.00000
-342.65430 0.00000
-342.73380 0.00000
-342.71670 0.00000
-342.52610 0.00000
-343.62340 0.00000
-341.26850 0.00000
-341.26910 0.00000
-341.10850 0.00000
-340.71940 0.00000
-341.25470 0.00000
-341.78440 0.00000
-341.89650 0.00000
-340.94190 0.00000
-341.42150 0.00000
-340.87280 0.00000
-341.32490 0.00000
-340.57420 0.00000
-339.46820 0.00000
-340.44500 0.00000
-338.75160 0.00000
-338.20050 0.00000
-337.75640 0.00000
-308.85350 0.00000
-309.42360 0.00000
-310.00300 0.00000
-310.37880 0.00000
-310.59530 0.00000
-311.49590 0.00000
-310.90150 0.00000
-310.98340 0.00000
-311.56150 0.00000
-310.65230 0.00000
-310.74860 0.00000
-309.87900 0.00000
-310.28620 0.00000
-310.92940 0.00000
-311.00330 0.00000
-310.66370 0.00000
-311.35100 0.00000
-311.61430 0.00000
-312.43860 0.00000
-311.44250 0.00000
-312.41710 0.00000
-311.84780 0.00000
-310.94550 0.00000
-310.98200 0.00000
-311.83770 0.00000
-312.36700 0.00000
-311.23250 0.00000
-311.38270 0.00000
-312.81160 0.00000
-310.76590 0.00000
-311.83960 0.00000
-311.12940 0.00000
-310.91800 0.00000
-311.80140 0.00000
-311.13190 0.00000
-311.66330 0.00000
-310.98780 0.00000
-311.71450 0.00000
-311.29520 0.00000
-311.02280 0.00000
-310.38020 0.00000
-310.28390 0.00000
-310.26310 0.00000
-310.15300 0.00000
-310.92020 0.00000
-311.32820 0.00000
-311.65570 0.00000
-311.51780 0.00000
-311.30870 0.00000
-311.88170 0.00000
-311.44910 0.00000
-311.48890 0.00000
-311.47710 0.00000
-311.23410 0.00000
-310.79160 0.00000
-309.45610 0.00000
-309.10390 0.00000
-308.92320 0.00000
-309.34030 0.00000
-308.70400 0.00000
-308.31010 0.00000
-308.90130 0.00000
-307.86150 0.00000
-307.97200 0.00000
-308.02720 0.00000
-307.82510 0.00000
-308.26610 0.00000
-307.70830 0.00000
-306.98490 0.00000
-306.23080 0.00000
-306.93420 0.00000
-305.91050 0.00000
-306.00110 0.00000
-306.21120 0.00000
-305.54960 0.00000
-305.57300 0.00000
-305.22030 0.00000
-304.63070 0.00000
-304.56850 0.00000
-304.57910 0.00000
-303.75500 0.00000
-303.28630 0.00000
-302.55890 0.00000
-303.23610 0.00000
-303.25150 0.00000
-303.69970 0.00000
-303.25070 0.00000
-303.02010 0.00000
-303.42500 0.00000
-303.10350 0.00000
-302.53440 0.00000
-301.93670 0.00000
-302.45480 0.00000
-301.75780 0.00000
-301.93980 0.00000
-302.17370 0.00000
-302.64730 0.00000
-301.16210 0.00000
-301.17120 0.00000
-301.93060 0.00000
-337.98160 0.00000
-337.66590 0.00000
-337.51330 0.00000
-337.62470 0.00000
-338.45770 0.00000
-337.58870 0.00000
-337.48750 0.00000
-338.22700 0.00000
-339.35750 0.00000
-337.54040 0.00000
-337.78320 0.00000
-336.99060 0.00000
-338.09750 0.00000
-337.95250 0.00000
-337.97660 0.00000
-339.35940 0.00000
-336.98670 0.00000
-336.80010 0.00000
-337.81350 0.00000
-337.60510 0.00000
-337.53220 0.00000
-337.65890 0.00000
-338.09900 0.00000
-338.32710 0.00000
-338.25560 0.00000
-336.79780 0.00000
-337.15290 0.00000
-338.28990 0.00000
-337.78370 0.00000
-337.96760 0.00000
-336.95070 0.00000
-337.87960 0.00000
-337.91560 0.00000
-337.91070 0.00000
-337.90900 0.00000
-337.94160 0.00000
-337.49410 0.00000
-338.15280 0.00000
-339.03160 0.00000
-337.85780 0.00000
-338.00060 0.00000
-338.23980 0.00000
-337.38400 0.00000
-337.84870 0.00000
-337.60570 0.00000
-337.89020 0.00000
-338.55660 0.00000
-336.75900 0.00000
-338.08990 0.00000
-337.03790 0.00000
-337.61420 0.00000
-337.48380 0.00000
-337.37500 0.00000
-338.20720 0.00000
-338.20500 0.00000
-337.92810 0.00000
-337.58550 0.00000
-336.96000 0.00000
-337.66430 0.00000
-338.02830 0.00000
-337.75340 0.00000
-338.26720 0.00000
-337.17030 0.00000
-337.71460 0.00000
-338.09100 0.00000
-337.00710 0.00000
-337.67520 0.00000
-338.08760 0.00000
-338.04890 0.00000
-338.22360 0.00000
-337.33270 0.00000
-337.74340 0.00000
-337.51290 0.00000
-337.83410 0.00000
-338.32330 0.00000
-338.07500 0.00000
-338.39780 0.00000
-337.52250 0.00000
-337.71410 0.00000
-338.43600 0.00000
-337.35430 0.00000
-338.60520 0.00000
-337.74310 0.00000
-337.91520 0.00000
-337.22540 0.00000
-337.41420 0.00000
-338.04790 0.00000
-337.41290 0.00000
-337.98320 0.00000
-338.13910 0.00000
-338.17600 0.00000
-337.96510 0.00000
-337.18840 0.00000
-337.55080 0.00000
-338.21370 0.00000
-338.00570 0.00000
-338.34170 0.00000
-338.37680 0.00000
-337.49950 0.00000
-342.41020 0.00000
-348.86370 0.00000
-351.05680 0.00000
-348.23940 0.00000
-350.13100 0.00000
-348.92030 0.00000
-351.85270 0.00000
-348.89570 0.00000
-349.71040 0.00000
-348.32100 0.00000
-350.15580 0.00000
-348.98710 0.00000
-349.89270 0.00000
-350.03110 0.00000
-349.86910 0.00000
-351.48880 0.00000
-350.90720 0.00000
-349.98230 0.00000
-350.65950 0.00000
-350.17140 0.00000
-349.44430 0.00000
-350.82300 0.00000
-350.82980 0.00000
-349.06340 0.00000
-350.97490 0.00000
-349.53300 0.00000
-349.02540 0.00000
-350.96430 0.00000
-349.55760 0.00000
-350.91520 0.00000
-350.01590 0.00000
-348.66660 0.00000
-347.76000 0.00000
-349.01710 0.00000
-349.77190 0.00000
-349.88060 0.00000
-350.63070 0.00000
-347.93800 0.00000
-349.13760 0.00000
-349.91380 0.00000
-349.14430 0.00000
-349.98550 0.00000
-349.43330 0.00000
-349.29690 0.00000
-349.79670 0.00000
-349.18330 0.00000
-350.47980 0.00000
-349.12220 0.00000
-350.11540 0.00000
-351.27260 0.00000
-349.37790 0.00000
-349.70470 0.00000
-350.25880 0.00000
-350.29500 0.00000
-350.78470 0.00000
-351.84460 0.00000
-351.09560 0.00000
-351.31930 0.00000
-350.15380 0.00000
-351.36670 0.00000
-350.05560 0.00000
-350.82410 0.00000
-349.30810 0.00000
-350.38340 0.00000
-351.71220 0.00000
-348.88060 0.00000
-350.48590 0.00000
-348.76040 0.00000
-348.42860 0.00000
-348.22200 0.00000
-351.76810 0.00000
-350.70240 0.00000
-349.76350 0.00000
-350.23750 0.00000
-349.81320 0.00000
-349.79530 0.00000
-350.18860 0.00000
-350.30030 0.00000
-348.61300 0.00000
-350.55470 0.00000
-349.11310 0.00000
-351.28980 0.00000
-350.34180 0.00000
-348.65460 0.00000
-351.44860 0.00000
-350.23810 0.00000
-349.36130 0.00000
-352.50720 0.00000
-350.61280 0.00000
-349.37420 0.00000
-349.45120 0.00000
-348.27290 0.00000
-347.85500 0.00000
-349.36030 0.00000
-349.75140 0.00000
-350.87060 0.00000
-350.55200 0.00000
-352.01580 0.00000
-351.55720 0.00000
-349.96520 0.00000
-350.88060 0.00000
-335.31320 0.00000
-336.19850 0.00000
-336.36400 0.00000
-336.84320 0.00000
-335.95690 0.00000
-334.31730 0.00000
-333.50890 0.00000
-332.89030 0.00000
-335.02510 0.00000
-332.69940 0.00000
-332.93260 0.00000
-332.02090 0.00000
-332.94830 0.00000
-333.52940 0.00000
-334.64480 0.00000
-334.01320 0.00000
-333.62130 0.00000
-333.31330 0.00000
-332.82630 0.00000
-333.51590 0.00000
-332.75280 0.00000
-333.15770 0.00000
-334.50520 0.00000
-333.70470 0.00000
-333.81970 0.00000
-335.32200 0.00000
-333.71830 0.00000
-333.71680 0.00000
-333.80050 0.00000
-334.31670 0.00000
-334.05440 0.00000
-331.79950 0.00000
-332.79300 0.00000
-333.07470 0.00000
-333.08260 0.00000
-332.08060 0.00000
-333.47690 0.00000
-330.99270 0.00000
-329.89620 0.00000
-328.63400 0.00000
-330.66940 0.00000
-330.27300 0.00000
-329.34560 0.00000
-330.42920 0.00000
-329.89250 0.00000
-327.81510 0.00000
-327.80840 0.00000
-327.43680 0.00000
-327.00420 0.00000
-327.69210 0.00000
-327.58920 0.00000
-326.64380 0.00000
-326.50080 0.00000
-326.59710 0.00000
-325.98560 0.00000
-325.37400 0.00000
-323.71420 0.00000
-324.84460 0.00000
-323.74240 0.00000
-322.58950 0.00000
-321.90230 0.00000
-320.90200 0.00000
-320.10730 0.00000
-321.17870 0.00000
-322.29790 0.00000
-321.21760 0.00000
-320.73170 0.00000
-318.21160 0.00000
-319.08340 0.00000
-317.65370 0.00000
-317.30460 0.00000
-318.25710 0.00000
-317.00890 0.00000
-318.29360 0.00000
-317.52600 0.00000
-315.78690 0.00000
-314.45730 0.00000
-314.08500 0.00000
-313.48800 0.00000
-313.39450 0.00000
-312.92380 0.00000
-312.77850 0.00000
-313.36120 0.00000
-314.14210 0.00000
-312.83230 0.00000
-313.29510 0.00000
-312.37070 0.00000
-312.41900 0.00000
-313.76950 0.00000
-311.61490 0.00000
-312.00870 0.00000
-310.98850 0.00000
-310.82890 0.00000
-310.83680 0.00000
-310.76510 0.00000
-309.96520 0.00000
-309.48370 0.00000
-309.23370 0.00000
-308.72840 0.00000
-308.37750 0.00000
-338.45320 0.00000
-338.27630 0.00000
-338.08450 0.00000
-337.65130 0.00000
-337.45000 0.00000
-336.84230 0.00000
-337.08460 0.00000
-336.86900 0.00000
-337.52920 0.00000
-337.44370 0.00000
-338.03870 0.00000
-338.23010 0.00000
-337.71560 0.00000
-338.33270 0.00000
-337.89410 0.00000
-337.84810 0.00000
-337.60770 0.00000
-337.84380 0.00000
-336.61020 0.00000
-337.90030 0.00000
-338.46170 0.00000
-339.22550 0.00000
-338.23670 0.00000
-337.76340 0.00000
-338.22610 0.00000
-338.42080 0.00000
-337.63060 0.00000
-337.97090 0.00000
-337.86780 0.00000
-337.10730 0.00000
-337.84220 0.00000
-337.81710 0.00000
-337.36740 0.00000
-337.61890 0.00000
-336.69280 0.00000
-338.88370 0.00000
-337.47310 0.00000
-338.15210 0.00000
-338.23940 0.00000
-337.31480 0.00000
-337.82000 0.00000
-337.50940 0.00000
-338.08770 0.00000
-337.49480 0.00000
-337.77140 0.00000
-336.76170 0.00000
-337.49330 0.00000
-338.13910 0.00000
-337.87820 0.00000
-336.72620 0.00000
-337.73910 0.00000
-338.50820 0.00000
-337.06380 0.00000
-337.79930 0.00000
-336.99090 0.00000
-337.03920 0.00000
-337.48990 0.00000
-338.03410 0.00000
-337.54830 0.00000
-337.13410 0.00000
-337.65180 0.00000
-338.25460 0.00000
-337.85810 0.00000
-337.09210 0.00000
-338.76170 0.00000
-337.80060 0.00000
-337.42570 0.00000
-337.17860 0.00000
-337.60940 0.00000
-338.00130 0.00000
-337.72730 0.00000
-337.17140 0.00000
-337.58190 0.00000
-337.18290 0.00000
-337.21200 0.00000
-337.69360 0.00000
-336.21300 0.00000
-337.12970 0.00000
-338.37760 0.00000
-337.39440 0.00000
-337.93340 0.00000
-337.97570 0.00000
-337.63590 0.00000
-336.60320 0.00000
-337.33580 0.00000
-337.98650 0.00000
-337.61300 0.00000
-336.94100 0.00000
-338.14280 0.00000
-338.81020 0.00000
-337.70880 0.00000
-338.76880 0.00000
-337.91100 0.00000
-337.38870 0.00000
-338.31250 0.00000
-339.18350 0.00000
-337.83090 0.00000
-336.67820 0.00000
-338.31370 0.00000
-337.35900 0.00000
-315.22910 0.00000
-316.34350 0.00000
-316.07970 0.00000
-316.18250 0.00000
-316.27010 0.00000
-314.78840 0.00000
-316.43220 0.00000
-316.47360 0.00000
-314.62000 0.00000
-315.47850 0.00000
-316.74750 0.00000
-315.36740 0.00000
-314.84800 0.00000
-315.21880 0.00000
-315.83590 0.00000
-315.46930 0.00000
-316.40020 0.00000
-316.43320 0.00000
-314.73100 0.00000
-315.01390 0.00000
-315.01490 0.00000
-315.86300 0.00000
-315.93110 0.00000
-316.19700 0.00000
-315.12060 0.00000
-315.63350 0.00000
-315.82650 0.00000
-316.50770 0.00000
-316.32560 0.00000
-315.59550 0.00000
-316.01930 0.00000
-315.10180 0.00000
-316.07750 0.00000
-315.90450 0.00000
-316.35450 0.00000
-314.79870 0.00000
-316.09970 0.00000
-315.90460 0.00000
-315.33170 0.00000
-315.56890 0.00000
-315.99500 0.00000
-315.53130 0.00000
-315.95380 0.00000
-315.02160 0.00000
-316.56540 0.00000
-315.43480 0.00000
-316.46860 0.00000
-316.37880 0.00000
-316.69370 0.00000
-315.56520 0.00000
-315.73650 0.00000
-315.30230 0.00000
-316.41690 0.00000
-314.89350 0.00000
-316.50920 0.00000
-315.32240 0.00000
-315.58460 0.00000
-315.78470 0.00000
-316.28850 0.00000
-316.68700 0.00000
-315.73010 0.00000
-315.20220 0.00000
-316.90030 0.00000
-314.87340 0.00000
-315.25750 0.00000
-316.21510 0.00000
-315.71390 0.00000
-315.70390 0.00000
-315.63660 0.00000
-315.64390 0.00000
-314.50940 0.00000
-315.87770 0.00000
-315.95750 0.00000
-315.13870 0.00000
-315.82590 0.00000
-315.60340 0.00000
-315.92270 0.00000
-316.32560 0.00000
-315.35710 0.00000
-315.70380 0.00000
-315.93030 0.00000
-316.29220 0.00000
-316.18690 0.00000
-315.75320 0.00000
-315.87790 0.00000
-316.14280 0.00000
-316.64300 0.00000
-316.56650 0.00000
-317.01230 0.00000
-316.60960 0.00000
-315.48270 0.00000
-315.79530 0.00000
-316.25990 0.00000
-315.20170 0.00000
-316.49910 0.00000
-316.18350 0.00000
-315.49750 0.00000
-316.05530 0.00000
-314.37450 0.00000
-349.77040 0.00000
-342.12940 0.00000
-342.71520 0.00000
-340.94540 0.00000
-340.78360 0.00000
-339.59100 0.00000
-341.39030 0.00000
-340.73930 0.00000
-341.19740 0.00000
-339.02240 0.00000
-340.48620 0.00000
-340.06610 0.00000
-338.32080 0.00000
-337.53060 0.00000
-337.88980 0.00000
-339.54590 0.00000
-337.99830 0.00000
-337.66330 0.00000
-337.78700 0.00000
-337.73050 0.00000
-337.57010 0.00000
-336.94990 0.00000
-338.85240 0.00000
-337.66370 0.00000
-338.73860 0.00000
-339.59460 0.00000
-337.86870 0.00000
-338.82160 0.00000
-337.81310 0.00000
-339.42230 0.00000
-337.49690 0.00000
-335.81630 0.00000
-334.55030 0.00000
-335.61320 0.00000
-336.27430 0.00000
-336.68380 0.00000
-337.28490 0.00000
-336.16910 0.00000
-334.83040 0.00000
-335.05720 0.00000
-334.74150 0.00000
-334.16970 0.00000
-335.55520 0.00000
-335.24710 0.00000
-335.79560 0.00000
-335.49920 0.00000
-336.18030 0.00000
-336.00870 0.00000
-336.15500 0.00000
-336.89720 0.00000
-335.74200 0.00000
-336.15640 0.00000
-335.77520 0.00000
-336.23530 0.00000
-336.80790 0.00000
-336.87410 0.00000
-337.48640 0.00000
-338.54230 0.00000
-337.58390 0.00000
-337.91640 0.00000
-336.79080 0.00000
-336.18680 0.00000
-336.38970 0.00000
-337.21170 0.00000
-338.49780 0.00000
-339.49870 0.00000
-341.33590 0.00000
-341.24300 0.00000
-340.26390 0.00000
-339.64450 0.00000
-340.26470 0.00000
-340.49060 0.00000
-339.16410 0.00000
-340.77730 0.00000
-338.10890 0.00000
-338.13410 0.00000
-337.74360 0.00000
-338.60780 0.00000
-337.84760 0.00000
-337.85250 0.00000
-335.90630 0.00000
-337.48600 0.00000
-336.59650 0.00000
-335.82380 0.00000
-336.55020 0.00000
-336.60680 0.00000
-333.89970 0.00000
-334.91670 0.00000
-335.48730 0.00000
-335.25100 0.00000
-335.38010 0.00000
-335.16970 0.00000
-336.87720 0.00000
-335.17800 0.00000
-334.83630 0.00000
-334.54240 0.00000
-336.74070 0.00000
-336.45930 0.00000
-336.05550 0.00000
-335.79640 0.00000
-337.12260 0.00000
-370.97910 0.00000
-370.99080 0.00000
-371.23340 0.00000
-370.26020 0.00000
-368.73630 0.00000
-369.09280 0.00000
-369.09620 0.00000
-371.22000 0.00000
-371.61550 0.00000
-370.26990 0.00000
-369.37020 0.00000
-368.38740 0.00000
-370.98230 0.00000
-370.64560 0.00000
-370.37860 0.00000
-369.50360 0.00000
-370.07730 0.00000
-369.36200 0.00000
-369.58980 0.00000
-370.35860 0.00000
-370.13970 0.00000
-370.03810 0.00000
-371.69070 0.00000
-371.12070 0.00000
-370.26410 0.00000
-371.26750 0.00000
-369.28130 0.00000
-369.83970 0.00000
-370.20650 0.00000
-371.26180 0.00000
-370.80810 0.00000
-369.57250 0.00000
-369.98560 0.00000
-370.31930 0.00000
-371.16980 0.00000
-371.05010 0.00000
-370.26700 0.00000
-369.61720 0.00000
-368.98450 0.00000
-368.91680 0.00000
-373.19010 0.00000
-371.64930 0.00000
-371.18410 0.00000
-371.55590 0.00000
-369.78840 0.00000
-367.90590 0.00000
-369.17660 0.00000
-369.99360 0.00000
-370.10060 0.00000
-370.50300 0.00000
-370.01600 0.00000
-370.78170 0.00000
-369.48410 0.00000
-369.20010 0.00000
-368.73050 0.00000
-367.67240 0.00000
-366.78010 0.00000
-367.12810 0.00000
-368.07100 0.00000
-366.30360 0.00000
-365.97420 0.00000
-364.36300 0.00000
-363.25750 0.00000
-365.12340 0.00000
-364.93690 0.00000
-363.68580 0.00000
-363.55910 0.00000
-362.08120 0.00000
-363.14810 0.00000
-363.81210 0.00000
-363.69730 0.00000
-364.72960 0.00000
-363.30210 0.00000
-365.65690 0.00000
-363.90670 0.00000
-363.80540 0.00000
-362.67490 0.00000
-360.35220 0.00000
-360.93700 0.00000
-360.46100 0.00000
-360.84420 0.00000
-360.83290 0.00000
-363.15810 0.00000
-360.29950 0.00000
-360.49330 0.00000
-360.82900 0.00000
-361.69830 0.00000
-362.28460 0.00000
-361.63450 0.00000
-360.43500 0.00000
-360.16270 0.00000
-361.36860 0.00000
-360.59300 0.00000
-361.00670 0.00000
-358.72150 0.00000
-357.86150 0.00000
-357.24820 0.00000
-357.45250 0.00000
-356.33010 0.00000
-354.77240 0.00000
-316.19340 0.00000
-315.99750 0.00000
-316.84010 0.00000
-316.28180 0.00000
-317.15250 0.00000
-316.43390 0.00000
-316.68490 0.00000
-316.41140 0.00000
-317.61700 0.00000
-316.20500 0.00000
-315.88070 0.00000
-316.51070 0.00000
-316.26810 0.00000
-316.71330 0.00000
-317.05890 0.00000
-317.35100 0.00000
-317.94170 0.00000
-317.35930 0.00000
-318.18680 0.00000
-318.07230 0.00000
-317.11350 0.00000
-316.56280 0.00000
-316.22880 0.00000
-316.44080 0.00000
-316.35570 0.00000
-316.44190 0.00000
-316.21720 0.00000
-316.31340 0.00000
-316.85160 0.00000
-315.98570 0.00000
-316.84470 0.00000
-317.30560 0.00000
-317.59690 0.00000
-317.34490 0.00000
-316.99050 0.00000
-316.59840 0.00000
-317.22020 0.00000
-315.91350 0.00000
-315.81230 0.00000
-316.11530 0.00000
-316.51330 0.00000
-317.11100 0.00000
-316.87840 0.00000
-317.10130 0.00000
-316.90400 0.00000
-317.02640 0.00000
-317.39710 0.00000
-316.97030 0.00000
-316.80500 0.00000
-317.38490 0.00000
-316.62250 0.00000
-316.16570 0.00000
-316.47880 0.00000
-317.11340 0.00000
-316.06380 0.00000
-316.12010 0.00000
-315.79850 0.00000
-316.44120 0.00000
-315.85920 0.00000
-316.23870 0.00000
-316.49660 0.00000
-316.07400 0.00000
-317.50470 0.00000
-316.33020 0.00000
-315.80270 0.00000
-315.63350 0.00000
-315.44650 0.00000
-315.23770 0.00000
-315.12850 0.00000
-315.82990 0.00000
-316.72280 0.00000
-316.72830 0.00000
-316.20200 0.00000
-316.34940 0.00000
-316.74340 0.00000
-316.83670 0.00000
-317.77720 0.00000
-316.89240 0.00000
-316.38970 0.00000
-315.99870 0.00000
-315.49700 0.00000
-315.75110 0.00000
-315.31860 0.00000
-315.63620 0.00000
-315.52420 0.00000
-315.53990 0.00000
-315.55510 0.00000
-315.59060 0.00000
-315.94760 0.00000
-316.31170 0.00000
-316.07020 0.00000
-317.04940 0.00000
-318.53670 0.00000
-317.41010 0.00000
-317.34370 0.00000
-318.14390 0.00000
-317.28870 0.00000
-316.53070 0.00000
-315.65530 0.00000
-315.79210 0.00000
-302.84790 0.00000
-302.98980 0.00000
-303.74760 0.00000
-302.84280 0.00000
-303.02490 0.00000
-302.61060 0.00000
-304.24530 0.00000
-303.22790 0.00000
-301.08260 0.00000
-302.08680 0.00000
-300.75720 0.00000
-301.30450 0.00000
-300.97220 0.00000
-300.43060 0.00000
-301.05680 0.00000
-300.13000 0.00000
-299.57860 0.00000
-299.81680 0.00000
-298.71950 0.00000
-297.37940 0.00000
-296.83790 0.00000
-296.69940 0.00000
-297.26580 0.00000
-297.83630 0.00000
-297.04790 0.00000
-297.26230 0.00000
-296.98850 0.00000
-297.23220 0.00000
-297.13370 0.00000
-297.13270 0.00000
-297.39950 0.00000
-297.30710 0.00000
-297.23150 0.00000
-297.52980 0.00000
-297.42780 0.00000
-295.38520 0.00000
-295.57560 0.00000
-295.57040 0.00000
-295.12200 0.00000
-294.75750 0.00000
-295.72240 0.00000
-294.13400 0.00000
-295.15220 0.00000
-293.96390 0.00000
-294.48820 0.00000
-295.11080 0.00000
-295.66650 0.00000
-294.22370 0.00000
-294.96000 0.00000
-293.85090 0.00000
-293.75430 0.00000
-294.32380 0.00000
-294.86250 0.00000
-293.74300 0.00000
-293.80730 0.00000
-292.43980 0.00000
-292.44390 0.00000
-292.03430 0.00000
-291.74900 0.00000
-292.60090 0.00000
-292.39350 0.00000
-292.57100 0.00000
-293.27060 0.00000
-291.34370 0.00000
-290.45330 0.00000
-289.75020 0.00000
-290.18250 0.00000
-289.71840 0.00000
-289.21090 0.00000
-289.21650 0.00000
-288.40420 0.00000
-288.81380 0.00000
-288.78810 0.00000
-287.38800 0.00000
-286.59930 0.00000
-286.46700 0.00000
-286.78180 0.00000
-287.17350 0.00000
-287.40960 0.00000
-287.51340 0.00000
-287.38150 0.00000
-287.17280 0.00000
-287.85440 0.00000
-287.38200 0.00000
-287.44520 0.00000
-286.93790 0.00000
-287.54060 0.00000
-286.76620 0.00000
-287.59080 0.00000
-287.17650 0.00000
-287.55350 0.00000
-287.94230 0.00000
-286.92490 0.00000
-286.22720 0.00000
-286.24060 0.00000
-286.56560 0.00000
-286.47510 0.00000
-286.93850 0.00000
-287.21290 0.00000
-342.65520 0.00000
-370.87500 0.00000
-372.80090 0.00000
-369.33130 0.00000
-370.21520 0.00000
-369.26080 0.00000
-370.46540 0.00000
-368.49150 0.00000
-370.48920 0.00000
-368.25670 0.00000
-370.33660 0.00000
-370.90660 0.00000
-368.60270 0.00000
-369.71550 0.00000
-370.39260 0.00000
-371.01780 0.00000
-370.00970 0.00000
-369.04000 0.00000
-372.09270 0.00000
-371.82390 0.00000
-369.63360 0.00000
-369.66770 0.00000
-370.21800 0.00000
-368.77980 0.00000
-369.80010 0.00000
-369.20860 0.00000
-368.32730 0.00000
-371.02850 0.00000
-369.92360 0.00000
-370.15520 0.00000
-371.43490 0.00000
-369.71180 0.00000
-366.85410 0.00000
-369.86290 0.00000
-370.56770 0.00000
-370.02480 0.00000
-370.23060 0.00000
-369.53390 0.00000
-371.13790 0.00000
-371.39750 0.00000
-369.23980 0.00000
-370.65290 0.00000
-370.26600 0.00000
-370.01700 0.00000
-370.22480 0.00000
-369.36430 0.00000
-371.07610 0.00000
-368.61040 0.00000
-370.84710 0.00000
-368.69500 0.00000
-369.64820 0.00000
-371.09670 0.00000
-369.05710 0.00000
-370.60940 0.00000
-371.70230 0.00000
-369.36650 0.00000
-370.15880 0.00000
-371.44670 0.00000
-370.13570 0.00000
-373.05330 0.00000
-369.54570 0.00000
-370.04120 0.00000
-368.99340 0.00000
-370.38120 0.00000
-371.60000 0.00000
-371.87420 0.00000
-370.45760 0.00000
-370.59670 0.00000
-369.27500 0.00000
-370.10870 0.00000
-371.63180 0.00000
-369.91460 0.00000
-369.05350 0.00000
-371.71370 0.00000
-369.73370 0.00000
-371.32600 0.00000
-370.23360 0.00000
-371.17580 0.00000
-370.34410 0.00000
-369.60420 0.00000
-370.85980 0.00000
-370.71030 0.00000
-370.53030 0.00000
-371.68400 0.00000
-371.50480 0.00000
-370.10440 0.00000
-368.08900 0.00000
-371.80410 0.00000
-369.79140 0.00000
-371.50240 0.00000
-369.99540 0.00000
-369.75640 0.00000
-371.36750 0.00000
-371.10140 0.00000
-370.47730 0.00000
-371.42530 0.00000
-371.62410 0.00000
-372.02970 0.00000
-369.75010 0.00000
-370.26450 0.00000
-372.34350 0.00000
-320.85100 0.00000
-321.14720 0.00000
-321.52280 0.00000
-321.23990 0.00000
-321.01900 0.00000
-320.35350 0.00000
-320.37470 0.00000
-319.87370 0.00000
-319.37590 0.00000
-319.18360 0.00000
-319.80130 0.00000
-319.36150 0.00000
-319.84480 0.00000
-320.18790 0.00000
-319.99170 0.00000
-320.44240 0.00000
-320.21340 0.00000
-319.97050 0.00000
-320.33810 0.00000
-320.11440 0.00000
-320.49210 0.00000
-321.16930 0.00000
-320.51250 0.00000
-320.76780 0.00000
-320.91140 0.00000
-321.24160 0.00000
-320.02190 0.00000
-319.33790 0.00000
-318.86500 0.00000
-319.28370 0.00000
-319.26460 0.00000
-318.36920 0.00000
-317.60010 0.00000
-317.64700 0.00000
-318.31460 0.00000
-317.56940 0.00000
-317.81850 0.00000
-317.89490 0.00000
-318.30510 0.00000
-317.55510 0.00000
-318.50730 0.00000
-319.19640 0.00000
-319.11650 0.00000
-318.44700 0.00000
-318.88700 0.00000
-320.06650 0.00000
-318.80820 0.00000
-318.78950 0.00000
-318.30460 0.00000
-319.66730 0.00000
-319.04000 0.00000
-318.35870 0.00000
-318.49690 0.00000
-319.04610 0.00000
-318.64120 0.00000
-319.29520 0.00000
-320.12000 0.00000
-320.12220 0.00000
-319.88120 0.00000
-320.07280 0.00000
-320.49490 0.00000
-319.68710 0.00000
-320.22580 0.00000
-319.53710 0.00000
-318.82500 0.00000
-319.14820 0.00000
-319.33260 0.00000
-319.18390 0.00000
-319.52020 0.00000
-319.04390 0.00000
-318.44170 0.00000
-319.21100 0.00000
-318.06310 0.00000
-318.57400 0.00000
-318.29730 0.00000
-318.27040 0.00000
-318.19660 0.00000
-318.36820 0.00000
-317.82630 0.00000
-317.64210 0.00000
-317.47530 0.00000
-317.50790 0.00000
-317.42730 0.00000
-318.61750 0.00000
-318.98480 0.00000
-318.51570 0.00000
-318.06700 0.00000
-317.55070 0.00000
-317.92610 0.00000
-317.62880 0.00000
-317.55910 0.00000
-317.39490 0.00000
-316.76320 0.00000
-315.88030 0.00000
-316.16410 0.00000
-315.67700 0.00000
-315.68970 0.00000
-315.93480 0.00000
-316.23320 0.00000
-316.78900 0.00000
-308.93840 0.00000
-308.84430 0.00000
-309.23440 0.00000
-309.33430 0.00000
-309.05070 0.00000
-309.77170 0.00000
-308.67910 0.00000
-308.40850 0.00000
-309.59170 0.00000
-309.25020 0.00000
-308.91600 0.00000
-309.48460 0.00000
-309.42140 0.00000
-309.53250 0.00000
-310.50340 0.00000
-310.73040 0.00000
-311.13300 0.00000
-310.41460 0.00000
-310.68020 0.00000
-311.11810 0.00000
-311.56100 0.00000
-309.87000 0.00000
-309.10570 0.00000
-309.07310 0.00000
-309.15860 0.00000
-309.77230 0.00000
-308.83080 0.00000
-309.96710 0.00000
-310.98570 0.00000
-307.71660 0.00000
-308.93150 0.00000
-308.94470 0.00000
-308.30090 0.00000
-308.39310 0.00000
-308.36010 0.00000
-307.48130 0.00000
-308.17630 0.00000
-307.98630 0.00000
-307.03980 0.00000
-307.95910 0.00000
-306.88070 0.00000
-307.01620 0.00000
-306.63390 0.00000
-305.33680 0.00000
-305.87540 0.00000
-307.10040 0.00000
-307.56280 0.00000
-308.11180 0.00000
-308.64320 0.00000
-308.13720 0.00000
-309.25130 0.00000
-308.76910 0.00000
-309.52650 0.00000
-307.76770 0.00000
-308.03790 0.00000
-308.01510 0.00000
-307.55240 0.00000
-307.96530 0.00000
-308.75360 0.00000
-307.10640 0.00000
-307.14050 0.00000
-307.55220 0.00000
-307.43600 0.00000
-307.89840 0.00000
-308.17700 0.00000
-307.30630 0.00000
-308.25670 0.00000
-308.23350 0.00000
-307.14530 0.00000
-307.52570 0.00000
-308.34600 0.00000
-308.62070 0.00000
-309.47020 0.00000
-309.49930 0.00000
-309.29750 0.00000
-309.63500 0.00000
-310.63850 0.00000
-310.36210 0.00000
-310.17210 0.00000
-310.19220 0.00000
-308.60870 0.00000
-307.24670 0.00000
-306.10290 0.00000
-306.44720 0.00000
-307.07260 0.00000
-306.67730 0.00000
-305.99610 0.00000
-305.72120 0.00000
-306.60720 0.00000
-306.43450 0.00000
-306.36530 0.00000
-306.07150 0.00000
-306.54000 0.00000
-305.82980 0.00000
-306.36380 0.00000
-305.85410 0.00000
-305.70420 0.00000
-304.02060 0.00000
-303.76670 0.00000
-304.72360 0.00000
-294.89620 0.00000
-293.86830 0.00000
-293.16320 0.00000
-292.56880 0.00000
-292.31060 0.00000
-291.63550 0.00000
-292.09820 0.00000
-292.81180 0.00000
-292.18900 0.00000
-293.16760 0.00000
-292.95830 0.00000
-291.97150 0.00000
-292.98980 0.00000
-292.08840 0.00000
-292.70370 0.00000
-292.81030 0.00000
-291.76830 0.00000
-291.62340 0.00000
-291.94000 0.00000
-292.30350 0.00000
-291.36240 0.00000
-291.09020 0.00000
-291.27680 0.00000
-291.45200 0.00000
-291.74080 0.00000
-291.76490 0.00000
-291.40080 0.00000
-291.98880 0.00000
-292.26070 0.00000
-291.81260 0.00000
-292.28130 0.00000
-292.51840 0.00000
-292.06520 0.00000
-291.77160 0.00000
-291.03590 0.00000
-290.91220 0.00000
-290.54410 0.00000
-290.14580 0.00000
-290.62380 0.00000
-290.57290 0.00000
-291.28180 0.00000
-290.57150 0.00000
-290.32420 0.00000
-290.41580 0.00000
-291.30140 0.00000
-291.12230 0.00000
-292.82600 0.00000
-290.67330 0.00000
-291.28050 0.00000
-291.70960 0.00000
-291.89780 0.00000
-292.07350 0.00000
-292.07570 0.00000
-291.37310 0.00000
-292.02440 0.00000
-290.89740 0.00000
-291.40350 0.00000
-291.47760 0.00000
-291.28000 0.00000
-290.66390 0.00000
-290.80320 0.00000
-291.35210 0.00000
-291.87280 0.00000
-292.15390 0.00000
-291.84680 0.00000
-292.09750 0.00000
-292.68050 0.00000
-291.92590 0.00000
-292.66190 0.00000
-293.10530 0.00000
-292.83300 0.00000
-292.00960 0.00000
-292.38780 0.00000
-292.03290 0.00000
-291.57910 0.00000
-291.98040 0.00000
-291.34370 0.00000
-291.38830 0.00000
-292.40050 0.00000
-290.75080 0.00000
-291.52040 0.00000
-292.04110 0.00000
-290.62180 0.00000
-290.40330 0.00000
-290.52220 0.00000
-289.97180 0.00000
-290.61930 0.00000
-288.92510 0.00000
-289.66690 0.00000
-289.14560 0.00000
-289.81360 0.00000
-288.94580 0.00000
-288.22610 0.00000
-287.94350 0.00000
-288.40310 0.00000
-288.29240 0.00000
-288.98110 0.00000
-287.78110 0.00000
-288.86320 0.00000
-370.19200 0.00000
-314.48310 0.00000
-314.00850 0.00000
-313.17930 0.00000
-313.45210 0.00000
-313.67680 0.00000
-313.08130 0.00000
-313.52460 0.00000
-313.59480 0.00000
-313.50230 0.00000
-313.16400 0.00000
-312.59270 0.00000
-312.79280 0.00000
-313.25780 0.00000
-312.96730 0.00000
-312.57580 0.00000
-312.64200 0.00000
-311.58390 0.00000
-311.26340 0.00000
-311.81370 0.00000
-311.56930 0.00000
-311.99450 0.00000
-312.26080 0.00000
-312.09080 0.00000
-311.59870 0.00000
-311.50900 0.00000
-311.28520 0.00000
-311.13490 0.00000
-311.56540 0.00000
-311.83730 0.00000
-311.58490 0.00000
-311.82700 0.00000
-311.36270 0.00000
-310.99510 0.00000
-310.90880 0.00000
-311.05960 0.00000
-311.42140 0.00000
-311.82140 0.00000
-311.83970 0.00000
-311.79550 0.00000
-312.60500 0.00000
-312.25180 0.00000
-312.90120 0.00000
-313.15180 0.00000
-313.61020 0.00000
-314.13440 0.00000
-314.53510 0.00000
-313.07170 0.00000
-313.49580 0.00000
-313.59260 0.00000
-313.48510 0.00000
-313.87770 0.00000
-314.02220 0.00000
-313.42130 0.00000
-313.71830 0.00000
-314.12910 0.00000
-315.30630 0.00000
-315.45690 0.00000
-315.44780 0.00000
-315.70700 0.00000
-315.84410 0.00000
-316.66740 0.00000
-316.97050 0.00000
-316.50480 0.00000
-317.29690 0.00000
-317.76870 0.00000
-317.79650 0.00000
-318.23500 0.00000
-317.26400 0.00000
-317.50260 0.00000
-318.29750 0.00000
-318.67310 0.00000
-319.42490 0.00000
-318.50770 0.00000
-317.93720 0.00000
-318.29800 0.00000
-318.91950 0.00000
-318.11830 0.00000
-317.03130 0.00000
-317.52410 0.00000
-317.80210 0.00000
-318.93860 0.00000
-319.87920 0.00000
-319.70090 0.00000
-319.32440 0.00000
-319.36810 0.00000
-319.29390 0.00000
-319.49870 0.00000
-319.27500 0.00000
-318.68940 0.00000
-318.36540 0.00000
-317.73500 0.00000
-317.96330 0.00000
-318.10170 0.00000
-318.49850 0.00000
-319.14950 0.00000
-320.22450 0.00000
-320.20310 0.00000
-320.14000 0.00000
-320.77220 0.00000
-321.13080 0.00000
-326.88930 0.00000
-327.41880 0.00000
-327.51270 0.00000
-329.13750 0.00000
-327.85980 0.00000
-327.73450 0.00000
-328.73800 0.00000
-327.84900 0.00000
-327.75270 0.00000
-329.14300 0.00000
-328.96810 0.00000
-329.64050 0.00000
-328.64970 0.00000
-329.16630 0.00000
-329.94180 0.00000
-329.91800 0.00000
-329.74850 0.00000
-328.57750 0.00000
-328.77070 0.00000
-327.93650 0.00000
-328.27670 0.00000
-328.01120 0.00000
-328.52130 0.00000
-329.76220 0.00000
-329.50910 0.00000
-329.22110 0.00000
-328.05290 0.00000
-328.51830 0.00000
-328.18520 0.00000
-327.88180 0.00000
-327.72470 0.00000
-326.91630 0.00000
-326.10260 0.00000
-326.77490 0.00000
-326.57160 0.00000
-324.84980 0.00000
-325.18680 0.00000
-325.06220 0.00000
-325.51280 0.00000
-323.35880 0.00000
-323.75140 0.00000
-324.50480 0.00000
-325.72440 0.00000
-324.44640 0.00000
-324.84850 0.00000
-326.67470 0.00000
-326.72370 0.00000
-327.45530 0.00000
-326.12810 0.00000
-326.42830 0.00000
-326.88360 0.00000
-326.13660 0.00000
-325.67360 0.00000
-325.81230 0.00000
-325.20000 0.00000
-325.38370 0.00000
-324.39320 0.00000
-324.49420 0.00000
-324.25900 0.00000
-323.64890 0.00000
-323.90610 0.00000
-324.44010 0.00000
-324.57680 0.00000
-323.50360 0.00000
-322.50810 0.00000
-321.69020 0.00000
-322.01120 0.00000
-321.02220 0.00000
-321.94900 0.00000
-319.78310 0.00000
-319.69900 0.00000
-320.54130 0.00000
-319.27320 0.00000
-319.74310 0.00000
-320.52810 0.00000
-317.66400 0.00000
-316.90080 0.00000
-316.65720 0.00000
-315.63210 0.00000
-315.05010 0.00000
-314.94960 0.00000
-315.40600 0.00000
-315.26880 0.00000
-315.71260 0.00000
-315.60450 0.00000
-314.95220 0.00000
-313.63320 0.00000
-313.64890 0.00000
-315.02210 0.00000
-313.74280 0.00000
-314.34450 0.00000
-313.68710 0.00000
-313.45080 0.00000
-312.47320 0.00000
-313.57060 0.00000
-310.82560 0.00000
-310.12510 0.00000
-310.24560 0.00000
-309.65640 0.00000
-309.53720 0.00000
-311.50460 0.00000
-309.66040 0.00000
-310.45550 0.00000
-310.89060 0.00000
-310.73760 0.00000
-311.37500 0.00000
-310.35850 0.00000
-307.81510 0.00000
-308.47270 0.00000
-307.91450 0.00000
-307.47680 0.00000
-307.69470 0.00000
-307.03080 0.00000
-307.82420 0.00000
-307.47800 0.00000
-306.51600 0.00000
-305.80820 0.00000
-305.38060 0.00000
-304.95610 0.00000
-306.03360 0.00000
-305.36480 0.00000
-307.01400 0.00000
-305.41590 0.00000
-305.94910 0.00000
-305.67900 0.00000
-305.66850 0.00000
-305.42270 0.00000
-305.20210 0.00000
-307.00990 0.00000
-304.53850 0.00000
-305.89890 0.00000
-304.03200 0.00000
-303.51180 0.00000
-303.31170 0.00000
-302.06950 0.00000
-302.87060 0.00000
-302.78940 0.00000
-303.64990 0.00000
-304.18210 0.00000
-301.99510 0.00000
-301.51160 0.00000
-301.18020 0.00000
-300.77380 0.00000
-300.50840 0.00000
-301.09260 0.00000
-300.41560 0.00000
-300.78650 0.00000
-300.63120 0.00000
-300.44280 0.00000
-299.56690 0.00000
-299.85860 0.00000
-301.06690 0.00000
-299.89670 0.00000
-300.50680 0.00000
-300.05750 0.00000
-300.15320 0.00000
-299.98890 0.00000
-300.59810 0.00000
-299.85850 0.00000
-298.76400 0.00000
-298.49450 0.00000
-299.62600 0.00000
-299.96060 0.00000
-299.71010 0.00000
-300.12600 0.00000
-299.64490 0.00000
-300.12940 0.00000
-299.51390 0.00000
-298.60470 0.00000
-298.81370 0.00000
-299.09360 0.00000
-298.52560 0.00000
-298.64140 0.00000
-299.05800 0.00000
-299.20360 0.00000
-298.50750 0.00000
-298.03150 0.00000
-297.25030 0.00000
-297.30980 0.00000
-297.51510 0.00000
-298.01320 0.00000
-298.11050 0.00000
-297.12510 0.00000
-296.89850 0.00000
-296.54190 0.00000
-295.90450 0.00000
-296.27180 0.00000
-296.28470 0.00000
-296.38630 0.00000
-297.46110 0.00000
-296.84740 0.00000
-297.29540 0.00000
-296.22740 0.00000
-296.43820 0.00000
-297.31080 0.00000
-297.15980 0.00000
-295.89670 0.00000
-294.79600 0.00000
-295.46530 0.00000
-294.96220 0.00000
-353.34360 0.00000
-355.42750 0.00000
-354.26220 0.00000
-354.52970 0.00000
-356.12580 0.00000
-353.05620 0.00000
-354.65260 0.00000
-355.63110 0.00000
-355.24660 0.00000
-354.98460 0.00000
-354.52970 0.00000
-353.43110 0.00000
-353.91390 0.00000
-355.16550 0.00000
-355.00830 0.00000
-353.88970 0.00000
-352.96790 0.00000
-353.25580 0.00000
-353.62660 0.00000
-354.66150 0.00000
-355.13670 0.00000
-354.43850 0.00000
-352.62380 0.00000
-356.34830 0.00000
-354.91810 0.00000
-353.29020 0.00000
-355.75970 0.00000
-354.48880 0.00000
-355.30030 0.00000
-354.52250 0.00000
-354.90730 0.00000
-355.68580 0.00000
-354.59590 0.00000
-354.67030 0.00000
-354.67150 0.00000
-353.77940 0.00000
-354.95110 0.00000
-355.51350 0.00000
-355.80790 0.00000
-355.94680 0.00000
-354.41460 0.00000
-355.96510 0.00000
-355.36520 0.00000
-354.84920 0.00000
-356.25690 0.00000
-354.51740 0.00000
-355.73500 0.00000
-353.85680 0.00000
-355.00380 0.00000
-354.42320 0.00000
-355.09620 0.00000
-356.14370 0.00000
-354.96480 0.00000
-354.55990 0.00000
-354.15090 0.00000
-353.98450 0.00000
-355.52230 0.00000
-354.12670 0.00000
-355.15560 0.00000
-354.94710 0.00000
-354.72500 0.00000
-355.32400 0.00000
-353.89450 0.00000
-354.32120 0.00000
-354.64510 0.00000
-353.19470 0.00000
-354.14490 0.00000
-353.38460 0.00000
-354.01430 0.00000
-354.36690 0.00000
-353.86970 0.00000
-355.73010 0.00000
-355.59100 0.00000
-355.10400 0.00000
-355.43210 0.00000
-354.29240 0.00000
-355.80040 0.00000
-354.19530 0.00000
-353.57550 0.00000
-355.02670 0.00000
-354.48740 0.00000
-357.02470 0.00000
-353.12530 0.00000
-355.35270 0.00000
-355.44030 0.00000
-354.82880 0.00000
-355.86240 0.00000
-355.57730 0.00000
-356.04330 0.00000
-355.59880 0.00000
-356.59590 0.00000
-355.31190 0.00000
-353.34410 0.00000
-355.66900 0.00000
-354.64560 0.00000
-353.55050 0.00000
-354.64590 0.00000
-355.39190 0.00000
-355.11740 0.00000
-314.36120 0.00000
-330.77710 0.00000
-330.29160 0.00000
-331.63540 0.00000
-330.98640 0.00000
-330.54310 0.00000
-331.12790 0.00000
-330.66980 0.00000
-331.10040 0.00000
-331.15180 0.00000
-331.42310 0.00000
-330.89600 0.00000
-330.23730 0.00000
-330.68730 0.00000
-330.81810 0.00000
-331.09740 0.00000
-331.07310 0.00000
-331.31440 0.00000
-330.32770 0.00000
-330.14240 0.00000
-331.38330 0.00000
-331.14760 0.00000
-331.22510 0.00000
-331.39560 0.00000
-330.33180 0.00000
-331.04940 0.00000
-331.03820 0.00000
-330.56300 0.00000
-331.45340 0.00000
-330.35380 0.00000
-331.06580 0.00000
-330.59650 0.00000
-331.25370 0.00000
-330.78720 0.00000
-330.76820 0.00000
-332.73860 0.00000
-330.94210 0.00000
-331.46580 0.00000
-330.57820 0.00000
-330.83130 0.00000
-331.45140 0.00000
-330.91030 0.00000
-330.67950 0.00000
-330.85830 0.00000
-330.86930 0.00000
-331.29170 0.00000
-331.31190 0.00000
-330.79360 0.00000
-330.43870 0.00000
-331.34170 0.00000
-331.21100 0.00000
-331.02100 0.00000
-330.66050 0.00000
-330.88870 0.00000
-331.93300 0.00000
-330.94880 0.00000
-330.53840 0.00000
-330.72720 0.00000
-331.22850 0.00000
-330.14650 0.00000
-330.43230 0.00000
-330.19020 0.00000
-330.57020 0.00000
-331.44060 0.00000
-330.33520 0.00000
-330.90460 0.00000
-331.47290 0.00000
-331.07290 0.00000
-332.36680 0.00000
-331.18840 0.00000
-330.55400 0.00000
-330.28730 0.00000
-330.03610 0.00000
-329.26760 0.00000
-329.08800 0.00000
-328.88120 0.00000
-328.83160 0.00000
-328.39610 0.00000
-328.08390 0.00000
-328.37360 0.00000
-328.68490 0.00000
-328.77500 0.00000
-328.81510 0.00000
-329.42200 0.00000
-329.25290 0.00000
-328.86350 0.00000
-328.67750 0.00000
-327.89280 0.00000
-327.78420 0.00000
-327.40790 0.00000
-327.83670 0.00000
-327.43370 0.00000
-327.87700 0.00000
-327.45160 0.00000
-327.24990 0.00000
-326.66080 0.00000
-326.75440 0.00000
-327.46920 0.00000
-326.17230 0.00000
-326.64170 0.00000
-327.15960 0.00000
-337.95660 0.00000
-339.14900 0.00000
-337.75710 0.00000
-335.83250 0.00000
-335.77010 0.00000
-335.55470 0.00000
-336.04200 0.00000
-337.90460 0.00000
-340.93530 0.00000
-337.47220 0.00000
-336.93980 0.00000
-334.76980 0.00000
-336.28650 0.00000
-335.83620 0.00000
-336.94730 0.00000
-336.55950 0.00000
-336.15140 0.00000
-336.67400 0.00000
-335.35420 0.00000
-336.62850 0.00000
-336.15650 0.00000
-337.94500 0.00000
-336.66250 0.00000
-336.92910 0.00000
-338.14080 0.00000
-338.76890 0.00000
-339.26800 0.00000
-338.06510 0.00000
-337.51460 0.00000
-340.11500 0.00000
-339.35320 0.00000
-338.32250 0.00000
-340.70820 0.00000
-340.92270 0.00000
-343.08700 0.00000
-340.45710 0.00000
-340.96980 0.00000
-339.24170 0.00000
-338.21420 0.00000
-338.49660 0.00000
-340.81320 0.00000
-340.06300 0.00000
-338.75340 0.00000
-340.94730 0.00000
-341.66910 0.00000
-338.64080 0.00000
-337.25690 0.00000
-337.02780 0.00000
-336.12270 0.00000
-338.40880 0.00000
-335.40100 0.00000
-335.46740 0.00000
-334.59770 0.00000
-334.75310 0.00000
-335.45920 0.00000
-334.12890 0.00000
-333.63640 0.00000
-334.08650 0.00000
-333.66190 0.00000
-332.16610 0.00000
-330.83420 0.00000
-329.10110 0.00000
-327.59870 0.00000
-329.38910 0.00000
-328.28740 0.00000
-328.31770 0.00000
-326.02000 0.00000
-324.42570 0.00000
-325.29480 0.00000
-324.76700 0.00000
-324.07610 0.00000
-324.54370 0.00000
-323.64000 0.00000
-325.80730 0.00000
-322.40370 0.00000
-320.68280 0.00000
-318.73990 0.00000
-317.51230 0.00000
-318.92690 0.00000
-316.90020 0.00000
-317.64820 0.00000
-315.10110 0.00000
-315.61720 0.00000
-314.37270 0.00000
-314.43790 0.00000
-314.30530 0.00000
-313.96290 0.00000
-314.53890 0.00000
-315.85620 0.00000
-314.47370 0.00000
-313.24600 0.00000
-313.52790 0.00000
-312.83280 0.00000
-312.50140 0.00000
-312.38050 0.00000
-310.47740 0.00000
-311.07600 0.00000
-310.32630 0.00000
-310.08490 0.00000
-309.45500 0.00000
-356.22710 0.00000
-354.56810 0.00000
-355.02600 0.00000
-354.11310 0.00000
-353.04540 0.00000
-355.92540 0.00000
-353.45940 0.00000
-354.55160 0.00000
-353.66830 0.00000
-354.06120 0.00000
-354.10390 0.00000
-354.96150 0.00000
-354.55150 0.00000
-355.21140 0.00000
-354.28950 0.00000
-355.17700 0.00000
-353.66820 0.00000
-355.25950 0.00000
-354.41460 0.00000
-353.85460 0.00000
-355.43760 0.00000
-355.98340 0.00000
-354.11950 0.00000
-356.46310 0.00000
-354.98370 0.00000
-356.43470 0.00000
-355.89280 0.00000
-354.47590 0.00000
-354.81720 0.00000
-354.76790 0.00000
-354.89290 0.00000
-354.12110 0.00000
-355.40480 0.00000
-355.63590 0.00000
-354.10340 0.00000
-355.62090 0.00000
-354.77190 0.00000
-357.03620 0.00000
-353.89930 0.00000
-354.06820 0.00000
-355.30780 0.00000
-353.66150 0.00000
-355.81360 0.00000
-353.81330 0.00000
-353.56900 0.00000
-354.73190 0.00000
-355.92500 0.00000
-355.16010 0.00000
-356.13120 0.00000
-354.65110 0.00000
-354.14480 0.00000
-355.88320 0.00000
-355.78500 0.00000
-354.10960 0.00000
-354.72540 0.00000
-354.33880 0.00000
-355.78270 0.00000
-354.97990 0.00000
-354.40390 0.00000
-352.69590 0.00000
-353.65270 0.00000
-355.12850 0.00000
-353.38110 0.00000
-355.16550 0.00000
-356.33300 0.00000
-355.02250 0.00000
-354.90120 0.00000
-353.59980 0.00000
-355.38780 0.00000
-355.51620 0.00000
-356.32180 0.00000
-352.89970 0.00000
-355.48110 0.00000
-355.29570 0.00000
-352.98390 0.00000
-354.99900 0.00000
-353.62470 0.00000
-354.27760 0.00000
-356.05960 0.00000
-354.68530 0.00000
-355.52770 0.00000
-355.60820 0.00000
-353.71530 0.00000
-353.80770 0.00000
-354.72690 0.00000
-354.53710 0.00000
-354.86770 0.00000
-355.50080 0.00000
-353.98030 0.00000
-355.26860 0.00000
-353.98880 0.00000
-355.78630 0.00000
-355.77800 0.00000
-355.06070 0.00000
-355.63200 0.00000
-355.58100 0.00000
-355.30610 0.00000
-355.92940 0.00000
-356.05490 0.00000
-355.03820 0.00000
-287.55790 0.00000
-287.89710 0.00000
-288.21760 0.00000
-287.33750 0.00000
-287.30640 0.00000
-287.26290 0.00000
-286.25500 0.00000
-286.53560 0.00000
-287.27110 0.00000
-288.39340 0.00000
-287.78690 0.00000
-288.25360 0.00000
-287.34430 0.00000
-287.71950 0.00000
-288.53920 0.00000
-289.45210 0.00000
-290.34180 0.00000
-287.84600 0.00000
-288.91160 0.00000
-289.33800 0.00000
-288.16370 0.00000
-288.59230 0.00000
-288.58690 0.00000
-287.76850 0.00000
-287.03850 0.00000
-286.40290 0.00000
-287.91010 0.00000
-285.62540 0.00000
-285.97930 0.00000
-286.68470 0.00000
-286.83330 0.00000
-287.17310 0.00000
-286.89380 0.00000
-288.65050 0.00000
-287.50790 0.00000
-287.49170 0.00000
-286.53560 0.00000
-287.05870 0.00000
-288.31400 0.00000
-288.30220 0.00000
-287.17970 0.00000
-287.34790 0.00000
-287.69840 0.00000
-288.60570 0.00000
-288.36470 0.00000
-287.19090 0.00000
-287.31040 0.00000
-287.48850 0.00000
-288.69230 0.00000
-286.71150 0.00000
-286.34390 0.00000
-286.96240 0.00000
-285.62070 0.00000
-286.49090 0.00000
-286.65350 0.00000
-287.28590 0.00000
-287.81420 0.00000
-286.45820 0.00000
-287.00200 0.00000
-286.10150 0.00000
-287.50260 0.00000
-287.78470 0.00000
-287.27290 0.00000
-287.62090 0.00000
-287.20300 0.00000
-289.00200 0.00000
-285.75960 0.00000
-286.90790 0.00000
-285.68260 0.00000
-285.15300 0.00000
-285.53580 0.00000
-286.07300 0.00000
-285.52600 0.00000
-284.64200 0.00000
-285.68810 0.00000
-284.54420 0.00000
-285.28600 0.00000
-284.36160 0.00000
-283.71190 0.00000
-283.26420 0.00000
-282.82650 0.00000
-282.13260 0.00000
-283.64370 0.00000
-285.48480 0.00000
-284.08210 0.00000
-284.15470 0.00000
-284.53060 0.00000
-285.10530 0.00000
-283.70130 0.00000
-283.96060 0.00000
-284.31980 0.00000
-282.97290 0.00000
-283.33600 0.00000
-282.62640 0.00000
-282.79800 0.00000
-283.26970 0.00000
-282.92960 0.00000
-282.13610 0.00000
-281.85920 0.00000
-330.98900 0.00000
-332.59990 0.00000
-334.49040 0.00000
-332.95740 0.00000
-334.02090 0.00000
-332.54930 0.00000
-333.42400 0.00000
-333.33260 0.00000
-332.49620 0.00000
-330.75350 0.00000
-331.11890 0.00000
-329.98240 0.00000
-330.28510 0.00000
-330.98920 0.00000
-330.98190 0.00000
-331.41920 0.00000
-331.94080 0.00000
-331.13360 0.00000
-331.51360 0.00000
-332.21410 0.00000
-331.72680 0.00000
-330.38840 0.00000
-331.19920 0.00000
-330.72250 0.00000
-331.84940 0.00000
-330.21340 0.00000
-328.76110 0.00000
-329.45510 0.00000
-328.96590 0.00000
-330.89010 0.00000
-329.09180 0.00000
-327.80260 0.00000
-325.79490 0.00000
-326.29490 0.00000
-326.23310 0.00000
-325.89490 0.00000
-325.24620 0.00000
-324.54310 0.00000
-324.02870 0.00000
-325.31000 0.00000
-324.23530 0.00000
-324.58700 0.00000
-325.50800 0.00000
-325.04150 0.00000
-324.93770 0.00000
-324.42530 0.00000
-324.11090 0.00000
-324.30010 0.00000
-325.08330 0.00000
-325.64750 0.00000
-325.35500 0.00000
-326.00540 0.00000
-325.77850 0.00000
-325.38650 0.00000
-326.56310 0.00000
-325.87910 0.00000
-327.67600 0.00000
-328.81590 0.00000
-328.69760 0.00000
-330.45410 0.00000
-330.40410 0.00000
-330.83440 0.00000
-330.90680 0.00000
-330.26110 0.00000
-331.67410 0.00000
-330.52260 0.00000
-330.08710 0.00000
-329.48330 0.00000
-328.39940 0.00000
-328.02260 0.00000
-328.75880 0.00000
-328.73020 0.00000
-328.96640 0.00000
-329.79270 0.00000
-330.57940 0.00000
-331.59930 0.00000
-330.64430 0.00000
-330.96150 0.00000
-330.18360 0.00000
-330.77150 0.00000
-329.57490 0.00000
-330.91320 0.00000
-331.57430 0.00000
-331.56010 0.00000
-333.05450 0.00000
-333.74870 0.00000
-331.17270 0.00000
-333.28530 0.00000
-334.49700 0.00000
-334.26740 0.00000
-334.77410 0.00000
-334.09530 0.00000
-334.84010 0.00000
-334.54940 0.00000
-334.88240 0.00000
-335.69180 0.00000
-337.06370 0.00000
-336.90820 0.00000
-336.32770 0.00000
-335.86900 0.00000
-337.41720 0.00000
-387.43290 0.00000
-387.96640 0.00000
-385.97050 0.00000
-385.85590 0.00000
-384.45570 0.00000
-383.93260 0.00000
-385.76050 0.00000
-386.87410 0.00000
-387.19980 0.00000
-386.84980 0.00000
-386.15030 0.00000
-384.45290 0.00000
-387.01880 0.00000
-386.44590 0.00000
-386.10470 0.00000
-386.83430 0.00000
-385.85190 0.00000
-387.25880 0.00000
-386.79000 0.00000
-386.86040 0.00000
-386.70730 0.00000
-388.46690 0.00000
-386.85420 0.00000
-386.94410 0.00000
-385.47270 0.00000
-388.22900 0.00000
-384.41220 0.00000
-385.14170 0.00000
-385.68690 0.00000
-387.79110 0.00000
-385.40930 0.00000
-383.77970 0.00000
-386.72810 0.00000
-385.71220 0.00000
-387.87140 0.00000
-385.29920 0.00000
-387.61390 0.00000
-387.16070 0.00000
-386.19280 0.00000
-385.18350 0.00000
-389.30550 0.00000
-387.62740 0.00000
-387.10580 0.00000
-387.03340 0.00000
-386.63430 0.00000
-385.99370 0.00000
-386.43310 0.00000
-386.51890 0.00000
-384.42180 0.00000
-388.04440 0.00000
-387.47850 0.00000
-388.12290 0.00000
-386.29870 0.00000
-385.96130 0.00000
-386.36730 0.00000
-385.34740 0.00000
-384.70800 0.00000
-386.33420 0.00000
-383.41340 0.00000
-382.23250 0.00000
-381.69990 0.00000
-378.40850 0.00000
-378.73850 0.00000
-379.88620 0.00000
-379.18260 0.00000
-379.11880 0.00000
-378.39470 0.00000
-376.39560 0.00000
-377.00690 0.00000
-376.73410 0.00000
-376.75560 0.00000
-378.14990 0.00000
-376.86450 0.00000
-378.93960 0.00000
-375.70250 0.00000
-375.64940 0.00000
-373.51880 0.00000
-371.71910 0.00000
-373.08940 0.00000
-369.87230 0.00000
-369.70380 0.00000
-367.44420 0.00000
-367.96790 0.00000
-367.67390 0.00000
-369.69370 0.00000
-366.69030 0.00000
-365.65290 0.00000
-366.11140 0.00000
-367.98400 0.00000
-367.11370 0.00000
-364.65970 0.00000
-363.60730 0.00000
-362.90900 0.00000
-361.83260 0.00000
-361.14590 0.00000
-359.22990 0.00000
-360.27390 0.00000
-359.42620 0.00000
-358.18700 0.00000
-358.37620 0.00000
-303.78050 0.00000
-303.49100 0.00000
-302.93880 0.00000
-303.75710 0.00000
-304.66480 0.00000
-305.37280 0.00000
-304.95990 0.00000
-304.46810 0.00000
-305.07760 0.00000
-305.43410 0.00000
-303.23360 0.00000
-304.22280 0.00000
-303.27370 0.00000
-304.39340 0.00000
-301.46310 0.00000
-301.36930 0.00000
-301.83940 0.00000
-302.19420 0.00000
-302.82130 0.00000
-302.02530 0.00000
-302.53870 0.00000
-302.12780 0.00000
-300.81390 0.00000
-301.06480 0.00000
-300.67190 0.00000
-301.79800 0.00000
-300.51860 0.00000
-302.05910 0.00000
-301.27950 0.00000
-300.35500 0.00000
-299.86790 0.00000
-300.60320 0.00000
-300.22840 0.00000
-301.12550 0.00000
-299.59060 0.00000
-299.98190 0.00000
-298.79700 0.00000
-299.22860 0.00000
-299.34700 0.00000
-298.55900 0.00000
-299.40270 0.00000
-299.71800 0.00000
-300.02220 0.00000
-300.56660 0.00000
-299.93540 0.00000
-299.08390 0.00000
-299.30000 0.00000
-298.91650 0.00000
-299.39460 0.00000
-299.22770 0.00000
-299.70540 0.00000
-298.91590 0.00000
-298.29540 0.00000
-299.14650 0.00000
-298.95040 0.00000
-299.35590 0.00000
-300.36360 0.00000
-299.08750 0.00000
-297.69640 0.00000
-297.64230 0.00000
-297.43770 0.00000
-296.32250 0.00000
-296.31990 0.00000
-297.27660 0.00000
-297.00040 0.00000
-296.44300 0.00000
-296.96600 0.00000
-296.64360 0.00000
-297.24820 0.00000
-296.77730 0.00000
-296.16440 0.00000
-294.84070 0.00000
-294.22630 0.00000
-294.00150 0.00000
-292.59740 0.00000
-292.56120 0.00000
-291.96100 0.00000
-291.25000 0.00000
-291.23730 0.00000
-290.42270 0.00000
-289.82040 0.00000
-290.85750 0.00000
-288.69580 0.00000
-288.16460 0.00000
-288.13850 0.00000
-287.74060 0.00000
-286.92440 0.00000
-287.24860 0.00000
-286.54560 0.00000
-285.87760 0.00000
-286.31360 0.00000
-287.03040 0.00000
-287.54350 0.00000
-287.90870 0.00000
-286.96290 0.00000
-288.06560 0.00000
-289.89950 0.00000
-288.25770 0.00000
-288.17070 0.00000
-287.17620 0.00000
-318.60030 0.00000
-317.30580 0.00000
-318.96180 0.00000
-318.37580 0.00000
-318.45130 0.00000
-318.50890 0.00000
-320.50510 0.00000
-318.92210 0.00000
-318.09560 0.00000
-318.57380 0.00000
-318.42880 0.00000
-318.12300 0.00000
-319.29210 0.00000
-318.12640 0.00000
-318.78950 0.00000
-318.95430 0.00000
-316.78590 0.00000
-318.86800 0.00000
-318.18560 0.00000
-319.15780 0.00000
-317.34530 0.00000
-317.30500 0.00000
-319.12460 0.00000
-319.23010 0.00000
-318.87720 0.00000
-318.23550 0.00000
-317.32130 0.00000
-319.65000 0.00000
-318.75400 0.00000
-317.86980 0.00000
-318.26420 0.00000
-319.32040 0.00000
-318.72330 0.00000
-318.62680 0.00000
-318.58670 0.00000
-317.98550 0.00000
-318.58400 0.00000
-317.69520 0.00000
-318.82740 0.00000
-319.15600 0.00000
-319.51890 0.00000
-318.72140 0.00000
-318.63180 0.00000
-318.65280 0.00000
-320.25940 0.00000
-319.41940 0.00000
-319.51460 0.00000
-317.62970 0.00000
-319.18170 0.00000
-318.42720 0.00000
-318.84410 0.00000
-317.87710 0.00000
-319.15320 0.00000
-317.83440 0.00000
-318.62540 0.00000
-317.70630 0.00000
-318.43450 0.00000
-318.94190 0.00000
-318.65660 0.00000
-319.66610 0.00000
-318.18790 0.00000
-318.17400 0.00000
-318.19880 0.00000
-317.98340 0.00000
-319.15370 0.00000
-317.90710 0.00000
-318.90920 0.00000
-316.84870 0.00000
-320.16900 0.00000
-318.69820 0.00000
-317.38010 0.00000
-317.74330 0.00000
-318.26220 0.00000
-317.94690 0.00000
-318.89210 0.00000
-318.93380 0.00000
-318.54860 0.00000
-318.21460 0.00000
-318.95900 0.00000
-317.96800 0.00000
-319.39760 0.00000
-319.54450 0.00000
-317.67300 0.00000
-316.88840 0.00000
-317.69600 0.00000
-317.88700 0.00000
-317.88830 0.00000
-317.62320 0.00000
-320.00830 0.00000
-319.00300 0.00000
-319.61760 0.00000
-318.52730 0.00000
-318.00440 0.00000
-318.18990 0.00000
-319.34270 0.00000
-318.32780 0.00000
-320.07620 0.00000
-319.05000 0.00000
-319.08940 0.00000
-331.42470 0.00000
-377.91670 0.00000
-375.90810 0.00000
-372.95350 0.00000
-376.56380 0.00000
-374.96920 0.00000
-374.72600 0.00000
-375.97260 0.00000
-374.60620 0.00000
-373.16710 0.00000
-375.12440 0.00000
-374.61660 0.00000
-376.10490 0.00000
-376.37240 0.00000
-374.68400 0.00000
-375.28470 0.00000
-376.42160 0.00000
-373.99740 0.00000
-375.18310 0.00000
-376.64900 0.00000
-375.51400 0.00000
-373.93960 0.00000
-376.83610 0.00000
-375.95160 0.00000
-376.72180 0.00000
-374.52270 0.00000
-373.06310 0.00000
-375.96750 0.00000
-375.37710 0.00000
-377.17490 0.00000
-375.48950 0.00000
-374.14160 0.00000
-373.55640 0.00000
-375.74580 0.00000
-376.80740 0.00000
-374.76670 0.00000
-375.19770 0.00000
-376.15450 0.00000
-374.85950 0.00000
-376.59180 0.00000
-376.16060 0.00000
-375.36530 0.00000
-378.67150 0.00000
-374.92240 0.00000
-375.73150 0.00000
-375.63400 0.00000
-374.58360 0.00000
-373.35670 0.00000
-376.60340 0.00000
-375.81560 0.00000
-374.76380 0.00000
-376.86030 0.00000
-376.19870 0.00000
-375.70450 0.00000
-377.11830 0.00000
-375.91690 0.00000
-377.60600 0.00000
-376.71230 0.00000
-375.35080 0.00000
-376.99710 0.00000
-374.93210 0.00000
-376.94320 0.00000
-376.32870 0.00000
-374.02910 0.00000
-378.13130 0.00000
-377.04830 0.00000
-375.73150 0.00000
-376.29480 0.00000
-374.27570 0.00000
-377.09600 0.00000
-376.50400 0.00000
-376.09100 0.00000
-375.34110 0.00000
-377.54360 0.00000
-375.64850 0.00000
-375.59370 0.00000
-376.19800 0.00000
-375.94700 0.00000
-375.42500 0.00000
-376.89640 0.00000
-374.76480 0.00000
-377.17790 0.00000
-376.59760 0.00000
-375.59720 0.00000
-377.18980 0.00000
-375.78050 0.00000
-373.24940 0.00000
-376.88580 0.00000
-376.47660 0.00000
-375.39950 0.00000
-375.67800 0.00000
-375.18740 0.00000
-376.68020 0.00000
-378.39870 0.00000
-378.60850 0.00000
-379.38350 0.00000
-382.04780 0.00000
-383.84180 0.00000
-383.43020 0.00000
-385.27890 0.00000
-386.38950 0.00000
-309.67430 0.00000
-309.51310 0.00000
-309.82940 0.00000
-308.82230 0.00000
-307.43270 0.00000
-305.56940 0.00000
-304.65320 0.00000
-303.95290 0.00000
-304.73670 0.00000
-303.26890 0.00000
-301.59180 0.00000
-299.49190 0.00000
-300.37730 0.00000
-302.10160 0.00000
-302.81300 0.00000
-304.75580 0.00000
-302.38590 0.00000
-304.24470 0.00000
-303.85540 0.00000
-303.92250 0.00000
-303.87750 0.00000
-304.51230 0.00000
-305.27750 0.00000
-306.72940 0.00000
-307.29490 0.00000
-307.48540 0.00000
-308.13950 0.00000
-307.86730 0.00000
-306.84670 0.00000
-307.70770 0.00000
-306.87830 0.00000
-305.39190 0.00000
-305.65270 0.00000
-305.78350 0.00000
-307.10880 0.00000
-303.89880 0.00000
-305.24530 0.00000
-304.66540 0.00000
-306.39500 0.00000
-305.57140 0.00000
-305.13880 0.00000
-306.98690 0.00000
-309.00760 0.00000
-309.95900 0.00000
-310.84770 0.00000
-309.66490 0.00000
-310.85940 0.00000
-311.39600 0.00000
-310.38990 0.00000
-310.67920 0.00000
-313.25120 0.00000
-310.95230 0.00000
-309.70170 0.00000
-309.93480 0.00000
-309.80770 0.00000
-309.85870 0.00000
-310.27050 0.00000
-309.85860 0.00000
-309.77080 0.00000
-309.22450 0.00000
-307.96970 0.00000
-306.66710 0.00000
-306.64510 0.00000
-307.37490 0.00000
-306.77370 0.00000
-307.38860 0.00000
-306.73970 0.00000
-306.04470 0.00000
-307.84890 0.00000
-306.45730 0.00000
-307.06100 0.00000
-308.66450 0.00000
-305.30180 0.00000
-306.90300 0.00000
-305.09730 0.00000
-303.19120 0.00000
-302.92840 0.00000
-303.41640 0.00000
-303.73290 0.00000
-302.23310 0.00000
-301.58650 0.00000
-301.41260 0.00000
-301.99990 0.00000
-301.98790 0.00000
-301.74980 0.00000
-301.50520 0.00000
-301.62330 0.00000
-301.70490 0.00000
-303.45230 0.00000
-302.04250 0.00000
-302.23350 0.00000
-302.01270 0.00000
-302.18680 0.00000
-302.05490 0.00000
-302.10350 0.00000
-302.03350 0.00000
-302.51970 0.00000
-302.30600 0.00000
-302.60020 0.00000
-302.33410 0.00000
-318.99540 0.00000
-318.94910 0.00000
-318.64110 0.00000
-318.72690 0.00000
-317.97370 0.00000
-318.93010 0.00000
-319.45490 0.00000
-317.23780 0.00000
-319.38490 0.00000
-318.28390 0.00000
-318.29390 0.00000
-319.21370 0.00000
-318.60940 0.00000
-317.62750 0.00000
-319.40500 0.00000
-318.27470 0.00000
-318.41870 0.00000
-317.61060 0.00000
-317.83220 0.00000
-319.54830 0.00000
-319.69570 0.00000
-319.55730 0.00000
-318.95500 0.00000
-318.73210 0.00000
-317.91530 0.00000
-317.70210 0.00000
-318.42790 0.00000
-318.53110 0.00000
-319.13400 0.00000
-317.94330 0.00000
-319.85400 0.00000
-319.23050 0.00000
-317.21450 0.00000
-317.71560 0.00000
-317.43130 0.00000
-318.20600 0.00000
-318.70200 0.00000
-318.27820 0.00000
-319.05540 0.00000
-319.59700 0.00000
-318.58500 0.00000
-317.66530 0.00000
-317.28740 0.00000
-317.46600 0.00000
-318.54530 0.00000
-318.81500 0.00000
-318.00790 0.00000
-319.85790 0.00000
-318.72790 0.00000
-317.08610 0.00000
-319.41040 0.00000
-318.45560 0.00000
-318.16420 0.00000
-318.29890 0.00000
-318.77930 0.00000
-318.63660 0.00000
-318.10020 0.00000
-318.20300 0.00000
-318.99660 0.00000
-318.15660 0.00000
-318.56890 0.00000
-320.27180 0.00000
-319.53990 0.00000
-317.81110 0.00000
-318.91310 0.00000
-316.99850 0.00000
-319.17830 0.00000
-318.29520 0.00000
-317.61700 0.00000
-318.61850 0.00000
-318.15130 0.00000
-318.54560 0.00000
-319.11340 0.00000
-318.86430 0.00000
-318.54010 0.00000
-318.52210 0.00000
-318.57640 0.00000
-318.98590 0.00000
-318.81400 0.00000
-318.89340 0.00000
-317.66120 0.00000
-317.93920 0.00000
-317.85640 0.00000
-317.98770 0.00000
-318.46530 0.00000
-318.00070 0.00000
-318.99200 0.00000
-318.56940 0.00000
-319.67150 0.00000
-319.33810 0.00000
-319.62400 0.00000
-318.86770 0.00000
-317.13610 0.00000
-318.50280 0.00000
-318.57300 0.00000
-318.22820 0.00000
-317.12030 0.00000
-316.28830 0.00000
-318.56420 0.00000
-318.79370 0.00000
-358.54110 0.00000
-357.56650 0.00000
-357.32870 0.00000
-358.71390 0.00000
-359.17830 0.00000
-356.09480 0.00000
-358.19190 0.00000
-358.38660 0.00000
-357.37560 0.00000
-357.61370 0.00000
-357.70260 0.00000
-358.02250 0.00000
-358.78990 0.00000
-359.17430 0.00000
-358.76520 0.00000
-358.26850 0.00000
-356.39520 0.00000
-358.90950 0.00000
-356.79190 0.00000
-357.95240 0.00000
-357.23390 0.00000
-356.88270 0.00000
-358.12720 0.00000
-357.37370 0.00000
-358.51260 0.00000
-357.14180 0.00000
-358.35660 0.00000
-359.57330 0.00000
-358.24120 0.00000
-358.38290 0.00000
-358.03730 0.00000
-357.97890 0.00000
-357.66000 0.00000
-358.70480 0.00000
-357.20310 0.00000
-357.88790 0.00000
-358.90500 0.00000
-357.31300 0.00000
-358.46240 0.00000
-358.46280 0.00000
-358.67110 0.00000
-359.98510 0.00000
-359.46130 0.00000
-358.29470 0.00000
-359.79430 0.00000
-358.09210 0.00000
-359.52760 0.00000
-356.89260 0.00000
-359.15730 0.00000
-356.69370 0.00000
-359.30530 0.00000
-357.28690 0.00000
-359.01250 0.00000
-358.29730 0.00000
-360.94700 0.00000
-357.43880 0.00000
-358.93490 0.00000
-356.89340 0.00000
-358.34750 0.00000
-357.45780 0.00000
-357.58010 0.00000
-357.65290 0.00000
-358.77150 0.00000
-357.90390 0.00000
-359.85070 0.00000
-357.22620 0.00000
-357.10200 0.00000
-358.06570 0.00000
-359.11870 0.00000
-357.47250 0.00000
-356.27330 0.00000
-359.87600 0.00000
-357.82330 0.00000
-356.99540 0.00000
-358.62490 0.00000
-357.67670 0.00000
-357.60680 0.00000
-356.74700 0.00000
-358.99610 0.00000
-358.60460 0.00000
-358.63250 0.00000
-359.33180 0.00000
-358.21790 0.00000
-357.21090 0.00000
-356.67290 0.00000
-358.18350 0.00000
-358.02630 0.00000
-358.01350 0.00000
-358.62570 0.00000
-359.34510 0.00000
-358.96980 0.00000
-357.63190 0.00000
-357.62000 0.00000
-358.29170 0.00000
-357.59570 0.00000
-358.01480 0.00000
-357.61520 0.00000
-359.13200 0.00000
-356.37860 0.00000
-375.71850 0.00000
-298.38710 0.00000
-298.44660 0.00000
-296.66810 0.00000
-296.21190 0.00000
-295.97270 0.00000
-297.28130 0.00000
-296.71850 0.00000
-295.78460 0.00000
-295.30000 0.00000
-295.42230 0.00000
-293.77530 0.00000
-293.70890 0.00000
-294.81040 0.00000
-294.64070 0.00000
-295.56700 0.00000
-294.98440 0.00000
-293.87060 0.00000
-294.10810 0.00000
-294.28910 0.00000
-294.68490 0.00000
-295.86990 0.00000
-295.75610 0.00000
-295.80220 0.00000
-296.80040 0.00000
-297.65960 0.00000
-297.43080 0.00000
-298.35890 0.00000
-298.50460 0.00000
-298.54250 0.00000
-298.98930 0.00000
-298.90700 0.00000
-298.76580 0.00000
-297.97350 0.00000
-297.47570 0.00000
-297.87730 0.00000
-298.52090 0.00000
-297.28540 0.00000
-297.28860 0.00000
-296.48740 0.00000
-296.22140 0.00000
-295.88420 0.00000
-295.98180 0.00000
-295.58430 0.00000
-295.31870 0.00000
-296.44850 0.00000
-297.41150 0.00000
-295.57590 0.00000
-295.11970 0.00000
-295.13280 0.00000
-294.74880 0.00000
-295.17370 0.00000
-295.43070 0.00000
-295.54980 0.00000
-295.11310 0.00000
-295.39980 0.00000
-297.14940 0.00000
-297.34750 0.00000
-297.10420 0.00000
-297.76990 0.00000
-298.12600 0.00000
-298.97740 0.00000
-298.85990 0.00000
-299.80620 0.00000
-301.52230 0.00000
-300.01130 0.00000
-300.30070 0.00000
-299.60440 0.00000
-298.75840 0.00000
-299.00740 0.00000
-300.61170 0.00000
-301.69210 0.00000
-302.61430 0.00000
-302.48680 0.00000
-303.12270 0.00000
-302.51930 0.00000
-303.84360 0.00000
-303.49000 0.00000
-302.33340 0.00000
-303.25520 0.00000
-303.01990 0.00000
-305.99370 0.00000
-307.83370 0.00000
-304.50910 0.00000
-304.19060 0.00000
-304.48640 0.00000
-304.66550 0.00000
-305.08140 0.00000
-306.75250 0.00000
-306.59900 0.00000
-306.10040 0.00000
-305.22050 0.00000
-305.21790 0.00000
-305.31360 0.00000
-306.00540 0.00000
-306.76230 0.00000
-308.43050 0.00000
-309.42260 0.00000
-308.42510 0.00000
-307.69120 0.00000
-309.55340 0.00000
-336.85470 0.00000
-337.46480 0.00000
-337.06500 0.00000
-338.06710 0.00000
-336.01440 0.00000
-336.11390 0.00000
-337.81760 0.00000
-336.89830 0.00000
-337.59750 0.00000
-337.53840 0.00000
-337.93930 0.00000
-338.12160 0.00000
-337.58130 0.00000
-337.12000 0.00000
-337.57320 0.00000
-337.20530 0.00000
-336.78250 0.00000
-335.69070 0.00000
-335.59180 0.00000
-335.63010 0.00000
-335.26460 0.00000
-335.11960 0.00000
-335.88240 0.00000
-336.34170 0.00000
-336.71540 0.00000
-338.29760 0.00000
-338.31080 0.00000
-338.26520 0.00000
-338.63360 0.00000
-338.33970 0.00000
-338.18860 0.00000
-337.55050 0.00000
-337.75940 0.00000
-338.05490 0.00000
-338.71130 0.00000
-337.82560 0.00000
-337.90980 0.00000
-338.22910 0.00000
-338.10700 0.00000
-336.01180 0.00000
-337.02770 0.00000
-338.17530 0.00000
-338.32720 0.00000
-338.20050 0.00000
-338.41280 0.00000
-337.51800 0.00000
-336.61440 0.00000
-337.99230 0.00000
-337.29960 0.00000
-337.58480 0.00000
-337.21570 0.00000
-336.71410 0.00000
-335.38890 0.00000
-335.21060 0.00000
-334.92690 0.00000
-334.30760 0.00000
-333.38510 0.00000
-334.21450 0.00000
-334.10980 0.00000
-333.00250 0.00000
-332.17100 0.00000
-331.95730 0.00000
-332.30320 0.00000
-333.14990 0.00000
-330.97210 0.00000
-329.40460 0.00000
-328.57530 0.00000
-327.74200 0.00000
-328.73440 0.00000
-327.61220 0.00000
-327.12750 0.00000
-326.86640 0.00000
-326.96910 0.00000
-327.09480 0.00000
-327.18820 0.00000
-325.19060 0.00000
-324.57330 0.00000
-323.47520 0.00000
-323.33770 0.00000
-322.18120 0.00000
-323.08080 0.00000
-322.65990 0.00000
-323.22760 0.00000
-322.20180 0.00000
-322.09140 0.00000
-323.08010 0.00000
-322.19830 0.00000
-322.96280 0.00000
-323.49690 0.00000
-322.76510 0.00000
-321.98710 0.00000
-321.98140 0.00000
-321.90370 0.00000
-320.72730 0.00000
-321.04860 0.00000
-319.74320 0.00000
-319.27290 0.00000
-318.46120 0.00000
-318.22750 0.00000
-318.43280 0.00000
-360.70970 0.00000
-358.29040 0.00000
-358.41470 0.00000
-357.82030 0.00000
-358.26570 0.00000
-358.33640 0.00000
-358.27390 0.00000
-356.35940 0.00000
-358.71700 0.00000
-357.26170 0.00000
-358.06940 0.00000
-359.73400 0.00000
-357.89670 0.00000
-359.12520 0.00000
-359.94590 0.00000
-356.63400 0.00000
-357.92450 0.00000
-358.26730 0.00000
-359.24120 0.00000
-359.86850 0.00000
-358.04010 0.00000
-358.81510 0.00000
-357.52640 0.00000
-358.69660 0.00000
-358.86710 0.00000
-358.36700 0.00000
-358.86370 0.00000
-357.84140 0.00000
-359.95680 0.00000
-357.22600 0.00000
-358.05210 0.00000
-357.40830 0.00000
-357.84060 0.00000
-357.88410 0.00000
-357.67590 0.00000
-358.58470 0.00000
-359.57970 0.00000
-358.59690 0.00000
-359.56290 0.00000
-358.28070 0.00000
-358.09730 0.00000
-356.80670 0.00000
-357.71040 0.00000
-358.08980 0.00000
-357.95010 0.00000
-357.60940 0.00000
-358.20290 0.00000
-358.98580 0.00000
-357.34100 0.00000
-358.06540 0.00000
-357.47860 0.00000
-358.81020 0.00000
-357.78500 0.00000
-358.15260 0.00000
-356.84700 0.00000
-357.11990 0.00000
-359.18580 0.00000
-358.16000 0.00000
-358.59530 0.00000
-358.81070 0.00000
-358.12410 0.00000
-360.09370 0.00000
-359.49190 0.00000
-358.36840 0.00000
-357.11350 0.00000
-357.62510 0.00000
-358.04730 0.00000
-357.62110 0.00000
-357.30750 0.00000
-357.92300 0.00000
-358.80360 0.00000
-356.96670 0.00000
-359.15640 0.00000
-359.59010 0.00000
-357.84100 0.00000
-357.76210 0.00000
-356.86730 0.00000
-357.93260 0.00000
-357.58580 0.00000
-357.88760 0.00000
-358.27380 0.00000
-358.80730 0.00000
-358.71950 0.00000
-358.26120 0.00000
-356.98900 0.00000
-357.56280 0.00000
-358.48060 0.00000
-356.97820 0.00000
-359.81060 0.00000
-360.31580 0.00000
-357.32160 0.00000
-359.53970 0.00000
-358.64590 0.00000
-359.28070 0.00000
-358.64860 0.00000
-359.26590 0.00000
-357.77700 0.00000
-356.77390 0.00000
-358.39810 0.00000
-358.60670 0.00000
-330.04440 0.00000
-330.04900 0.00000
-329.75100 0.00000
-329.68330 0.00000
-330.53490 0.00000
-329.94920 0.00000
-330.07150 0.00000
-330.93160 0.00000
-331.37310 0.00000
-330.38850 0.00000
-329.76370 0.00000
-329.62660 0.00000
-329.23170 0.00000
-330.02290 0.00000
-329.80960 0.00000
-330.68740 0.00000
-329.98780 0.00000
-329.48170 0.00000
-330.05410 0.00000
-329.85690 0.00000
-330.69090 0.00000
-329.29780 0.00000
-330.36250 0.00000
-330.47560 0.00000
-330.27910 0.00000
-329.70010 0.00000
-330.29980 0.00000
-330.03150 0.00000
-329.66000 0.00000
-329.66840 0.00000
-330.13460 0.00000
-330.57950 0.00000
-330.09540 0.00000
-330.44190 0.00000
-330.34140 0.00000
-329.37660 0.00000
-330.03660 0.00000
-329.96320 0.00000
-330.43220 0.00000
-329.69450 0.00000
-330.38430 0.00000
-330.25280 0.00000
-330.16060 0.00000
-330.45970 0.00000
-329.22300 0.00000
-329.79120 0.00000
-331.00360 0.00000
-329.78560 0.00000
-330.27680 0.00000
-329.24210 0.00000
-329.77430 0.00000
-329.96830 0.00000
-329.98680 0.00000
-330.11040 0.00000
-330.10840 0.00000
-329.71940 0.00000
-329.50320 0.00000
-329.53830 0.00000
-329.72590 0.00000
-330.29660 0.00000
-330.11840 0.00000
-330.63860 0.00000
-328.68390 0.00000
-329.64050 0.00000
-330.40510 0.00000
-329.25980 0.00000
-329.99710 0.00000
-330.02190 0.00000
-329.15800 0.00000
-330.36900 0.00000
-329.53160 0.00000
-330.55420 0.00000
-330.53700 0.00000
-330.71340 0.00000
-329.81440 0.00000
-329.62420 0.00000
-330.60410 0.00000
-329.16870 0.00000
-328.95440 0.00000
-329.92090 0.00000
-330.70430 0.00000
-330.69470 0.00000
-330.48050 0.00000
-330.57100 0.00000
-329.26300 0.00000
-330.36950 0.00000
-330.34090 0.00000
-329.85970 0.00000
-330.11610 0.00000
-330.10370 0.00000
-329.68930 0.00000
-330.05370 0.00000
-328.93810 0.00000
-330.50890 0.00000
-330.62090 0.00000
-330.21440 0.00000
-330.15270 0.00000
-330.00630 0.00000
-330.66980 0.00000
