-100.0000 -100.0000
-362.5129 0.0000
-363.3740 0.0000
-363.9073 0.0000
-363.3651 0.0000
-364.2188 0.0000
-363.6861 0.0000
-363.2643 0.0000
-363.4537 0.0000
-364.3053 0.0000
-364.6010 0.0000
-365.9020 0.0000
-364.8534 0.0000
-363.3538 0.0000
-364.1842 0.0000
-365.0747 0.0000
-365.4042 0.0000
-366.8325 0.0000
-366.7690 0.0000
-366.4623 0.0000
-367.1235 0.0000
-365.7670 0.0000
-364.1345 0.0000
-365.4543 0.0000
-364.6395 0.0000
-364.9583 0.0000
-365.7715 0.0000
-367.3045 0.0000
-368.4218 0.0000
-367.4468 0.0000
-366.8469 0.0000
-368.6607 0.0000
-368.7779 0.0000
-370.4313 0.0000
-371.7421 0.0000
-371.4739 0.0000
-371.2402 0.0000
-371.4373 0.0000
-371.6272 0.0000
-371.8189 0.0000
-374.4473 0.0000
-372.6822 0.0000
-372.2336 0.0000
-371.9575 0.0000
-371.8035 0.0000
-371.7815 0.0000
-373.2535 0.0000
-374.5302 0.0000
-376.5564 0.0000
-377.5563 0.0000
-377.0969 0.0000
-377.1952 0.0000
-376.8900 0.0000
-377.1793 0.0000
-378.9159 0.0000
-380.1344 0.0000
-379.4104 0.0000
-378.7153 0.0000
-379.4456 0.0000
-377.6807 0.0000
-376.4550 0.0000
-375.6746 0.0000
-374.4130 0.0000
-373.0119 0.0000
-373.6091 0.0000
-374.3144 0.0000
-375.2695 0.0000
-373.6819 0.0000
-372.8008 0.0000
-373.1961 0.0000
-371.3539 0.0000
-371.9908 0.0000
-371.4065 0.0000
-372.5868 0.0000
-371.8381 0.0000
-369.1621 0.0000
-370.6774 0.0000
-369.6133 0.0000
-369.6652 0.0000
-370.0233 0.0000
-369.6193 0.0000
-368.6780 0.0000
-368.3230 0.0000
-368.9390 0.0000
-370.7085 0.0000
-369.7913 0.0000
-370.0329 0.0000
-372.1402 0.0000
-371.8118 0.0000
-372.0888 0.0000
-370.7738 0.0000
-371.6795 0.0000
-372.3751 0.0000
-373.7373 0.0000
-374.1478 0.0000
-373.9053 0.0000
-374.5246 0.0000
-375.3167 0.0000
-376.6073 0.0000
-377.4477 0.0000
-377.5377 0.0000
-339.1626 0.0000
-340.6033 0.0000
-340.6369 0.0000
-340.1219 0.0000
-340.1609 0.0000
-340.1553 0.0000
-338.9670 0.0000
-338.9678 0.0000
-338.3676 0.0000
-340.0177 0.0000
-340.6222 0.0000
-342.2192 0.0000
-343.4780 0.0000
-342.7124 0.0000
-342.5456 0.0000
-342.9555 0.0000
-342.1911 0.0000
-343.7178 0.0000
-343.1375 0.0000
-344.1079 0.0000
-344.6918 0.0000
-345.1295 0.0000
-343.9649 0.0000
-343.0349 0.0000
-342.7029 0.0000
-342.3256 0.0000
-341.7935 0.0000
-340.9444 0.0000
-340.3430 0.0000
-339.4420 0.0000
-339.5465 0.0000
-339.0070 0.0000
-338.1896 0.0000
-337.5830 0.0000
-337.9770 0.0000
-339.1281 0.0000
-339.6935 0.0000
-339.4777 0.0000
-339.4004 0.0000
-340.8212 0.0000
-341.1684 0.0000
-340.6245 0.0000
-339.9782 0.0000
-339.8073 0.0000
-340.4433 0.0000
-340.0271 0.0000
-340.0286 0.0000
-339.6454 0.0000
-339.2624 0.0000
-337.7939 0.0000
-337.5213 0.0000
-337.9770 0.0000
-338.4413 0.0000
-336.9975 0.0000
-336.5964 0.0000
-337.5678 0.0000
-337.9916 0.0000
-337.0219 0.0000
-337.4253 0.0000
-336.5873 0.0000
-336.4629 0.0000
-336.5600 0.0000
-337.4218 0.0000
-338.7926 0.0000
-339.4748 0.0000
-339.2454 0.0000
-338.9285 0.0000
-338.9006 0.0000
-339.0166 0.0000
-340.1271 0.0000
-340.3985 0.0000
-341.1626 0.0000
-340.4459 0.0000
-339.7447 0.0000
-340.0920 0.0000
-341.9283 0.0000
-339.7293 0.0000
-340.0009 0.0000
-339.6620 0.0000
-340.1626 0.0000
-340.2039 0.0000
-340.5809 0.0000
-340.9235 0.0000
-342.9627 0.0000
-343.1676 0.0000
-343.1688 0.0000
-342.1741 0.0000
-342.9319 0.0000
-342.5470 0.0000
-341.5770 0.0000
-341.3173 0.0000
-341.4546 0.0000
-343.3692 0.0000
-345.1618 0.0000
-345.4676 0.0000
-344.6912 0.0000
-345.6289 0.0000
-346.5710 0.0000
-346.9248 0.0000
-348.4004 0.0000
-330.5722 0.0000
-330.9816 0.0000
-330.4654 0.0000
-330.8049 0.0000
-330.5790 0.0000
-330.1826 0.0000
-329.7422 0.0000
-329.9437 0.0000
-330.7681 0.0000
-330.7055 0.0000
-331.4716 0.0000
-331.4801 0.0000
-331.8358 0.0000
-331.5859 0.0000
-331.0539 0.0000
-331.2274 0.0000
-331.2059 0.0000
-331.8789 0.0000
-331.1219 0.0000
-331.3696 0.0000
-330.9733 0.0000
-331.3385 0.0000
-331.4453 0.0000
-331.6104 0.0000
-332.1873 0.0000
-332.7208 0.0000
-332.2200 0.0000
-332.4400 0.0000
-333.0933 0.0000
-332.5653 0.0000
-332.3873 0.0000
-332.6350 0.0000
-332.8669 0.0000
-332.5283 0.0000
-332.3250 0.0000
-332.4851 0.0000
-332.9204 0.0000
-332.1666 0.0000
-331.6695 0.0000
-332.2819 0.0000
-332.1080 0.0000
-332.2957 0.0000
-332.8587 0.0000
-332.4137 0.0000
-332.4563 0.0000
-332.8498 0.0000
-332.6409 0.0000
-333.3609 0.0000
-334.1951 0.0000
-334.0188 0.0000
-334.1082 0.0000
-334.5885 0.0000
-334.5156 0.0000
-334.5012 0.0000
-334.4240 0.0000
-334.3291 0.0000
-334.3595 0.0000
-334.5748 0.0000
-334.6573 0.0000
-333.5572 0.0000
-332.7939 0.0000
-333.3402 0.0000
-332.8654 0.0000
-332.4550 0.0000
-333.9488 0.0000
-332.9262 0.0000
-333.0701 0.0000
-333.1570 0.0000
-333.2401 0.0000
-333.4768 0.0000
-333.8696 0.0000
-333.8425 0.0000
-333.6637 0.0000
-333.5884 0.0000
-333.5028 0.0000
-332.5826 0.0000
-332.0900 0.0000
-331.8101 0.0000
-331.6085 0.0000
-331.7294 0.0000
-331.6598 0.0000
-331.4843 0.0000
-331.8928 0.0000
-332.0142 0.0000
-332.5537 0.0000
-333.2725 0.0000
-333.0086 0.0000
-332.3996 0.0000
-332.9577 0.0000
-333.0406 0.0000
-331.6985 0.0000
-331.8301 0.0000
-332.4124 0.0000
-331.7499 0.0000
-331.3911 0.0000
-331.3989 0.0000
-332.3187 0.0000
-333.4575 0.0000
-332.0274 0.0000
-332.4872 0.0000
-389.8557 0.0000
-392.5049 0.0000
-390.6622 0.0000
-392.6261 0.0000
-388.9540 0.0000
-392.7677 0.0000
-391.1652 0.0000
-393.8030 0.0000
-393.0479 0.0000
-390.6349 0.0000
-393.3654 0.0000
-391.7031 0.0000
-391.7740 0.0000
-392.5037 0.0000
-392.6596 0.0000
-390.7766 0.0000
-393.2788 0.0000
-392.9965 0.0000
-392.0080 0.0000
-389.9716 0.0000
-393.2319 0.0000
-392.3583 0.0000
-390.6776 0.0000
-391.6828 0.0000
-391.2109 0.0000
-393.1786 0.0000
-389.8442 0.0000
-391.5622 0.0000
-393.6891 0.0000
-392.0968 0.0000
-393.6685 0.0000
-390.5805 0.0000
-391.0083 0.0000
-392.6396 0.0000
-394.6168 0.0000
-390.4701 0.0000
-392.9893 0.0000
-392.8827 0.0000
-393.6464 0.0000
-388.2534 0.0000
-394.0501 0.0000
-391.4318 0.0000
-391.0108 0.0000
-391.7923 0.0000
-391.5417 0.0000
-387.4400 0.0000
-392.0659 0.0000
-392.3898 0.0000
-392.7477 0.0000
-392.8515 0.0000
-392.7868 0.0000
-392.1127 0.0000
-391.5092 0.0000
-392.4268 0.0000
-389.9123 0.0000
-392.5083 0.0000
-391.0108 0.0000
-394.0027 0.0000
-391.3367 0.0000
-393.0153 0.0000
-391.8892 0.0000
-392.8921 0.0000
-390.2286 0.0000
-393.3033 0.0000
-391.5131 0.0000
-392.3369 0.0000
-392.2688 0.0000
-389.5073 0.0000
-392.8670 0.0000
-391.3429 0.0000
-392.0981 0.0000
-391.2101 0.0000
-393.5135 0.0000
-393.2878 0.0000
-393.5044 0.0000
-393.1768 0.0000
-391.6422 0.0000
-391.8647 0.0000
-390.8033 0.0000
-391.6035 0.0000
-390.8049 0.0000
-390.4280 0.0000
-390.8550 0.0000
-389.0169 0.0000
-392.8070 0.0000
-390.7393 0.0000
-391.5338 0.0000
-390.1467 0.0000
-392.0802 0.0000
-390.5148 0.0000
-392.5408 0.0000
-391.3404 0.0000
-389.9635 0.0000
-391.1648 0.0000
-391.9733 0.0000
-392.4440 0.0000
-389.3271 0.0000
-394.0286 0.0000
-391.9173 0.0000
-390.5379 0.0000
-392.7044 0.0000
-393.8577 0.0000
-389.4425 0.0000
-393.4519 0.0000
-391.4832 0.0000
-390.1110 0.0000
-393.0048 0.0000
-388.4842 0.0000
-391.9700 0.0000
-391.7469 0.0000
-392.2913 0.0000
-393.1373 0.0000
-391.4247 0.0000
-389.8919 0.0000
-392.4223 0.0000
-392.6460 0.0000
-390.7759 0.0000
-390.9281 0.0000
-391.7402 0.0000
-393.3713 0.0000
-393.1624 0.0000
-390.9435 0.0000
-393.6950 0.0000
-389.2283 0.0000
-392.8759 0.0000
-392.7242 0.0000
-390.7987 0.0000
-391.3907 0.0000
-391.9304 0.0000
-394.2077 0.0000
-391.7816 0.0000
-392.7814 0.0000
-393.9443 0.0000
-393.3380 0.0000
-393.1654 0.0000
-390.0230 0.0000
-390.1507 0.0000
-393.6416 0.0000
-392.8819 0.0000
-390.3431 0.0000
-389.0367 0.0000
-389.8198 0.0000
-392.5700 0.0000
-390.2829 0.0000
-390.5181 0.0000
-390.1733 0.0000
-390.8894 0.0000
-392.7568 0.0000
-394.4373 0.0000
-391.7106 0.0000
-393.3878 0.0000
-389.9972 0.0000
-393.1622 0.0000
-392.3176 0.0000
-391.9125 0.0000
-391.1504 0.0000
-394.3461 0.0000
-388.4252 0.0000
-391.2743 0.0000
-391.5971 0.0000
-393.3477 0.0000
-392.8481 0.0000
-389.5947 0.0000
-389.4792 0.0000
-391.8496 0.0000
-391.1591 0.0000
-392.9767 0.0000
-391.8198 0.0000
-393.7511 0.0000
-393.3103 0.0000
-390.5075 0.0000
-390.5388 0.0000
-392.1806 0.0000
-393.5366 0.0000
-391.7959 0.0000
-389.7980 0.0000
-394.0089 0.0000
-390.4458 0.0000
-392.9895 0.0000
-390.8389 0.0000
-392.7953 0.0000
-392.4567 0.0000
-389.9585 0.0000
-391.1469 0.0000
-392.7035 0.0000
-392.1719 0.0000
-390.6503 0.0000
-394.1579 0.0000
-391.6703 0.0000
-389.9743 0.0000
-391.9930 0.0000
-392.3222 0.0000
-391.9495 0.0000
-390.4266 0.0000
-393.0315 0.0000
-393.0691 0.0000
-389.0863 0.0000
-393.4819 0.0000
-391.0817 0.0000
