-100.0000 -100.0000
-349.5511 0.0000
-351.9033 0.0000
-351.2216 0.0000
-347.6836 0.0000
-349.1980 0.0000
-347.3677 0.0000
-345.4287 0.0000
-346.7223 0.0000
-346.2926 0.0000
-346.0792 0.0000
-349.5003 0.0000
-343.1936 0.0000
-341.1113 0.0000
-343.0009 0.0000
-343.7108 0.0000
-344.7073 0.0000
-344.5693 0.0000
-344.4383 0.0000
-345.3063 0.0000
-344.4652 0.0000
-343.6494 0.0000
-341.8919 0.0000
-344.6718 0.0000
-341.5978 0.0000
-339.9044 0.0000
-342.7262 0.0000
-344.0854 0.0000
-346.0632 0.0000
-346.6298 0.0000
-347.1796 0.0000
-348.6790 0.0000
-346.8507 0.0000
-348.4498 0.0000
-349.5671 0.0000
-349.5797 0.0000
-350.6801 0.0000
-349.2486 0.0000
-349.9855 0.0000
-348.5521 0.0000
-350.9977 0.0000
-346.4339 0.0000
-347.5154 0.0000
-346.4771 0.0000
-345.3243 0.0000
-346.4007 0.0000
-344.8521 0.0000
-348.4692 0.0000
-345.4377 0.0000
-345.8001 0.0000
-348.2270 0.0000
-347.1023 0.0000
-343.5824 0.0000
-342.4025 0.0000
-342.0436 0.0000
-342.2173 0.0000
-341.7726 0.0000
-340.5373 0.0000
-341.1571 0.0000
-339.9554 0.0000
-337.7561 0.0000
-338.4300 0.0000
-333.8165 0.0000
-330.0955 0.0000
-329.7045 0.0000
-331.3471 0.0000
-331.4986 0.0000
-329.2744 0.0000
-330.4206 0.0000
-329.2821 0.0000
-328.9679 0.0000
-327.6751 0.0000
-328.1622 0.0000
-330.5968 0.0000
-331.3519 0.0000
-326.7356 0.0000
-329.0099 0.0000
-328.9307 0.0000
-329.9611 0.0000
-330.4308 0.0000
-330.7699 0.0000
-329.5187 0.0000
-326.8448 0.0000
-327.6385 0.0000
-328.0039 0.0000
-329.3107 0.0000
-326.4356 0.0000
-328.3593 0.0000
-327.5314 0.0000
-327.0406 0.0000
-326.5122 0.0000
-328.0358 0.0000
-327.1190 0.0000
-325.8284 0.0000
-325.6605 0.0000
-325.8347 0.0000
-326.6308 0.0000
-326.2610 0.0000
-327.0553 0.0000
-325.0740 0.0000
-324.9763 0.0000
-405.9365 0.0000
-406.1601 0.0000
-406.6383 0.0000
-404.2650 0.0000
-404.8230 0.0000
-405.9163 0.0000
-404.6510 0.0000
-404.6512 0.0000
-404.4189 0.0000
-407.3571 0.0000
-406.1563 0.0000
-406.7249 0.0000
-406.2980 0.0000
-404.4640 0.0000
-404.7847 0.0000
-405.5859 0.0000
-404.4284 0.0000
-406.8639 0.0000
-404.2368 0.0000
-408.0172 0.0000
-405.3217 0.0000
-405.2870 0.0000
-404.8920 0.0000
-405.5896 0.0000
-404.6896 0.0000
-405.3016 0.0000
-406.7107 0.0000
-404.8167 0.0000
-404.8117 0.0000
-403.5828 0.0000
-405.6095 0.0000
-405.1043 0.0000
-405.2566 0.0000
-405.6028 0.0000
-406.6787 0.0000
-406.3658 0.0000
-405.8008 0.0000
-405.2558 0.0000
-405.4249 0.0000
-404.5927 0.0000
-405.8303 0.0000
-405.6467 0.0000
-404.4269 0.0000
-403.2152 0.0000
-405.5035 0.0000
-405.0217 0.0000
-404.7429 0.0000
-406.3803 0.0000
-404.8817 0.0000
-403.7979 0.0000
-404.7398 0.0000
-406.4566 0.0000
-407.0388 0.0000
-404.2675 0.0000
-405.3716 0.0000
-407.4395 0.0000
-409.0071 0.0000
-404.5915 0.0000
-406.5953 0.0000
-405.5982 0.0000
-407.3193 0.0000
-404.3929 0.0000
-406.9244 0.0000
-407.4939 0.0000
-408.6899 0.0000
-404.3868 0.0000
-403.9375 0.0000
-404.9290 0.0000
-405.5583 0.0000
-407.8223 0.0000
-405.3884 0.0000
-405.9915 0.0000
-405.0356 0.0000
-404.8563 0.0000
-406.7285 0.0000
-406.2169 0.0000
-403.7186 0.0000
-406.5383 0.0000
-405.7638 0.0000
-404.8108 0.0000
-406.9650 0.0000
-405.5543 0.0000
-404.7611 0.0000
-408.7594 0.0000
-404.4467 0.0000
-406.3625 0.0000
-404.9732 0.0000
-406.7629 0.0000
-405.7516 0.0000
-405.9886 0.0000
-405.7562 0.0000
-404.6208 0.0000
-407.0221 0.0000
-407.0395 0.0000
-404.9744 0.0000
-403.7959 0.0000
-406.1907 0.0000
-407.2112 0.0000
-407.0619 0.0000
-405.6534 0.0000
-331.9219 0.0000
-332.5161 0.0000
-331.8177 0.0000
-332.1138 0.0000
-331.4839 0.0000
-331.1507 0.0000
-330.5819 0.0000
-330.8090 0.0000
-331.2033 0.0000
-330.1258 0.0000
-330.5309 0.0000
-330.2444 0.0000
-329.5861 0.0000
-329.3450 0.0000
-328.7485 0.0000
-328.7054 0.0000
-328.3262 0.0000
-327.5652 0.0000
-327.3896 0.0000
-327.2849 0.0000
-327.5686 0.0000
-328.3654 0.0000
-328.0497 0.0000
-328.1376 0.0000
-328.7515 0.0000
-328.1845 0.0000
-327.7311 0.0000
-327.0379 0.0000
-327.2799 0.0000
-327.1727 0.0000
-328.6674 0.0000
-328.5812 0.0000
-328.3615 0.0000
-329.5250 0.0000
-329.2058 0.0000
-329.5431 0.0000
-329.4354 0.0000
-328.9310 0.0000
-328.5800 0.0000
-329.2038 0.0000
-329.0636 0.0000
-329.2772 0.0000
-329.5321 0.0000
-328.8072 0.0000
-329.6766 0.0000
-330.3100 0.0000
-330.2590 0.0000
-330.0889 0.0000
-331.3256 0.0000
-330.8373 0.0000
-331.5433 0.0000
-330.8513 0.0000
-330.5582 0.0000
-330.8971 0.0000
-330.6406 0.0000
-329.8119 0.0000
-330.5139 0.0000
-329.7817 0.0000
-330.1604 0.0000
-329.4582 0.0000
-329.7550 0.0000
-329.0137 0.0000
-328.2718 0.0000
-328.4650 0.0000
-328.2861 0.0000
-327.9075 0.0000
-328.3166 0.0000
-328.1155 0.0000
-328.6023 0.0000
-327.9472 0.0000
-327.4488 0.0000
-328.0785 0.0000
-326.5442 0.0000
-327.4897 0.0000
-327.9891 0.0000
-328.5065 0.0000
-327.9948 0.0000
-327.4669 0.0000
-328.0152 0.0000
-327.6867 0.0000
-326.9189 0.0000
-327.1566 0.0000
-328.0208 0.0000
-327.8178 0.0000
-329.0688 0.0000
-328.4701 0.0000
-328.4645 0.0000
-327.7412 0.0000
-328.8461 0.0000
-328.3345 0.0000
-327.3716 0.0000
-328.2640 0.0000
-328.3883 0.0000
-329.2127 0.0000
-328.1222 0.0000
-328.5701 0.0000
-329.0940 0.0000
-330.3517 0.0000
-329.5615 0.0000
-329.3432 0.0000
-355.7022 0.0000
-356.4287 0.0000
-355.3656 0.0000
-357.6123 0.0000
-354.5504 0.0000
-356.5889 0.0000
-356.2196 0.0000
-357.6183 0.0000
-358.5343 0.0000
-355.4889 0.0000
-356.6063 0.0000
-356.7145 0.0000
-356.0322 0.0000
-357.1798 0.0000
-355.7244 0.0000
-355.3816 0.0000
-357.1507 0.0000
-355.7887 0.0000
-355.4866 0.0000
-355.3272 0.0000
-358.0601 0.0000
-356.8222 0.0000
-355.7760 0.0000
-356.3557 0.0000
-356.2395 0.0000
-356.9470 0.0000
-355.1740 0.0000
-355.8543 0.0000
-356.9403 0.0000
-355.7791 0.0000
-357.6718 0.0000
-356.8979 0.0000
-355.3750 0.0000
-355.4500 0.0000
-358.0491 0.0000
-355.7027 0.0000
-356.0549 0.0000
-356.2171 0.0000
-357.1373 0.0000
-355.4689 0.0000
-357.4924 0.0000
-356.7897 0.0000
-356.6814 0.0000
-355.8769 0.0000
-355.3334 0.0000
-353.2214 0.0000
-355.6814 0.0000
-355.4852 0.0000
-356.5668 0.0000
-355.8299 0.0000
-355.1222 0.0000
-355.8022 0.0000
-356.3356 0.0000
-355.6941 0.0000
-354.9097 0.0000
-354.8212 0.0000
-354.7001 0.0000
-357.7639 0.0000
-356.1658 0.0000
-356.6264 0.0000
-355.1210 0.0000
-355.4658 0.0000
-355.7093 0.0000
-356.1197 0.0000
-355.2351 0.0000
-356.5950 0.0000
-356.6232 0.0000
-354.0687 0.0000
-357.5823 0.0000
-354.8021 0.0000
-355.0724 0.0000
-354.8965 0.0000
-356.7844 0.0000
-358.4994 0.0000
-355.6987 0.0000
-356.8307 0.0000
-356.0089 0.0000
-356.7187 0.0000
-355.4162 0.0000
-356.1405 0.0000
-354.7407 0.0000
-355.1256 0.0000
-355.2506 0.0000
-353.9640 0.0000
-357.1121 0.0000
-354.8563 0.0000
-355.0173 0.0000
-354.7426 0.0000
-357.4364 0.0000
-356.1286 0.0000
-356.2555 0.0000
-356.0267 0.0000
-355.3140 0.0000
-355.1277 0.0000
-355.6540 0.0000
-358.0225 0.0000
-354.7033 0.0000
-356.8778 0.0000
-355.2450 0.0000
-356.0734 0.0000
-274.9465 0.0000
-275.7565 0.0000
-275.6918 0.0000
-274.0321 0.0000
-273.6668 0.0000
-273.5205 0.0000
-272.6570 0.0000
-271.6941 0.0000
-271.3132 0.0000
-270.7066 0.0000
-271.4564 0.0000
-270.4201 0.0000
-271.0885 0.0000
-270.0713 0.0000
-268.8113 0.0000
-269.0911 0.0000
-267.7907 0.0000
-267.0780 0.0000
-268.6683 0.0000
-267.3759 0.0000
-267.6863 0.0000
-266.9719 0.0000
-268.3967 0.0000
-266.4219 0.0000
-267.6083 0.0000
-267.2874 0.0000
-268.7088 0.0000
-265.0233 0.0000
-266.3615 0.0000
-267.4947 0.0000
-266.4323 0.0000
-267.5339 0.0000
-267.4726 0.0000
-270.2745 0.0000
-267.3047 0.0000
-267.0800 0.0000
-267.2661 0.0000
-267.5618 0.0000
-266.6536 0.0000
-266.2863 0.0000
-266.5139 0.0000
-266.6388 0.0000
-266.8078 0.0000
-267.6556 0.0000
-267.1299 0.0000
-267.2975 0.0000
-266.6694 0.0000
-267.9103 0.0000
-268.6668 0.0000
-268.6514 0.0000
-268.9405 0.0000
-268.5395 0.0000
-267.6944 0.0000
-268.3271 0.0000
-268.3865 0.0000
-270.2243 0.0000
-269.9025 0.0000
-268.3736 0.0000
-269.1982 0.0000
-269.7196 0.0000
-269.1882 0.0000
-267.9621 0.0000
-266.1456 0.0000
-265.3853 0.0000
-266.1806 0.0000
-264.3751 0.0000
-264.5680 0.0000
-265.9031 0.0000
-266.1472 0.0000
-267.0175 0.0000
-265.2652 0.0000
-266.2890 0.0000
-266.6024 0.0000
-266.3630 0.0000
-267.9207 0.0000
-266.1630 0.0000
-266.8475 0.0000
-267.3518 0.0000
-266.5900 0.0000
-267.7504 0.0000
-266.4040 0.0000
-266.9585 0.0000
-265.4548 0.0000
-264.8873 0.0000
-265.2870 0.0000
-264.0558 0.0000
-262.4224 0.0000
-263.5629 0.0000
-262.7675 0.0000
-262.3667 0.0000
-263.4414 0.0000
-263.6986 0.0000
-263.3012 0.0000
-263.5319 0.0000
-263.3291 0.0000
-264.0447 0.0000
-261.9541 0.0000
-262.3386 0.0000
-261.8908 0.0000
