-100.0000 -100.0000
-341.2384 0.0000
-343.1621 0.0000
-340.8526 0.0000
-340.0225 0.0000
-340.1835 0.0000
-339.6444 0.0000
-339.1018 0.0000
-339.7004 0.0000
-340.5786 0.0000
-340.6127 0.0000
-341.2468 0.0000
-340.1790 0.0000
-338.6029 0.0000
-339.3914 0.0000
-339.0368 0.0000
-338.7445 0.0000
-338.9827 0.0000
-338.7605 0.0000
-338.9214 0.0000
-339.3171 0.0000
-338.5880 0.0000
-337.5305 0.0000
-337.5516 0.0000
-336.8904 0.0000
-337.3246 0.0000
-338.0733 0.0000
-338.1982 0.0000
-339.1266 0.0000
-337.2617 0.0000
-335.9596 0.0000
-336.4663 0.0000
-336.4147 0.0000
-336.0978 0.0000
-337.0945 0.0000
-338.2520 0.0000
-337.4330 0.0000
-337.7362 0.0000
-338.6976 0.0000
-337.6032 0.0000
-338.2892 0.0000
-337.4584 0.0000
-337.6541 0.0000
-337.1107 0.0000
-336.5505 0.0000
-336.4920 0.0000
-337.1702 0.0000
-336.4567 0.0000
-336.8717 0.0000
-337.2560 0.0000
-336.8231 0.0000
-336.4496 0.0000
-335.8727 0.0000
-335.2784 0.0000
-336.4397 0.0000
-335.8006 0.0000
-334.6005 0.0000
-334.3444 0.0000
-333.5541 0.0000
-332.9978 0.0000
-332.1183 0.0000
-332.0276 0.0000
-330.8959 0.0000
-329.2119 0.0000
-328.1052 0.0000
-329.0369 0.0000
-329.6621 0.0000
-328.9329 0.0000
-329.3600 0.0000
-329.8936 0.0000
-329.3449 0.0000
-328.8261 0.0000
-328.1644 0.0000
-327.9589 0.0000
-328.2155 0.0000
-327.0136 0.0000
-328.5983 0.0000
-325.9886 0.0000
-325.5217 0.0000
-324.6095 0.0000
-324.3346 0.0000
-323.9568 0.0000
-323.6630 0.0000
-324.6738 0.0000
-325.8138 0.0000
-324.8082 0.0000
-325.0420 0.0000
-326.2166 0.0000
-326.3657 0.0000
-326.2414 0.0000
-325.3773 0.0000
-326.2621 0.0000
-326.4492 0.0000
-326.4546 0.0000
-325.8135 0.0000
-326.8265 0.0000
-327.4153 0.0000
-327.4311 0.0000
-327.8668 0.0000
-327.0035 0.0000
-327.2174 0.0000
-324.6334 0.0000
-327.0100 0.0000
-327.3904 0.0000
-323.9519 0.0000
-324.1260 0.0000
-322.8701 0.0000
-322.0909 0.0000
-322.2772 0.0000
-320.8866 0.0000
-322.2988 0.0000
-323.2640 0.0000
-325.3709 0.0000
-323.8361 0.0000
-323.4642 0.0000
-323.1536 0.0000
-322.3594 0.0000
-322.7589 0.0000
-325.0558 0.0000
-323.9870 0.0000
-327.6879 0.0000
-325.3922 0.0000
-324.4554 0.0000
-324.4722 0.0000
-323.6384 0.0000
-321.8423 0.0000
-321.5297 0.0000
-320.3404 0.0000
-318.9438 0.0000
-318.5926 0.0000
-319.1504 0.0000
-319.7432 0.0000
-319.5085 0.0000
-320.2698 0.0000
-319.8903 0.0000
-320.2971 0.0000
-321.1583 0.0000
-320.3529 0.0000
-319.3845 0.0000
-319.1447 0.0000
-320.3386 0.0000
-319.0606 0.0000
-318.8152 0.0000
-316.2816 0.0000
-316.8612 0.0000
-317.4687 0.0000
-316.4695 0.0000
-316.1370 0.0000
-315.6847 0.0000
-316.5995 0.0000
-313.7625 0.0000
-314.8884 0.0000
-315.0551 0.0000
-317.8035 0.0000
-311.7306 0.0000
-309.6447 0.0000
-310.8928 0.0000
-310.7860 0.0000
-311.3148 0.0000
-312.3852 0.0000
-310.5379 0.0000
-311.1544 0.0000
-310.9365 0.0000
-310.3191 0.0000
-312.5044 0.0000
-310.7212 0.0000
-309.4623 0.0000
-308.9617 0.0000
-310.0371 0.0000
-310.7543 0.0000
-311.8448 0.0000
-312.7636 0.0000
-315.1362 0.0000
-311.0246 0.0000
-310.5859 0.0000
-310.2106 0.0000
-313.8397 0.0000
-310.0620 0.0000
-311.4130 0.0000
-311.2959 0.0000
-311.0452 0.0000
-310.6275 0.0000
-309.1158 0.0000
-308.5478 0.0000
-311.4143 0.0000
-308.9315 0.0000
-309.4192 0.0000
-308.3466 0.0000
-308.5337 0.0000
-309.0497 0.0000
-307.9197 0.0000
-308.9586 0.0000
-308.4784 0.0000
-311.2340 0.0000
-313.6524 0.0000
-314.0801 0.0000
-313.0264 0.0000
-313.3828 0.0000
-315.0218 0.0000
-313.0188 0.0000
-315.5065 0.0000
-405.6094 0.0000
-404.2391 0.0000
-404.4926 0.0000
-405.4158 0.0000
-404.9595 0.0000
-406.0433 0.0000
-405.4847 0.0000
-405.8760 0.0000
-407.3572 0.0000
-404.8854 0.0000
-406.7437 0.0000
-406.9466 0.0000
-405.6004 0.0000
-406.1714 0.0000
-407.0489 0.0000
-405.9164 0.0000
-406.8777 0.0000
-407.5995 0.0000
-404.5622 0.0000
-406.3256 0.0000
-403.6950 0.0000
-404.1908 0.0000
-404.5313 0.0000
-404.9553 0.0000
-402.5131 0.0000
-405.7628 0.0000
-407.0726 0.0000
-406.2583 0.0000
-405.5334 0.0000
-403.5507 0.0000
-405.1113 0.0000
-405.6237 0.0000
-404.6461 0.0000
-406.3451 0.0000
-405.3907 0.0000
-407.2712 0.0000
-407.5615 0.0000
-406.2209 0.0000
-403.8087 0.0000
-406.4958 0.0000
-404.2242 0.0000
-402.4293 0.0000
-406.7011 0.0000
-405.4923 0.0000
-404.7635 0.0000
-404.8852 0.0000
-405.5851 0.0000
-404.2458 0.0000
-404.0330 0.0000
-403.6856 0.0000
-403.3382 0.0000
-404.4525 0.0000
-405.1461 0.0000
-403.0831 0.0000
-402.8342 0.0000
-404.2232 0.0000
-403.9359 0.0000
-402.9596 0.0000
-400.8882 0.0000
-401.6122 0.0000
-401.2770 0.0000
-402.2284 0.0000
-401.7367 0.0000
-400.4468 0.0000
-402.2420 0.0000
-400.9980 0.0000
-401.7487 0.0000
-400.8523 0.0000
-400.8289 0.0000
-398.6093 0.0000
-398.0209 0.0000
-400.9206 0.0000
-399.2438 0.0000
-398.3044 0.0000
-398.3986 0.0000
-397.3853 0.0000
-397.9316 0.0000
-395.8814 0.0000
-394.0936 0.0000
-393.0777 0.0000
-393.4268 0.0000
-394.0939 0.0000
-393.9666 0.0000
-394.1568 0.0000
-395.9786 0.0000
-394.3890 0.0000
-393.9068 0.0000
-392.3688 0.0000
-394.4459 0.0000
-395.7310 0.0000
-395.9815 0.0000
-396.6402 0.0000
-393.4400 0.0000
-393.5394 0.0000
-392.7909 0.0000
-392.2947 0.0000
-392.7925 0.0000
-393.7301 0.0000
-391.6235 0.0000
-393.1874 0.0000
-328.2604 0.0000
-328.1472 0.0000
-328.1615 0.0000
-328.8906 0.0000
-329.7054 0.0000
-328.3036 0.0000
-328.5175 0.0000
-328.6963 0.0000
-328.5113 0.0000
-328.7711 0.0000
-328.7536 0.0000
-329.1032 0.0000
-328.2369 0.0000
-328.1907 0.0000
-328.1759 0.0000
-328.2921 0.0000
-328.2457 0.0000
-328.7857 0.0000
-328.5252 0.0000
-328.2925 0.0000
-328.6247 0.0000
-329.2899 0.0000
-328.9389 0.0000
-328.0297 0.0000
-328.0162 0.0000
-327.6586 0.0000
-326.8192 0.0000
-326.9039 0.0000
-328.5917 0.0000
-329.0296 0.0000
-329.5662 0.0000
-330.1508 0.0000
-328.7271 0.0000
-328.1849 0.0000
-327.7381 0.0000
-327.2627 0.0000
-326.9740 0.0000
-327.6410 0.0000
-328.1892 0.0000
-327.3303 0.0000
-327.5834 0.0000
-326.9027 0.0000
-327.1836 0.0000
-327.8228 0.0000
-326.9063 0.0000
-325.8976 0.0000
-325.7233 0.0000
-324.9888 0.0000
-325.3687 0.0000
-325.0430 0.0000
-324.3831 0.0000
-323.8818 0.0000
-323.8682 0.0000
-324.6649 0.0000
-323.7527 0.0000
-324.3850 0.0000
-323.5347 0.0000
-323.9757 0.0000
-323.9760 0.0000
-323.9227 0.0000
-324.1579 0.0000
-325.2114 0.0000
-325.0878 0.0000
-324.1558 0.0000
-324.4514 0.0000
-324.3393 0.0000
-323.6580 0.0000
-324.0573 0.0000
-323.8520 0.0000
-323.4923 0.0000
-324.1797 0.0000
-323.0003 0.0000
-323.0175 0.0000
-323.2560 0.0000
-323.5208 0.0000
-323.2937 0.0000
-323.1081 0.0000
-323.2635 0.0000
-323.2020 0.0000
-323.7400 0.0000
-323.2721 0.0000
-323.3793 0.0000
-323.9737 0.0000
-322.4192 0.0000
-323.0855 0.0000
-322.1572 0.0000
-321.6779 0.0000
-321.0056 0.0000
-321.0752 0.0000
-320.8176 0.0000
-321.8427 0.0000
-321.3158 0.0000
-321.1937 0.0000
-321.0893 0.0000
-320.8341 0.0000
-320.9466 0.0000
-321.1659 0.0000
-322.1739 0.0000
-321.9870 0.0000
-321.1444 0.0000
-321.3242 0.0000
-321.9507 0.0000
-321.8491 0.0000
-321.8724 0.0000
-321.2102 0.0000
-320.5906 0.0000
-321.0729 0.0000
-319.6027 0.0000
-319.5316 0.0000
-319.5760 0.0000
-319.5829 0.0000
-320.1938 0.0000
-319.5530 0.0000
-319.0879 0.0000
-319.1646 0.0000
-318.2934 0.0000
-317.8043 0.0000
-318.3360 0.0000
-317.9652 0.0000
-317.7619 0.0000
-318.5943 0.0000
-318.0969 0.0000
-318.0593 0.0000
-317.3999 0.0000
-317.8057 0.0000
-317.3813 0.0000
-317.4895 0.0000
-316.7875 0.0000
-318.0271 0.0000
-319.1772 0.0000
-318.7210 0.0000
-317.5717 0.0000
-318.6001 0.0000
-318.6740 0.0000
-319.3154 0.0000
-318.7949 0.0000
-317.9901 0.0000
-317.4876 0.0000
-317.8911 0.0000
-318.0357 0.0000
-318.8819 0.0000
-317.1724 0.0000
-317.3693 0.0000
-317.2764 0.0000
-316.7531 0.0000
-317.2466 0.0000
-316.9812 0.0000
-316.5082 0.0000
-316.9413 0.0000
-317.1831 0.0000
-316.4851 0.0000
-317.1424 0.0000
-317.4231 0.0000
-317.9807 0.0000
-316.7582 0.0000
-317.8755 0.0000
-317.4759 0.0000
-317.0571 0.0000
-316.5369 0.0000
-316.4685 0.0000
-316.5814 0.0000
-315.8793 0.0000
-315.3305 0.0000
-315.7610 0.0000
-315.7422 0.0000
-315.2409 0.0000
-315.4398 0.0000
-315.6124 0.0000
-315.0115 0.0000
-316.4590 0.0000
-314.3398 0.0000
-314.0685 0.0000
-313.5353 0.0000
-312.6686 0.0000
-313.0097 0.0000
-313.5955 0.0000
-313.5414 0.0000
-314.4174 0.0000
-313.1940 0.0000
-314.1661 0.0000
-313.3960 0.0000
-314.3573 0.0000
-312.4406 0.0000
-312.1675 0.0000
-312.6725 0.0000
-311.0784 0.0000
-310.4178 0.0000
-309.5459 0.0000
-309.5241 0.0000
-308.6236 0.0000
-309.1764 0.0000
-309.4833 0.0000
-308.7590 0.0000
-308.7117 0.0000
-308.0943 0.0000
-308.2249 0.0000
-307.2081 0.0000
-306.9590 0.0000
-306.5768 0.0000
