-100.0000 -100.0000
-344.9098 0.0000
-345.8516 0.0000
-344.7180 0.0000
-344.5101 0.0000
-344.6510 0.0000
-344.6892 0.0000
-344.3153 0.0000
-343.9215 0.0000
-343.9453 0.0000
-344.0435 0.0000
-344.3878 0.0000
-343.8915 0.0000
-344.0041 0.0000
-344.4234 0.0000
-344.5627 0.0000
-344.1692 0.0000
-344.0936 0.0000
-344.6897 0.0000
-344.1349 0.0000
-344.0023 0.0000
-343.8563 0.0000
-343.0832 0.0000
-343.8716 0.0000
-342.9057 0.0000
-343.0726 0.0000
-343.8275 0.0000
-343.6167 0.0000
-343.8511 0.0000
-342.6665 0.0000
-342.8557 0.0000
-343.3942 0.0000
-343.5508 0.0000
-344.1642 0.0000
-344.5071 0.0000
-344.8820 0.0000
-344.9495 0.0000
-344.7531 0.0000
-344.8106 0.0000
-344.8720 0.0000
-345.0676 0.0000
-344.7061 0.0000
-344.8489 0.0000
-344.3282 0.0000
-344.4627 0.0000
-344.7162 0.0000
-346.5127 0.0000
-344.7453 0.0000
-345.7147 0.0000
-346.0783 0.0000
-346.1022 0.0000
-346.0517 0.0000
-346.0548 0.0000
-346.4720 0.0000
-347.0508 0.0000
-347.8379 0.0000
-347.7103 0.0000
-347.6899 0.0000
-347.5862 0.0000
-347.1204 0.0000
-346.3300 0.0000
-347.1399 0.0000
-345.1338 0.0000
-343.2683 0.0000
-343.3626 0.0000
-343.2252 0.0000
-343.0899 0.0000
-343.2390 0.0000
-343.5622 0.0000
-343.4473 0.0000
-343.3140 0.0000
-343.8970 0.0000
-343.8691 0.0000
-343.4891 0.0000
-344.0347 0.0000
-343.8252 0.0000
-343.5264 0.0000
-343.4523 0.0000
-343.3687 0.0000
-342.8633 0.0000
-343.0604 0.0000
-342.3731 0.0000
-342.5475 0.0000
-342.0112 0.0000
-342.7579 0.0000
-342.3447 0.0000
-342.3619 0.0000
-342.9609 0.0000
-343.1455 0.0000
-342.7835 0.0000
-341.6523 0.0000
-342.1285 0.0000
-341.4214 0.0000
-341.3919 0.0000
-341.2519 0.0000
-342.3669 0.0000
-341.4313 0.0000
-341.3456 0.0000
-342.3265 0.0000
-341.4036 0.0000
-340.8625 0.0000
-315.9580 0.0000
-316.0739 0.0000
-315.5302 0.0000
-315.3181 0.0000
-314.8385 0.0000
-314.7781 0.0000
-314.0150 0.0000
-314.1835 0.0000
-314.8121 0.0000
-314.0849 0.0000
-314.0156 0.0000
-313.4068 0.0000
-313.3279 0.0000
-314.6395 0.0000
-314.1855 0.0000
-314.4030 0.0000
-314.0962 0.0000
-314.2312 0.0000
-314.1226 0.0000
-314.2868 0.0000
-314.2020 0.0000
-315.1268 0.0000
-315.1376 0.0000
-315.3309 0.0000
-314.7307 0.0000
-314.4497 0.0000
-314.2815 0.0000
-314.2346 0.0000
-314.1075 0.0000
-315.0213 0.0000
-314.3911 0.0000
-315.0704 0.0000
-315.1739 0.0000
-315.3756 0.0000
-314.4103 0.0000
-314.3228 0.0000
-315.0549 0.0000
-315.1544 0.0000
-315.1066 0.0000
-315.1101 0.0000
-314.3246 0.0000
-314.0953 0.0000
-313.8975 0.0000
-313.9406 0.0000
-314.5352 0.0000
-313.7750 0.0000
-313.6177 0.0000
-314.0737 0.0000
-313.8495 0.0000
-313.5041 0.0000
-314.1418 0.0000
-314.0267 0.0000
-313.6148 0.0000
-313.6499 0.0000
-312.1279 0.0000
-312.2476 0.0000
-312.7260 0.0000
-312.6099 0.0000
-312.1312 0.0000
-311.5147 0.0000
-310.7963 0.0000
-311.9270 0.0000
-310.9560 0.0000
-310.4540 0.0000
-310.0293 0.0000
-310.2783 0.0000
-311.1909 0.0000
-310.7543 0.0000
-310.3428 0.0000
-310.8205 0.0000
-310.6058 0.0000
-309.8645 0.0000
-309.3505 0.0000
-309.6791 0.0000
-309.4331 0.0000
-310.6168 0.0000
-309.1116 0.0000
-309.1569 0.0000
-309.0791 0.0000
-308.9138 0.0000
-309.3913 0.0000
-308.6941 0.0000
-308.7458 0.0000
-308.5375 0.0000
-309.1948 0.0000
-309.5517 0.0000
-308.1449 0.0000
-307.6569 0.0000
-307.5081 0.0000
-308.3169 0.0000
-308.2549 0.0000
-308.6547 0.0000
-308.7387 0.0000
-308.7208 0.0000
-309.0319 0.0000
-309.0653 0.0000
-308.6123 0.0000
-308.9590 0.0000
-308.8547 0.0000
-308.9018 0.0000
-326.3823 0.0000
-326.5425 0.0000
-325.0105 0.0000
-328.2565 0.0000
-327.5517 0.0000
-327.8286 0.0000
-325.8527 0.0000
-327.7259 0.0000
-328.7069 0.0000
-326.5988 0.0000
-328.0230 0.0000
-328.9121 0.0000
-328.3871 0.0000
-326.2766 0.0000
-327.1488 0.0000
-328.5339 0.0000
-327.8946 0.0000
-328.8015 0.0000
-326.5914 0.0000
-327.3819 0.0000
-326.1998 0.0000
-327.4128 0.0000
-326.8741 0.0000
-326.5542 0.0000
-325.8760 0.0000
-328.0011 0.0000
-326.4047 0.0000
-329.0198 0.0000
-328.6176 0.0000
-326.3286 0.0000
-326.9873 0.0000
-327.5650 0.0000
-326.6385 0.0000
-328.1452 0.0000
-326.7808 0.0000
-327.9536 0.0000
-328.7545 0.0000
-328.1263 0.0000
-326.7806 0.0000
-327.1557 0.0000
-327.2159 0.0000
-325.0409 0.0000
-328.1396 0.0000
-326.6400 0.0000
-325.9861 0.0000
-327.8587 0.0000
-327.3630 0.0000
-326.6572 0.0000
-326.4511 0.0000
-326.7428 0.0000
-325.8114 0.0000
-326.9208 0.0000
-327.4890 0.0000
-326.4083 0.0000
-326.4901 0.0000
-327.6052 0.0000
-327.9013 0.0000
-326.1273 0.0000
-324.5681 0.0000
-324.1619 0.0000
-323.5916 0.0000
-323.0727 0.0000
-323.7558 0.0000
-322.2782 0.0000
-322.2173 0.0000
-323.2206 0.0000
-324.2385 0.0000
-322.9158 0.0000
-323.6625 0.0000
-321.6847 0.0000
-320.8558 0.0000
-323.2979 0.0000
-320.1860 0.0000
-320.8959 0.0000
-320.5367 0.0000
-319.1234 0.0000
-318.8718 0.0000
-318.4258 0.0000
-317.7527 0.0000
-317.8521 0.0000
-316.8629 0.0000
-317.7760 0.0000
-316.6649 0.0000
-317.4780 0.0000
-318.6729 0.0000
-317.6506 0.0000
-318.1240 0.0000
-318.0059 0.0000
-320.6911 0.0000
-317.9514 0.0000
-319.0157 0.0000
-318.7981 0.0000
-317.8427 0.0000
-317.4431 0.0000
-317.7248 0.0000
-317.1566 0.0000
-318.0432 0.0000
-317.8956 0.0000
-316.1318 0.0000
-317.4174 0.0000
-283.7213 0.0000
-286.2286 0.0000
-284.4580 0.0000
-284.7753 0.0000
-285.9934 0.0000
-286.0345 0.0000
-285.5489 0.0000
-286.8109 0.0000
-290.4688 0.0000
-287.1215 0.0000
-287.2154 0.0000
-288.8181 0.0000
-287.1257 0.0000
-286.1731 0.0000
-287.3846 0.0000
-285.0100 0.0000
-286.6702 0.0000
-285.2146 0.0000
-283.7177 0.0000
-282.8757 0.0000
-283.7594 0.0000
-282.4336 0.0000
-281.8050 0.0000
-281.9198 0.0000
-281.1741 0.0000
-281.4547 0.0000
-281.7826 0.0000
-280.8160 0.0000
-282.0234 0.0000
-281.9007 0.0000
-283.8353 0.0000
-283.6561 0.0000
-282.4659 0.0000
-280.2854 0.0000
-281.8669 0.0000
-281.9740 0.0000
-281.8477 0.0000
-283.3640 0.0000
-282.5836 0.0000
-279.2539 0.0000
-280.4300 0.0000
-280.3145 0.0000
-280.3722 0.0000
-279.9655 0.0000
-279.6084 0.0000
-278.2136 0.0000
-278.3946 0.0000
-277.3739 0.0000
-276.2496 0.0000
-275.0121 0.0000
-275.2048 0.0000
-275.7069 0.0000
-274.3755 0.0000
-275.1532 0.0000
-274.3315 0.0000
-273.8678 0.0000
-273.7196 0.0000
-275.9959 0.0000
-273.4628 0.0000
-272.8527 0.0000
-272.2355 0.0000
-271.7144 0.0000
-270.9530 0.0000
-270.8187 0.0000
-270.8322 0.0000
-270.6631 0.0000
-270.3250 0.0000
-270.0455 0.0000
-270.2804 0.0000
-268.7794 0.0000
-268.3518 0.0000
-268.8950 0.0000
-267.4244 0.0000
-267.1129 0.0000
-267.3806 0.0000
-267.4010 0.0000
-266.0317 0.0000
-266.2900 0.0000
-265.9737 0.0000
-267.4203 0.0000
-265.6821 0.0000
-265.0747 0.0000
-265.7507 0.0000
-266.3565 0.0000
-265.9924 0.0000
-265.0365 0.0000
-265.7126 0.0000
-265.7717 0.0000
-266.8875 0.0000
-266.4842 0.0000
-267.3223 0.0000
-267.7994 0.0000
-267.7841 0.0000
-267.0574 0.0000
-267.8905 0.0000
-267.7425 0.0000
-267.4393 0.0000
-266.7817 0.0000
-266.8466 0.0000
-268.2751 0.0000
-284.4309 0.0000
-283.5117 0.0000
-284.7131 0.0000
-282.9282 0.0000
-283.3225 0.0000
-283.5526 0.0000
-284.3390 0.0000
-283.8330 0.0000
-284.0606 0.0000
-284.3027 0.0000
-284.4280 0.0000
-284.4286 0.0000
-283.1995 0.0000
-283.3884 0.0000
-283.8877 0.0000
-283.4636 0.0000
-284.1814 0.0000
-283.5081 0.0000
-283.6416 0.0000
-284.2661 0.0000
-284.2912 0.0000
-284.3216 0.0000
-283.5551 0.0000
-284.7953 0.0000
-283.2480 0.0000
-283.6374 0.0000
-284.2090 0.0000
-283.2057 0.0000
-284.6498 0.0000
-285.3942 0.0000
-283.6208 0.0000
-283.9583 0.0000
-284.3180 0.0000
-285.4170 0.0000
-284.0402 0.0000
-283.4773 0.0000
-284.1482 0.0000
-282.5371 0.0000
-283.5993 0.0000
-284.0237 0.0000
-284.1329 0.0000
-284.0824 0.0000
-284.4596 0.0000
-283.7847 0.0000
-282.7370 0.0000
-283.7483 0.0000
-283.8709 0.0000
-284.3147 0.0000
-283.8725 0.0000
-284.0014 0.0000
-283.8895 0.0000
-284.2451 0.0000
-283.9688 0.0000
-283.7608 0.0000
-283.7242 0.0000
-284.9810 0.0000
-284.5093 0.0000
-284.2531 0.0000
-283.4602 0.0000
-283.0832 0.0000
-283.7319 0.0000
-283.2853 0.0000
-283.6105 0.0000
-284.0505 0.0000
-283.5302 0.0000
-283.3935 0.0000
-283.6965 0.0000
-284.0232 0.0000
-284.5672 0.0000
-284.9836 0.0000
-282.6989 0.0000
-284.0277 0.0000
-283.9259 0.0000
-283.0118 0.0000
-284.1709 0.0000
-284.1956 0.0000
-283.8628 0.0000
-285.2370 0.0000
-283.8087 0.0000
-285.5577 0.0000
-282.5196 0.0000
-284.4523 0.0000
-282.2699 0.0000
-283.9602 0.0000
-284.2251 0.0000
-283.1279 0.0000
-283.0262 0.0000
-283.9379 0.0000
-284.6371 0.0000
-282.6062 0.0000
-283.8999 0.0000
-284.9008 0.0000
-284.0725 0.0000
-284.4458 0.0000
-283.4608 0.0000
-284.5656 0.0000
-282.8923 0.0000
-283.7038 0.0000
-282.4847 0.0000
