-100.0000 -100.0000
-359.5054 0.0000
-360.2875 0.0000
-361.6082 0.0000
-358.9689 0.0000
-359.7898 0.0000
-358.6120 0.0000
-357.3323 0.0000
-356.8768 0.0000
-357.4474 0.0000
-357.5555 0.0000
-358.5573 0.0000
-355.7314 0.0000
-353.8113 0.0000
-354.4845 0.0000
-354.6176 0.0000
-353.8614 0.0000
-354.1779 0.0000
-354.7894 0.0000
-354.5666 0.0000
-355.8007 0.0000
-353.3744 0.0000
-351.8832 0.0000
-353.0032 0.0000
-351.4978 0.0000
-351.9820 0.0000
-354.5339 0.0000
-352.4647 0.0000
-354.2197 0.0000
-352.7256 0.0000
-352.9370 0.0000
-354.6871 0.0000
-352.8517 0.0000
-354.5155 0.0000
-353.7615 0.0000
-353.2706 0.0000
-352.6032 0.0000
-352.1942 0.0000
-353.0070 0.0000
-352.4992 0.0000
-354.5304 0.0000
-352.9325 0.0000
-352.9169 0.0000
-353.2758 0.0000
-352.6286 0.0000
-353.1901 0.0000
-352.6408 0.0000
-353.2608 0.0000
-353.7550 0.0000
-353.3565 0.0000
-352.4964 0.0000
-352.8791 0.0000
-352.0851 0.0000
-351.1806 0.0000
-352.2156 0.0000
-351.2390 0.0000
-349.9156 0.0000
-349.9457 0.0000
-351.2944 0.0000
-350.5699 0.0000
-349.3673 0.0000
-349.0747 0.0000
-348.7976 0.0000
-346.6692 0.0000
-346.9805 0.0000
-347.1653 0.0000
-347.3107 0.0000
-346.3849 0.0000
-347.0390 0.0000
-346.2807 0.0000
-345.4108 0.0000
-345.0272 0.0000
-344.5714 0.0000
-345.5972 0.0000
-344.4395 0.0000
-342.3569 0.0000
-344.0003 0.0000
-343.0579 0.0000
-343.1514 0.0000
-342.9347 0.0000
-343.2246 0.0000
-343.2626 0.0000
-342.1469 0.0000
-342.0710 0.0000
-342.9624 0.0000
-341.8315 0.0000
-341.8564 0.0000
-343.1651 0.0000
-341.7248 0.0000
-341.8167 0.0000
-340.5974 0.0000
-340.7292 0.0000
-340.4817 0.0000
-340.5399 0.0000
-341.3526 0.0000
-340.6292 0.0000
-340.4943 0.0000
-341.2105 0.0000
-341.5592 0.0000
-340.0688 0.0000
-338.9382 0.0000
-340.6054 0.0000
-341.6748 0.0000
-340.6599 0.0000
-341.5561 0.0000
-340.6650 0.0000
-340.1378 0.0000
-340.1692 0.0000
-340.7122 0.0000
-340.0805 0.0000
-339.9733 0.0000
-340.1897 0.0000
-340.2326 0.0000
-340.5212 0.0000
-339.7021 0.0000
-339.2655 0.0000
-339.2804 0.0000
-338.5935 0.0000
-338.7733 0.0000
-338.3720 0.0000
-338.4909 0.0000
-338.5457 0.0000
-338.3677 0.0000
-337.6623 0.0000
-336.7448 0.0000
-336.8558 0.0000
-336.8045 0.0000
-336.5027 0.0000
-335.6444 0.0000
-335.1391 0.0000
-335.4129 0.0000
-335.2313 0.0000
-335.5594 0.0000
-335.2378 0.0000
-335.4716 0.0000
-335.9892 0.0000
-337.1562 0.0000
-335.8017 0.0000
-335.6452 0.0000
-335.5337 0.0000
-336.0017 0.0000
-335.9738 0.0000
-336.1258 0.0000
-335.6298 0.0000
-336.1521 0.0000
-335.9872 0.0000
-335.1704 0.0000
-335.7908 0.0000
-334.7686 0.0000
-334.4351 0.0000
-334.1494 0.0000
-333.7990 0.0000
-332.9987 0.0000
-333.4556 0.0000
-332.0752 0.0000
-331.1838 0.0000
-331.1859 0.0000
-330.9365 0.0000
-330.7780 0.0000
-330.5837 0.0000
-330.1675 0.0000
-330.1837 0.0000
-330.1037 0.0000
-330.7964 0.0000
-330.5496 0.0000
-330.7728 0.0000
-330.5492 0.0000
-330.3308 0.0000
-330.6730 0.0000
-330.5692 0.0000
-330.7788 0.0000
-330.6810 0.0000
-330.6208 0.0000
-330.0393 0.0000
-329.6832 0.0000
-329.6845 0.0000
-330.6082 0.0000
-329.6914 0.0000
-330.3827 0.0000
-329.2436 0.0000
-329.3146 0.0000
-329.7070 0.0000
-329.4785 0.0000
-329.9147 0.0000
-330.5876 0.0000
-330.3440 0.0000
-329.8500 0.0000
-329.9944 0.0000
-330.0017 0.0000
-330.3555 0.0000
-330.2144 0.0000
-329.8194 0.0000
-329.8814 0.0000
-330.5750 0.0000
-331.1014 0.0000
-330.7908 0.0000
-330.8311 0.0000
-331.1050 0.0000
-330.8840 0.0000
-331.5532 0.0000
-331.4079 0.0000
-309.1744 0.0000
-309.2672 0.0000
-309.4443 0.0000
-308.5943 0.0000
-307.1953 0.0000
-307.0304 0.0000
-307.1800 0.0000
-306.4174 0.0000
-306.4734 0.0000
-305.6988 0.0000
-306.3964 0.0000
-306.3652 0.0000
-306.1706 0.0000
-306.2552 0.0000
-306.1262 0.0000
-305.7071 0.0000
-304.6807 0.0000
-304.4491 0.0000
-304.5526 0.0000
-303.9837 0.0000
-303.0210 0.0000
-301.9730 0.0000
-301.4436 0.0000
-301.3748 0.0000
-301.8224 0.0000
-300.1276 0.0000
-300.3518 0.0000
-299.0989 0.0000
-298.3634 0.0000
-298.6108 0.0000
-299.6529 0.0000
-298.8043 0.0000
-298.5238 0.0000
-298.2066 0.0000
-297.4709 0.0000
-298.2844 0.0000
-297.5501 0.0000
-297.3049 0.0000
-296.3785 0.0000
-297.2816 0.0000
-297.2401 0.0000
-296.9899 0.0000
-297.1792 0.0000
-296.3317 0.0000
-296.2467 0.0000
-296.2093 0.0000
-295.1219 0.0000
-294.6258 0.0000
-295.6109 0.0000
-293.4551 0.0000
-294.8644 0.0000
-294.8789 0.0000
-295.2775 0.0000
-294.7416 0.0000
-294.7713 0.0000
-294.2620 0.0000
-293.9112 0.0000
-294.4220 0.0000
-294.4065 0.0000
-294.2026 0.0000
-295.1386 0.0000
-294.1818 0.0000
-294.4278 0.0000
-293.8709 0.0000
-293.7722 0.0000
-293.9699 0.0000
-294.4882 0.0000
-293.7980 0.0000
-293.7393 0.0000
-292.9515 0.0000
-292.4442 0.0000
-292.8349 0.0000
-293.0362 0.0000
-293.4930 0.0000
-293.3478 0.0000
-293.7968 0.0000
-293.6149 0.0000
-292.9103 0.0000
-292.0098 0.0000
-292.0957 0.0000
-292.3763 0.0000
-291.3610 0.0000
-291.3413 0.0000
-291.3203 0.0000
-291.6155 0.0000
-292.6338 0.0000
-292.2453 0.0000
-291.7053 0.0000
-292.1486 0.0000
-293.3890 0.0000
-292.6486 0.0000
-294.1945 0.0000
-293.4080 0.0000
-294.0590 0.0000
-294.4927 0.0000
-294.4000 0.0000
-294.3585 0.0000
-295.5910 0.0000
-294.1047 0.0000
-293.5672 0.0000
-292.0037 0.0000
-292.3419 0.0000
-292.3372 0.0000
-292.5065 0.0000
-292.6258 0.0000
-292.2809 0.0000
-291.9409 0.0000
-292.6520 0.0000
-293.2549 0.0000
-293.7792 0.0000
-294.6504 0.0000
-295.0519 0.0000
-295.1369 0.0000
-295.4802 0.0000
-296.1174 0.0000
-296.7579 0.0000
-297.5698 0.0000
-297.3218 0.0000
-296.5385 0.0000
-296.2866 0.0000
-296.4251 0.0000
-297.2805 0.0000
-296.9872 0.0000
-297.4373 0.0000
-296.6325 0.0000
-296.3099 0.0000
-294.7083 0.0000
-294.9931 0.0000
-296.9408 0.0000
-296.1299 0.0000
-295.7075 0.0000
-294.9382 0.0000
-293.9527 0.0000
-294.6638 0.0000
-294.4528 0.0000
-293.4179 0.0000
-292.6242 0.0000
-292.8053 0.0000
-294.3564 0.0000
-292.7492 0.0000
-291.6865 0.0000
-291.2406 0.0000
-292.0255 0.0000
-292.4711 0.0000
-292.7177 0.0000
-290.9059 0.0000
-290.5066 0.0000
-290.0160 0.0000
-291.1491 0.0000
-289.8573 0.0000
-290.1548 0.0000
-289.9421 0.0000
-289.1391 0.0000
-288.4568 0.0000
-287.4089 0.0000
-288.3447 0.0000
-287.9374 0.0000
-288.4913 0.0000
-288.3061 0.0000
-288.8913 0.0000
-288.9070 0.0000
-288.8118 0.0000
-289.4198 0.0000
-289.2759 0.0000
-290.0736 0.0000
-289.5094 0.0000
-289.6743 0.0000
-288.2228 0.0000
-288.2170 0.0000
-288.2141 0.0000
-289.5312 0.0000
-287.7550 0.0000
-287.2434 0.0000
-287.4089 0.0000
-287.9618 0.0000
-286.9850 0.0000
-286.3600 0.0000
-286.6469 0.0000
-287.3253 0.0000
-286.2659 0.0000
-285.3420 0.0000
-285.0330 0.0000
-285.6203 0.0000
-285.6897 0.0000
-286.4334 0.0000
-285.8385 0.0000
-284.9227 0.0000
-284.0298 0.0000
-284.6289 0.0000
-284.0466 0.0000
-284.6788 0.0000
-284.2776 0.0000
-284.0840 0.0000
-284.0271 0.0000
-283.4484 0.0000
-283.1189 0.0000
-283.0721 0.0000
-283.4438 0.0000
-282.8644 0.0000
-283.8386 0.0000
-267.1686 0.0000
-268.5200 0.0000
-267.9918 0.0000
-268.2150 0.0000
-267.0250 0.0000
-266.6300 0.0000
-268.0550 0.0000
-265.5438 0.0000
-265.9567 0.0000
-265.8240 0.0000
-266.5945 0.0000
-265.9281 0.0000
-266.1555 0.0000
-264.6300 0.0000
-264.3081 0.0000
-264.5297 0.0000
-264.2333 0.0000
-263.7712 0.0000
-263.0182 0.0000
-262.3707 0.0000
-262.5960 0.0000
-261.7315 0.0000
-262.7632 0.0000
-261.9866 0.0000
-261.6957 0.0000
-262.2225 0.0000
-261.8839 0.0000
-261.2590 0.0000
-262.1182 0.0000
-262.6947 0.0000
-259.5628 0.0000
-259.9604 0.0000
-261.2796 0.0000
-259.0655 0.0000
-258.9330 0.0000
-257.7715 0.0000
-257.0274 0.0000
-258.4016 0.0000
-258.9455 0.0000
-256.2029 0.0000
-255.5404 0.0000
-255.9753 0.0000
-256.8695 0.0000
-255.9752 0.0000
-255.7211 0.0000
-254.4944 0.0000
-255.8606 0.0000
-253.2264 0.0000
-254.0087 0.0000
-252.9047 0.0000
-252.8100 0.0000
-253.0337 0.0000
-252.9746 0.0000
-253.6008 0.0000
-254.1217 0.0000
-254.0577 0.0000
-256.0446 0.0000
-253.8837 0.0000
-253.3414 0.0000
-253.6645 0.0000
-252.0269 0.0000
-253.2787 0.0000
-251.0468 0.0000
-251.6950 0.0000
-251.7445 0.0000
-251.7675 0.0000
-251.8483 0.0000
-252.2938 0.0000
-253.0072 0.0000
-253.1247 0.0000
-251.6218 0.0000
-250.6572 0.0000
-250.2709 0.0000
-249.1588 0.0000
-249.8245 0.0000
-249.3677 0.0000
-249.4620 0.0000
-249.7352 0.0000
-249.5584 0.0000
-250.2786 0.0000
-250.5112 0.0000
-250.1837 0.0000
-250.0438 0.0000
-250.4955 0.0000
-251.2124 0.0000
-250.8151 0.0000
-251.2337 0.0000
-251.1500 0.0000
-251.4449 0.0000
-251.0535 0.0000
-249.4463 0.0000
-249.2004 0.0000
-250.0058 0.0000
-249.3473 0.0000
-248.7200 0.0000
-249.1864 0.0000
-249.3550 0.0000
-250.0590 0.0000
-248.9536 0.0000
