-100.0000 -100.0000
-344.1295 0.0000
-344.8425 0.0000
-344.5999 0.0000
-344.5472 0.0000
-345.1508 0.0000
-344.9886 0.0000
-344.7700 0.0000
-344.5869 0.0000
-344.0822 0.0000
-343.3917 0.0000
-343.9215 0.0000
-343.5564 0.0000
-344.7291 0.0000
-343.2509 0.0000
-343.9374 0.0000
-342.7695 0.0000
-342.4598 0.0000
-342.6127 0.0000
-343.2046 0.0000
-342.5766 0.0000
-342.8396 0.0000
-342.5111 0.0000
-342.9142 0.0000
-342.5543 0.0000
-342.2643 0.0000
-342.7199 0.0000
-342.2138 0.0000
-342.5357 0.0000
-341.7271 0.0000
-341.7260 0.0000
-341.6602 0.0000
-341.1716 0.0000
-340.9730 0.0000
-340.7283 0.0000
-341.1033 0.0000
-341.1387 0.0000
-340.3140 0.0000
-341.2673 0.0000
-340.3418 0.0000
-339.8891 0.0000
-340.1605 0.0000
-340.6826 0.0000
-340.6556 0.0000
-341.0194 0.0000
-341.6805 0.0000
-341.7300 0.0000
-341.0813 0.0000
-340.6690 0.0000
-341.0983 0.0000
-340.8851 0.0000
-341.1431 0.0000
-341.3297 0.0000
-340.9969 0.0000
-340.1681 0.0000
-339.3787 0.0000
-340.3802 0.0000
-340.4925 0.0000
-340.5121 0.0000
-340.5745 0.0000
-340.3930 0.0000
-341.0444 0.0000
-341.4419 0.0000
-340.2544 0.0000
-339.4813 0.0000
-339.5925 0.0000
-339.0366 0.0000
-339.1223 0.0000
-339.5439 0.0000
-339.2903 0.0000
-339.5907 0.0000
-340.3255 0.0000
-340.0409 0.0000
-339.3073 0.0000
-339.7324 0.0000
-339.5719 0.0000
-339.0416 0.0000
-339.2295 0.0000
-339.2334 0.0000
-338.9206 0.0000
-338.8053 0.0000
-338.3121 0.0000
-338.1600 0.0000
-337.9312 0.0000
-337.6982 0.0000
-337.3563 0.0000
-337.8132 0.0000
-337.3251 0.0000
-337.2524 0.0000
-337.3546 0.0000
-337.1192 0.0000
-337.2260 0.0000
-336.9999 0.0000
-336.9958 0.0000
-337.3247 0.0000
-337.8085 0.0000
-337.0221 0.0000
-336.8674 0.0000
-337.1490 0.0000
-336.4761 0.0000
-336.1569 0.0000
-366.5619 0.0000
-369.1374 0.0000
-369.3462 0.0000
-366.1761 0.0000
-366.4829 0.0000
-367.8832 0.0000
-366.4669 0.0000
-366.0672 0.0000
-365.8157 0.0000
-369.0302 0.0000
-366.7620 0.0000
-368.6880 0.0000
-367.9275 0.0000
-366.0018 0.0000
-365.7040 0.0000
-367.4257 0.0000
-367.5264 0.0000
-367.1302 0.0000
-365.6297 0.0000
-373.5244 0.0000
-368.1394 0.0000
-367.1337 0.0000
-366.3301 0.0000
-366.5629 0.0000
-364.7014 0.0000
-368.3213 0.0000
-368.1611 0.0000
-365.3997 0.0000
-366.9984 0.0000
-364.8282 0.0000
-367.8011 0.0000
-366.9255 0.0000
-367.5193 0.0000
-366.8073 0.0000
-368.1863 0.0000
-367.9702 0.0000
-367.1138 0.0000
-367.4957 0.0000
-366.8605 0.0000
-367.0633 0.0000
-367.9245 0.0000
-368.1738 0.0000
-365.0808 0.0000
-365.7017 0.0000
-367.1915 0.0000
-367.3916 0.0000
-366.8973 0.0000
-367.7872 0.0000
-367.4078 0.0000
-364.5631 0.0000
-367.0255 0.0000
-366.6957 0.0000
-367.5622 0.0000
-366.3158 0.0000
-367.6485 0.0000
-368.2390 0.0000
-367.3272 0.0000
-367.6565 0.0000
-368.2919 0.0000
-367.6908 0.0000
-368.6659 0.0000
-367.9966 0.0000
-367.8666 0.0000
-368.0138 0.0000
-369.6791 0.0000
-366.8878 0.0000
-366.1654 0.0000
-366.9214 0.0000
-367.5854 0.0000
-369.5060 0.0000
-367.1631 0.0000
-367.3124 0.0000
-366.6274 0.0000
-366.1208 0.0000
-366.0501 0.0000
-368.3381 0.0000
-366.1790 0.0000
-368.3813 0.0000
-369.1445 0.0000
-366.6813 0.0000
-367.1843 0.0000
-366.2564 0.0000
-367.0104 0.0000
-369.3097 0.0000
-367.5882 0.0000
-368.5541 0.0000
-367.1608 0.0000
-368.4383 0.0000
-369.8825 0.0000
-367.8507 0.0000
-368.3360 0.0000
-367.0007 0.0000
-368.9775 0.0000
-366.8184 0.0000
-367.2628 0.0000
-366.0546 0.0000
-366.3555 0.0000
-370.1255 0.0000
-368.3234 0.0000
-367.4204 0.0000
-320.4925 0.0000
-317.9191 0.0000
-314.8917 0.0000
-315.2598 0.0000
-316.4083 0.0000
-317.5427 0.0000
-317.5266 0.0000
-316.9624 0.0000
-319.4344 0.0000
-317.5551 0.0000
-319.4695 0.0000
-320.9871 0.0000
-320.6998 0.0000
-320.7653 0.0000
-321.5435 0.0000
-321.4306 0.0000
-322.2636 0.0000
-324.8857 0.0000
-325.4053 0.0000
-324.1397 0.0000
-322.2873 0.0000
-321.0596 0.0000
-321.2209 0.0000
-320.1110 0.0000
-317.5277 0.0000
-318.9513 0.0000
-319.0094 0.0000
-320.3510 0.0000
-320.3636 0.0000
-319.5668 0.0000
-318.3382 0.0000
-318.3146 0.0000
-317.9012 0.0000
-319.2130 0.0000
-317.8254 0.0000
-318.7557 0.0000
-318.5978 0.0000
-319.9409 0.0000
-318.2995 0.0000
-318.5582 0.0000
-318.5597 0.0000
-315.1266 0.0000
-318.1579 0.0000
-319.2021 0.0000
-316.4001 0.0000
-314.6915 0.0000
-314.5372 0.0000
-312.6842 0.0000
-311.1110 0.0000
-310.7916 0.0000
-310.1640 0.0000
-310.4918 0.0000
-312.6638 0.0000
-312.4869 0.0000
-312.5986 0.0000
-314.2406 0.0000
-312.8703 0.0000
-313.4657 0.0000
-311.6856 0.0000
-311.9181 0.0000
-312.1167 0.0000
-310.3938 0.0000
-310.9006 0.0000
-308.7274 0.0000
-307.1934 0.0000
-309.2192 0.0000
-308.7551 0.0000
-308.2955 0.0000
-308.9860 0.0000
-306.6647 0.0000
-304.8713 0.0000
-308.1100 0.0000
-305.9127 0.0000
-305.4286 0.0000
-306.3575 0.0000
-305.2998 0.0000
-305.8863 0.0000
-305.6014 0.0000
-303.5999 0.0000
-304.0879 0.0000
-301.7990 0.0000
-302.3347 0.0000
-300.9846 0.0000
-302.9230 0.0000
-302.3560 0.0000
-301.5533 0.0000
-302.2428 0.0000
-301.5284 0.0000
-302.6581 0.0000
-302.8937 0.0000
-302.2781 0.0000
-302.7482 0.0000
-302.8471 0.0000
-301.8145 0.0000
-302.4393 0.0000
-300.2630 0.0000
-302.1832 0.0000
-301.6824 0.0000
-299.0648 0.0000
-301.4236 0.0000
-371.3865 0.0000
-372.0112 0.0000
-370.8996 0.0000
-372.0401 0.0000
-371.3517 0.0000
-371.3925 0.0000
-369.7739 0.0000
-371.8670 0.0000
-372.1430 0.0000
-369.9989 0.0000
-370.5156 0.0000
-372.8776 0.0000
-370.5384 0.0000
-369.8211 0.0000
-371.2850 0.0000
-369.0599 0.0000
-372.1734 0.0000
-370.4296 0.0000
-369.5018 0.0000
-370.1626 0.0000
-370.8370 0.0000
-370.2792 0.0000
-369.4937 0.0000
-370.0148 0.0000
-369.4196 0.0000
-371.3707 0.0000
-371.0909 0.0000
-370.9490 0.0000
-371.7354 0.0000
-369.0141 0.0000
-371.9103 0.0000
-370.4234 0.0000
-370.7317 0.0000
-370.1244 0.0000
-372.9109 0.0000
-370.6129 0.0000
-371.0853 0.0000
-371.9181 0.0000
-370.0654 0.0000
-368.4829 0.0000
-372.8006 0.0000
-370.9288 0.0000
-370.5453 0.0000
-370.0773 0.0000
-369.6575 0.0000
-369.8600 0.0000
-370.4421 0.0000
-371.6860 0.0000
-369.4990 0.0000
-369.4234 0.0000
-371.5292 0.0000
-372.1515 0.0000
-370.8163 0.0000
-371.4832 0.0000
-370.4678 0.0000
-371.6817 0.0000
-369.6792 0.0000
-371.4801 0.0000
-370.9617 0.0000
-371.0612 0.0000
-370.3844 0.0000
-372.2082 0.0000
-369.1518 0.0000
-370.9436 0.0000
-371.9068 0.0000
-370.7648 0.0000
-370.4118 0.0000
-369.4150 0.0000
-371.0928 0.0000
-369.1787 0.0000
-370.8533 0.0000
-370.9433 0.0000
-371.2748 0.0000
-371.5357 0.0000
-371.4046 0.0000
-371.4693 0.0000
-371.1912 0.0000
-370.5848 0.0000
-370.1376 0.0000
-371.6422 0.0000
-370.6674 0.0000
-372.0799 0.0000
-369.9088 0.0000
-370.4881 0.0000
-371.6878 0.0000
-369.6114 0.0000
-371.8474 0.0000
-369.7883 0.0000
-370.8944 0.0000
-370.6323 0.0000
-369.9135 0.0000
-369.8439 0.0000
-371.1013 0.0000
-369.6533 0.0000
-371.4236 0.0000
-372.5134 0.0000
-370.3737 0.0000
-370.2236 0.0000
-371.0634 0.0000
-369.7985 0.0000
-327.2777 0.0000
-328.2914 0.0000
-326.4786 0.0000
-327.8056 0.0000
-326.5634 0.0000
-326.2755 0.0000
-327.8789 0.0000
-326.3815 0.0000
-327.0858 0.0000
-327.2613 0.0000
-327.4049 0.0000
-328.6162 0.0000
-326.8341 0.0000
-327.1240 0.0000
-327.1966 0.0000
-326.4115 0.0000
-327.2040 0.0000
-327.0985 0.0000
-326.8108 0.0000
-327.6336 0.0000
-327.5001 0.0000
-326.9706 0.0000
-327.7292 0.0000
-327.2154 0.0000
-326.8717 0.0000
-327.0511 0.0000
-326.5733 0.0000
-326.6159 0.0000
-327.0805 0.0000
-328.4838 0.0000
-326.9796 0.0000
-327.7038 0.0000
-327.9325 0.0000
-326.5994 0.0000
-328.1895 0.0000
-326.3878 0.0000
-327.4524 0.0000
-326.8364 0.0000
-328.0095 0.0000
-327.4780 0.0000
-327.0416 0.0000
-327.4592 0.0000
-327.9306 0.0000
-327.2543 0.0000
-327.0778 0.0000
-327.4677 0.0000
-326.3895 0.0000
-327.1651 0.0000
-328.2626 0.0000
-326.3434 0.0000
-327.4324 0.0000
-327.1607 0.0000
-327.0849 0.0000
-327.3180 0.0000
-327.7699 0.0000
-327.6511 0.0000
-327.9421 0.0000
-326.2967 0.0000
-326.4478 0.0000
-327.1921 0.0000
-327.1120 0.0000
-327.7869 0.0000
-326.1300 0.0000
-326.3713 0.0000
-327.1057 0.0000
-326.6205 0.0000
-327.4974 0.0000
-327.4574 0.0000
-328.1243 0.0000
-328.4874 0.0000
-326.7189 0.0000
-326.7953 0.0000
-326.8379 0.0000
-325.8726 0.0000
-327.6663 0.0000
-327.2413 0.0000
-328.0031 0.0000
-327.3291 0.0000
-327.8078 0.0000
-328.2576 0.0000
-326.5528 0.0000
-327.3100 0.0000
-326.0295 0.0000
-326.7832 0.0000
-327.5122 0.0000
-326.9734 0.0000
-326.2809 0.0000
-327.0736 0.0000
-327.3631 0.0000
-326.5833 0.0000
-326.6885 0.0000
-327.8451 0.0000
-326.7083 0.0000
-326.3734 0.0000
-326.9653 0.0000
-328.0359 0.0000
-325.5671 0.0000
-326.7189 0.0000
-326.5539 0.0000
