-100.0000 -100.0000
-320.2571 0.0000
-321.2578 0.0000
-320.5505 0.0000
-320.5463 0.0000
-320.0153 0.0000
-320.4144 0.0000
-319.8558 0.0000
-319.4082 0.0000
-319.4755 0.0000
-319.4255 0.0000
-319.2989 0.0000
-319.0184 0.0000
-319.1396 0.0000
-318.3152 0.0000
-317.8184 0.0000
-317.7883 0.0000
-317.9851 0.0000
-318.1771 0.0000
-318.5357 0.0000
-317.3316 0.0000
-317.5343 0.0000
-317.4553 0.0000
-317.7982 0.0000
-317.4880 0.0000
-317.7073 0.0000
-316.7825 0.0000
-316.1444 0.0000
-316.0527 0.0000
-315.9059 0.0000
-316.0314 0.0000
-316.0008 0.0000
-315.8531 0.0000
-315.4000 0.0000
-315.0144 0.0000
-315.0197 0.0000
-315.1773 0.0000
-314.7623 0.0000
-314.8946 0.0000
-314.5215 0.0000
-314.2802 0.0000
-314.6014 0.0000
-314.4272 0.0000
-315.2918 0.0000
-316.0775 0.0000
-316.5228 0.0000
-316.8115 0.0000
-316.0449 0.0000
-315.5297 0.0000
-315.4341 0.0000
-315.5228 0.0000
-315.4412 0.0000
-315.6359 0.0000
-315.6739 0.0000
-315.2584 0.0000
-314.8947 0.0000
-315.6684 0.0000
-316.0340 0.0000
-315.7365 0.0000
-315.7429 0.0000
-315.5184 0.0000
-316.2077 0.0000
-316.5462 0.0000
-316.3735 0.0000
-316.5919 0.0000
-317.2388 0.0000
-316.7374 0.0000
-316.7593 0.0000
-316.7140 0.0000
-316.1470 0.0000
-316.5277 0.0000
-317.8883 0.0000
-317.9180 0.0000
-318.2461 0.0000
-318.6600 0.0000
-319.0514 0.0000
-317.8183 0.0000
-318.4719 0.0000
-318.8241 0.0000
-318.6199 0.0000
-318.9584 0.0000
-318.5292 0.0000
-318.6023 0.0000
-317.9030 0.0000
-317.9186 0.0000
-317.7888 0.0000
-317.4191 0.0000
-317.1443 0.0000
-317.0373 0.0000
-317.1502 0.0000
-316.6900 0.0000
-317.1516 0.0000
-317.3900 0.0000
-316.7255 0.0000
-316.8440 0.0000
-317.1621 0.0000
-316.5728 0.0000
-315.9395 0.0000
-316.5385 0.0000
-316.5048 0.0000
-316.5706 0.0000
-326.9920 0.0000
-328.4305 0.0000
-327.1358 0.0000
-327.2807 0.0000
-326.5652 0.0000
-326.3660 0.0000
-327.2929 0.0000
-326.7844 0.0000
-325.9555 0.0000
-327.4102 0.0000
-328.2145 0.0000
-328.5137 0.0000
-328.5204 0.0000
-326.3773 0.0000
-326.5925 0.0000
-327.1223 0.0000
-327.1176 0.0000
-328.6367 0.0000
-326.0099 0.0000
-328.7201 0.0000
-326.9856 0.0000
-327.0180 0.0000
-326.8929 0.0000
-327.0927 0.0000
-326.2494 0.0000
-327.0241 0.0000
-327.1329 0.0000
-326.8421 0.0000
-326.4605 0.0000
-326.1225 0.0000
-327.3849 0.0000
-326.8606 0.0000
-327.4510 0.0000
-327.4295 0.0000
-327.4870 0.0000
-328.7445 0.0000
-327.0822 0.0000
-326.2178 0.0000
-326.8913 0.0000
-328.2066 0.0000
-326.7394 0.0000
-326.5938 0.0000
-326.5258 0.0000
-327.0976 0.0000
-326.5196 0.0000
-326.6789 0.0000
-327.5924 0.0000
-327.1590 0.0000
-328.1780 0.0000
-326.0991 0.0000
-327.0717 0.0000
-327.4045 0.0000
-328.0926 0.0000
-325.0094 0.0000
-326.6153 0.0000
-327.1658 0.0000
-328.8580 0.0000
-326.9876 0.0000
-328.3649 0.0000
-326.6849 0.0000
-326.8231 0.0000
-325.6863 0.0000
-327.5924 0.0000
-327.8858 0.0000
-328.4293 0.0000
-326.5439 0.0000
-326.5207 0.0000
-328.6214 0.0000
-327.4188 0.0000
-327.3255 0.0000
-328.0357 0.0000
-327.6393 0.0000
-326.5828 0.0000
-327.5274 0.0000
-327.2158 0.0000
-328.5205 0.0000
-326.4313 0.0000
-328.3599 0.0000
-327.1960 0.0000
-326.1899 0.0000
-326.9149 0.0000
-327.8225 0.0000
-327.5655 0.0000
-328.3769 0.0000
-327.3953 0.0000
-327.3085 0.0000
-328.0701 0.0000
-326.9461 0.0000
-326.8209 0.0000
-327.6452 0.0000
-327.8023 0.0000
-325.8750 0.0000
-329.3196 0.0000
-328.5490 0.0000
-327.4060 0.0000
-327.2897 0.0000
-327.7679 0.0000
-328.0815 0.0000
-328.0804 0.0000
-328.0928 0.0000
-312.6860 0.0000
-311.2986 0.0000
-309.1224 0.0000
-310.0338 0.0000
-306.5478 0.0000
-307.7196 0.0000
-308.1149 0.0000
-307.3917 0.0000
-308.4051 0.0000
-307.0683 0.0000
-308.5608 0.0000
-310.2547 0.0000
-310.8978 0.0000
-308.9692 0.0000
-307.6420 0.0000
-308.6582 0.0000
-305.5740 0.0000
-308.8633 0.0000
-304.7137 0.0000
-304.0842 0.0000
-301.5350 0.0000
-298.2906 0.0000
-298.0772 0.0000
-297.4442 0.0000
-296.3749 0.0000
-295.5628 0.0000
-295.3946 0.0000
-295.8787 0.0000
-295.7603 0.0000
-295.2711 0.0000
-296.9604 0.0000
-295.5852 0.0000
-294.0985 0.0000
-294.0966 0.0000
-294.4861 0.0000
-296.9985 0.0000
-296.3082 0.0000
-294.4826 0.0000
-293.5955 0.0000
-294.5086 0.0000
-291.6478 0.0000
-291.3169 0.0000
-290.1744 0.0000
-289.1490 0.0000
-287.8986 0.0000
-288.9004 0.0000
-288.2097 0.0000
-287.0411 0.0000
-287.2585 0.0000
-286.7156 0.0000
-286.8516 0.0000
-287.7476 0.0000
-288.6700 0.0000
-286.9756 0.0000
-286.5024 0.0000
-285.3424 0.0000
-288.0252 0.0000
-288.2243 0.0000
-287.6391 0.0000
-285.2964 0.0000
-284.6148 0.0000
-286.1959 0.0000
-287.6446 0.0000
-286.2919 0.0000
-287.1232 0.0000
-286.9661 0.0000
-290.3399 0.0000
-287.7960 0.0000
-288.2278 0.0000
-285.9159 0.0000
-285.0911 0.0000
-286.9483 0.0000
-286.0466 0.0000
-287.1729 0.0000
-285.8210 0.0000
-284.2795 0.0000
-284.8877 0.0000
-283.8122 0.0000
-284.1110 0.0000
-283.9250 0.0000
-285.6086 0.0000
-284.4659 0.0000
-284.5214 0.0000
-285.2984 0.0000
-285.8800 0.0000
-287.9606 0.0000
-286.8035 0.0000
-285.6454 0.0000
-287.6684 0.0000
-286.2323 0.0000
-285.7663 0.0000
-285.7502 0.0000
-285.5855 0.0000
-286.0287 0.0000
-286.1142 0.0000
-285.0060 0.0000
-284.2376 0.0000
-285.3283 0.0000
-284.2916 0.0000
-285.1955 0.0000
-314.2710 0.0000
-316.7274 0.0000
-316.8399 0.0000
-317.2821 0.0000
-315.2567 0.0000
-317.0842 0.0000
-317.8578 0.0000
-317.4718 0.0000
-317.6197 0.0000
-315.3409 0.0000
-317.2433 0.0000
-316.1751 0.0000
-317.1106 0.0000
-316.8846 0.0000
-317.0541 0.0000
-315.6391 0.0000
-317.1377 0.0000
-315.9862 0.0000
-315.7960 0.0000
-315.4797 0.0000
-317.4593 0.0000
-316.8143 0.0000
-315.1708 0.0000
-317.1395 0.0000
-316.3333 0.0000
-317.6212 0.0000
-314.9191 0.0000
-316.4225 0.0000
-317.4434 0.0000
-317.6678 0.0000
-317.5161 0.0000
-316.4052 0.0000
-316.2942 0.0000
-316.3592 0.0000
-318.0267 0.0000
-315.8900 0.0000
-316.9652 0.0000
-316.5975 0.0000
-317.9258 0.0000
-315.2360 0.0000
-317.7806 0.0000
-317.2671 0.0000
-315.3464 0.0000
-316.2713 0.0000
-316.2418 0.0000
-314.1994 0.0000
-315.8551 0.0000
-316.2593 0.0000
-316.1701 0.0000
-317.3188 0.0000
-316.4469 0.0000
-315.4364 0.0000
-316.7377 0.0000
-316.7645 0.0000
-314.5470 0.0000
-316.1990 0.0000
-315.7330 0.0000
-317.1610 0.0000
-315.4420 0.0000
-316.3595 0.0000
-316.3018 0.0000
-317.8856 0.0000
-314.2526 0.0000
-317.3542 0.0000
-316.7712 0.0000
-315.5875 0.0000
-315.4627 0.0000
-315.5418 0.0000
-316.1619 0.0000
-316.6058 0.0000
-315.9401 0.0000
-315.8305 0.0000
-317.0434 0.0000
-318.2475 0.0000
-316.7116 0.0000
-317.1112 0.0000
-315.6133 0.0000
-316.3417 0.0000
-315.3484 0.0000
-317.0568 0.0000
-316.1287 0.0000
-316.7709 0.0000
-315.4826 0.0000
-314.4589 0.0000
-317.8545 0.0000
-315.2382 0.0000
-317.0466 0.0000
-315.4155 0.0000
-317.0327 0.0000
-314.7586 0.0000
-317.0329 0.0000
-315.7992 0.0000
-316.4107 0.0000
-316.7867 0.0000
-316.2146 0.0000
-316.8171 0.0000
-314.2043 0.0000
-317.8389 0.0000
-316.6234 0.0000
-316.5701 0.0000
-316.3284 0.0000
-318.0638 0.0000
-314.9419 0.0000
-316.3026 0.0000
-315.8644 0.0000
-315.8151 0.0000
-316.4828 0.0000
-313.8942 0.0000
-317.0089 0.0000
-315.9192 0.0000
-316.9584 0.0000
-316.7245 0.0000
-317.3790 0.0000
-314.9775 0.0000
-315.2402 0.0000
-316.2432 0.0000
-315.4327 0.0000
-315.7399 0.0000
-317.1454 0.0000
-316.7541 0.0000
-316.9581 0.0000
-315.8643 0.0000
-318.0080 0.0000
-314.2657 0.0000
-317.8141 0.0000
-317.8062 0.0000
-316.2521 0.0000
-314.8030 0.0000
-317.1506 0.0000
-317.1010 0.0000
-315.4762 0.0000
-317.2314 0.0000
-316.5978 0.0000
-317.0649 0.0000
-316.9055 0.0000
-316.0780 0.0000
-314.6274 0.0000
-317.4359 0.0000
-317.2382 0.0000
-314.6895 0.0000
-315.1846 0.0000
-316.5823 0.0000
-317.1663 0.0000
-316.5292 0.0000
-315.1324 0.0000
-315.1559 0.0000
-316.3157 0.0000
-315.9355 0.0000
-318.6943 0.0000
-315.9645 0.0000
-316.8972 0.0000
-316.7057 0.0000
-316.1851 0.0000
-317.1076 0.0000
-316.7035 0.0000
-316.7488 0.0000
-317.5953 0.0000
-315.2032 0.0000
-316.0643 0.0000
-317.6520 0.0000
-316.3228 0.0000
-317.5559 0.0000
-314.0676 0.0000
-314.4153 0.0000
-317.0057 0.0000
-315.0523 0.0000
-317.0920 0.0000
-317.7377 0.0000
-316.8930 0.0000
-317.7351 0.0000
-315.7429 0.0000
-315.3832 0.0000
-316.9309 0.0000
-316.0718 0.0000
-317.5476 0.0000
-315.5083 0.0000
-315.7879 0.0000
-316.0189 0.0000
-316.7214 0.0000
-317.7578 0.0000
-315.7145 0.0000
-317.3710 0.0000
-316.1709 0.0000
-315.9101 0.0000
-317.0158 0.0000
-316.0100 0.0000
-314.7320 0.0000
-317.1030 0.0000
-316.6647 0.0000
-315.4079 0.0000
-316.5236 0.0000
-317.2426 0.0000
-317.0323 0.0000
-314.9022 0.0000
-315.6506 0.0000
-317.1798 0.0000
-314.6228 0.0000
-316.7262 0.0000
-315.1561 0.0000
