-100.0000 -100.0000
-332.0355 0.0000
-333.9037 0.0000
-333.4967 0.0000
-332.5862 0.0000
-331.0521 0.0000
-331.7565 0.0000
-331.6638 0.0000
-333.4547 0.0000
-335.7031 0.0000
-335.0843 0.0000
-334.6097 0.0000
-333.6457 0.0000
-331.7696 0.0000
-334.2211 0.0000
-335.2072 0.0000
-335.0697 0.0000
-333.7769 0.0000
-335.1455 0.0000
-335.1760 0.0000
-335.6935 0.0000
-336.6858 0.0000
-335.8845 0.0000
-335.3499 0.0000
-335.5771 0.0000
-335.5887 0.0000
-337.7075 0.0000
-340.2135 0.0000
-340.8503 0.0000
-338.4547 0.0000
-334.0571 0.0000
-334.0214 0.0000
-334.7721 0.0000
-334.4515 0.0000
-334.6342 0.0000
-335.1320 0.0000
-335.2206 0.0000
-335.0072 0.0000
-335.0280 0.0000
-336.2114 0.0000
-337.5217 0.0000
-336.7646 0.0000
-337.7897 0.0000
-336.1420 0.0000
-336.0361 0.0000
-336.6054 0.0000
-337.9057 0.0000
-339.5425 0.0000
-339.5932 0.0000
-340.1803 0.0000
-341.3878 0.0000
-341.7677 0.0000
-341.6413 0.0000
-342.6926 0.0000
-344.9423 0.0000
-345.4192 0.0000
-344.1833 0.0000
-342.9600 0.0000
-340.0586 0.0000
-338.5915 0.0000
-335.5901 0.0000
-334.9325 0.0000
-332.3182 0.0000
-330.7929 0.0000
-329.8885 0.0000
-330.9114 0.0000
-332.8079 0.0000
-333.0211 0.0000
-334.3173 0.0000
-333.1515 0.0000
-331.7676 0.0000
-331.7218 0.0000
-331.7409 0.0000
-331.9669 0.0000
-333.3473 0.0000
-332.3760 0.0000
-333.8866 0.0000
-331.5603 0.0000
-330.4338 0.0000
-329.3990 0.0000
-330.9470 0.0000
-330.8313 0.0000
-331.4749 0.0000
-333.4387 0.0000
-334.1944 0.0000
-333.1576 0.0000
-334.1005 0.0000
-337.7783 0.0000
-338.6430 0.0000
-338.1653 0.0000
-337.2187 0.0000
-337.9997 0.0000
-338.2696 0.0000
-336.9134 0.0000
-335.1380 0.0000
-335.1948 0.0000
-335.6046 0.0000
-337.3729 0.0000
-337.2825 0.0000
-335.2889 0.0000
-336.0754 0.0000
-379.1468 0.0000
-378.4371 0.0000
-377.9954 0.0000
-377.3698 0.0000
-378.1647 0.0000
-376.1167 0.0000
-377.0643 0.0000
-378.2470 0.0000
-375.1829 0.0000
-377.4727 0.0000
-379.4374 0.0000
-379.3100 0.0000
-378.9537 0.0000
-376.3569 0.0000
-376.7548 0.0000
-376.3014 0.0000
-377.1286 0.0000
-379.3776 0.0000
-377.2398 0.0000
-378.7848 0.0000
-378.6994 0.0000
-376.0941 0.0000
-376.7003 0.0000
-376.5460 0.0000
-376.0269 0.0000
-377.0056 0.0000
-376.3323 0.0000
-376.5021 0.0000
-377.1864 0.0000
-376.3373 0.0000
-378.7183 0.0000
-377.9552 0.0000
-376.6523 0.0000
-377.4493 0.0000
-378.3334 0.0000
-378.6706 0.0000
-376.6571 0.0000
-377.3386 0.0000
-378.6200 0.0000
-377.2502 0.0000
-377.7872 0.0000
-375.6002 0.0000
-376.6608 0.0000
-377.5556 0.0000
-376.6241 0.0000
-375.8388 0.0000
-377.9884 0.0000
-375.8356 0.0000
-376.7292 0.0000
-375.6909 0.0000
-378.0482 0.0000
-377.4090 0.0000
-378.4543 0.0000
-375.1778 0.0000
-376.6950 0.0000
-377.5440 0.0000
-378.9978 0.0000
-377.0317 0.0000
-378.2964 0.0000
-377.4572 0.0000
-377.4010 0.0000
-376.2984 0.0000
-380.2611 0.0000
-379.1585 0.0000
-378.7422 0.0000
-376.8588 0.0000
-376.3048 0.0000
-378.5760 0.0000
-377.4629 0.0000
-378.2676 0.0000
-377.2889 0.0000
-378.8293 0.0000
-377.5274 0.0000
-376.8778 0.0000
-378.1565 0.0000
-377.7877 0.0000
-378.2890 0.0000
-379.0551 0.0000
-378.4479 0.0000
-377.9689 0.0000
-379.7349 0.0000
-378.5389 0.0000
-376.9788 0.0000
-380.5146 0.0000
-377.1306 0.0000
-376.6910 0.0000
-376.5165 0.0000
-379.0440 0.0000
-378.5595 0.0000
-376.5452 0.0000
-377.9473 0.0000
-376.7859 0.0000
-380.4944 0.0000
-378.9378 0.0000
-377.7738 0.0000
-376.5260 0.0000
-378.4014 0.0000
-378.4644 0.0000
-378.0310 0.0000
-378.8051 0.0000
-349.3010 0.0000
-348.6732 0.0000
-347.3683 0.0000
-347.4746 0.0000
-346.9981 0.0000
-347.4522 0.0000
-347.1512 0.0000
-347.7774 0.0000
-348.4952 0.0000
-347.2725 0.0000
-347.9278 0.0000
-348.9025 0.0000
-350.2815 0.0000
-349.5740 0.0000
-350.0214 0.0000
-350.0430 0.0000
-349.9195 0.0000
-351.2284 0.0000
-348.4566 0.0000
-348.2063 0.0000
-346.7104 0.0000
-345.5202 0.0000
-344.8948 0.0000
-344.6654 0.0000
-343.5561 0.0000
-343.6753 0.0000
-342.9276 0.0000
-343.3027 0.0000
-344.8137 0.0000
-342.5331 0.0000
-343.7208 0.0000
-344.0977 0.0000
-343.4007 0.0000
-343.6933 0.0000
-343.3602 0.0000
-344.3161 0.0000
-345.1349 0.0000
-343.0874 0.0000
-341.4317 0.0000
-342.0308 0.0000
-341.7467 0.0000
-340.9233 0.0000
-341.2597 0.0000
-340.2626 0.0000
-339.7328 0.0000
-340.6891 0.0000
-339.4424 0.0000
-339.5610 0.0000
-340.1598 0.0000
-337.8994 0.0000
-338.2740 0.0000
-339.2090 0.0000
-337.0774 0.0000
-337.4158 0.0000
-337.0792 0.0000
-337.0845 0.0000
-338.0970 0.0000
-336.4308 0.0000
-335.3188 0.0000
-334.5877 0.0000
-334.7675 0.0000
-336.1445 0.0000
-336.1685 0.0000
-336.2894 0.0000
-337.2824 0.0000
-337.9354 0.0000
-339.0402 0.0000
-337.1203 0.0000
-337.9490 0.0000
-336.0152 0.0000
-334.8086 0.0000
-335.9170 0.0000
-336.5224 0.0000
-337.3939 0.0000
-335.6736 0.0000
-335.2289 0.0000
-336.0959 0.0000
-333.6547 0.0000
-333.9204 0.0000
-334.0410 0.0000
-334.9468 0.0000
-335.0218 0.0000
-335.4867 0.0000
-336.1371 0.0000
-336.1550 0.0000
-337.7299 0.0000
-337.2871 0.0000
-336.4132 0.0000
-338.2620 0.0000
-337.1583 0.0000
-336.2396 0.0000
-336.3850 0.0000
-335.4294 0.0000
-336.0028 0.0000
-335.4412 0.0000
-335.2529 0.0000
-336.5707 0.0000
-338.4229 0.0000
-336.9719 0.0000
-336.4028 0.0000
-332.3568 0.0000
-332.9356 0.0000
-332.4084 0.0000
-333.3346 0.0000
-334.2048 0.0000
-333.3155 0.0000
-332.6891 0.0000
-332.9561 0.0000
-333.5899 0.0000
-332.8151 0.0000
-333.2442 0.0000
-333.6847 0.0000
-333.6676 0.0000
-333.5461 0.0000
-333.2375 0.0000
-332.9739 0.0000
-333.2888 0.0000
-333.4166 0.0000
-332.6915 0.0000
-332.4766 0.0000
-333.0152 0.0000
-333.4067 0.0000
-332.8338 0.0000
-332.4769 0.0000
-332.2308 0.0000
-332.3017 0.0000
-332.0183 0.0000
-332.1970 0.0000
-333.4178 0.0000
-334.1319 0.0000
-334.3862 0.0000
-333.9304 0.0000
-333.7501 0.0000
-333.2603 0.0000
-333.4667 0.0000
-332.6782 0.0000
-332.0595 0.0000
-332.9294 0.0000
-332.5170 0.0000
-331.4201 0.0000
-332.2882 0.0000
-332.4586 0.0000
-332.4770 0.0000
-332.8324 0.0000
-332.3623 0.0000
-331.9178 0.0000
-331.3161 0.0000
-331.7278 0.0000
-331.1113 0.0000
-330.2839 0.0000
-330.1122 0.0000
-330.0348 0.0000
-330.0201 0.0000
-331.0824 0.0000
-329.9954 0.0000
-330.1294 0.0000
-328.8316 0.0000
-328.8117 0.0000
-328.9033 0.0000
-328.6026 0.0000
-328.5850 0.0000
-330.0685 0.0000
-328.2338 0.0000
-328.6521 0.0000
-328.6103 0.0000
-328.6219 0.0000
-328.3557 0.0000
-328.7374 0.0000
-328.8767 0.0000
-328.9342 0.0000
-328.9437 0.0000
-328.8428 0.0000
-328.9500 0.0000
-329.5096 0.0000
-330.0825 0.0000
-330.3569 0.0000
-330.4615 0.0000
-330.7242 0.0000
-330.4062 0.0000
-331.2703 0.0000
-329.7763 0.0000
-330.1651 0.0000
-330.5092 0.0000
-330.0884 0.0000
-330.2294 0.0000
-329.2395 0.0000
-329.7006 0.0000
-328.5707 0.0000
-328.7446 0.0000
-327.9327 0.0000
-328.1011 0.0000
-328.3690 0.0000
-327.8958 0.0000
-327.7431 0.0000
-327.7040 0.0000
-328.0668 0.0000
-328.1117 0.0000
-329.1373 0.0000
-328.5603 0.0000
-328.1816 0.0000
-355.9851 0.0000
-357.8232 0.0000
-354.2012 0.0000
-355.7965 0.0000
-354.3716 0.0000
-354.8482 0.0000
-356.3561 0.0000
-352.4599 0.0000
-356.4994 0.0000
-355.3969 0.0000
-356.8767 0.0000
-356.1655 0.0000
-355.4777 0.0000
-354.2074 0.0000
-356.6192 0.0000
-357.8963 0.0000
-355.5780 0.0000
-355.3042 0.0000
-357.0522 0.0000
-357.2437 0.0000
-356.7540 0.0000
-354.9101 0.0000
-356.9611 0.0000
-354.4968 0.0000
-354.9514 0.0000
-356.6615 0.0000
-356.0088 0.0000
-353.6178 0.0000
-356.0230 0.0000
-357.7647 0.0000
-355.1956 0.0000
-356.7313 0.0000
-358.0692 0.0000
-356.2070 0.0000
-356.9202 0.0000
-354.0236 0.0000
-353.8525 0.0000
-356.4367 0.0000
-357.5184 0.0000
-355.1284 0.0000
-355.3728 0.0000
-354.6660 0.0000
-355.8824 0.0000
-354.7286 0.0000
-353.0590 0.0000
-355.3014 0.0000
-356.6437 0.0000
-355.5705 0.0000
-358.1578 0.0000
-356.1560 0.0000
-356.0730 0.0000
-354.6670 0.0000
-358.1265 0.0000
-356.9129 0.0000
-354.7783 0.0000
-356.5433 0.0000
-356.7681 0.0000
-353.1918 0.0000
-354.8395 0.0000
-356.9843 0.0000
-355.5583 0.0000
-356.1698 0.0000
-354.5301 0.0000
-354.1382 0.0000
-356.6443 0.0000
-355.4677 0.0000
-355.5471 0.0000
-355.9064 0.0000
-357.2456 0.0000
-356.5258 0.0000
-355.5033 0.0000
-355.2399 0.0000
-356.4261 0.0000
-356.3525 0.0000
-356.3296 0.0000
-355.7134 0.0000
-357.5816 0.0000
-354.3036 0.0000
-356.2267 0.0000
-356.1305 0.0000
-355.9168 0.0000
-358.8975 0.0000
-354.5910 0.0000
-355.3071 0.0000
-357.5715 0.0000
-356.1828 0.0000
-355.0650 0.0000
-357.2795 0.0000
-356.4314 0.0000
-355.1414 0.0000
-355.7028 0.0000
-355.9268 0.0000
-354.7177 0.0000
-355.0585 0.0000
-354.6508 0.0000
-356.2968 0.0000
-354.7096 0.0000
-357.9909 0.0000
-356.7628 0.0000
