-100.0000 -100.0000
-410.5318 0.0000
-410.4461 0.0000
-411.1970 0.0000
-409.4499 0.0000
-409.9070 0.0000
-408.7318 0.0000
-407.5833 0.0000
-407.7012 0.0000
-409.7370 0.0000
-410.1809 0.0000
-410.7033 0.0000
-410.1067 0.0000
-407.8669 0.0000
-409.7391 0.0000
-410.0219 0.0000
-409.7119 0.0000
-409.8112 0.0000
-410.6352 0.0000
-408.6022 0.0000
-410.0812 0.0000
-410.0486 0.0000
-407.8822 0.0000
-407.9490 0.0000
-407.0484 0.0000
-407.8243 0.0000
-410.9364 0.0000
-408.8191 0.0000
-410.9137 0.0000
-408.8441 0.0000
-407.1670 0.0000
-408.2987 0.0000
-408.8056 0.0000
-410.8220 0.0000
-409.3145 0.0000
-409.1362 0.0000
-409.6198 0.0000
-409.1683 0.0000
-409.8381 0.0000
-410.3623 0.0000
-410.9509 0.0000
-409.4626 0.0000
-410.1125 0.0000
-408.8780 0.0000
-408.2941 0.0000
-408.8627 0.0000
-407.9406 0.0000
-410.0799 0.0000
-411.0865 0.0000
-411.6252 0.0000
-411.9785 0.0000
-412.3389 0.0000
-412.3212 0.0000
-412.0655 0.0000
-414.4670 0.0000
-414.5939 0.0000
-413.0550 0.0000
-411.2403 0.0000
-410.9363 0.0000
-409.4517 0.0000
-407.9674 0.0000
-406.1246 0.0000
-405.1090 0.0000
-403.7965 0.0000
-404.2567 0.0000
-404.4778 0.0000
-405.4237 0.0000
-403.8749 0.0000
-404.6469 0.0000
-403.9868 0.0000
-402.6177 0.0000
-402.3974 0.0000
-403.1188 0.0000
-405.7879 0.0000
-404.2889 0.0000
-399.9332 0.0000
-403.4810 0.0000
-402.7281 0.0000
-402.6527 0.0000
-402.5730 0.0000
-402.7975 0.0000
-402.2708 0.0000
-402.2337 0.0000
-405.7745 0.0000
-406.2899 0.0000
-405.6121 0.0000
-406.5543 0.0000
-409.2041 0.0000
-407.2168 0.0000
-407.3035 0.0000
-405.7165 0.0000
-406.0957 0.0000
-405.7958 0.0000
-406.9700 0.0000
-405.8028 0.0000
-406.2863 0.0000
-405.8691 0.0000
-406.6972 0.0000
-407.4528 0.0000
-405.6066 0.0000
-405.7523 0.0000
-336.2107 0.0000
-336.5526 0.0000
-335.8367 0.0000
-335.6947 0.0000
-335.4907 0.0000
-335.5058 0.0000
-335.3114 0.0000
-335.3182 0.0000
-335.2202 0.0000
-335.0319 0.0000
-334.8996 0.0000
-334.0714 0.0000
-334.7516 0.0000
-334.5460 0.0000
-335.4033 0.0000
-335.9217 0.0000
-336.4199 0.0000
-336.7403 0.0000
-337.2869 0.0000
-336.8825 0.0000
-335.6799 0.0000
-335.8945 0.0000
-335.9973 0.0000
-335.6468 0.0000
-335.1035 0.0000
-335.2896 0.0000
-334.8620 0.0000
-334.7369 0.0000
-334.2869 0.0000
-335.4968 0.0000
-335.1276 0.0000
-335.7720 0.0000
-335.6718 0.0000
-335.6503 0.0000
-335.5594 0.0000
-335.6215 0.0000
-336.4195 0.0000
-336.8404 0.0000
-336.5090 0.0000
-337.2258 0.0000
-336.2113 0.0000
-335.8904 0.0000
-335.4195 0.0000
-335.9181 0.0000
-336.2693 0.0000
-336.3207 0.0000
-336.5051 0.0000
-336.3628 0.0000
-336.2041 0.0000
-335.9740 0.0000
-335.9297 0.0000
-335.5261 0.0000
-334.8759 0.0000
-333.8687 0.0000
-333.0180 0.0000
-333.4657 0.0000
-333.2360 0.0000
-332.7655 0.0000
-331.9986 0.0000
-331.6775 0.0000
-330.9946 0.0000
-331.0969 0.0000
-331.3569 0.0000
-331.2806 0.0000
-330.8524 0.0000
-331.3390 0.0000
-332.2705 0.0000
-333.0697 0.0000
-333.7962 0.0000
-334.1140 0.0000
-333.8959 0.0000
-333.2438 0.0000
-332.3927 0.0000
-333.1352 0.0000
-332.9876 0.0000
-333.9731 0.0000
-333.5846 0.0000
-333.8245 0.0000
-332.6296 0.0000
-332.7596 0.0000
-332.6980 0.0000
-332.1038 0.0000
-331.6581 0.0000
-331.5789 0.0000
-331.6546 0.0000
-331.1347 0.0000
-331.5375 0.0000
-330.8953 0.0000
-330.1674 0.0000
-330.7003 0.0000
-330.9222 0.0000
-331.3769 0.0000
-331.0076 0.0000
-331.0873 0.0000
-330.9314 0.0000
-330.6119 0.0000
-330.5828 0.0000
-331.1759 0.0000
-331.8658 0.0000
-332.0785 0.0000
-367.9664 0.0000
-366.2317 0.0000
-364.7727 0.0000
-366.7515 0.0000
-365.1976 0.0000
-367.0301 0.0000
-368.0471 0.0000
-366.4661 0.0000
-369.9394 0.0000
-367.6090 0.0000
-369.2132 0.0000
-366.9967 0.0000
-366.4787 0.0000
-367.4995 0.0000
-367.0669 0.0000
-366.6663 0.0000
-365.7998 0.0000
-369.5291 0.0000
-366.7436 0.0000
-367.0754 0.0000
-365.2869 0.0000
-365.8899 0.0000
-368.6448 0.0000
-367.1866 0.0000
-364.4186 0.0000
-367.4119 0.0000
-368.5766 0.0000
-366.3066 0.0000
-365.5490 0.0000
-365.1690 0.0000
-366.5001 0.0000
-367.2521 0.0000
-366.5511 0.0000
-369.0449 0.0000
-365.7526 0.0000
-369.9711 0.0000
-368.9285 0.0000
-366.9459 0.0000
-367.6821 0.0000
-367.6947 0.0000
-364.2899 0.0000
-365.7575 0.0000
-368.5207 0.0000
-367.8195 0.0000
-366.5599 0.0000
-366.0405 0.0000
-367.2215 0.0000
-365.9121 0.0000
-366.4490 0.0000
-366.1100 0.0000
-366.3322 0.0000
-367.0171 0.0000
-369.0345 0.0000
-368.0576 0.0000
-366.0337 0.0000
-366.2197 0.0000
-368.6736 0.0000
-365.5146 0.0000
-363.5047 0.0000
-363.9454 0.0000
-362.7182 0.0000
-363.5976 0.0000
-363.8559 0.0000
-361.8083 0.0000
-362.3520 0.0000
-363.5624 0.0000
-364.5264 0.0000
-362.0255 0.0000
-362.2947 0.0000
-360.1233 0.0000
-360.2166 0.0000
-362.0531 0.0000
-362.2579 0.0000
-363.4184 0.0000
-364.3727 0.0000
-362.4125 0.0000
-361.2980 0.0000
-360.8203 0.0000
-359.9619 0.0000
-358.7169 0.0000
-358.2819 0.0000
-357.0441 0.0000
-356.8518 0.0000
-358.1681 0.0000
-358.0768 0.0000
-358.1894 0.0000
-359.1993 0.0000
-356.8554 0.0000
-358.2053 0.0000
-357.8486 0.0000
-357.1464 0.0000
-356.5616 0.0000
-356.4233 0.0000
-356.0790 0.0000
-356.7133 0.0000
-356.0391 0.0000
-356.0395 0.0000
-357.6746 0.0000
-355.7810 0.0000
-357.3288 0.0000
-296.5425 0.0000
-297.0985 0.0000
-295.4910 0.0000
-296.9723 0.0000
-293.5242 0.0000
-294.1782 0.0000
-296.6781 0.0000
-295.3675 0.0000
-297.2095 0.0000
-294.1616 0.0000
-294.8240 0.0000
-295.1392 0.0000
-296.1431 0.0000
-297.4911 0.0000
-297.0171 0.0000
-297.5137 0.0000
-299.0317 0.0000
-300.9085 0.0000
-297.3116 0.0000
-296.2707 0.0000
-297.9487 0.0000
-298.0660 0.0000
-295.0524 0.0000
-298.1974 0.0000
-298.2250 0.0000
-299.5869 0.0000
-295.7699 0.0000
-296.6037 0.0000
-298.1445 0.0000
-297.9455 0.0000
-297.3703 0.0000
-295.5772 0.0000
-295.0952 0.0000
-296.2484 0.0000
-297.1158 0.0000
-292.4233 0.0000
-293.6832 0.0000
-293.7602 0.0000
-296.5546 0.0000
-292.9680 0.0000
-293.6689 0.0000
-294.6047 0.0000
-291.8867 0.0000
-292.2747 0.0000
-291.9875 0.0000
-288.9670 0.0000
-289.0524 0.0000
-289.5038 0.0000
-290.3019 0.0000
-291.1711 0.0000
-290.8276 0.0000
-290.2270 0.0000
-291.1603 0.0000
-289.7732 0.0000
-287.3416 0.0000
-287.6817 0.0000
-286.7580 0.0000
-286.6156 0.0000
-287.3220 0.0000
-287.5839 0.0000
-287.7555 0.0000
-288.0111 0.0000
-286.3056 0.0000
-287.0379 0.0000
-288.7618 0.0000
-285.6723 0.0000
-286.0022 0.0000
-283.7220 0.0000
-283.0522 0.0000
-283.5619 0.0000
-284.0845 0.0000
-282.3968 0.0000
-283.7625 0.0000
-285.4302 0.0000
-285.0402 0.0000
-284.8049 0.0000
-284.1140 0.0000
-284.2890 0.0000
-283.6367 0.0000
-283.0391 0.0000
-282.7092 0.0000
-284.4954 0.0000
-283.8458 0.0000
-283.0447 0.0000
-285.8310 0.0000
-281.6693 0.0000
-280.6366 0.0000
-278.7191 0.0000
-279.8620 0.0000
-278.5837 0.0000
-279.0642 0.0000
-277.9711 0.0000
-276.5819 0.0000
-277.4845 0.0000
-276.9874 0.0000
-276.8502 0.0000
-276.2938 0.0000
-277.5293 0.0000
-275.4077 0.0000
-275.1137 0.0000
-371.3845 0.0000
-373.1602 0.0000
-369.3712 0.0000
-372.4821 0.0000
-369.7065 0.0000
-370.1835 0.0000
-373.6487 0.0000
-367.5441 0.0000
-370.7868 0.0000
-369.6152 0.0000
-371.1650 0.0000
-370.9984 0.0000
-371.6929 0.0000
-370.1281 0.0000
-371.3128 0.0000
-372.1051 0.0000
-369.4276 0.0000
-370.8739 0.0000
-371.3318 0.0000
-371.5917 0.0000
-371.8790 0.0000
-369.9103 0.0000
-372.3402 0.0000
-368.6497 0.0000
-372.4640 0.0000
-371.7184 0.0000
-371.4969 0.0000
-370.6347 0.0000
-370.9187 0.0000
-371.7592 0.0000
-371.6275 0.0000
-371.6792 0.0000
-371.9933 0.0000
-369.2817 0.0000
-371.9250 0.0000
-369.8012 0.0000
-370.4203 0.0000
-373.5326 0.0000
-373.3018 0.0000
-369.5249 0.0000
-368.6034 0.0000
-370.4285 0.0000
-371.3490 0.0000
-370.1238 0.0000
-370.6136 0.0000
-369.9119 0.0000
-369.8001 0.0000
-370.4916 0.0000
-372.6937 0.0000
-369.7716 0.0000
-370.8210 0.0000
-369.4168 0.0000
-373.2220 0.0000
-370.7758 0.0000
-370.1697 0.0000
-369.7316 0.0000
-370.6861 0.0000
-367.5720 0.0000
-369.7284 0.0000
-372.3157 0.0000
-371.5687 0.0000
-371.6084 0.0000
-369.7047 0.0000
-368.5715 0.0000
-372.3181 0.0000
-370.8487 0.0000
-372.5456 0.0000
-371.0427 0.0000
-371.4590 0.0000
-371.1442 0.0000
-372.1528 0.0000
-370.2453 0.0000
-370.9970 0.0000
-371.1809 0.0000
-370.6307 0.0000
-369.1678 0.0000
-371.3512 0.0000
-369.5665 0.0000
-371.6789 0.0000
-369.7873 0.0000
-371.2825 0.0000
-372.2794 0.0000
-370.9333 0.0000
-369.4848 0.0000
-370.3595 0.0000
-370.6358 0.0000
-370.1978 0.0000
-371.4653 0.0000
-370.1087 0.0000
-371.2721 0.0000
-371.6127 0.0000
-370.6923 0.0000
-371.6041 0.0000
-369.5191 0.0000
-371.2891 0.0000
-369.5077 0.0000
-370.4298 0.0000
-369.9114 0.0000
-370.8783 0.0000
