-100.0000 -100.0000
-379.2754 0.0000
-379.8085 0.0000
-381.2834 0.0000
-377.7026 0.0000
-379.2914 0.0000
-379.8005 0.0000
-378.1129 0.0000
-378.4945 0.0000
-378.7967 0.0000
-379.1153 0.0000
-380.6785 0.0000
-379.2441 0.0000
-378.0929 0.0000
-380.8113 0.0000
-376.6023 0.0000
-377.4973 0.0000
-376.5049 0.0000
-377.4967 0.0000
-376.7697 0.0000
-376.2146 0.0000
-375.8012 0.0000
-374.9226 0.0000
-375.2968 0.0000
-374.1245 0.0000
-373.1440 0.0000
-374.3726 0.0000
-375.3318 0.0000
-376.0034 0.0000
-375.4079 0.0000
-375.2690 0.0000
-376.5165 0.0000
-376.9434 0.0000
-378.4807 0.0000
-379.2500 0.0000
-379.5161 0.0000
-380.3722 0.0000
-380.5478 0.0000
-380.0064 0.0000
-380.0020 0.0000
-381.2089 0.0000
-380.1640 0.0000
-381.6269 0.0000
-383.0271 0.0000
-382.6380 0.0000
-383.5575 0.0000
-382.5205 0.0000
-386.1863 0.0000
-384.3186 0.0000
-384.4376 0.0000
-387.3024 0.0000
-385.2840 0.0000
-383.1681 0.0000
-382.0833 0.0000
-382.9770 0.0000
-384.6090 0.0000
-383.2035 0.0000
-381.5689 0.0000
-381.7305 0.0000
-380.7457 0.0000
-378.8336 0.0000
-378.6351 0.0000
-375.7158 0.0000
-373.3131 0.0000
-373.3765 0.0000
-374.4767 0.0000
-377.4466 0.0000
-373.8844 0.0000
-374.2499 0.0000
-374.1640 0.0000
-371.7969 0.0000
-371.0079 0.0000
-371.1396 0.0000
-372.7318 0.0000
-373.1614 0.0000
-369.1980 0.0000
-372.5553 0.0000
-369.4015 0.0000
-369.0201 0.0000
-369.4274 0.0000
-368.3764 0.0000
-367.3579 0.0000
-366.5563 0.0000
-367.6525 0.0000
-369.5462 0.0000
-369.3926 0.0000
-371.0401 0.0000
-371.7035 0.0000
-370.2614 0.0000
-369.5252 0.0000
-367.7044 0.0000
-368.1159 0.0000
-368.8466 0.0000
-369.1112 0.0000
-369.5226 0.0000
-369.3078 0.0000
-368.8927 0.0000
-368.6403 0.0000
-369.3304 0.0000
-367.8157 0.0000
-367.2878 0.0000
-336.6976 0.0000
-336.2086 0.0000
-338.5530 0.0000
-335.3510 0.0000
-335.4178 0.0000
-334.4910 0.0000
-334.0816 0.0000
-333.9512 0.0000
-331.7965 0.0000
-332.4478 0.0000
-335.2641 0.0000
-335.3374 0.0000
-333.1795 0.0000
-332.2549 0.0000
-330.1745 0.0000
-329.7527 0.0000
-327.5650 0.0000
-330.1060 0.0000
-326.6269 0.0000
-329.6298 0.0000
-329.9220 0.0000
-330.1150 0.0000
-331.3974 0.0000
-330.1171 0.0000
-328.4588 0.0000
-327.7013 0.0000
-327.6726 0.0000
-327.9470 0.0000
-326.6849 0.0000
-323.8731 0.0000
-323.6816 0.0000
-322.8862 0.0000
-323.6411 0.0000
-325.2286 0.0000
-325.3621 0.0000
-327.4209 0.0000
-323.4704 0.0000
-321.4832 0.0000
-322.6947 0.0000
-321.8228 0.0000
-321.2834 0.0000
-321.0381 0.0000
-320.1709 0.0000
-318.6629 0.0000
-317.8742 0.0000
-316.7123 0.0000
-315.2859 0.0000
-317.1793 0.0000
-319.0903 0.0000
-316.5790 0.0000
-315.6917 0.0000
-317.3508 0.0000
-317.6584 0.0000
-315.1335 0.0000
-315.2759 0.0000
-315.2910 0.0000
-318.9842 0.0000
-318.3662 0.0000
-320.0091 0.0000
-319.8332 0.0000
-318.4974 0.0000
-315.5798 0.0000
-315.6828 0.0000
-314.6241 0.0000
-316.6669 0.0000
-315.9184 0.0000
-314.8201 0.0000
-314.5524 0.0000
-315.3628 0.0000
-316.1289 0.0000
-316.6882 0.0000
-316.9896 0.0000
-316.0139 0.0000
-317.2449 0.0000
-315.9339 0.0000
-317.4533 0.0000
-314.5724 0.0000
-316.0664 0.0000
-317.2342 0.0000
-314.6537 0.0000
-315.4285 0.0000
-315.8091 0.0000
-316.8986 0.0000
-317.3252 0.0000
-318.0533 0.0000
-318.6629 0.0000
-318.2438 0.0000
-319.6151 0.0000
-320.1276 0.0000
-319.7705 0.0000
-321.7613 0.0000
-317.9557 0.0000
-320.4992 0.0000
-320.5292 0.0000
-317.8880 0.0000
-318.6932 0.0000
-319.2715 0.0000
-320.0018 0.0000
-321.9261 0.0000
-321.0372 0.0000
-376.7132 0.0000
-376.9523 0.0000
-375.8781 0.0000
-378.9081 0.0000
-375.9019 0.0000
-377.8420 0.0000
-377.6814 0.0000
-377.6886 0.0000
-378.3846 0.0000
-377.1283 0.0000
-378.8434 0.0000
-379.7151 0.0000
-379.1815 0.0000
-376.7310 0.0000
-377.3678 0.0000
-378.2545 0.0000
-377.6823 0.0000
-379.1538 0.0000
-377.3764 0.0000
-377.4574 0.0000
-376.5412 0.0000
-376.9036 0.0000
-377.3692 0.0000
-377.2036 0.0000
-376.4799 0.0000
-376.8082 0.0000
-377.6818 0.0000
-378.2717 0.0000
-377.9957 0.0000
-376.8867 0.0000
-377.0376 0.0000
-376.5218 0.0000
-378.1114 0.0000
-377.2246 0.0000
-378.0528 0.0000
-379.5549 0.0000
-378.9025 0.0000
-376.6446 0.0000
-376.0364 0.0000
-378.0870 0.0000
-375.6162 0.0000
-376.3500 0.0000
-377.4991 0.0000
-375.9327 0.0000
-376.9149 0.0000
-376.9674 0.0000
-378.7164 0.0000
-377.4510 0.0000
-377.6753 0.0000
-377.5389 0.0000
-376.8455 0.0000
-377.9325 0.0000
-377.3973 0.0000
-378.1462 0.0000
-376.6916 0.0000
-376.7940 0.0000
-379.0971 0.0000
-377.1443 0.0000
-376.3444 0.0000
-374.6777 0.0000
-372.2297 0.0000
-373.7637 0.0000
-372.1059 0.0000
-371.8462 0.0000
-373.3593 0.0000
-374.4652 0.0000
-375.3047 0.0000
-373.9337 0.0000
-374.4738 0.0000
-373.7532 0.0000
-374.6724 0.0000
-375.7683 0.0000
-373.7254 0.0000
-374.3412 0.0000
-373.7674 0.0000
-371.3408 0.0000
-371.9308 0.0000
-371.1078 0.0000
-371.1657 0.0000
-370.8297 0.0000
-370.9046 0.0000
-371.7052 0.0000
-371.1523 0.0000
-371.2579 0.0000
-372.0522 0.0000
-373.5697 0.0000
-372.3795 0.0000
-370.8426 0.0000
-372.5572 0.0000
-373.2997 0.0000
-372.4394 0.0000
-372.4250 0.0000
-371.9004 0.0000
-371.9387 0.0000
-371.0568 0.0000
-370.9238 0.0000
-371.3858 0.0000
-372.4285 0.0000
-370.7188 0.0000
-372.1351 0.0000
-334.6104 0.0000
-337.0678 0.0000
-334.2846 0.0000
-334.5824 0.0000
-334.6877 0.0000
-334.7966 0.0000
-334.6033 0.0000
-335.6417 0.0000
-336.5334 0.0000
-334.4681 0.0000
-334.3724 0.0000
-335.6001 0.0000
-333.7588 0.0000
-333.8502 0.0000
-334.4927 0.0000
-332.8522 0.0000
-332.7989 0.0000
-333.4391 0.0000
-331.6231 0.0000
-330.6093 0.0000
-330.7676 0.0000
-330.2805 0.0000
-329.4455 0.0000
-329.1106 0.0000
-328.6441 0.0000
-327.9943 0.0000
-327.7312 0.0000
-326.6110 0.0000
-328.4192 0.0000
-327.5739 0.0000
-328.1061 0.0000
-328.4681 0.0000
-327.9211 0.0000
-328.1827 0.0000
-328.8960 0.0000
-327.7857 0.0000
-327.2239 0.0000
-327.6347 0.0000
-328.3607 0.0000
-326.3631 0.0000
-326.5766 0.0000
-326.9502 0.0000
-327.6109 0.0000
-326.5570 0.0000
-326.7658 0.0000
-325.5146 0.0000
-325.1797 0.0000
-324.8455 0.0000
-325.5830 0.0000
-325.2156 0.0000
-325.9377 0.0000
-325.4343 0.0000
-324.6947 0.0000
-325.4426 0.0000
-325.4212 0.0000
-325.7380 0.0000
-325.3096 0.0000
-325.8779 0.0000
-325.4341 0.0000
-325.6984 0.0000
-324.9751 0.0000
-325.9621 0.0000
-326.1364 0.0000
-326.5781 0.0000
-327.3495 0.0000
-326.6024 0.0000
-327.0720 0.0000
-326.9545 0.0000
-326.9913 0.0000
-327.1171 0.0000
-327.8252 0.0000
-327.5287 0.0000
-327.2054 0.0000
-328.1146 0.0000
-329.4522 0.0000
-329.4114 0.0000
-328.5982 0.0000
-328.2230 0.0000
-328.3991 0.0000
-329.1420 0.0000
-327.4061 0.0000
-326.9207 0.0000
-327.6480 0.0000
-326.7597 0.0000
-327.2704 0.0000
-326.5558 0.0000
-327.0051 0.0000
-326.3164 0.0000
-326.6305 0.0000
-326.0676 0.0000
-326.1540 0.0000
-326.4621 0.0000
-326.8104 0.0000
-326.6163 0.0000
-326.5539 0.0000
-326.7272 0.0000
-326.4108 0.0000
-326.8708 0.0000
-326.7966 0.0000
-327.1482 0.0000
-328.4214 0.0000
-329.1448 0.0000
-327.6244 0.0000
-328.0487 0.0000
-327.6167 0.0000
-327.3931 0.0000
-327.6954 0.0000
-326.4561 0.0000
-326.5965 0.0000
-325.8975 0.0000
-326.1106 0.0000
-326.2951 0.0000
-326.6518 0.0000
-326.5997 0.0000
-326.2705 0.0000
-326.1881 0.0000
-325.7468 0.0000
-325.3182 0.0000
-325.5554 0.0000
-325.6903 0.0000
-326.4456 0.0000
-325.3176 0.0000
-325.7017 0.0000
-324.4604 0.0000
-324.8955 0.0000
-325.1305 0.0000
-324.6477 0.0000
-324.4182 0.0000
-324.7952 0.0000
-325.3237 0.0000
-326.0723 0.0000
-326.4452 0.0000
-326.9729 0.0000
-326.2121 0.0000
-326.6298 0.0000
-326.5210 0.0000
-325.7771 0.0000
-325.4695 0.0000
-326.2664 0.0000
-325.2630 0.0000
-324.9878 0.0000
-324.7372 0.0000
-324.5261 0.0000
-324.6267 0.0000
-324.7304 0.0000
-325.0170 0.0000
-324.7559 0.0000
-324.9241 0.0000
-325.2913 0.0000
-324.4917 0.0000
-324.2806 0.0000
-324.0625 0.0000
-324.1012 0.0000
-325.0416 0.0000
-324.0535 0.0000
-324.2584 0.0000
-325.1071 0.0000
-323.9526 0.0000
-323.6713 0.0000
-323.8897 0.0000
-324.2891 0.0000
-324.6511 0.0000
-324.2045 0.0000
-323.6876 0.0000
-324.0605 0.0000
-323.3914 0.0000
-323.9445 0.0000
-324.1714 0.0000
-323.9569 0.0000
-324.9819 0.0000
-323.9574 0.0000
-323.6618 0.0000
-323.6993 0.0000
-323.6376 0.0000
-323.7811 0.0000
-323.6778 0.0000
-323.7923 0.0000
-324.2313 0.0000
-324.2165 0.0000
-324.6473 0.0000
-324.6352 0.0000
-325.4080 0.0000
-325.1196 0.0000
-324.9634 0.0000
-325.5339 0.0000
-325.2299 0.0000
-325.0566 0.0000
-324.5641 0.0000
-324.5262 0.0000
-324.2098 0.0000
-324.6021 0.0000
-325.2479 0.0000
-324.8966 0.0000
-323.9783 0.0000
-322.8491 0.0000
-323.1184 0.0000
-322.1366 0.0000
-322.2684 0.0000
-321.5902 0.0000
