1.00000 0.00000 0.99539 0.05889 0.85243 0.02306 0.83398 0.37708 1.00000 0.03760 0.85243 0.17755 0.59755 0.44945 0.60536 0.38223 0.84356 0.38542 0.58212 0.32192 0.56971 0.29674 0.36946 0.47357 0.56811 0.51171 0.41078 0.46168 0.21266 0.34090 0.42267 0.54487 0.18641 0.45300 1.00000
1.00000 0.00000 1.00000 0.18829 0.93035 0.36156 0.10868 0.93597 1.00000 0.04549 0.50874 0.67743 0.34432 0.69707 0.51685 0.97515 0.05499 0.62237 0.33109 1.00000 0.13151 0.45300 0.18056 0.35734 0.20332 0.26569 0.20468 0.18401 0.19040 0.11593 0.16626 0.06288 0.13738 0.02447 0.00000
1.00000 0.00000 1.00000 0.03365 1.00000 0.00485 1.00000 0.12062 0.88965 0.01198 0.73082 0.05346 0.85443 0.00827 0.54591 0.00299 0.83775 0.13644 0.75535 0.08540 0.70887 0.27502 0.43385 0.12062 0.57528 0.40220 0.58984 0.22145 0.43100 0.17365 0.60436 0.24180 0.56045 0.38238 1.00000
1.00000 0.00000 0.76046 0.01092 0.86335 0.00258 0.85821 0.00384 0.79988 0.02304 0.81504 0.12068 0.83096 0.00744 0.81815 0.00854 0.82777 0.06974 0.76531 0.03881 0.76979 0.01148 0.75071 0.01232 0.77138 0.00303 0.70886 0.01375 0.66161 0.00849 0.66298 0.01484 0.63887 0.01525 1.00000
1.00000 0.00000 0.66667 0.01366 0.97404 0.06831 0.49590 0.50137 0.75683 0.00273 0.65164 0.14071 0.40164 0.48907 0.39208 0.58743 0.76776 0.31831 0.78552 0.11339 0.47541 0.44945 1.00000 0.00683 0.60656 0.06967 0.68656 0.17088 0.87568 0.07787 0.55328 0.24590 0.13934 0.48087 1.00000
1.00000 0.00000 0.83508 0.08298 0.73739 0.14706 0.84349 0.05567 0.90441 0.04622 0.89391 0.13130 0.81197 0.06723 0.79307 0.08929 1.00000 0.02101 0.96639 0.06618 0.87605 0.01155 0.77521 0.06618 0.95378 0.04202 0.83479 0.00123 1.00000 0.12815 0.86660 0.10714 0.90546 0.04307 1.00000
1.00000 0.00000 0.95113 0.00419 0.95183 0.02723 0.93438 0.01920 0.94590 0.01606 0.96510 0.03281 0.94171 0.07330 0.94625 0.01326 0.97173 0.00140 0.94834 0.06038 0.92670 0.08412 0.93124 0.10087 0.94520 0.01361 0.93522 0.04925 0.93159 0.08168 0.94066 0.00035 0.91483 0.04712 1.00000
1.00000 0.00000 0.94701 0.00034 0.93207 0.03227 0.95177 0.03431 0.95584 0.02446 0.94124 0.01766 0.92595 0.04688 0.93954 0.01461 0.94837 0.02004 0.93784 0.01393 0.91406 0.07677 0.89470 0.06148 0.93988 0.03193 0.92489 0.02542 0.92120 0.02242 0.92459 0.00442 0.92697 0.00577 1.00000
1.00000 0.00000 0.90608 0.01657 0.98122 0.01989 0.95691 0.03646 0.85746 0.00110 0.89724 0.03315 0.89061 0.01436 0.90608 0.04530 0.91381 0.00884 0.80773 0.12928 0.88729 0.01215 0.92155 0.02320 0.91050 0.02099 0.89147 0.07760 0.82983 0.17238 0.96022 0.03757 0.87403 0.16243 1.00000
1.00000 0.00000 0.84710 0.13533 0.73638 0.06151 0.87873 0.08260 0.88928 0.09139 0.78735 0.06678 0.80668 0.00351 0.79262 0.01054 0.85764 0.04569 0.87170 0.03515 0.81722 0.09490 0.71002 0.04394 0.86467 0.15114 0.81147 0.04822 0.78207 0.00703 0.75747 0.06678 0.85764 0.06151 1.00000
1.00000 0.00000 1.00000 0.45161 1.00000 1.00000 0.71216 1.00000 0.00000 0.00000 0.00000 0.00000 0.00000 0.00000 1.00000 0.14516 0.54094 0.39330 1.00000 0.54467 0.69975 1.00000 0.00000 0.00000 1.00000 0.90695 0.51613 1.00000 1.00000 0.20099 0.25682 1.00000 0.32382 1.00000 0.00000
1.00000 0.00000 1.00000 0.02401 0.94140 0.06531 0.92106 0.23255 0.77152 0.16399 0.52798 0.20275 0.56409 0.00712 0.34395 0.27457 0.52940 0.21780 0.45107 0.17813 0.05982 0.35575 0.02309 0.52879 0.03286 0.65158 0.13290 0.53206 0.02431 0.62197 0.05707 0.59573 0.04608 0.65697 1.00000
1.00000 0.00000 0.02337 0.00592 0.09924 0.11949 0.00763 0.11824 0.14706 0.06637 0.03786 0.06302 0.00000 0.00000 0.04572 0.15540 0.00343 0.10196 0.11575 0.05414 0.01838 0.03669 0.01519 0.00888 0.03513 0.01535 0.03240 0.09223 0.07859 0.00732 0.00000 0.00000 0.00039 0.12011 0.00000
1.00000 0.00000 0.97588 0.10602 0.94601 0.20800 0.92806 0.28350 0.85996 0.27342 0.79766 0.47929 0.78225 0.50764 0.74628 0.61436 0.57945 0.68086 0.37852 0.73641 0.36324 0.76562 0.31898 0.79753 0.22792 0.81634 0.13659 0.82510 0.04606 0.82395 0.04262 0.81318 0.13832 0.80975 1.00000
0.00000 0.00000 0.00000 0.00000 0.00000 0.00000 1.00000 1.00000 0.00000 0.00000 1.00000 1.00000 0.00000 0.00000 0.00000 0.00000 1.00000 1.00000 1.00000 1.00000 0.00000 0.00000 0.00000 0.00000 1.00000 1.00000 1.00000 1.00000 0.00000 0.00000 1.00000 1.00000 0.00000 0.00000 0.00000
1.00000 0.00000 0.96355 0.07198 1.00000 0.14333 1.00000 0.21313 1.00000 0.36174 0.92570 0.43569 0.94510 0.40668 0.90392 0.46381 0.98305 0.35257 0.84537 0.66020 0.75346 0.60589 0.69637 0.64225 0.85106 0.65440 0.57577 0.69712 0.25435 0.63919 0.45114 0.72779 0.38895 0.73420 1.00000
1.00000 0.00000 0.01864 0.08459 0.00000 0.00000 0.00000 0.00000 0.11470 0.26810 0.45663 0.38172 0.00000 0.00000 0.33656 0.38602 0.37133 0.15018 0.63728 0.22115 0.00000 0.00000 0.00000 0.00000 0.14803 0.01326 0.20645 0.02294 0.00000 0.00000 0.16595 0.24086 0.08208 0.38065 0.00000
1.00000 0.00000 1.00000 0.06655 1.00000 0.18388 1.00000 0.27320 1.00000 0.43107 1.00000 0.41349 0.96232 0.51874 0.90711 0.59017 0.89230 0.66474 0.69876 0.70997 0.70645 0.76320 0.63081 0.80544 0.55867 0.89128 0.47211 0.86500 0.40303 0.83675 0.30996 0.89093 0.22995 0.89158 1.00000
1.00000 0.00000 1.00000 0.54210 1.00000 1.00000 1.00000 1.00000 1.00000 0.36217 1.00000 0.41119 1.00000 1.00000 1.00000 1.00000 1.00000 0.29354 1.00000 0.93599 1.00000 1.00000 1.00000 1.00000 1.00000 0.40888 1.00000 0.62745 1.00000 1.00000 1.00000 1.00000 1.00000 1.00000 0.00000
1.00000 0.00000 1.00000 0.16316 1.00000 0.10169 0.99999 0.15197 1.00000 0.19277 0.94055 0.35151 0.95735 0.29785 0.93719 0.34412 0.94486 0.28106 0.90137 0.43383 0.86043 0.47308 0.82987 0.51220 0.84080 0.47137 0.76224 0.58370 0.65723 0.68794 0.68714 0.64537 0.64727 0.67226 1.00000
1.00000 0.00000 1.00000 0.86701 1.00000 0.22280 0.85492 0.39896 1.00000 0.12090 1.00000 0.35147 1.00000 0.07772 1.00000 0.14767 1.00000 1.00000 1.00000 1.00000 0.61831 0.15803 1.00000 0.62349 1.00000 0.17012 1.00000 0.35924 1.00000 0.66494 1.00000 0.88428 1.00000 0.18826 0.00000
1.00000 0.00000 1.00000 0.07380 1.00000 0.03420 1.00000 0.05563 1.00000 0.08764 1.00000 0.19651 1.00000 0.20328 1.00000 0.12785 1.00000 0.10561 1.00000 0.27087 1.00000 0.44758 1.00000 0.41750 1.00000 0.20033 1.00000 0.36743 0.95603 0.48641 1.00000 0.32492 1.00000 0.46712 1.00000
1.00000 0.00000 0.50932 0.93996 1.00000 0.26708 0.03520 1.00000 1.00000 1.00000 0.43685 1.00000 0.00000 0.00000 1.00000 0.34265 0.37681 0.03623 1.00000 1.00000 0.00000 0.00000 0.00000 0.00000 0.16253 0.92236 0.39752 0.26501 0.00000 0.00000 1.00000 0.23188 0.00000 0.00000 0.00000
1.00000 0.00000 0.99645 0.06468 1.00000 0.01236 0.97811 0.02498 0.96112 0.02312 0.99274 0.07808 0.89323 0.10346 0.94212 0.05269 0.88809 0.11120 0.86104 0.08631 0.81633 0.11830 0.83668 0.14442 0.81329 0.13412 0.79476 0.13638 0.79110 0.15379 0.77122 0.15930 0.70941 0.12015 1.00000
0.00000 0.00000 0.00000 0.00000 1.00000 1.00000 1.00000 1.00000 1.00000 1.00000 1.00000 1.00000 1.00000 1.00000 1.00000 1.00000 1.00000 1.00000 1.00000 1.00000 1.00000 1.00000 1.00000 1.00000 1.00000 1.00000 1.00000 1.00000 1.00000 1.00000 1.00000 1.00000 1.00000 1.00000 0.00000
1.00000 0.00000 0.67065 0.02528 0.66626 0.05031 0.57197 0.18761 0.08776 0.34081 0.63621 0.12131 0.62099 0.14285 0.78637 0.10976 0.58373 0.18151 0.14395 0.41224 0.53888 0.21326 0.51420 0.22625 0.48838 0.23724 0.46167 0.24618 0.43433 0.25306 0.40663 0.25792 1.00000 0.33036 1.00000
0.00000 0.00000 1.00000 1.00000 0.00000 0.00000 0.00000 0.00000 1.00000 1.00000 1.00000 1.00000 0.71875 1.00000 0.00000 0.00000 1.00000 1.00000 1.00000 1.00000 1.00000 1.00000 1.00000 0.56250 1.00000 1.00000 1.00000 1.00000 1.00000 1.00000 1.00000 1.00000 1.00000 1.00000 0.00000
1.00000 0.00000 1.00000 0.00612 1.00000 0.09834 1.00000 0.07649 1.00000 0.10605 1.00000 0.11073 1.00000 0.39489 1.00000 0.15616 0.92124 0.31884 0.86473 0.34534 0.91693 0.44072 0.96060 0.46866 0.81874 0.40372 0.82681 0.42231 0.75784 0.38231 0.80448 0.40575 0.74354 0.45039 1.00000
0.00000 0.00000 1.00000 1.00000 0.00000 0.00000 0.00000 0.00000 1.00000 1.00000 0.00000 0.00000 0.00000 0.00000 1.00000 1.00000 1.00000 1.00000 1.00000 1.00000 1.00000 1.00000 0.00000 0.00000 0.00000 0.00000 1.00000 1.00000 1.00000 1.00000 1.00000 1.00000 1.00000 1.00000 0.00000
1.00000 0.00000 0.96071 0.07088 1.00000 0.04296 1.00000 0.09313 0.90169 0.05144 0.89263 0.02580 0.83250 0.06142 0.87534 0.09831 0.76544 0.00280 0.75206 0.05295 0.65961 0.07905 0.64158 0.05929 0.55677 0.07705 0.58051 0.02205 0.49664 0.01251 0.51310 0.00015 0.52099 0.00182 1.00000
0.00000 0.00000 1.00000 1.00000 0.00000 0.00000 0.00000 0.00000 1.00000 1.00000 1.00000 1.00000 0.00000 0.00000 0.00000 0.00000 1.00000 1.00000 1.00000 1.00000 1.00000 1.00000 0.00000 0.00000 1.00000 1.00000 1.00000 1.00000 1.00000 1.00000 1.00000 1.00000 0.00000 0.00000 0.00000
1.00000 0.00000 1.00000 0.06182 1.00000 0.02942 1.00000 0.05131 1.00000 0.01707 1.00000 0.11726 0.84493 0.05202 0.93392 0.06598 0.69170 0.07379 0.65731 0.20367 0.94910 0.31558 0.80852 0.31654 0.84932 0.34838 0.72529 0.29174 0.73094 0.38576 0.54356 0.26284 0.64207 0.39487 1.00000
1.00000 0.00000 1.00000 0.57820 1.00000 1.00000 1.00000 1.00000 1.00000 1.00000 1.00000 1.00000 1.00000 1.00000 1.00000 1.00000 1.00000 1.00000 1.00000 1.00000 1.00000 0.62796 1.00000 1.00000 1.00000 1.00000 1.00000 1.00000 1.00000 1.00000 1.00000 1.00000 1.00000 1.00000 0.00000
1.00000 0.00000 1.00000 0.08714 1.00000 0.17263 0.86635 0.81779 0.94817 0.61053 0.95473 0.41382 0.88486 0.31736 0.87937 0.23433 0.81051 0.62180 0.12245 1.00000 0.90284 0.11053 0.62357 0.78547 0.55389 0.82868 0.48136 0.86583 0.40650 0.89674 0.32984 0.92128 0.13341 1.00000 1.00000
0.00000 0.00000 1.00000 1.00000 0.00000 0.00000 1.00000 1.00000 1.00000 0.37500 0.00000 0.00000 0.00000 0.00000 0.00000 0.00000 1.00000 1.00000 1.00000 1.00000 1.00000 1.00000 0.00000 0.00000 1.00000 1.00000 1.00000 1.00000 1.00000 1.00000 0.00000 0.00000 1.00000 1.00000 0.00000
1.00000 0.00000 1.00000 0.08380 1.00000 0.17387 1.00000 0.13308 0.98172 0.64520 1.00000 0.47904 1.00000 0.59113 1.00000 0.70758 1.00000 0.82777 1.00000 0.95099 1.00000 1.00000 0.98042 1.00000 0.91624 1.00000 0.83899 1.00000 0.74822 1.00000 0.64358 1.00000 0.52479 1.00000 1.00000
0.00000 0.00000 1.00000 1.00000 1.00000 1.00000 1.00000 1.00000 1.00000 1.00000 1.00000 1.00000 1.00000 1.00000 0.00000 0.00000 1.00000 1.00000 1.00000 1.00000 1.00000 1.00000 1.00000 1.00000 1.00000 1.00000 1.00000 1.00000 1.00000 1.00000 1.00000 1.00000 1.00000 1.00000 0.00000
1.00000 0.00000 1.00000 0.14236 1.00000 0.16256 1.00000 0.23656 1.00000 0.07514 1.00000 0.25010 1.00000 0.26161 1.00000 0.21975 1.00000 0.38606 1.00000 0.46162 1.00000 0.35519 1.00000 0.59661 1.00000 0.47643 0.98820 0.49687 1.00000 0.75820 1.00000 0.75761 1.00000 0.84437 1.00000
1.00000 0.00000 1.00000 1.00000 1.00000 1.00000 1.00000 1.00000 1.00000 1.00000 1.00000 1.00000 1.00000 0.01840 1.00000 1.00000 1.00000 1.00000 1.00000 0.85583 1.00000 1.00000 1.00000 1.00000 0.00000 0.00000 1.00000 1.00000 1.00000 0.79141 1.00000 1.00000 1.00000 1.00000 0.00000
1.00000 0.00000 0.88208 0.14639 0.93408 0.11057 0.92100 0.16450 0.88307 0.17036 0.88462 0.31809 0.85269 0.31463 0.82116 0.35924 0.80681 0.33632 0.75243 0.47022 0.70555 0.47153 0.66150 0.50085 0.61297 0.48086 0.56804 0.54629 0.50179 0.59854 0.47075 0.57377 0.42189 0.58086 1.00000
1.00000 0.00000 0.71253 0.02595 0.41287 0.23067 0.98019 0.09473 0.99709 0.10236 1.00000 0.10951 0.58965 1.00000 0.83726 1.00000 0.82270 0.17863 0.80760 0.28257 0.25914 0.92730 0.51933 0.05456 0.65493 0.20392 0.93124 0.41307 0.63811 0.21901 0.86136 0.87354 0.23186 1.00000 0.00000
1.00000 0.00000 1.00000 0.15899 0.72314 0.27686 0.83443 0.58388 1.00000 0.28207 1.00000 0.49863 0.79962 0.12527 0.76837 0.14638 1.00000 0.39337 1.00000 0.26590 0.96354 0.01891 0.92599 0.91338 1.00000 0.14803 1.00000 0.11582 1.00000 0.11129 1.00000 0.53372 1.00000 0.57758 1.00000
1.00000 0.00000 0.66161 1.00000 1.00000 1.00000 1.00000 0.67321 0.80893 0.40446 1.00000 1.00000 1.00000 0.89375 1.00000 0.73393 0.17589 0.70982 1.00000 0.78036 1.00000 0.85268 1.00000 1.00000 1.00000 0.85357 1.00000 0.08571 0.95982 0.36250 1.00000 0.65268 1.00000 0.34732 0.00000
1.00000 0.00000 1.00000 0.00433 1.00000 0.01209 1.00000 0.02960 1.00000 0.07014 0.97839 0.06256 1.00000 0.06544 0.97261 0.07917 0.92561 0.13665 0.94184 0.14327 0.99589 0.14248 0.94815 0.13565 0.89469 0.20851 0.89067 0.17909 0.85644 0.18552 0.83777 0.20101 0.83867 0.20766 1.00000
0.00000 0.00000 1.00000 1.00000 1.00000 1.00000 0.00000 0.00000 0.00000 0.00000 1.00000 1.00000 0.00000 0.00000 0.00000 0.00000 1.00000 1.00000 1.00000 1.00000 1.00000 1.00000 1.00000 1.00000 1.00000 1.00000 1.00000 1.00000 1.00000 1.00000 1.00000 1.00000 0.00000 0.00000 0.00000
1.00000 0.00000 0.91241 0.04347 0.94191 0.02280 0.94705 0.05345 0.93582 0.01321 0.91911 0.06348 0.92766 0.12067 0.92048 0.06211 0.88899 0.12722 0.83744 0.14439 0.80983 0.11849 0.77041 0.14222 0.75755 0.11299 0.73550 0.13282 0.66387 0.15300 0.70925 0.10754 0.65258 0.11447 1.00000
1.00000 0.00000 1.00000 0.02461 0.99672 0.04861 0.97545 0.07143 0.61745 1.00000 0.91036 0.11147 0.88462 0.53640 0.82077 0.14137 0.76929 0.15189 1.00000 0.41003 0.65850 0.16371 0.60138 0.16516 0.54446 0.16390 0.48867 0.16019 0.43481 0.15436 0.38352 0.14677 1.00000 1.00000 0.00000
1.00000 0.00000 1.00000 0.06538 1.00000 0.20746 1.00000 0.26281 0.93051 0.32213 0.86773 0.39039 0.75474 0.50082 0.79555 0.52321 0.65954 0.60756 0.57619 0.62999 0.47807 0.67135 0.40553 0.68840 0.34384 0.72082 0.27712 0.72386 0.19296 0.70682 0.11372 0.72688 0.06990 0.71444 1.00000
1.00000 0.00000 1.00000 1.00000 1.00000 1.00000 1.00000 0.14375 0.00000 0.00000 1.00000 1.00000 1.00000 1.00000 0.17917 1.00000 1.00000 1.00000 0.08750 1.00000 1.00000 1.00000 1.00000 1.00000 1.00000 1.00000 1.00000 1.00000 1.00000 1.00000 1.00000 1.00000 0.00000 0.00000 0.00000
1.00000 0.00000 0.90932 0.08791 0.86528 0.16888 1.00000 0.16598 0.55187 0.68154 0.70207 0.36719 0.16286 0.42739 0.57620 0.46086 0.51067 0.49618 0.31639 0.12967 0.37824 0.54462 0.31274 0.55826 0.24856 0.56527 0.18626 0.56605 0.12635 0.56101 0.06927 0.55061 0.12137 0.67739 1.00000
1.00000 0.00000 0.64286 1.00000 1.00000 0.82857 1.00000 1.00000 1.00000 0.23393 1.00000 0.96161 1.00000 0.37679 1.00000 1.00000 1.00000 0.13839 1.00000 1.00000 1.00000 0.03393 0.84286 1.00000 0.53750 0.85714 1.00000 1.00000 1.00000 1.00000 1.00000 1.00000 1.00000 1.00000 0.00000
1.00000 0.00000 0.99025 0.05785 0.99793 0.13009 0.98663 0.19430 0.99374 0.25843 0.92738 0.30130 0.92651 0.37965 0.89812 0.43796 0.84922 0.52064 0.87433 0.57075 0.79016 0.59839 0.74725 0.64615 0.68282 0.68479 0.65247 0.73174 0.61010 0.75353 0.54752 0.80278 0.49195 0.83245 1.00000
0.00000 0.00000 0.00000 0.00000 0.00000 0.00000 0.00000 0.00000 1.00000 1.00000 1.00000 1.00000 0.00000 0.00000 0.00000 0.00000 0.37500 1.00000 1.00000 1.00000 0.00000 0.00000 0.00000 0.00000 1.00000 1.00000 1.00000 1.00000 1.00000 1.00000 1.00000 0.00000 0.00000 0.00000 0.00000
1.00000 0.00000 1.00000 0.03730 1.00000 0.07383 0.99601 0.11039 0.99838 0.09931 0.98941 0.13814 0.96674 0.21695 0.95288 0.25099 0.91236 0.34400 0.90581 0.32152 0.89991 0.34691 0.87874 0.37643 0.86213 0.42990 0.83172 0.43122 0.81433 0.42593 0.77919 0.47977 0.75115 0.50152 1.00000
1.00000 0.00000 0.94598 0.02685 1.00000 0.26131 0.36393 0.35639 0.69258 0.63427 1.00000 0.03353 0.29020 0.00550 0.54852 0.15452 0.91921 0.46270 1.00000 0.50424 0.29735 0.31454 0.73864 0.37361 0.83872 0.46734 0.52208 0.58130 1.00000 0.61393 0.09634 0.20477 0.06117 0.41913 0.00000
1.00000 0.00000 0.98166 0.00874 0.98103 0.03818 0.97565 0.05699 0.95947 0.06971 0.99004 0.04507 0.94713 0.11102 0.93369 0.12790 0.94217 0.11583 0.79682 0.19200 0.88274 0.17387 0.86257 0.18739 0.88487 0.19689 0.81813 0.21136 0.78546 0.23864 0.76911 0.23095 0.74323 0.23902 1.00000
1.00000 0.00000 0.00000 0.00000 1.00000 0.51724 0.00000 0.00000 0.10991 1.00000 0.00000 0.00000 0.00000 0.00000 1.00000 0.22414 0.55711 0.83297 0.76940 0.63147 0.00000 0.00000 0.53448 0.35668 0.90302 0.44828 1.00000 1.00000 1.00000 0.81573 0.00000 0.00000 0.00000 0.00000 0.00000
1.00000 0.00000 0.84134 0.18362 0.43644 0.02919 0.93421 0.00267 0.87947 0.13795 0.81121 0.01789 0.88559 0.54991 0.91714 0.57486 0.75000 0.29520 0.86676 0.20104 1.00000 1.00000 0.46610 0.16290 0.90066 0.02778 0.93358 0.01158 0.61582 0.32298 0.84463 0.25706 0.93323 0.01425 1.00000
0.00000 0.00000 1.00000 1.00000 1.00000 1.00000 0.00000 0.00000 0.00000 0.00000 1.00000 1.00000 1.00000 1.00000 1.00000 1.00000 1.00000 1.00000 1.00000 1.00000 0.00000 0.00000 1.00000 1.00000 1.00000 1.00000 1.00000 1.00000 1.00000 1.00000 0.00000 0.00000 0.00000 0.00000 0.00000
1.00000 0.00000 1.00000 1.00000 1.00000 1.00000 0.91010 1.00000 0.26970 1.00000 0.83152 1.00000 1.00000 1.00000 1.00000 0.72526 1.00000 0.57779 1.00000 0.42052 1.00000 1.00000 0.52838 1.00000 0.90014 1.00000 1.00000 1.00000 1.00000 1.00000 1.00000 0.34686 1.00000 0.34845 1.00000
1.00000 0.00000 0.67935 1.00000 1.00000 1.00000 1.00000 0.63317 0.03515 1.00000 1.00000 1.00000 1.00000 1.00000 0.88683 1.00000 1.00000 1.00000 0.83840 1.00000 1.00000 1.00000 1.00000 1.00000 0.18856 1.00000 1.00000 1.00000 1.00000 1.00000 1.00000 1.00000 1.00000 0.33611 0.00000
1.00000 0.00000 0.95659 0.08143 0.97487 0.05667 0.97165 0.08484 0.96097 0.06561 0.94717 0.01279 0.95436 0.16795 0.94612 0.19497 0.99630 0.32268 0.90343 0.35902 0.91428 0.27316 0.90140 0.29807 0.99899 0.40747 0.87244 0.34586 0.92059 0.30619 0.83951 0.39061 0.82166 0.41173 1.00000
1.00000 0.00000 0.08333 0.20685 1.00000 1.00000 1.00000 1.00000 0.71875 0.47173 0.82143 0.62723 1.00000 1.00000 1.00000 1.00000 0.02753 0.59152 0.42113 0.42113 0.74628 1.00000 1.00000 0.46801 1.00000 0.23810 1.00000 1.00000 1.00000 0.38914 1.00000 1.00000 1.00000 0.61458 0.00000
1.00000 0.00000 1.00000 0.02259 1.00000 0.04494 1.00000 0.06682 1.00000 0.08799 1.00000 0.56173 1.00000 0.12738 1.00000 0.14522 1.00000 0.32407 1.00000 0.17639 0.99484 0.18949 0.95601 0.20081 1.00000 0.92284 0.87280 0.21793 0.82920 0.22370 0.78479 0.22765 0.73992 0.22981 1.00000
0.00000 0.00000 1.00000 1.00000 1.00000 1.00000 1.00000 1.00000 0.00000 0.00000 1.00000 1.00000 1.00000 0.18750 1.00000 1.00000 1.00000 1.00000 1.00000 1.00000 1.00000 1.00000 1.00000 1.00000 1.00000 1.00000 1.00000 1.00000 1.00000 1.00000 0.00000 0.00000 1.00000 1.00000 0.00000
1.00000 0.00000 1.00000 0.05812 0.94525 0.07418 0.99952 0.13231 1.00000 0.01911 0.94846 0.07033 0.95713 0.14644 0.94862 0.11224 0.90896 0.20119 0.96741 0.16265 0.99695 0.14258 0.90784 0.16410 0.91667 0.22431 0.88423 0.23571 0.88568 0.22511 0.78324 0.29576 0.83574 0.31166 1.00000
1.00000 0.00000 0.17188 1.00000 1.00000 1.00000 0.00000 0.00000 0.00000 0.00000 1.00000 1.00000 0.00000 0.00000 0.61354 0.67708 0.80521 0.36146 0.51979 0.14375 0.00000 0.00000 1.00000 0.27083 0.84792 0.96250 1.00000 1.00000 1.00000 0.67708 0.00000 0.00000 0.00000 0.00000 0.00000
1.00000 0.00000 1.00000 0.09771 1.00000 0.12197 1.00000 0.22574 0.98602 0.09237 0.94930 0.19211 0.92992 0.24288 0.89241 0.28343 0.85529 0.26721 0.83656 0.33129 0.83393 0.31698 0.74829 0.39597 0.76193 0.34658 0.68452 0.42746 0.62764 0.46031 0.56791 0.47033 0.54252 0.50903 1.00000
1.00000 0.00000 0.01667 0.35625 0.00000 0.00000 0.00000 0.00000 0.00000 0.00000 0.00000 0.00000 0.00000 0.00000 0.12292 0.55000 0.22813 0.82813 1.00000 0.42292 0.00000 0.00000 0.08333 1.00000 0.10625 0.16667 1.00000 0.76667 1.00000 0.18854 0.00000 0.00000 1.00000 0.27292 0.00000
1.00000 0.00000 1.00000 0.16801 0.99352 0.16334 0.94616 0.33347 0.91759 0.22610 0.91408 0.37107 0.84250 0.46899 0.81011 0.49225 0.78473 0.48311 0.65091 0.56977 0.56553 0.58071 0.55586 0.64720 0.48311 0.55236 0.43317 0.69129 0.35684 0.76147 0.33921 0.66844 0.22101 0.78685 1.00000
1.00000 0.00000 0.63816 1.00000 0.20833 1.00000 1.00000 1.00000 0.87719 0.30921 0.66886 1.00000 0.05921 0.58772 0.01754 0.05044 0.51535 1.00000 0.14254 0.03289 0.32675 0.43860 1.00000 1.00000 0.80921 1.00000 1.00000 0.06140 1.00000 1.00000 0.20614 1.00000 1.00000 1.00000 0.00000
1.00000 0.00000 1.00000 0.41457 1.00000 0.76131 0.87060 0.18593 1.00000 0.09925 0.93844 0.47990 0.65452 0.16080 1.00000 0.00879 0.97613 0.50126 0.80025 0.24497 0.88065 0.19095 1.00000 0.12312 0.93593 0.10678 0.92890 0.07249 1.00000 0.27387 0.43970 0.19849 0.51382 0.05402 1.00000
1.00000 0.00000 0.84783 0.10598 1.00000 0.39130 1.00000 1.00000 0.66938 0.08424 1.00000 0.27038 1.00000 0.60598 1.00000 0.35507 1.00000 0.02672 0.58424 0.43025 1.00000 0.63496 0.89130 0.26585 0.91033 0.33333 1.00000 0.15942 0.37681 0.01947 1.00000 0.22464 1.00000 0.37409 0.00000
1.00000 0.00000 1.00000 0.28046 1.00000 0.02477 1.00000 0.07764 1.00000 0.04317 0.98762 0.33266 1.00000 0.05489 1.00000 0.04384 0.95750 0.24598 0.84371 0.08668 1.00000 0.04150 0.99933 0.27376 1.00000 0.39056 0.96414 0.02174 0.86747 0.23360 0.94578 0.22021 0.80355 0.07329 1.00000
0.00000 0.00000 1.00000 1.00000 1.00000 1.00000 1.00000 1.00000 1.00000 1.00000 1.00000 1.00000 1.00000 1.00000 1.00000 1.00000 1.00000 1.00000 1.00000 1.00000 1.00000 1.00000 1.00000 1.00000 1.00000 1.00000 1.00000 1.00000 1.00000 0.65625 0.00000 0.00000 1.00000 1.00000 0.00000
1.00000 0.00000 1.00000 0.67784 0.81309 0.82021 0.43019 1.00000 0.20619 0.80541 0.43872 1.00000 0.79135 0.77092 1.00000 0.40268 0.39046 0.58634 0.97907 0.42822 0.73083 0.76339 0.37671 0.97491 0.41366 1.00000 0.41778 0.93296 0.25773 1.00000 0.93570 0.35222 0.98816 0.03446 1.00000
1.00000 0.00000 1.00000 1.00000 1.00000 1.00000 1.00000 1.00000 1.00000 1.00000 1.00000 1.00000 1.00000 1.00000 1.00000 1.00000 1.00000 1.00000 1.00000 1.00000 1.00000 1.00000 1.00000 1.00000 1.00000 1.00000 1.00000 0.50000 0.00000 0.00000 1.00000 1.00000 1.00000 1.00000 0.00000
1.00000 0.00000 1.00000 0.03529 1.00000 0.18281 1.00000 0.26968 1.00000 0.25068 1.00000 0.28778 1.00000 0.38643 1.00000 0.31674 1.00000 0.65701 1.00000 0.53846 1.00000 0.61267 1.00000 0.59457 0.89593 0.68326 0.89502 0.71374 0.85611 0.67149 0.74389 0.85611 0.71493 0.75837 1.00000
0.00000 0.00000 1.00000 1.00000 1.00000 1.00000 1.00000 1.00000 1.00000 1.00000 0.00000 0.00000 0.00000 0.00000 1.00000 1.00000 1.00000 1.00000 1.00000 1.00000 0.75000 1.00000 1.00000 1.00000 1.00000 1.00000 1.00000 1.00000 1.00000 1.00000 0.00000 0.00000 1.00000 1.00000 0.00000
1.00000 0.00000 0.96087 0.08620 0.96760 0.19279 0.96026 0.27451 0.98044 0.35052 0.92867 0.46281 0.86265 0.52517 0.82820 0.58794 0.73242 0.69065 0.69003 0.73140 0.54473 0.68820 0.48339 0.76197 0.40615 0.74689 0.33401 0.83796 0.24944 0.86061 0.13756 0.86835 0.09048 0.86285 1.00000
1.00000 0.00000 0.69444 0.38889 0.00000 0.00000 0.32937 0.69841 0.00000 0.00000 0.00000 0.00000 0.00000 0.00000 0.20635 0.24206 0.21032 0.19444 0.46429 0.78175 0.00000 0.00000 0.00000 0.00000 0.73413 0.27381 0.76190 0.63492 0.00000 0.00000 0.00000 0.00000 0.00000 0.00000 0.00000
1.00000 0.00000 1.00000 0.05070 1.00000 0.10827 1.00000 0.19498 1.00000 0.28453 1.00000 0.34826 1.00000 0.38261 0.94575 0.42881 0.89126 0.50391 0.75906 0.58801 0.80644 0.59962 0.79578 0.62758 0.66643 0.63942 0.59417 0.69435 0.49538 0.72684 0.47027 0.71689 0.33381 0.75243 1.00000
0.00000 0.00000 1.00000 1.00000 0.00000 0.00000 1.00000 1.00000 1.00000 1.00000 1.00000 1.00000 1.00000 1.00000 1.00000 1.00000 1.00000 1.00000 1.00000 1.00000 1.00000 1.00000 1.00000 1.00000 1.00000 1.00000 1.00000 1.00000 1.00000 1.00000 0.00000 0.00000 1.00000 1.00000 0.00000
1.00000 0.00000 1.00000 0.04078 1.00000 0.11982 1.00000 0.16159 1.00000 0.27921 0.98703 0.30889 0.92745 0.37639 0.91118 0.39749 0.81939 0.46059 0.78619 0.46994 0.79400 0.56282 0.70331 0.58129 0.67077 0.59723 0.58903 0.60990 0.53952 0.60932 0.45312 0.63636 0.40442 0.62658 1.00000
0.00000 0.00000 1.00000 1.00000 1.00000 1.00000 1.00000 1.00000 1.00000 1.00000 1.00000 1.00000 1.00000 1.00000 1.00000 1.00000 1.00000 1.00000 1.00000 1.00000 1.00000 1.00000 1.00000 1.00000 1.00000 1.00000 1.00000 1.00000 1.00000 1.00000 1.00000 1.00000 1.00000 1.00000 0.00000
1.00000 0.00000 1.00000 0.24168 1.00000 0.48590 1.00000 0.72973 1.00000 1.00000 1.00000 1.00000 1.00000 1.00000 1.00000 0.77128 1.00000 1.00000 1.00000 1.00000 0.74468 1.00000 0.89647 1.00000 0.64628 1.00000 0.38255 1.00000 0.10819 1.00000 0.17370 1.00000 0.81383 1.00000 1.00000
0.00000 0.00000 1.00000 1.00000 1.00000 1.00000 1.00000 1.00000 1.00000 1.00000 0.00000 0.00000 1.00000 1.00000 0.00000 0.00000 0.00000 0.00000 1.00000 1.00000 1.00000 1.00000 1.00000 1.00000 1.00000 1.00000 1.00000 1.00000 1.00000 1.00000 1.00000 1.00000 1.00000 1.00000 0.00000
1.00000 0.00000 1.00000 0.06604 1.00000 0.62937 1.00000 0.09557 1.00000 0.20280 1.00000 1.00000 1.00000 0.40559 1.00000 0.15851 1.00000 0.04895 1.00000 0.61538 1.00000 0.26573 1.00000 1.00000 1.00000 0.58042 1.00000 0.81372 1.00000 1.00000 1.00000 0.78555 1.00000 0.48252 1.00000
0.00000 0.00000 1.00000 1.00000 1.00000 1.00000 1.00000 1.00000 1.00000 1.00000 1.00000 1.00000 1.00000 1.00000 1.00000 1.00000 1.00000 1.00000 1.00000 1.00000 1.00000 1.00000 1.00000 1.00000 1.00000 1.00000 1.00000 1.00000 1.00000 1.00000 1.00000 1.00000 1.00000 1.00000 0.00000
1.00000 0.00000 0.92277 0.07804 0.92679 0.16251 0.89702 0.24618 0.84111 0.35197 0.78801 0.42196 0.70716 0.46983 0.70796 0.56476 0.60459 0.64200 0.51247 0.64924 0.39903 0.66975 0.34232 0.68343 0.23693 0.76146 0.18765 0.73885 0.09694 0.71038 0.02735 0.77072 0.04023 0.69509 1.00000
1.00000 0.00000 0.68198 0.17314 0.82332 0.21908 0.46643 0.32862 0.25795 0.58304 1.00000 0.15194 0.01060 0.44523 0.01060 0.38869 0.18681 0.41168 0.10567 0.36353 0.04325 0.30745 0.00083 0.24936 0.02862 0.19405 0.04314 0.14481 0.04779 0.10349 0.04585 0.07064 0.04013 0.04586 0.00000
1.00000 0.00000 0.74852 0.02811 0.65680 0.05178 0.80621 0.02811 0.85947 0.02515 0.63462 0.08728 0.71598 0.07840 0.73077 0.05178 0.78550 0.27811 0.65976 0.01479 0.78698 0.06953 0.34615 0.18639 0.65385 0.02811 0.61009 0.06637 0.53550 0.21154 0.59024 0.14053 0.56361 0.02959 1.00000
1.00000 0.00000 0.39179 0.06343 0.97464 0.04328 1.00000 1.00000 0.35821 0.15299 0.54478 0.13060 0.61567 0.82090 0.57836 0.67910 0.66791 0.10448 0.46642 0.11567 0.65574 0.14792 0.83209 0.45522 0.47015 0.16418 0.49309 0.14630 0.32463 0.02612 0.39118 0.13521 0.34411 0.12755 0.00000
1.00000 0.00000 0.67547 0.04528 0.76981 0.10566 0.77358 0.03774 0.66038 0.04528 0.64528 0.01132 0.66792 0.13962 0.72075 0.02264 0.76981 0.08679 0.61887 0.07925 0.75849 0.23774 0.73962 0.14717 0.84906 0.15094 0.73886 0.05801 0.66792 0.02264 0.86415 0.03774 0.73208 0.00755 1.00000
1.00000 0.00000 0.72727 0.05000 0.89241 0.03462 1.00000 0.72727 0.66364 0.05909 0.48182 0.16818 0.81809 0.09559 0.56818 1.00000 0.50455 0.21818 0.66818 0.10000 1.00000 0.30000 0.98636 1.00000 0.57273 0.32727 0.56982 0.14673 0.42273 0.08182 0.48927 0.14643 1.00000 1.00000 0.00000
1.00000 0.00000 0.57647 0.01569 0.40392 0.00000 0.38431 0.12941 0.40000 0.05882 0.56471 0.14118 0.46667 0.08235 0.52549 0.05490 0.58039 0.01569 0.50196 0.00000 0.45882 0.06667 0.58039 0.08235 0.49804 0.00392 0.48601 0.10039 0.46275 0.08235 0.45098 0.23529 0.43137 0.17255 1.00000
1.00000 0.00000 0.41932 0.12482 0.35000 0.12500 0.23182 0.27955 0.03636 0.44318 0.04517 0.36194 0.19091 0.33636 0.13350 0.27322 0.02727 0.40455 0.34773 0.12727 0.20028 0.05078 0.18636 0.36364 0.14003 0.04802 0.09971 0.07114 1.00000 1.00000 0.02916 0.07464 0.00526 0.06314 0.00000
1.00000 0.00000 0.88305 0.21996 1.00000 0.36373 0.82403 0.19206 0.85086 0.05901 0.90558 0.04292 0.85193 0.25000 0.77897 0.25322 0.69206 0.57940 0.71030 0.39056 0.73176 0.27575 1.00000 0.34871 0.56760 0.52039 0.69811 0.53235 0.80901 0.58584 0.43026 0.70923 0.52361 0.54185 1.00000
1.00000 0.00000 0.84557 0.08580 0.31745 0.80553 0.08961 0.56435 0.80648 0.04576 0.89514 0.00763 0.18494 0.63966 0.20019 0.68065 0.85701 0.11344 0.77979 0.15729 0.06959 0.50810 0.34128 0.80934 0.78932 0.03718 0.70882 0.25288 0.77884 0.14109 0.21354 0.78170 0.18494 0.59867 0.00000
1.00000 0.00000 0.70870 0.24783 0.64348 0.04348 0.45217 0.38261 0.65217 0.18261 0.50000 0.26957 0.57826 0.23043 0.50435 0.37826 0.38696 0.42609 0.36087 0.26087 0.26957 0.11739 0.53246 0.03845 0.31304 0.12174 0.49930 0.04264 0.48348 0.04448 0.64348 0.25217 0.50435 0.14783 1.00000
1.00000 0.00000 0.54180 0.14861 0.33746 0.73375 0.52012 0.13932 0.31889 0.06811 0.20743 0.15170 0.47368 0.08978 0.56347 0.15480 0.16409 0.45201 0.33746 0.03406 0.50464 0.07121 0.63777 0.61610 1.00000 0.65635 0.41348 0.40116 0.15170 0.11146 0.02399 0.55820 0.52632 0.08978 0.00000
1.00000 0.00000 0.29202 0.13582 0.45331 0.16808 0.51783 0.00509 0.52632 0.20883 0.52462 0.16638 0.47368 0.04754 0.55518 0.03905 0.81664 0.22411 0.42445 0.04244 0.34975 0.06621 0.28183 0.20883 0.51731 0.03176 0.50369 0.03351 0.34635 0.09847 0.70798 0.01868 0.39559 0.03226 1.00000
1.00000 0.00000 0.79157 0.16851 0.00000 0.00000 0.56541 0.06874 0.39468 1.00000 0.38359 0.99557 0.02439 0.53215 0.23725 0.12860 0.02661 0.95122 0.50998 0.84922 0.10200 0.38803 0.42572 0.23725 0.91574 0.80710 0.34146 0.88248 1.00000 0.69401 1.00000 0.12860 0.00000 0.00000 0.00000
1.00000 0.00000 0.90116 0.16607 0.79299 0.37379 0.72990 0.50515 0.59784 0.72997 0.44303 0.81152 0.24412 0.87493 0.06438 0.85038 0.12611 0.87396 0.28739 0.79617 0.46635 0.65924 0.57135 0.53805 0.68159 0.39951 0.71844 0.25835 0.72369 0.11218 0.71475 0.05525 0.67699 0.19904 1.00000
1.00000 0.00000 0.97714 0.19049 0.82683 0.46259 0.71771 0.58732 0.47968 0.84278 0.31409 0.92643 0.10289 0.93945 0.13254 0.84290 0.32020 0.91624 0.52145 0.79525 0.68274 0.49508 0.77408 0.33537 0.85376 0.17849 0.83314 0.01358 0.82366 0.19321 0.67289 0.33662 0.59943 0.49700 1.00000
1.00000 0.00000 1.00000 1.00000 0.00000 0.00000 0.50814 0.78502 0.60586 0.32899 1.00000 0.41368 0.00000 0.00000 0.00000 0.00000 1.00000 0.26710 0.36482 0.63518 0.97068 1.00000 1.00000 1.00000 1.00000 0.59609 1.00000 1.00000 1.00000 1.00000 1.00000 1.00000 0.00000 0.00000 0.00000
1.00000 0.00000 0.74084 0.04974 0.79074 0.02543 0.78575 0.03793 0.66230 0.09948 0.67801 0.31152 0.75934 0.07348 0.74695 0.08442 0.70681 0.07853 0.63613 0.00000 0.70021 0.11355 0.68183 0.12185 0.67016 0.15445 0.64158 0.13608 0.65707 0.17539 0.59759 0.14697 0.57455 0.15114 1.00000
1.00000 0.00000 1.00000 1.00000 0.00000 0.00000 0.77941 0.99265 0.80882 0.55147 0.41912 0.94853 0.00000 0.00000 0.00000 0.00000 0.72059 0.77206 0.73529 0.60294 0.00000 0.00000 0.18382 1.00000 1.00000 1.00000 1.00000 1.00000 1.00000 1.00000 1.00000 1.00000 0.00000 0.00000 0.00000
1.00000 0.00000 1.00000 0.01709 0.96215 0.03142 1.00000 0.03436 1.00000 0.05071 0.99026 0.07092 0.99173 0.09002 1.00000 0.15727 1.00000 0.14257 0.98310 0.11813 1.00000 0.18519 1.00000 0.19272 0.98971 0.22083 0.96490 0.20243 0.94599 0.17123 0.96436 0.22561 0.87011 0.23296 1.00000
0.00000 0.00000 0.00000 0.00000 0.00000 0.00000 0.00000 0.00000 0.00000 0.00000 0.00000 0.00000 0.00000 0.00000 0.00000 0.00000 0.00000 0.00000 0.00000 0.00000 0.00000 0.00000 0.00000 0.00000 0.00000 0.00000 1.00000 1.00000 0.00000 0.00000 0.00000 0.00000 0.00000 0.00000 0.00000
1.00000 0.00000 0.95704 0.12095 0.63318 0.12690 0.96365 0.18242 0.97026 0.08460 0.92003 0.01124 0.83543 0.24719 1.00000 0.31395 0.99273 0.21216 0.98678 0.21018 1.00000 0.27165 0.93126 0.39458 1.00000 0.19233 0.88793 0.31565 0.81428 0.23728 0.89095 0.31857 0.69531 0.41573 1.00000
1.00000 0.00000 0.28409 0.31818 0.00000 0.00000 0.68182 1.00000 0.30682 0.95833 0.64394 0.06439 0.34848 0.84848 0.00000 0.00000 0.59091 0.35985 0.45076 0.80682 0.00000 0.00000 0.00000 0.00000 0.24242 0.17803 1.00000 0.23864 0.06061 0.48485 0.16288 0.70076 0.00000 0.00000 0.00000
1.00000 0.00000 0.94490 0.49311 1.00000 0.03692 0.98898 0.87052 0.90083 0.66942 1.00000 0.10104 1.00000 0.12493 1.00000 0.15017 1.00000 0.17681 1.00000 0.20491 1.00000 0.23452 1.00000 0.26571 1.00000 0.29852 1.00000 0.33304 1.00000 0.36931 1.00000 0.40740 1.00000 0.44739 1.00000
1.00000 0.00000 0.00000 0.00000 0.00000 0.00000 0.00000 0.00000 0.00000 0.00000 0.62195 1.00000 0.00000 0.00000 0.00000 0.00000 0.36585 0.71951 0.56098 1.00000 0.00000 0.00000 0.00000 0.00000 0.00000 0.00000 1.00000 0.10976 0.00000 0.00000 0.00000 0.00000 0.00000 0.00000 0.00000
1.00000 0.00000 0.99449 0.00526 0.84082 0.11313 0.88237 0.16431 0.99061 0.06257 0.96484 0.07496 0.85221 0.02966 0.87161 0.20848 0.93881 0.12977 0.98298 0.08935 0.89876 0.00075 0.87836 0.05882 0.93368 0.19872 0.87579 0.17806 0.94294 0.16581 0.80253 0.25741 0.76586 0.27794 1.00000
1.00000 0.00000 0.10135 0.10811 0.00000 0.00000 0.00000 0.00000 0.54730 0.82432 0.31081 1.00000 0.00000 0.00000 0.00000 0.00000 0.37162 1.00000 0.33108 1.00000 0.00000 0.00000 0.00000 0.00000 0.42568 1.00000 1.00000 1.00000 0.55405 0.23649 0.00000 0.00000 0.00000 0.00000 0.00000
1.00000 0.00000 1.00000 0.57224 0.99150 0.73371 0.89518 0.97450 1.00000 0.35818 1.00000 0.23229 0.62890 0.86402 1.00000 0.57535 1.00000 0.79603 0.76771 0.88952 0.96601 1.00000 0.70120 0.74896 0.61946 0.76904 0.53777 0.77986 0.81020 1.00000 1.00000 1.00000 0.30445 0.76112 1.00000
1.00000 0.00000 0.65909 0.62879 0.00000 0.00000 0.00000 0.00000 0.77273 1.00000 1.00000 0.28030 0.00000 0.00000 0.00000 0.00000 0.62121 0.22727 0.84091 1.00000 1.00000 1.00000 0.00000 0.00000 0.00000 0.00000 1.00000 0.93939 0.12879 0.93182 0.00000 0.00000 0.00000 0.00000 0.00000
1.00000 0.00000 0.86284 0.19310 0.80920 0.41149 0.67203 0.55785 0.54559 0.69962 0.36705 0.81533 0.19617 0.85671 0.04061 0.86284 0.17241 0.75785 0.34100 0.65747 0.48199 0.56092 0.60230 0.40996 0.59234 0.25747 0.63038 0.08818 0.57241 0.07816 0.54866 0.19923 0.42912 0.31954 1.00000
1.00000 0.00000 0.42000 0.61000 0.00000 0.00000 1.00000 1.00000 0.90000 1.00000 0.43000 0.64000 0.00000 0.00000 0.00000 0.00000 0.67000 0.29000 0.84000 1.00000 0.00000 0.00000 0.00000 0.00000 0.21000 0.68000 1.00000 0.22000 0.00000 0.00000 0.00000 0.00000 0.00000 0.00000 0.00000
1.00000 0.00000 1.00000 0.23395 0.91404 0.52013 0.78020 0.72144 0.47660 0.84222 0.27639 0.91730 0.09467 0.88248 0.21980 0.91404 0.34168 0.75517 0.51360 0.64527 0.64527 0.44614 0.74102 0.29162 0.70838 0.03591 0.71731 0.11943 0.64962 0.28183 0.51251 0.44505 0.37432 0.53319 1.00000
1.00000 0.00000 0.91353 0.81586 0.72973 1.00000 0.39466 0.55735 0.05405 0.29730 0.18599 0.10241 0.03158 0.08970 0.01401 0.03403 0.01108 0.00537 0.00342 0.00097 0.00048 0.00075 0.00003 0.00019 0.00003 0.00002 0.00001 0.00000 0.00000 0.00000 0.00000 0.00000 0.00000 0.00000 0.00000
1.00000 0.00000 0.21429 0.09524 0.33333 0.07143 0.19048 0.19048 0.23810 0.09524 0.40476 0.02381 0.30952 0.04762 0.30952 0.04762 0.28571 0.11905 0.33333 0.04762 0.30952 0.00000 0.21429 0.11905 0.35714 0.04762 0.22109 0.02290 0.19048 0.00000 0.16997 0.02034 0.14694 0.01877 1.00000
1.00000 0.00000 1.00000 0.14754 1.00000 0.04918 0.57377 0.01639 0.65574 0.01639 0.85246 0.03279 0.72131 0.00000 0.68852 0.16393 0.19672 0.14754 0.65558 0.17176 0.67213 0.03279 1.00000 0.29508 0.31148 0.34426 0.52385 0.20325 0.32787 0.03279 0.27869 0.44262 0.49180 0.06557 0.00000
1.00000 0.00000 0.98182 0.00000 0.88627 0.03131 0.86249 0.04572 0.80000 0.00000 0.69091 0.04545 0.79343 0.08436 0.77118 0.09579 0.62727 0.25455 0.68182 0.12727 0.70674 0.12608 0.68604 0.13493 0.74545 0.22727 0.64581 0.15088 0.67273 0.02727 0.60715 0.16465 0.58840 0.17077 1.00000
1.00000 0.00000 0.39286 0.52381 0.78824 0.11342 0.16628 0.76378 0.66667 0.01190 0.82143 0.40476 0.67230 0.30729 0.34797 0.63668 0.46429 0.15476 0.54762 0.05952 0.51830 0.44961 0.47651 0.47594 0.32143 0.70238 0.51971 0.38848 0.57143 0.39286 0.54891 0.29915 0.25441 0.55837 0.00000
1.00000 0.00000 0.86889 0.07111 1.00000 0.02494 1.00000 0.06889 0.87778 0.00222 0.83556 0.06444 1.00000 0.07287 1.00000 0.20000 0.86889 0.05333 0.88000 0.03778 1.00000 0.11526 1.00000 0.18667 0.84444 0.03556 1.00000 0.14162 0.82222 0.14667 1.00000 0.15609 1.00000 0.44222 1.00000
1.00000 0.00000 0.43636 0.12727 0.58182 0.14545 0.18182 0.67273 0.34545 0.03636 0.29091 0.05455 0.29091 0.29091 0.36364 0.41818 0.20000 0.01818 0.36364 0.05455 0.12727 0.49091 0.61818 0.16364 0.32727 0.16364 0.41098 0.07027 0.34545 0.05455 0.12727 0.36364 0.29091 0.29091 0.00000
1.00000 0.00000 1.00000 0.92453 1.00000 0.75472 0.49057 0.05660 0.62264 0.00000 1.00000 0.00054 0.45283 0.07547 0.62264 0.05660 0.98878 0.00085 0.52830 0.00000 0.52830 0.07547 0.95190 0.00112 1.00000 0.79245 0.92192 0.00128 0.94340 1.00000 1.00000 0.43396 0.43396 0.11321 1.00000
1.00000 0.00000 0.73810 0.83333 0.76190 0.23810 0.33333 0.14286 0.45238 0.14286 0.67285 0.12808 0.33333 0.00000 0.28571 0.07143 0.38214 0.51163 0.23810 0.02381 0.45238 0.04762 0.16667 0.26190 0.57255 0.10234 0.24889 0.51079 1.00000 0.00000 0.66667 0.04762 0.26190 0.02381 0.00000
1.00000 0.00000 0.43750 0.04167 0.58333 0.10417 0.39583 0.00000 0.33333 0.06250 0.47917 0.00000 0.29167 0.10417 0.54167 0.02083 0.43750 0.22917 0.35417 0.22917 0.33333 0.08333 0.25000 0.18750 0.39583 0.18750 0.44012 0.10064 0.41667 0.08333 0.58333 0.31250 0.33333 0.06250 1.00000
1.00000 0.00000 1.00000 1.00000 0.00000 0.00000 0.00000 0.00000 0.00000 0.00000 0.47744 0.89098 0.51504 0.45489 0.95489 0.28571 0.64662 1.00000 0.00000 0.00000 0.00000 0.00000 0.62030 0.20301 1.00000 1.00000 1.00000 1.00000 1.00000 1.00000 0.00000 0.00000 0.00000 0.00000 0.00000
1.00000 0.00000 0.95217 0.06595 0.93614 0.13030 0.90996 0.19152 0.84881 0.49962 0.90023 0.61320 0.77937 0.34328 0.72254 0.37988 0.66145 0.40844 0.95472 0.59862 0.53258 0.44088 0.46773 0.44511 0.40440 0.44199 0.34374 0.43221 0.90330 1.00000 0.23405 0.39620 0.18632 0.37191 1.00000
1.00000 0.00000 0.59840 0.40332 0.82809 0.80521 0.76001 0.70709 0.84010 0.10984 0.97311 0.07981 0.95824 0.85727 0.91962 0.88444 0.95452 0.05206 0.88673 0.18135 0.98484 0.69594 0.86670 0.85755 0.28604 0.30063 1.00000 0.17076 0.62958 0.42677 0.87757 0.81007 0.81979 0.68822 0.00000
1.00000 0.00000 0.95882 0.10129 1.00000 0.01918 0.98313 0.02555 0.96974 0.09316 0.98955 0.02716 0.97980 0.03096 1.00000 0.05343 1.00000 0.05179 0.93840 0.01557 0.97620 0.09284 0.97889 0.05318 0.91567 0.15675 0.95677 0.06995 0.90978 0.01307 1.00000 0.10797 0.93144 0.06888 1.00000
1.00000 0.00000 0.00000 0.00000 0.33672 0.85388 0.00000 0.00000 0.68869 1.00000 0.97078 0.31385 0.26048 0.59212 0.30241 0.65565 0.94155 0.16391 0.00000 0.00000 0.00000 0.00000 0.18043 1.00000 0.00000 0.00000 1.00000 1.00000 0.00000 0.00000 0.04447 0.61881 0.00000 0.00000 0.00000
1.00000 0.00000 0.96933 0.00876 1.00000 0.00843 0.98658 0.00763 0.97868 0.02844 0.99820 0.03510 1.00000 0.01271 1.00000 0.02581 1.00000 0.01175 0.98485 0.00025 1.00000 0.02612 1.00000 0.04744 0.96019 0.04527 0.99188 0.03473 0.97020 0.02478 1.00000 0.03855 0.98420 0.04112 1.00000
1.00000 0.00000 0.00000 0.00000 0.98919 0.22703 0.18919 0.05405 0.00000 0.00000 0.93243 0.07297 1.00000 0.20000 1.00000 0.07027 1.00000 0.11351 0.00000 0.00000 1.00000 0.21081 1.00000 0.41622 0.00000 0.00000 1.00000 0.17568 0.00000 0.00000 1.00000 0.25946 0.28919 0.15676 0.00000
1.00000 0.00000 0.64122 0.01403 0.34146 0.02439 0.52751 0.03466 0.19512 0.12195 0.43313 0.04755 0.21951 0.04878 0.29268 0.00000 0.36585 0.00000 0.31707 0.07317 0.26829 0.12195 0.23698 0.05813 0.21951 0.09756 0.19304 0.05641 0.17410 0.05504 0.19512 0.00000 0.17073 0.07317 1.00000
1.00000 0.00000 1.00000 1.00000 1.00000 1.00000 0.00000 0.00000 0.00000 0.00000 1.00000 1.00000 1.00000 1.00000 1.00000 1.00000 1.00000 1.00000 0.00000 0.00000 0.00000 0.00000 1.00000 0.27778 0.00000 0.00000 1.00000 1.00000 1.00000 1.00000 1.00000 1.00000 0.00000 0.00000 0.00000
1.00000 0.00000 0.34694 0.20408 0.46939 0.24490 0.40816 0.20408 0.46939 0.44898 0.30612 0.59184 0.12245 0.55102 0.00000 0.51020 0.06122 0.55102 0.20408 0.55102 0.28571 0.44898 0.28571 0.32653 0.61224 0.22449 0.46579 0.14895 0.59184 0.18367 0.34694 0.00000 0.26531 0.24490 1.00000
1.00000 0.00000 0.00000 0.00000 1.00000 1.00000 0.00000 0.00000 0.00000 0.00000 1.00000 1.00000 1.00000 0.25342 1.00000 0.23288 1.00000 1.00000 0.00000 0.00000 0.00000 0.00000 1.00000 1.00000 0.00000 0.00000 1.00000 1.00000 0.00000 0.00000 1.00000 1.00000 0.00000 0.00000 0.00000
1.00000 0.00000 0.89706 0.38235 0.91176 0.37500 0.74265 0.67647 0.45588 0.77941 0.19118 0.88971 0.02206 0.86029 0.20588 0.82353 0.37500 0.67647 0.50000 0.47794 0.73529 0.38235 0.86029 0.08824 0.74265 0.12500 0.67925 0.24131 0.55147 0.42647 0.44118 0.50735 0.28676 0.56618 1.00000
1.00000 0.00000 1.00000 0.28105 0.22222 0.15033 0.75693 0.70984 0.30719 0.71242 1.00000 1.00000 0.81699 0.33987 0.79085 0.02614 0.98039 0.83007 0.60131 0.54248 0.04575 0.83007 0.94118 0.94118 1.00000 0.43137 0.74385 0.09176 1.00000 0.05229 0.18301 0.02614 0.40201 0.48241 0.00000
1.00000 0.00000 0.26667 0.10000 0.53333 0.00000 0.33333 0.13333 0.36667 0.11667 0.56667 0.01667 0.71667 0.08333 0.70000 0.06667 0.53333 0.20000 0.41667 0.01667 0.31667 0.20000 0.70000 0.00000 0.25000 0.13333 0.46214 0.05439 0.40000 0.03333 0.46667 0.03333 0.41667 0.05000 1.00000
1.00000 0.00000 0.26667 0.40000 0.27303 0.12159 0.17778 0.04444 0.06192 0.06879 0.04461 0.02575 0.00885 0.02726 0.01586 0.00166 0.00093 0.00883 0.00470 0.00153 0.00138 0.00238 0.00114 0.00102 0.00069 0.00050 0.00019 0.00043 0.00026 0.00005 0.00000 0.00015 0.00008 0.00002 0.00000
1.00000 0.00000 1.00000 0.37838 0.64865 0.29730 0.64865 0.24324 0.86486 0.18919 1.00000 0.27027 0.51351 0.00000 0.62162 0.05405 0.32432 0.21622 0.71833 0.17666 0.62162 0.05405 0.75676 0.13514 0.35135 0.29730 0.61031 0.22163 0.58478 0.23027 0.72973 0.59459 0.51351 0.24324 1.00000
1.00000 0.00000 0.94531 0.03516 1.00000 0.33203 1.00000 0.01563 0.97266 0.01172 0.93359 0.01953 1.00000 0.16406 1.00000 0.00391 0.95313 0.03516 0.92188 0.02734 0.99219 0.11719 0.93359 0.34766 0.95703 0.00391 0.82041 0.13758 0.90234 0.06641 1.00000 0.18750 1.00000 0.34375 0.00000
1.00000 0.00000 0.95202 0.02254 0.93757 0.01272 0.93526 0.01214 0.96705 0.01734 0.96936 0.00520 0.95665 0.03064 0.95260 0.00405 0.99480 0.02659 0.99769 0.01792 0.93584 0.04971 0.93815 0.02370 0.97052 0.04451 0.96215 0.01647 0.97399 0.01908 0.95434 0.03410 0.95838 0.00809 1.00000
1.00000 0.00000 1.00000 0.05529 1.00000 1.00000 0.50000 0.11111 0.36111 0.22222 1.00000 0.25712 0.16667 0.11111 1.00000 0.34660 1.00000 0.38853 1.00000 0.42862 0.00000 0.25000 1.00000 0.50333 1.00000 0.27778 1.00000 0.57092 1.00000 0.27778 1.00000 0.63156 1.00000 0.65935 0.00000
1.00000 0.00000 0.31034 0.10345 0.24138 0.10345 0.20690 0.06897 0.07405 0.05431 0.03649 0.03689 0.01707 0.02383 0.00741 0.01482 0.00281 0.00893 0.00078 0.00523 0.00003 0.00299 0.00028 0.00166 0.00031 0.00090 0.00025 0.00048 0.00018 0.00024 0.00012 0.00012 0.00008 0.00006 1.00000
1.00000 0.00000 0.62745 0.07843 0.72549 0.00000 0.60784 0.07843 0.62745 0.11765 0.68627 0.11765 0.66667 0.13725 0.64706 0.09804 0.54902 0.11765 0.54902 0.21569 0.58824 0.19608 0.66667 0.23529 0.45098 0.25490 0.52409 0.24668 0.56863 0.31373 0.43137 0.21569 0.47059 0.27451 0.00000
1.00000 0.00000 0.25000 0.16667 0.46667 0.26667 0.19036 0.23966 0.07766 0.19939 0.01070 0.14922 0.02367 0.10188 0.03685 0.06317 0.03766 0.03458 0.03230 0.01532 0.02474 0.00357 0.01726 0.00273 0.01097 0.00539 0.00621 0.00586 0.00294 0.00520 0.00089 0.00408 0.00025 0.00291 1.00000
1.00000 0.00000 0.65625 0.15625 0.06250 0.00000 0.00000 0.06250 0.62500 0.06250 0.18750 0.00000 0.03125 0.09375 0.06250 0.00000 0.15625 0.15625 0.43750 0.37500 0.00000 0.09375 0.00000 0.00000 0.03125 0.46875 0.03125 0.00000 0.71875 0.03125 0.03125 0.00000 0.00000 0.09375 0.00000
1.00000 0.00000 1.00000 0.01081 1.00000 0.02703 1.00000 0.06486 0.95135 0.01622 0.98919 0.03243 0.98919 0.08649 1.00000 0.06486 0.95135 0.09189 0.97838 0.00541 1.00000 0.06486 1.00000 0.04324 0.97838 0.09189 0.98556 0.01251 1.00000 0.03243 1.00000 0.02703 1.00000 0.07027 1.00000
1.00000 0.00000 0.85271 0.05426 1.00000 0.08069 1.00000 1.00000 0.91473 0.00775 0.83721 0.03876 1.00000 0.27153 1.00000 1.00000 0.81395 0.04651 0.90698 0.11628 1.00000 0.50670 1.00000 1.00000 0.80620 0.03876 1.00000 0.71613 0.84496 0.06977 1.00000 0.87317 1.00000 1.00000 0.00000
1.00000 0.00000 0.90374 0.01604 1.00000 0.08021 1.00000 0.01604 0.93048 0.00535 0.93583 0.01604 1.00000 0.00000 1.00000 0.06417 1.00000 0.04813 0.91444 0.04278 0.96791 0.02139 0.98930 0.01604 0.96257 0.05348 0.96974 0.04452 0.87701 0.01070 1.00000 0.09091 0.97861 0.06417 1.00000
1.00000 0.00000 0.20500 0.28750 0.23000 0.10000 0.28250 0.31750 0.32250 0.35000 0.36285 0.34617 0.09250 0.27500 0.09500 0.21000 0.08750 0.23500 0.34187 0.31408 0.48000 0.08000 0.29908 0.33176 0.58000 0.24000 0.32190 0.28475 0.47000 0.18500 0.27104 0.31228 0.40445 0.03050 0.00000
1.00000 0.00000 0.60000 0.03333 0.63333 0.06667 0.70000 0.06667 0.70000 0.00000 0.63333 0.00000 0.80000 0.00000 0.73333 0.00000 0.70000 0.10000 0.66667 0.10000 0.73333 0.03333 0.76667 0.00000 0.63333 0.13333 0.65932 0.10168 0.60000 0.13333 0.60000 0.16667 0.63333 0.16667 1.00000
1.00000 0.00000 0.05866 0.00838 0.06704 0.00838 0.00000 0.01117 0.00559 0.03911 0.01676 0.07542 0.00559 0.05307 0.06425 0.03352 0.00000 0.09497 0.06425 0.07542 0.04749 0.02514 0.02793 0.00559 0.00838 0.00559 0.10335 0.00838 0.03073 0.00279 0.04469 0.00000 0.04749 0.03352 0.00000
1.00000 0.00000 0.94653 0.28713 0.72554 0.67248 0.47564 0.82455 0.01267 0.89109 0.24871 0.84475 0.47644 0.56079 0.75881 0.41743 0.66455 0.07208 0.65426 0.19525 0.52475 0.44000 0.30851 0.55089 0.04119 0.64792 0.16085 0.56420 0.36752 0.41901 0.46059 0.22535 0.50376 0.05980 1.00000
1.00000 0.00000 0.05460 0.01437 0.02586 0.04598 0.01437 0.04598 0.07759 0.00862 0.01724 0.06609 0.03736 0.04310 0.08333 0.04598 0.09483 0.08046 0.04023 0.05172 0.02011 0.02299 0.03736 0.01149 0.03161 0.00862 0.00862 0.01724 0.02586 0.01149 0.02586 0.01149 0.04598 0.00575 0.00000
1.00000 0.00000 0.72414 0.01084 0.79704 0.01084 0.80000 0.00197 0.79015 0.01084 0.78424 0.00985 0.83350 0.03251 0.85123 0.01675 0.80099 0.00788 0.79113 0.02956 0.75961 0.03350 0.74778 0.05517 0.72611 0.01478 0.78041 0.00612 0.74089 0.05025 0.82956 0.02956 0.79015 0.00788 1.00000
1.00000 0.00000 0.03852 0.02568 0.00428 0.00000 0.01997 0.01997 0.02140 0.04993 0.04850 0.01284 0.01427 0.02282 0.00000 0.03281 0.04708 0.02853 0.01712 0.03566 0.02140 0.00428 0.05136 0.02282 0.05136 0.01854 0.03994 0.01569 0.01997 0.00713 0.02568 0.01854 0.01427 0.01997 0.00000
1.00000 0.00000 0.47090 0.22751 0.42328 0.33598 0.25661 0.47619 0.01852 0.49471 0.02116 0.53968 0.34127 0.31217 0.41270 0.32540 0.51587 0.06878 0.50000 0.11640 0.14815 0.14550 0.14815 0.38095 0.23280 0.00265 0.03574 0.31739 0.15873 0.21693 0.24868 0.24339 0.26720 0.04233 1.00000
1.00000 0.00000 0.08696 0.00686 0.13959 0.04119 0.10526 0.08238 0.12586 0.06178 0.23341 0.01144 0.12357 0.07780 0.14645 0.13501 0.29062 0.04805 0.18993 0.07323 0.11670 0.00000 0.11213 0.00229 0.15103 0.10297 0.08467 0.01373 0.11213 0.06636 0.09611 0.07323 0.11670 0.06865 0.00000
1.00000 0.00000 0.94333 0.38574 0.48263 0.64534 0.21572 0.77514 0.55941 0.64899 0.73675 0.42048 0.76051 0.00000 0.62706 0.31079 0.38391 0.62157 0.12797 0.69287 0.49909 0.63620 0.71481 0.37660 0.73857 0.05484 0.60098 0.30384 0.45521 0.60512 0.02742 0.54479 0.21572 0.50457 1.00000
1.00000 0.00000 0.01975 0.00705 0.04090 0.00846 0.02116 0.01128 0.01128 0.04372 0.00282 0.00141 0.01975 0.03103 0.01975 0.06065 0.04090 0.02680 0.02398 0.00423 0.04372 0.02539 0.01834 0.00000 0.00000 0.01269 0.01834 0.01128 0.00564 0.01551 0.01693 0.02398 0.00705 0.00000 0.00000
1.00000 0.00000 0.85736 0.00075 0.81927 0.05676 0.77521 0.04182 0.84317 0.09037 0.86258 0.11949 0.88051 0.06124 0.78342 0.03510 0.83719 0.06796 0.83570 0.14190 0.88125 0.01195 0.90515 0.02240 0.79686 0.01942 0.82383 0.03678 0.88125 0.06423 0.73936 0.01942 0.79089 0.09186 1.00000
1.00000 0.00000 1.00000 1.00000 1.00000 1.00000 1.00000 1.00000 1.00000 1.00000 1.00000 1.00000 1.00000 1.00000 1.00000 1.00000 1.00000 1.00000 1.00000 1.00000 1.00000 1.00000 1.00000 1.00000 1.00000 1.00000 1.00000 1.00000 1.00000 1.00000 1.00000 1.00000 1.00000 1.00000 0.00000
1.00000 0.00000 0.85209 0.39252 0.38887 0.76432 0.08858 0.98903 0.42625 0.88744 0.76229 0.49980 0.93092 0.10768 0.85900 0.31044 0.66030 0.55262 0.19260 0.86063 0.28444 0.80496 0.64649 0.35230 0.77814 0.23324 0.71698 0.21343 0.37830 0.58310 0.19667 0.66315 0.11215 0.64933 1.00000
1.00000 0.00000 1.00000 1.00000 1.00000 0.51250 0.62500 1.00000 1.00000 1.00000 0.02500 0.03125 1.00000 1.00000 0.00000 0.00000 1.00000 1.00000 1.00000 1.00000 1.00000 1.00000 0.31250 1.00000 1.00000 1.00000 1.00000 1.00000 1.00000 1.00000 0.94375 1.00000 0.00000 0.00000 0.00000
1.00000 0.00000 1.00000 0.54902 0.62745 1.00000 0.01961 1.00000 0.49020 0.92157 0.82353 0.58824 1.00000 0.11765 0.96078 0.33333 0.64706 0.68627 0.23529 0.86275 0.35294 1.00000 0.74510 0.72549 0.92157 0.21569 0.92874 0.21876 0.72549 0.56863 0.23529 0.90196 0.11765 0.90196 1.00000
1.00000 0.00000 0.00000 0.00000 1.00000 1.00000 1.00000 1.00000 0.00000 0.00000 1.00000 1.00000 1.00000 1.00000 1.00000 1.00000 0.00000 0.00000 0.00000 0.00000 1.00000 1.00000 1.00000 1.00000 1.00000 0.43750 1.00000 1.00000 0.00000 0.00000 1.00000 1.00000 1.00000 1.00000 0.00000
1.00000 0.00000 0.44444 0.44444 0.53695 0.90763 0.22222 1.00000 0.33333 0.88889 1.00000 0.33333 1.00000 0.11111 1.00000 0.22222 0.66667 0.77778 0.55556 1.00000 0.22222 0.77778 0.77778 0.22222 0.33333 0.00000 0.92120 0.45019 0.57454 0.84353 0.22222 1.00000 0.55556 1.00000 1.00000
0.00000 0.00000 0.00000 0.00000 0.00000 0.00000 0.00000 0.00000 0.00000 0.00000 0.00000 0.00000 0.00000 0.00000 0.00000 0.00000 0.00000 0.00000 0.00000 0.00000 0.00000 0.00000 0.00000 0.00000 0.00000 0.00000 1.00000 0.00000 0.00000 0.00000 0.00000 0.00000 0.00000 0.00000 0.00000
1.00000 0.00000 1.00000 0.00000 1.00000 0.00000 0.50000 0.50000 0.75000 0.00000 0.91201 0.12094 0.89067 0.14210 0.86922 0.16228 0.75000 0.25000 0.75000 0.50000 0.75000 0.00000 1.00000 0.25000 0.50000 0.50000 0.73944 0.26388 0.75000 0.25000 0.69635 0.29074 0.67493 0.30293 1.00000
0.00000 0.00000 1.00000 1.00000 1.00000 1.00000 0.00000 0.00000 1.00000 1.00000 1.00000 1.00000 1.00000 1.00000 1.00000 1.00000 0.00000 0.00000 1.00000 1.00000 0.00000 0.00000 0.00000 0.00000 1.00000 1.00000 1.00000 1.00000 1.00000 1.00000 1.00000 1.00000 0.00000 0.00000 0.00000
1.00000 0.00000 1.00000 0.00000 1.00000 0.00000 0.66667 0.11111 1.00000 0.11111 0.88889 0.11111 1.00000 0.22222 0.77778 0.00000 0.77778 0.00000 1.00000 0.11111 0.77778 0.11111 0.66667 0.11111 0.66667 0.00000 0.90347 0.05352 1.00000 0.11111 0.88889 0.11111 1.00000 0.00000 1.00000
0.00000 0.00000 0.00000 0.00000 0.00000 0.00000 0.00000 0.00000 0.00000 0.00000 0.00000 0.00000 1.00000 1.00000 0.00000 0.00000 1.00000 0.75000 0.00000 0.00000 0.00000 0.00000 1.00000 1.00000 0.00000 0.00000 1.00000 1.00000 1.00000 1.00000 1.00000 1.00000 0.00000 0.00000 0.00000
1.00000 0.00000 1.00000 0.45455 1.00000 0.45455 1.00000 0.09091 1.00000 0.09091 1.00000 0.00000 1.00000 0.27273 1.00000 0.18182 1.00000 0.09091 1.00000 0.00000 1.00000 0.36364 1.00000 0.09091 1.00000 0.09091 1.00000 0.04914 1.00000 0.45455 1.00000 0.27273 1.00000 0.18182 1.00000
1.00000 0.00000 0.62121 0.63636 0.00000 0.00000 0.00000 0.00000 0.34470 0.28788 0.42803 0.39394 0.07576 0.51894 0.36364 0.31439 0.53788 0.32955 0.12121 0.14773 0.01894 0.53409 0.57576 0.17803 0.29167 0.27273 0.25758 0.57576 0.43182 0.24242 0.18182 0.02273 0.17045 0.41667 0.00000
1.00000 0.00000 1.00000 0.11765 1.00000 0.23529 1.00000 0.41176 1.00000 0.05882 1.00000 0.23529 1.00000 0.11765 1.00000 0.47059 1.00000 0.05882 1.00000 0.11765 1.00000 0.35294 1.00000 0.41176 1.00000 0.11765 1.00000 0.20225 1.00000 0.05882 1.00000 0.35294 1.00000 0.23529 1.00000
1.00000 0.00000 0.00000 0.00000 1.00000 0.62766 1.00000 0.51064 0.07979 0.23404 1.00000 0.36170 0.12766 0.59043 1.00000 1.00000 0.00000 0.00000 0.82979 0.07979 0.25000 1.00000 0.17021 0.70745 0.00000 0.00000 0.19149 0.46809 0.22340 0.48936 0.74468 0.90426 0.67553 0.45745 0.00000
1.00000 0.00000 0.91667 0.29167 0.83333 0.16667 0.70833 0.25000 0.87500 0.08333 0.91667 0.04167 0.83333 0.12500 0.70833 0.00000 0.87500 0.04167 1.00000 0.08333 0.66667 0.08333 0.75000 0.16667 0.83333 0.12500 0.83796 0.05503 1.00000 0.20833 0.70833 0.00000 0.70833 0.04167 1.00000
1.00000 0.00000 0.18590 0.16667 0.00000 0.00000 0.00000 0.00000 0.00000 0.00000 0.00000 0.00000 0.11538 0.19071 0.00000 0.00000 0.00000 0.00000 0.00000 0.00000 0.00000 0.00000 0.05128 0.06571 0.07853 0.08974 0.17308 0.10897 0.12500 0.09615 0.02564 0.04808 0.16827 0.19551 0.00000
1.00000 0.00000 1.00000 0.08183 1.00000 0.11326 0.99246 0.29802 1.00000 0.33075 0.96662 0.34281 0.85788 0.47265 0.91904 0.48170 0.73084 0.65224 0.68131 0.63544 0.82450 0.78316 0.58829 0.74785 0.67033 0.96296 0.48757 0.85669 0.37941 0.83893 0.24117 0.88846 0.29221 0.89621 1.00000
1.00000 0.00000 1.00000 1.00000 1.00000 1.00000 1.00000 0.82456 0.34649 0.21053 0.46053 0.07018 0.22807 0.05702 0.35088 0.34649 0.72807 0.03947 0.22807 0.53070 0.00000 0.00000 0.29825 0.16228 1.00000 0.66667 1.00000 1.00000 1.00000 0.24561 0.35088 0.20175 0.82895 0.07895 0.00000
1.00000 0.00000 1.00000 0.24077 0.99815 0.00369 0.80244 0.30133 0.89919 0.23486 0.70643 0.24077 0.73855 0.30539 0.71492 0.36078 0.47194 0.61189 0.40473 0.55059 0.61041 0.39328 0.53176 0.32681 0.23966 0.52142 0.29208 0.48390 0.12777 0.39143 0.15657 0.51329 0.18353 0.46603 1.00000
0.00000 0.00000 1.00000 1.00000 1.00000 1.00000 0.00000 0.00000 0.00000 0.00000 1.00000 1.00000 1.00000 1.00000 0.00000 0.00000 1.00000 1.00000 0.00000 0.00000 0.00000 0.00000 1.00000 1.00000 1.00000 1.00000 1.00000 1.00000 1.00000 1.00000 1.00000 1.00000 0.00000 0.00000 0.00000
1.00000 0.00000 0.92247 0.19448 0.96419 0.17674 0.87024 0.22602 0.81702 0.27070 0.79271 0.28909 0.70302 0.49639 0.63338 0.49967 0.37254 0.70729 0.27070 0.72109 0.40506 0.54172 0.33509 0.59691 0.14750 0.63601 0.09312 0.59589 0.07162 0.54928 0.01840 0.54074 0.07457 0.47898 1.00000
1.00000 0.00000 1.00000 1.00000 0.50694 1.00000 1.00000 1.00000 1.00000 0.53819 0.00000 0.00000 0.23958 1.00000 1.00000 1.00000 0.00000 0.00000 1.00000 1.00000 1.00000 1.00000 0.00000 0.00000 0.71528 1.00000 0.33333 1.00000 1.00000 1.00000 0.69792 1.00000 0.47569 1.00000 0.00000
1.00000 0.00000 0.84177 0.43460 0.50000 0.76160 0.09916 0.93460 0.37764 0.88186 0.72363 0.61181 0.93882 0.19409 0.86709 0.25527 0.62869 0.65612 0.25105 0.85654 0.16245 0.86498 0.51477 0.66878 0.74895 0.28903 0.77937 0.07933 0.64135 0.42827 0.31435 0.62447 0.00422 0.69409 1.00000
1.00000 0.00000 1.00000 1.00000 0.00000 0.00000 1.00000 1.00000 1.00000 1.00000 1.00000 1.00000 1.00000 1.00000 0.00000 0.00000 1.00000 1.00000 1.00000 1.00000 0.00000 0.00000 1.00000 1.00000 1.00000 1.00000 1.00000 1.00000 1.00000 1.00000 1.00000 1.00000 0.00000 0.00000 0.00000
1.00000 0.00000 1.00000 0.63548 1.00000 1.00000 0.77123 1.00000 0.33333 1.00000 1.00000 1.00000 0.00000 1.00000 1.00000 1.00000 1.00000 0.00000 1.00000 0.66667 1.00000 0.92536 1.00000 0.33333 0.33333 1.00000 0.19235 1.00000 1.00000 1.00000 0.00000 1.00000 1.00000 0.66667 1.00000
0.00000 0.00000 1.00000 1.00000 1.00000 1.00000 0.00000 0.00000 1.00000 1.00000 1.00000 1.00000 1.00000 1.00000 1.00000 1.00000 0.00000 0.00000 1.00000 1.00000 1.00000 1.00000 0.00000 0.00000 1.00000 1.00000 1.00000 1.00000 1.00000 1.00000 1.00000 1.00000 0.00000 0.00000 0.00000
1.00000 0.00000 1.00000 0.06843 1.00000 0.14211 1.00000 0.22108 1.00000 0.12500 1.00000 0.39495 1.00000 0.48981 1.00000 0.58986 0.37500 1.00000 1.00000 0.00000 1.00000 0.92001 1.00000 1.00000 1.00000 1.00000 1.00000 1.00000 1.00000 0.25000 1.00000 1.00000 1.00000 1.00000 1.00000
0.00000 0.00000 1.00000 1.00000 0.00000 0.00000 0.00000 0.00000 0.00000 0.00000 0.00000 0.00000 0.00000 0.00000 1.00000 1.00000 0.00000 0.00000 1.00000 1.00000 0.00000 0.00000 1.00000 1.00000 1.00000 1.00000 1.00000 1.00000 0.00000 0.00000 0.00000 0.00000 0.00000 0.00000 0.00000
1.00000 0.00000 0.64947 0.07896 0.58264 0.14380 0.13129 0.21384 0.29796 0.04403 0.38096 0.26339 0.28931 0.31997 0.03459 0.18947 0.20269 0.29441 0.15196 0.29052 0.09513 0.31525 0.06556 0.26795 0.03004 0.25124 0.00046 0.23210 0.02612 0.21129 0.04717 0.18950 0.01336 0.27201 1.00000
1.00000 0.00000 0.00000 0.00000 0.00000 0.00000 0.00000 0.00000 0.00000 0.00000 1.00000 0.33333 0.16667 0.26042 0.00000 0.00000 0.00000 0.00000 0.00000 0.00000 0.19792 0.21875 0.16667 0.90625 1.00000 0.50000 0.04167 0.75000 0.22917 1.00000 0.12500 0.27083 0.19792 0.93750 0.00000
1.00000 0.00000 1.00000 0.05149 0.99363 0.10123 0.96142 0.14756 0.95513 0.26496 0.66026 0.54701 0.80426 0.25283 0.73781 0.27380 0.66775 0.28714 0.59615 0.29304 0.52494 0.29200 0.45582 0.28476 0.39023 0.27226 0.32930 0.25553 0.27381 0.23568 0.22427 0.21378 0.18086 0.19083 1.00000
1.00000 0.00000 1.00000 0.09524 1.00000 1.00000 1.00000 1.00000 1.00000 0.31746 0.81349 0.76190 1.00000 1.00000 1.00000 1.00000 0.47364 1.00000 1.00000 1.00000 0.68839 1.00000 1.00000 1.00000 0.82937 0.36508 1.00000 1.00000 1.00000 0.50794 1.00000 0.32540 1.00000 0.72831 0.00000
1.00000 0.00000 0.93669 0.00190 0.60761 0.43204 0.92314 0.40129 0.93123 0.16828 0.96197 0.09061 0.99676 0.08172 0.91586 0.05097 0.84628 0.25324 0.87379 0.14482 0.84871 0.26133 0.75081 0.03641 0.84547 0.02589 0.87293 0.02302 0.98544 0.09385 0.78317 0.10194 0.85841 0.14725 1.00000
1.00000 0.00000 1.00000 1.00000 1.00000 1.00000 1.00000 1.00000 1.00000 0.50000 1.00000 1.00000 1.00000 1.00000 1.00000 1.00000 0.00000 0.00000 1.00000 1.00000 1.00000 1.00000 1.00000 1.00000 1.00000 1.00000 1.00000 0.62500 1.00000 0.75000 0.75000 1.00000 1.00000 1.00000 0.00000
1.00000 0.00000 1.00000 0.23058 1.00000 0.78509 1.00000 0.10401 1.00000 0.15414 1.00000 0.27820 0.98120 0.06861 1.00000 0.06610 0.95802 0.18954 0.83584 0.15633 0.97400 0.03728 0.99624 0.09242 1.00000 0.01253 0.96238 0.04597 0.91165 0.03885 1.00000 0.13722 0.96523 0.11717 1.00000
1.00000 0.00000 0.36876 1.00000 1.00000 1.00000 0.07661 1.00000 1.00000 0.95041 0.74597 0.38710 1.00000 0.79313 0.09677 1.00000 0.48684 0.46502 0.31755 0.27461 0.14343 0.20188 0.11976 0.06895 0.03021 0.06639 0.03443 0.01186 0.00403 0.01672 0.00761 0.00108 0.00015 0.00325 0.00000
1.00000 0.00000 0.79847 0.38265 0.80804 0.16964 1.00000 0.07653 0.98151 0.07398 0.70217 0.20663 0.99745 0.02105 0.98214 0.02487 1.00000 0.13074 0.95663 0.07717 1.00000 0.00191 0.90306 0.30804 1.00000 0.14541 1.00000 0.00394 0.75638 0.07908 1.00000 0.18750 1.00000 0.05740 1.00000
0.00000 0.00000 0.00000 0.00000 0.00000 0.00000 0.00000 0.00000 0.00000 0.00000 0.00000 0.00000 1.00000 1.00000 1.00000 1.00000 1.00000 1.00000 0.00000 0.00000 1.00000 1.00000 1.00000 1.00000 1.00000 1.00000 1.00000 0.00000 1.00000 1.00000 1.00000 1.00000 0.00000 0.00000 0.00000
1.00000 0.00000 1.00000 0.28428 1.00000 0.25346 0.94623 0.35094 1.00000 0.30566 0.92736 0.49057 0.90818 0.44119 0.75723 0.58899 0.69748 0.58019 0.59623 0.57579 0.68459 0.70975 0.54465 0.87327 0.49214 0.73333 0.35504 0.76054 0.26352 0.78239 0.16604 0.73145 0.13994 0.70000 1.00000
1.00000 0.00000 0.00000 0.00000 0.00000 0.00000 0.00000 0.00000 0.85000 1.00000 0.00000 0.00000 1.00000 1.00000 0.00000 0.00000 1.00000 1.00000 1.00000 1.00000 1.00000 1.00000 0.60000 1.00000 1.00000 1.00000 1.00000 0.20000 1.00000 1.00000 0.00000 1.00000 0.00000 0.00000 0.00000
1.00000 0.00000 1.00000 0.09091 0.95455 0.09091 0.77273 0.00000 1.00000 0.00000 0.95455 0.00000 1.00000 0.04545 0.90909 0.04545 1.00000 0.00000 1.00000 0.00000 0.86364 0.09091 0.77273 0.09091 0.90909 0.04545 0.91541 0.02897 0.95455 0.09091 0.86364 0.09091 0.86364 0.04545 1.00000
0.00000 0.00000 0.00000 0.00000 1.00000 1.00000 1.00000 1.00000 1.00000 1.00000 0.00000 0.00000 1.00000 1.00000 1.00000 0.31250 1.00000 1.00000 1.00000 1.00000 1.00000 1.00000 0.00000 0.00000 1.00000 1.00000 1.00000 1.00000 0.00000 0.00000 1.00000 1.00000 0.00000 0.00000 0.00000
1.00000 0.00000 0.91176 0.08824 0.97059 0.17647 0.82353 0.08824 0.91176 0.02941 0.97059 0.17647 0.97059 0.14706 0.94118 0.02941 1.00000 0.00000 1.00000 0.00000 0.76471 0.11765 0.88235 0.02941 0.85294 0.02941 0.92663 0.02600 0.94118 0.11765 0.97059 0.05882 0.91176 0.05882 1.00000
1.00000 0.00000 1.00000 1.00000 1.00000 0.15244 0.28354 1.00000 1.00000 1.00000 1.00000 1.00000 1.00000 1.00000 1.00000 0.23476 0.28301 1.00000 1.00000 1.00000 0.31402 1.00000 1.00000 1.00000 1.00000 1.00000 1.00000 0.03578 1.00000 1.00000 1.00000 0.32317 0.14939 1.00000 0.00000
1.00000 0.00000 0.47368 0.10526 0.83781 0.01756 0.83155 0.02615 0.68421 0.05263 0.68421 0.00000 0.79856 0.05028 0.78315 0.05756 0.84211 0.47368 1.00000 0.05263 0.72550 0.07631 0.70301 0.08141 0.42105 0.21053 0.65419 0.08968 0.52632 0.21053 0.60150 0.09534 0.57418 0.09719 1.00000
1.00000 0.00000 0.00641 0.50000 0.00000 0.00000 0.01923 1.00000 0.00000 0.00000 0.00000 0.00000 0.00000 0.00000 0.00000 0.00000 0.00000 0.00000 0.31410 0.92949 0.35256 0.74359 0.34615 0.80769 0.00000 0.00000 0.61538 0.51282 0.00000 0.00000 0.00000 0.00000 0.00000 0.00000 0.00000
1.00000 0.00000 1.00000 0.45455 1.00000 0.54545 0.81818 0.63636 1.00000 0.09091 1.00000 0.00000 0.81818 0.45455 0.63636 0.27273 1.00000 0.63636 1.00000 0.27273 0.90909 0.45455 1.00000 0.07750 1.00000 0.09091 1.00000 0.08867 1.00000 0.36364 1.00000 0.63636 0.72727 0.27273 1.00000
0.00000 0.00000 1.00000 1.00000 1.00000 1.00000 1.00000 1.00000 0.00000 0.00000 1.00000 1.00000 1.00000 1.00000 0.00000 0.00000 0.00000 0.00000 0.00000 0.00000 1.00000 1.00000 1.00000 1.00000 1.00000 1.00000 1.00000 1.00000 0.00000 0.00000 1.00000 0.50000 0.00000 0.00000 0.00000
1.00000 0.00000 0.45455 0.09091 0.63636 0.09091 0.27273 0.18182 0.63636 0.00000 0.36364 0.09091 0.45455 0.09091 0.48612 0.01343 0.63636 0.18182 0.45455 0.00000 0.36364 0.09091 0.27273 0.18182 0.36364 0.09091 0.34442 0.01768 0.27273 0.00000 0.36364 0.00000 0.28985 0.01832 1.00000
1.00000 0.00000 1.00000 0.59677 0.00000 0.00000 1.00000 0.64516 0.87097 1.00000 0.00000 0.00000 0.00000 0.00000 0.00000 0.00000 0.00000 0.00000 0.00000 0.00000 1.00000 1.00000 0.00000 0.00000 0.29839 0.23387 1.00000 0.51613 0.00000 0.00000 0.00000 0.00000 0.00000 0.00000 0.00000
1.00000 0.00000 1.00000 0.14286 1.00000 0.71429 1.00000 0.71429 1.00000 0.14286 0.85714 0.14286 1.00000 0.02534 1.00000 0.00000 0.42857 0.14286 1.00000 0.03617 1.00000 0.28571 1.00000 0.00000 0.28571 0.28571 1.00000 0.04891 1.00000 0.05182 1.00000 0.57143 1.00000 0.00000 1.00000
0.00000 0.00000 1.00000 1.00000 1.00000 1.00000 1.00000 1.00000 1.00000 1.00000 1.00000 1.00000 1.00000 1.00000 1.00000 1.00000 1.00000 1.00000 1.00000 1.00000 1.00000 1.00000 1.00000 1.00000 1.00000 1.00000 1.00000 1.00000 1.00000 1.00000 1.00000 1.00000 1.00000 1.00000 0.00000
1.00000 0.00000 0.87032 0.46972 0.53945 0.82161 0.10380 0.95275 0.38033 0.87916 0.73939 0.58226 0.92099 0.16731 0.82417 0.24942 0.59383 0.63342 0.24012 0.82881 0.18823 0.78699 0.51557 0.57430 0.69274 0.24843 0.69097 0.10484 0.52798 0.39762 0.25974 0.56573 0.06739 0.57552 1.00000
0.00000 0.00000 1.00000 1.00000 1.00000 1.00000 1.00000 1.00000 1.00000 1.00000 1.00000 1.00000 1.00000 1.00000 1.00000 1.00000 1.00000 1.00000 1.00000 1.00000 1.00000 1.00000 1.00000 1.00000 1.00000 1.00000 1.00000 1.00000 1.00000 1.00000 1.00000 1.00000 1.00000 1.00000 0.00000
1.00000 0.00000 0.92657 0.04174 0.89266 0.15766 0.86098 0.19791 0.83675 0.36526 0.80619 0.40198 0.76221 0.40552 0.66586 0.48360 0.60101 0.51752 0.53392 0.52180 0.48435 0.54212 0.42546 0.55684 0.33340 0.55274 0.26978 0.54214 0.22307 0.53448 0.14312 0.49124 0.11573 0.46571 1.00000
0.00000 0.00000 1.00000 1.00000 1.00000 1.00000 1.00000 1.00000 1.00000 1.00000 0.00000 0.00000 1.00000 1.00000 0.00000 0.00000 0.00000 0.00000 0.00000 0.00000 1.00000 1.00000 1.00000 1.00000 0.00000 0.00000 1.00000 1.00000 0.00000 0.00000 1.00000 1.00000 0.00000 0.00000 0.00000
1.00000 0.00000 0.93537 0.13645 0.93716 0.25359 0.85705 0.38779 0.79039 0.47127 0.72352 0.59942 0.65260 0.75000 0.50830 0.73586 0.41629 0.82742 0.25539 0.85952 0.13712 0.85615 0.00494 0.88869 0.07361 0.79780 0.20995 0.78004 0.33169 0.71454 0.38532 0.64363 0.47419 0.55835 1.00000
0.00000 0.00000 1.00000 1.00000 1.00000 1.00000 1.00000 1.00000 1.00000 1.00000 1.00000 1.00000 1.00000 1.00000 1.00000 1.00000 1.00000 1.00000 1.00000 1.00000 1.00000 1.00000 1.00000 1.00000 1.00000 0.00000 1.00000 1.00000 1.00000 1.00000 1.00000 1.00000 1.00000 1.00000 0.00000
1.00000 0.00000 0.80627 0.13069 0.73061 0.24323 0.64615 0.19038 0.36923 0.45577 0.44793 0.46439 0.25000 0.57308 0.25192 0.37115 0.15215 0.51877 0.09808 0.57500 0.03462 0.42885 0.08856 0.44424 0.14943 0.40006 0.19940 0.34976 0.23832 0.29541 0.26634 0.23896 0.23846 0.31154 1.00000
0.00000 0.00000 1.00000 1.00000 1.00000 1.00000 1.00000 1.00000 1.00000 1.00000 1.00000 1.00000 1.00000 1.00000 1.00000 1.00000 1.00000 1.00000 1.00000 1.00000 1.00000 1.00000 1.00000 1.00000 1.00000 1.00000 1.00000 1.00000 1.00000 1.00000 1.00000 1.00000 1.00000 1.00000 0.00000
1.00000 0.00000 0.97467 0.13082 0.94120 0.20036 0.88783 0.32248 0.89009 0.32711 0.85550 0.45217 0.72298 0.52284 0.69946 0.58820 0.58548 0.66893 0.48869 0.70398 0.44245 0.68159 0.35289 0.75622 0.26832 0.76210 0.16813 0.78541 0.07497 0.80439 0.02962 0.77702 0.10289 0.74242 1.00000
0.00000 0.00000 0.00000 0.00000 1.00000 1.00000 0.00000 0.00000 1.00000 1.00000 0.00000 0.00000 1.00000 1.00000 0.00000 0.00000 0.00000 0.00000 0.00000 0.00000 0.00000 0.00000 0.00000 0.00000 0.00000 0.00000 1.00000 1.00000 0.00000 0.00000 1.00000 1.00000 0.00000 0.00000 0.00000
1.00000 0.00000 0.92308 0.15451 0.86399 0.29757 0.72582 0.36790 0.70588 0.56830 0.57449 0.62719 0.43270 0.74676 0.31705 0.67697 0.19128 0.76818 0.04686 0.76171 0.12064 0.76969 0.18479 0.71327 0.29291 0.65708 0.38798 0.58553 0.46799 0.50131 0.53146 0.40732 0.56231 0.35095 1.00000
0.00000 0.00000 0.00000 0.00000 1.00000 1.00000 1.00000 1.00000 0.00000 0.00000 0.00000 0.00000 1.00000 1.00000 0.00000 0.00000 1.00000 1.00000 0.00000 0.00000 0.00000 0.00000 1.00000 1.00000 0.00000 0.00000 1.00000 1.00000 0.00000 0.00000 1.00000 1.00000 0.00000 0.00000 0.00000
1.00000 0.00000 0.88804 0.38138 0.65926 0.69431 0.29148 0.87892 0.06726 0.90135 0.39597 0.80441 0.64574 0.56502 0.82960 0.26906 0.78940 0.08205 0.62780 0.30942 0.46637 0.55605 0.16449 0.64338 0.09562 0.61055 0.30406 0.48392 0.43227 0.29838 0.47029 0.09461 0.42152 0.12556 1.00000
0.00000 0.00000 1.00000 1.00000 1.00000 1.00000 1.00000 1.00000 1.00000 1.00000 1.00000 1.00000 1.00000 1.00000 1.00000 1.00000 1.00000 1.00000 1.00000 1.00000 1.00000 1.00000 1.00000 1.00000 1.00000 1.00000 1.00000 1.00000 1.00000 1.00000 1.00000 1.00000 1.00000 1.00000 0.00000
1.00000 0.00000 0.73523 0.38293 0.80151 0.10278 0.78826 0.15266 0.55580 0.05252 1.00000 0.21225 0.71947 0.28954 0.68798 0.32925 0.49672 0.17287 0.64333 0.02845 0.57399 0.42528 0.53120 0.44872 0.94530 0.57549 0.44174 0.48200 0.12473 1.00000 0.35070 0.49721 0.30588 0.49831 1.00000
0.00000 0.00000 0.00000 0.00000 0.00000 0.00000 0.00000 0.00000 0.00000 0.00000 0.00000 0.00000 0.00000 0.00000 0.00000 0.00000 0.00000 0.00000 0.00000 0.00000 0.00000 0.00000 0.00000 0.00000 0.00000 0.00000 1.00000 1.00000 0.00000 0.00000 0.00000 0.00000 0.00000 0.00000 0.00000
1.00000 0.00000 0.94649 0.00892 0.97287 0.00260 0.98922 0.00372 0.95801 0.01598 0.94054 0.03530 0.97213 0.04719 0.98625 0.01858 0.94277 0.07135 0.98551 0.00706 0.97770 0.04980 0.96358 0.07098 0.93274 0.08101 0.95243 0.04356 0.97473 0.00818 0.97845 0.07061 1.00000 0.00260 1.00000
0.00000 0.00000 1.00000 1.00000 1.00000 1.00000 1.00000 1.00000 0.00000 0.00000 0.00000 0.00000 1.00000 1.00000 0.00000 0.00000 0.00000 0.00000 0.00000 0.00000 1.00000 1.00000 1.00000 1.00000 0.00000 0.00000 1.00000 1.00000 0.00000 0.00000 1.00000 1.00000 1.00000 1.00000 0.00000
1.00000 0.00000 0.50466 0.16900 0.71442 0.01513 0.71063 0.02258 0.68065 0.01282 0.34615 0.05594 0.69050 0.04393 0.68101 0.05058 0.67023 0.05692 0.63403 0.04662 0.64503 0.06856 0.63077 0.07381 0.84033 0.18065 0.59935 0.08304 0.38228 0.06760 0.56466 0.09046 0.54632 0.09346 1.00000
1.00000 0.00000 0.68729 1.00000 0.91973 0.76087 0.81773 0.04348 0.76087 0.10702 0.86789 0.73746 0.70067 0.18227 0.75920 0.13712 0.93478 0.25084 0.70736 0.18729 0.64883 0.24582 0.60201 0.77425 1.00000 0.53846 0.89262 0.22216 0.71070 0.53846 1.00000 0.06522 0.56522 0.23913 0.00000
1.00000 0.00000 0.76296 0.07778 1.00000 0.29630 1.00000 0.85741 0.80000 0.06111 0.45556 0.42778 1.00000 0.12581 1.00000 0.83519 0.49259 0.01852 0.82222 0.05926 0.98215 0.19938 1.00000 0.22037 0.69630 0.26481 0.92148 0.24549 0.78889 0.02037 0.87492 0.27105 1.00000 0.57037 1.00000
1.00000 0.00000 0.38521 0.15564 0.41245 0.07393 0.26459 0.24125 0.23346 0.13230 0.19455 0.25292 0.24514 0.36965 0.08949 0.22957 0.03891 0.36965 0.05058 0.24903 0.24903 0.09728 0.07782 0.29961 0.02494 0.28482 0.06024 0.26256 0.14786 0.14786 0.09339 0.31128 0.19066 0.28794 0.00000
1.00000 0.00000 0.57540 0.03175 0.75198 0.05357 0.61508 0.01190 0.53968 0.03373 0.61706 0.09921 0.59127 0.02381 0.62698 0.01190 0.70833 0.02579 0.60317 0.01587 0.47817 0.02778 0.59127 0.03770 0.50000 0.03968 0.61291 0.01237 0.61706 0.13492 0.68849 0.01389 0.62500 0.03175 1.00000
