0.00
61.35
61.35
61.35
61.35
61.76
61.76
61.96
61.96
62.99
61.96
61.96
61.96
62.17
62.37
61.96
61.35
61.35
61.96
61.96
61.96
61.96
61.96
61.96
61.96
61.96
61.76
61.96
62.37
62.37
62.17
62.78
63.19
63.39
63.39
62.99
62.99
63.80
62.78
63.19
63.39
63.39
63.19
63.19
62.78
62.58
61.76
62.37
61.76
61.55
61.55
61.55
61.55
61.55
61.55
61.55
61.55
61.15
61.15
61.15
61.15
61.76
62.17
62.17
62.37
62.58
61.96
61.96
62.78
63.19
62.78
61.96
61.96
61.96
61.76
61.35
61.76
61.76
61.76
61.76
61.76
61.76
61.76
61.96
61.96
61.96
61.96
61.96
61.15
61.15
61.35
60.94
60.94
60.94
60.94
60.94
60.94
60.53
60.33
60.33
60.33
60.33
60.33
60.33
60.33
60.33
60.33
60.33
60.33
60.33
60.33
60.33
60.33
60.33
60.33
60.33
60.33
60.33
60.33
60.33
60.33
60.33
60.33
60.33
60.33
60.33
60.33
60.33
60.33
60.33
60.33
60.33
60.33
60.33
60.33
60.33
60.33
60.33
60.33
60.33
60.33
60.33
60.33
60.33
60.33
60.33
60.33
60.33
60.33
60.33
60.33
60.33
60.33
60.33
60.33
60.33
60.33
60.33
60.33
60.33
60.33
60.33
60.33
60.33
60.33
60.33
60.33
60.33
60.33
60.33
60.33
60.33
60.33
60.33
60.33
60.33
60.33
60.33
60.33
60.33
60.33
60.33
60.33
60.33
60.33
60.33
60.33
60.33
60.33
60.33
60.33
60.33
60.33
60.33
60.33
60.33
60.33
60.33
60.33
60.33
60.33
60.33
60.33
60.33
60.33
60.33
60.33
60.33
60.33
60.33
60.33
60.33
60.33
60.33
60.33
60.33
60.33
60.33
60.33
60.33
60.33
60.33
60.33
60.33
60.33
60.33
60.33
60.33
60.33
60.33
60.33
60.33
60.33
60.33
60.33
60.33
60.33
60.33
60.33
60.33
60.33
60.33
60.33
60.33
60.33
60.33
60.33
60.33
60.33
60.33
60.33
39.88
39.88
39.88
39.88
39.88
39.88
39.88
39.88
39.67
39.67
39.67
39.67
39.67
39.67
39.67
39.88
39.88
39.88
39.88
39.88
39.88
39.88
39.88
39.88
39.88
39.88
39.88
39.88
39.88
39.88
39.88
39.67
39.67
39.67
39.67
39.67
39.67
39.67
39.67
39.67
39.67
39.67
39.67
39.67
39.67
39.67
39.67
39.67
39.67
39.67
63.60
62.99
61.96
61.55
61.96
61.96
61.96
60.74
60.74
60.53
60.53
60.33
60.53
60.53
60.53
60.53
60.53
60.53
61.96
61.55
62.17
62.78
63.19
63.19
63.19
64.01
64.42
64.42
65.24
67.48
66.87
63.19
63.60
63.19
65.03
65.03
65.03
64.01
62.78
63.19
62.78
64.62
62.17
62.58
62.58
61.35
61.96
61.96
63.60
65.24
65.44
67.69
63.60
63.60
62.37
62.58
61.15
60.94
60.94
60.33
60.33
60.33
60.94
61.55
60.94
61.55
62.37
62.37
62.58
62.99
64.01
64.01
61.96
61.76
60.94
60.74
60.74
61.15
60.74
61.96
61.96
62.17
62.17
64.01
62.37
62.37
61.96
61.96
60.94
62.37
62.37
60.74
61.76
61.96
62.37
60.74
60.53
60.74
60.74
60.53
89.78
89.98
89.37
89.37
89.37
89.57
89.57
89.16
88.75
89.16
89.16
89.16
89.16
88.96
88.96
88.96
89.16
89.16
88.96
89.16
89.16
89.98
89.98
89.78
89.78
90.59
90.80
90.80
90.18
90.18
90.18
89.98
89.98
89.98
90.18
90.18
90.39
90.39
90.18
90.18
89.98
90.39
90.39
90.59
91.00
91.00
91.00
91.00
91.00
90.18
90.18
90.18
90.59
90.59
91.00
90.59
90.39
90.59
90.59
91.00
91.00
91.00
91.21
91.21
91.00
91.41
91.21
91.21
91.21
91.21
91.21
91.21
91.21
91.21
91.41
91.41
91.41
91.41
91.41
91.41
91.21
91.41
91.00
91.41
91.41
91.82
91.82
91.82
91.82
91.41
91.41
91.41
91.41
91.62
91.62
91.62
92.23
91.41
91.41
