0.00
16.36
10.02
14.93
14.72
20.04
22.49
20.45
19.84
19.84
17.38
12.47
13.50
13.50
19.84
13.29
10.02
10.02
11.04
10.84
12.88
19.63
21.06
30.67
30.67
37.01
35.58
35.58
38.24
37.42
37.42
38.24
38.45
37.42
37.22
37.22
37.83
39.67
38.45
38.65
37.83
38.65
37.83
37.63
37.22
35.38
33.74
32.72
28.63
31.90
23.31
32.52
30.27
32.52
36.40
36.20
36.40
34.15
34.36
32.72
32.72
32.31
33.54
32.31
35.58
36.81
35.79
36.81
36.81
37.42
37.63
33.54
30.47
23.93
19.43
17.59
21.06
17.79
15.75
23.31
23.31
22.29
23.52
23.52
21.88
13.91
14.11
18.00
53.99
43.97
47.24
59.51
60.53
60.53
56.65
50.31
51.94
51.94
48.06
57.06
29.45
60.33
60.33
60.33
60.33
60.33
60.33
60.33
60.33
60.33
60.33
60.33
60.33
60.33
60.33
60.33
60.33
60.33
60.33
60.33
60.33
60.33
60.33
60.33
60.33
60.33
60.33
60.33
60.33
60.33
60.33
60.33
60.33
60.33
60.74
60.74
60.74
60.74
60.74
60.94
60.74
60.94
60.94
60.94
60.94
60.94
60.94
60.74
60.74
60.94
61.55
60.94
61.15
61.15
61.76
61.55
61.55
61.15
61.15
60.74
61.15
60.74
60.74
60.74
60.53
60.74
60.53
60.53
60.53
60.33
60.33
60.53
60.74
60.74
60.74
60.74
61.15
61.15
61.15
61.76
61.76
61.76
61.96
61.55
62.78
62.78
62.58
62.58
62.58
62.78
62.37
62.78
64.01
64.01
64.01
63.39
63.80
64.42
62.78
67.48
64.01
64.01
64.01
64.01
64.01
64.01
64.01
64.01
64.01
64.01
64.01
64.01
64.01
64.01
64.01
64.01
64.01
64.01
64.01
64.01
64.01
64.01
64.01
64.01
64.01
64.01
64.01
64.01
64.01
64.01
64.01
64.01
64.01
64.01
64.01
64.01
64.01
64.01
64.01
64.01
64.01
64.01
64.01
64.01
64.01
64.01
64.01
64.01
64.01
64.01
64.01
60.33
60.33
60.33
60.33
60.33
60.33
60.33
60.33
60.33
60.33
60.33
60.33
60.33
60.33
60.33
60.33
60.33
60.33
60.33
60.33
60.33
60.33
60.33
60.33
60.33
60.33
60.33
60.33
60.33
60.33
60.33
60.33
60.33
60.33
60.33
60.33
60.33
60.33
60.33
60.33
60.33
60.33
60.33
60.33
60.33
60.33
60.33
60.33
60.33
60.33
39.67
39.67
39.88
39.67
39.67
39.67
39.67
39.67
39.67
39.67
39.67
39.88
39.88
40.08
39.88
39.88
39.88
39.88
39.88
40.08
39.88
40.08
40.08
40.29
40.29
40.29
39.88
40.29
40.29
40.08
40.29
40.29
40.29
40.70
40.08
40.29
40.08
40.29
40.08
40.08
40.08
40.08
40.29
40.29
40.29
41.10
40.70
40.70
40.90
40.29
40.29
40.29
41.92
51.74
53.58
53.58
62.78
68.51
68.30
69.12
68.92
68.92
68.92
66.46
68.51
68.51
68.51
68.92
68.92
69.73
69.73
74.23
77.10
76.28
78.32
78.32
79.55
77.10
78.53
76.48
78.32
76.48
75.87
75.87
77.71
77.71
75.87
75.66
73.62
72.60
70.55
76.48
76.28
78.53
76.28
78.53
79.14
76.69
76.48
78.73
60.74
60.53
60.74
60.53
60.53
60.74
60.74
60.53
60.53
60.74
60.74
60.74
60.74
60.33
60.33
60.53
60.74
60.74
60.74
60.74
61.76
61.76
60.94
61.96
61.96
63.80
65.03
65.03
65.03
66.67
64.62
64.42
64.42
64.42
64.42
64.21
64.21
65.03
69.33
68.10
66.05
69.33
69.33
69.33
69.12
70.35
70.14
69.73
71.37
68.92
69.73
68.92
72.19
71.37
69.53
69.53
69.12
69.12
68.71
72.39
72.39
69.73
71.37
72.39
71.57
70.55
68.71
68.71
68.71
70.76
70.76
70.55
67.48
68.10
69.33
69.33
70.35
70.14
68.10
68.51
65.64
65.24
66.05
65.44
65.44
65.24
66.26
68.30
67.28
63.60
63.39
63.39
64.42
64.21
66.26
62.58
63.19
62.58
63.80
