0.00
39.67
39.67
39.67
39.67
39.67
39.67
39.67
39.67
39.67
39.67
39.67
39.67
39.67
39.67
39.67
39.67
39.67
39.67
39.67
39.67
39.67
39.67
39.67
39.67
39.67
39.67
39.67
39.67
39.67
39.67
39.67
39.67
39.67
39.67
39.67
39.67
39.67
39.67
39.67
39.67
39.67
39.67
39.67
39.67
39.67
39.67
39.67
39.67
39.67
39.67
39.67
39.67
39.67
39.67
39.67
39.67
39.67
39.67
39.67
39.67
39.67
39.67
39.67
39.67
39.67
39.67
39.67
39.67
39.67
39.67
39.67
39.67
39.67
39.67
39.67
39.67
39.67
39.67
39.67
39.67
39.67
39.67
39.67
39.67
39.88
39.88
39.88
39.67
39.67
39.67
39.47
39.47
39.47
39.26
39.47
39.47
39.47
39.47
39.47
39.47
71.17
72.19
72.60
74.23
72.39
73.21
73.01
71.98
73.42
71.17
70.55
70.96
73.21
71.78
70.14
71.17
69.73
70.14
72.19
72.19
75.26
75.26
74.64
75.87
75.66
76.48
76.48
76.89
76.89
75.87
75.66
75.05
76.28
77.71
80.57
78.73
78.73
79.75
80.57
79.14
80.98
81.60
81.39
81.19
80.98
81.39
79.35
78.94
79.75
81.39
80.37
80.78
82.41
82.82
82.41
82.00
78.73
76.69
76.07
75.46
75.87
75.66
75.05
75.05
75.05
75.05
75.46
75.66
72.19
71.78
71.78
73.42
73.42
71.78
72.19
75.26
75.26
75.26
75.46
75.66
75.87
77.30
76.28
78.53
76.89
75.87
78.12
82.00
82.00
81.19
81.39
82.00
81.80
79.55
79.55
81.39
82.21
80.57
82.82
81.80
81.80
81.80
81.80
81.80
81.80
81.80
81.80
81.80
81.80
81.80
81.80
81.80
81.80
81.80
81.80
81.80
81.80
81.80
81.80
81.80
81.80
81.80
81.80
81.80
81.80
81.80
81.80
81.80
81.80
81.80
81.80
81.80
81.80
81.80
81.80
81.80
81.80
81.80
81.80
81.80
81.80
81.80
81.80
81.80
81.80
81.80
81.80
81.80
81.80
81.80
86.71
87.12
87.12
89.16
91.21
92.02
92.02
92.02
92.02
92.02
92.23
91.62
91.00
91.00
89.57
89.78
90.39
90.39
90.59
90.80
90.39
90.80
90.80
90.80
91.41
91.41
90.39
87.93
82.41
74.85
80.78
76.69
67.89
67.89
69.33
67.69
67.28
67.28
67.28
65.85
65.85
64.62
64.62
64.62
64.62
63.39
63.39
63.39
61.35
61.15
61.15
61.15
61.15
61.15
61.15
61.15
61.15
61.15
61.15
61.15
61.15
61.15
61.15
61.15
61.15
61.15
61.15
61.15
61.15
61.15
61.15
61.15
61.15
61.15
61.15
61.15
61.15
61.15
61.15
61.15
61.15
61.15
61.15
61.15
61.15
61.15
61.15
61.15
61.15
61.15
61.15
61.15
61.15
61.15
61.15
61.15
61.15
61.15
61.15
61.15
61.15
61.15
61.15
61.15
61.15
61.15
61.15
61.15
61.15
61.15
61.15
61.15
61.15
61.15
61.15
61.15
61.15
61.15
61.15
61.15
61.15
61.15
61.15
61.15
61.15
61.15
61.15
61.15
61.15
61.15
61.15
61.15
61.15
61.15
61.15
61.15
61.15
61.15
61.15
61.15
61.15
61.15
61.15
61.15
61.15
61.15
61.15
61.15
61.15
61.15
60.33
60.33
60.33
60.33
60.33
60.33
60.33
60.33
60.33
60.33
60.33
60.33
60.33
60.33
60.33
60.33
60.33
60.33
60.33
60.33
60.33
60.33
60.33
60.33
60.33
60.33
60.33
60.33
60.33
60.33
60.33
60.33
60.33
60.33
60.33
60.33
60.33
60.33
60.33
60.33
60.33
60.33
60.33
60.33
60.33
60.33
60.33
60.33
60.33
60.33
60.33
60.33
60.33
60.33
60.33
60.33
60.33
60.33
60.33
60.33
60.33
60.33
60.33
60.33
60.33
60.33
60.33
60.33
60.33
60.33
60.33
60.33
60.33
60.33
60.33
60.33
60.33
60.33
60.33
60.33
60.33
60.33
60.33
60.33
60.33
60.33
60.33
60.33
60.33
60.33
60.33
60.33
60.33
60.33
60.33
60.33
60.33
60.33
60.33
