0.00
60.33
60.33
60.33
60.33
60.53
60.33
60.53
60.53
60.33
60.53
60.53
60.33
60.53
60.33
60.53
60.33
60.33
60.53
60.53
60.12
60.33
58.69
58.69
60.53
55.21
58.90
59.30
53.58
56.65
59.30
28.22
28.22
59.71
60.12
60.12
60.33
60.33
60.12
60.12
60.12
60.12
60.12
60.12
60.53
60.33
60.33
60.33
60.33
60.33
60.33
60.33
60.33
60.33
60.33
60.33
60.33
60.33
60.33
60.33
60.33
60.33
60.33
60.33
60.33
60.33
60.33
60.33
60.33
60.33
60.33
60.33
60.33
60.33
60.33
60.33
60.33
60.33
60.33
60.33
60.33
60.33
60.33
60.33
60.33
60.33
60.33
60.33
60.33
60.33
60.33
60.33
60.33
60.33
60.33
60.33
60.33
60.33
60.33
60.33
60.33
39.67
39.67
39.67
39.67
39.67
39.67
39.67
39.67
39.67
39.67
39.67
39.67
39.67
39.67
39.67
39.67
39.67
39.67
39.67
39.67
39.67
39.67
39.67
39.67
39.67
39.67
39.67
39.67
39.67
39.67
39.67
39.67
39.67
39.67
39.67
39.67
39.67
39.67
39.67
39.67
39.67
39.67
39.67
39.67
39.67
39.67
39.67
39.67
39.67
39.67
39.67
39.67
39.67
39.67
39.67
39.67
39.67
39.88
39.88
39.67
39.88
39.88
39.88
39.88
39.67
39.88
39.88
39.88
39.88
39.88
39.88
40.08
39.88
39.88
39.88
39.88
39.88
39.88
39.88
39.88
39.88
39.88
39.88
39.88
39.88
39.88
39.88
39.88
39.88
39.88
39.88
39.88
39.88
39.88
39.88
39.88
39.88
39.88
39.88
39.88
77.91
77.30
79.55
79.55
79.35
79.75
78.12
74.85
74.85
72.80
67.28
67.48
67.28
63.60
62.37
62.58
61.76
61.96
60.94
62.17
61.15
60.94
61.96
61.96
62.58
61.96
61.96
63.60
64.42
64.42
65.03
63.60
62.78
61.76
62.99
62.58
62.99
65.24
68.10
67.28
62.58
62.17
64.42
68.10
68.10
67.08
65.64
67.89
67.89
66.87
63.80
63.80
64.42
67.48
67.48
67.89
66.46
64.01
64.01
63.39
64.83
63.80
63.80
66.26
66.26
63.19
64.83
64.83
65.44
65.85
64.42
64.42
63.39
63.39
62.78
61.55
61.55
60.53
60.33
60.33
60.74
60.74
60.53
60.74
60.94
60.74
60.53
61.35
60.53
60.53
60.53
60.53
60.74
60.33
60.53
60.53
60.74
61.96
61.55
61.76
84.66
84.66
84.05
83.23
84.25
84.46
84.46
84.46
85.28
83.64
83.84
82.41
83.84
85.28
86.30
87.32
87.12
87.12
88.34
88.34
87.53
88.34
88.34
88.34
88.96
88.96
88.96
88.34
88.34
88.34
88.55
88.34
88.34
88.14
88.14
88.34
88.34
88.34
87.73
87.73
87.32
88.34
88.34
88.34
88.34
88.14
88.34
88.14
88.34
88.34
88.55
88.55
86.50
86.30
86.30
86.09
85.89
86.50
86.30
86.30
87.73
88.14
88.55
88.75
88.75
88.75
89.16
89.16
88.55
89.16
89.16
89.16
88.75
88.75
87.93
88.34
88.34
88.55
88.14
88.75
88.96
89.16
89.78
89.78
89.78
89.78
89.57
89.16
89.37
89.78
89.78
89.78
89.98
89.57
89.78
89.98
89.98
89.98
89.78
89.98
89.98
89.98
89.98
89.98
89.98
89.98
89.98
89.98
89.98
89.98
89.98
89.98
89.98
89.98
89.98
89.98
89.98
89.98
89.98
89.98
89.98
89.98
89.98
89.98
89.98
89.98
89.98
89.98
89.98
89.98
89.98
89.98
89.98
89.98
89.98
89.98
89.98
89.98
89.98
89.98
89.98
89.98
89.98
89.98
89.98
89.98
89.98
89.98
89.98
89.98
89.98
89.98
89.98
89.98
89.98
89.98
89.98
89.98
89.98
89.98
89.98
89.98
89.98
89.98
89.98
89.98
89.98
89.98
89.98
89.98
89.98
89.98
89.98
89.98
89.98
89.98
89.98
89.98
89.98
89.98
89.98
89.98
89.98
89.98
89.98
89.98
89.98
89.98
89.98
89.98
89.98
89.98
89.98
89.98
89.98
89.98
89.98
89.98
89.98
