0.00
60.33
60.33
60.33
60.33
60.33
60.33
60.33
60.33
60.33
60.33
60.33
60.33
60.33
60.33
60.33
60.33
60.33
60.33
60.33
60.33
60.33
60.33
60.33
60.33
60.33
60.33
60.33
60.33
60.33
60.33
60.33
60.33
60.33
60.33
60.33
60.33
60.33
60.33
60.33
60.33
60.33
60.33
60.33
60.33
60.33
60.33
60.33
60.33
60.33
60.33
60.33
60.33
60.33
60.33
60.33
60.33
60.33
60.33
60.33
60.33
60.33
60.33
60.33
60.33
60.33
60.33
60.33
60.33
60.33
60.33
60.33
60.33
60.33
60.33
60.33
60.33
60.33
60.33
60.33
60.33
60.33
60.33
60.33
60.33
60.33
60.33
60.33
60.33
60.33
60.33
60.33
60.33
60.33
60.33
60.33
60.33
60.33
60.33
60.33
60.33
60.33
60.33
60.33
60.33
60.33
60.33
60.33
60.33
60.33
60.33
60.33
60.33
60.33
60.33
60.33
60.33
60.33
60.33
60.33
60.33
60.33
60.33
60.33
60.33
60.33
60.33
60.33
60.33
60.33
60.33
60.33
60.33
60.33
60.33
60.33
60.33
60.33
60.33
60.33
60.33
60.33
60.33
60.33
60.33
60.33
60.33
60.33
60.33
60.33
60.33
60.33
60.33
60.33
60.33
60.33
60.33
60.33
60.33
60.33
60.33
60.33
60.33
60.33
60.33
60.33
60.33
60.33
60.33
60.33
60.33
60.33
60.33
60.33
60.33
60.33
60.33
60.33
60.33
60.33
60.33
60.33
60.33
60.33
60.33
60.33
60.33
60.33
60.33
60.33
60.33
60.33
60.33
60.33
60.33
60.33
60.33
60.33
60.33
60.33
60.33
60.33
60.33
60.33
60.33
60.33
60.33
60.33
60.33
60.33
60.33
60.33
60.33
60.33
60.33
60.33
60.33
60.33
60.33
60.33
60.33
60.33
60.33
60.33
60.33
60.33
60.33
60.33
60.33
60.33
60.33
60.33
60.33
60.33
60.33
60.33
60.33
60.33
60.33
60.33
60.33
60.33
60.33
60.33
60.33
60.33
61.15
61.55
62.37
62.78
63.19
63.19
63.80
63.80
55.21
62.58
64.83
65.44
64.62
65.44
66.05
65.44
65.64
59.92
46.22
24.54
27.40
32.52
24.95
25.15
25.36
23.72
23.72
25.77
27.81
25.15
25.15
25.56
45.19
61.96
63.39
65.85
65.85
66.46
68.92
69.94
70.55
69.73
69.94
67.89
70.35
61.15
63.19
63.80
70.14
68.30
68.71
56.44
32.72
48.88
56.44
63.60
62.58
61.96
62.17
61.96
62.17
62.37
62.17
63.39
62.17
61.76
61.76
61.76
61.76
61.76
62.17
62.37
61.76
62.78
62.17
61.76
62.58
62.17
61.96
61.96
61.76
62.17
61.96
61.15
61.35
60.74
60.33
60.33
60.33
60.33
60.33
60.33
60.33
60.33
60.33
60.33
60.33
60.33
60.33
60.33
60.33
60.33
60.33
60.33
60.94
61.15
61.96
60.53
60.33
60.33
60.33
60.33
60.53
60.53
60.33
60.33
60.74
60.94
61.15
61.15
61.15
61.15
61.15
61.15
61.96
61.96
61.55
61.15
61.15
61.15
60.94
60.74
60.33
60.33
60.94
60.74
60.74
60.94
61.15
60.74
60.53
61.15
61.15
61.15
61.15
61.35
61.35
61.35
61.35
61.35
61.15
61.15
61.15
61.35
61.96
61.96
61.96
61.96
61.96
61.96
61.96
61.96
61.96
61.96
61.96
61.96
61.96
61.96
61.96
61.96
61.96
61.96
61.96
61.96
61.96
61.96
61.96
61.96
61.96
61.96
61.96
61.96
61.96
61.96
61.96
61.96
61.96
61.96
61.96
61.96
61.96
61.96
61.96
61.96
61.96
61.96
61.96
61.96
61.96
61.96
61.96
61.96
61.96
61.96
61.96
61.96
61.96
61.96
61.96
61.96
61.96
61.96
61.96
61.96
61.96
61.96
61.96
61.96
61.96
61.96
61.96
61.96
61.96
61.96
61.96
61.96
61.96
61.96
61.96
61.96
61.96
61.96
61.96
61.96
61.96
61.96
61.96
61.96
61.96
61.96
61.96
61.96
61.96
61.96
61.96
61.96
61.96
61.96
61.96
61.96
61.96
61.96
61.96
61.96
