0.00
60.53
66.05
64.83
67.89
48.47
39.88
40.08
40.08
39.88
40.29
44.38
41.10
44.38
40.29
43.97
56.65
43.76
40.08
39.88
39.88
39.88
39.88
39.88
39.88
39.88
39.67
39.67
39.67
39.67
39.88
39.67
39.67
39.67
39.67
39.88
39.88
39.67
39.88
39.67
39.67
39.88
39.88
39.88
39.88
40.70
56.65
59.71
78.32
74.64
80.78
80.78
80.98
79.14
59.30
59.30
64.83
73.82
78.73
77.30
76.69
76.69
65.03
52.35
44.38
48.67
56.85
61.15
61.15
56.85
66.05
82.41
88.14
91.21
91.41
89.98
91.41
91.21
91.21
91.62
90.39
91.41
91.00
91.62
91.21
85.07
86.71
85.89
75.05
74.23
75.46
71.78
68.30
72.60
76.48
77.51
79.35
76.28
84.66
77.91
89.37
89.37
89.37
89.37
89.37
89.37
89.37
89.37
89.37
60.33
60.33
60.33
60.33
60.33
60.33
60.33
60.33
60.33
60.33
60.33
60.33
60.33
60.33
60.33
60.33
60.33
60.33
60.33
60.33
60.33
60.33
60.33
60.33
60.33
60.33
60.33
60.33
60.33
60.33
60.33
60.33
60.33
60.33
60.33
60.33
60.33
60.33
60.33
60.33
60.33
60.33
60.33
60.33
60.33
60.33
60.33
60.33
60.33
60.33
60.33
60.33
60.33
60.33
60.33
60.33
60.33
60.33
60.33
60.33
60.33
60.33
60.33
60.33
60.33
60.33
60.33
60.33
60.33
60.33
60.33
60.33
60.33
60.33
60.33
60.33
60.33
60.33
60.33
60.33
60.33
60.33
60.33
60.33
60.33
60.33
60.33
60.33
60.33
60.33
60.33
60.33
60.33
60.33
60.33
60.33
60.33
60.33
60.33
60.33
60.33
60.33
60.33
60.33
60.33
60.33
60.33
60.33
60.33
60.33
60.33
60.33
60.33
60.33
60.33
60.33
60.33
60.33
60.33
60.33
60.33
60.33
60.33
60.33
60.33
60.33
60.33
60.33
60.33
60.33
60.33
60.33
60.33
60.33
60.33
60.33
60.33
60.33
60.33
60.33
60.33
60.33
60.33
60.33
60.33
60.33
60.33
60.33
60.33
60.33
60.33
60.33
60.33
60.33
60.33
60.33
60.33
60.33
60.33
60.33
60.33
60.33
60.33
60.33
60.33
60.33
60.33
60.33
60.33
60.33
60.33
60.33
60.33
60.33
60.33
60.33
60.33
60.33
60.33
60.33
60.33
60.33
60.33
60.33
60.33
60.33
60.33
60.33
60.33
60.33
60.33
60.33
60.33
60.33
60.33
60.33
60.33
60.33
60.33
60.33
60.33
60.33
60.33
60.33
60.33
60.33
60.33
60.33
60.33
60.33
60.33
60.33
60.33
60.33
60.33
60.33
60.33
60.33
60.33
60.33
60.33
60.33
60.33
60.33
60.33
60.33
60.33
60.33
60.33
60.33
60.33
60.33
60.33
60.33
60.33
60.33
60.33
60.33
60.33
60.33
60.33
60.33
60.33
60.33
60.33
60.33
60.33
60.33
60.33
60.33
60.33
60.33
60.33
60.33
60.33
60.33
60.33
60.33
60.33
60.33
60.33
60.33
60.33
60.33
60.33
60.33
60.33
60.33
60.33
60.33
60.33
60.33
60.33
60.33
60.33
60.33
60.33
60.33
60.33
60.33
60.33
60.33
60.33
60.33
60.33
60.33
60.33
60.33
60.33
60.33
60.33
60.33
60.33
60.33
60.33
60.33
60.33
60.33
60.33
60.33
60.33
60.33
60.33
60.33
60.33
60.33
60.33
60.33
60.33
60.33
60.33
60.33
60.33
60.33
60.33
60.33
60.33
60.33
60.33
60.33
60.33
60.33
60.33
60.33
60.33
60.33
60.33
60.33
60.33
60.33
60.33
60.33
60.33
60.33
60.33
60.33
60.33
60.33
60.33
60.33
60.33
60.33
60.33
60.33
60.33
60.33
60.33
60.33
60.33
60.33
60.33
60.33
60.33
60.33
60.33
60.33
60.33
60.33
60.33
60.33
60.33
60.33
60.33
60.33
60.33
60.33
60.33
60.33
60.33
60.33
60.33
60.33
60.33
60.33
60.33
60.33
60.33
60.33
60.33
60.33
60.33
60.33
60.33
60.33
60.33
60.33
60.33
60.33
60.33
60.33
60.33
