0.00
60.33
60.33
60.33
60.33
60.33
60.33
60.33
60.33
60.33
60.33
60.33
60.33
60.33
60.33
60.33
60.33
60.33
60.33
60.33
60.33
60.33
60.33
60.33
60.33
60.33
60.33
60.33
60.33
60.33
60.33
60.33
60.33
60.33
60.33
60.33
60.33
60.33
60.33
60.33
60.33
60.33
60.33
60.33
60.33
60.33
60.33
60.33
60.33
60.33
60.33
60.33
60.33
60.33
60.33
60.33
60.33
60.33
60.33
60.33
60.33
60.33
60.33
60.33
60.33
60.33
60.33
60.33
60.33
60.33
60.33
60.33
60.33
60.33
60.33
60.33
60.33
60.33
60.33
60.33
60.33
60.33
60.33
60.33
60.33
60.33
60.33
60.33
60.33
60.33
60.33
60.33
60.33
60.33
60.33
60.33
60.33
60.33
60.33
60.33
60.33
60.33
43.15
44.99
35.99
57.87
57.26
59.30
60.33
60.33
60.74
60.74
60.53
56.85
52.35
56.85
54.40
60.12
52.76
32.72
27.81
20.86
19.43
16.97
13.91
20.65
23.52
27.40
25.77
24.74
20.04
28.63
23.11
30.06
32.11
32.92
32.72
22.29
20.25
24.74
25.97
30.88
30.88
31.49
32.72
26.79
22.70
16.16
15.54
19.02
27.81
15.34
16.16
22.29
24.34
23.72
22.70
27.40
54.19
60.53
39.88
61.35
58.49
58.90
59.71
21.88
60.33
61.35
61.35
61.15
61.15
61.15
61.15
61.15
61.15
61.15
61.35
60.74
60.53
59.51
59.51
60.53
59.92
61.15
57.26
60.94
61.96
61.55
56.65
37.01
54.40
28.83
48.26
57.26
60.12
61.35
61.15
60.94
61.55
62.99
61.35
63.19
62.78
62.78
62.78
63.19
63.80
62.58
60.94
60.74
60.74
60.74
60.74
60.74
60.33
60.33
60.33
60.33
60.33
60.33
60.33
60.33
60.33
60.33
60.33
60.33
60.33
60.33
60.33
60.33
60.33
60.74
60.33
60.33
60.33
60.33
60.33
60.33
60.74
61.35
60.94
60.74
60.74
60.74
60.74
60.33
60.53
60.74
61.35
61.35
61.15
61.35
61.35
61.35
61.55
62.37
62.37
62.58
61.55
61.55
61.76
61.76
62.58
62.99
63.60
63.60
63.60
63.60
63.60
63.60
63.19
62.99
63.19
62.17
62.17
62.17
62.37
63.39
63.80
63.19
62.37
61.96
61.55
61.76
61.76
61.35
61.15
61.15
62.17
62.17
61.76
62.78
63.39
63.39
63.39
63.39
62.78
62.78
63.39
63.19
63.39
63.39
63.39
63.39
63.39
63.39
63.39
63.39
63.39
63.39
63.39
63.39
63.39
63.39
63.39
63.39
63.39
63.39
63.39
63.39
63.39
63.39
63.39
63.39
63.39
63.39
63.39
63.39
63.39
63.39
63.39
63.39
63.39
63.39
63.39
63.39
63.39
63.39
63.39
63.39
63.39
63.39
63.39
63.39
63.39
63.39
63.39
63.39
63.39
63.39
63.39
63.39
63.39
63.39
63.39
63.39
63.39
63.39
63.39
63.39
63.39
63.39
63.39
63.39
63.39
63.39
63.39
63.39
63.39
63.39
63.39
63.39
63.39
63.39
63.39
63.39
63.39
63.39
63.39
63.39
63.39
63.39
63.39
63.39
63.39
63.39
63.39
63.39
63.39
63.39
63.39
63.39
63.39
63.39
63.39
63.39
63.39
63.39
63.39
63.39
63.39
63.39
63.39
63.39
63.39
63.39
63.39
63.39
63.39
63.39
63.39
63.39
63.39
63.39
63.39
63.39
63.39
63.39
63.39
63.39
63.39
63.39
63.39
63.39
63.39
63.39
63.39
63.39
63.39
63.39
63.39
63.39
63.39
63.39
63.39
63.39
63.39
63.39
63.39
63.39
63.39
63.39
63.39
63.39
63.39
63.39
63.39
63.39
63.39
63.39
63.39
63.39
63.39
63.39
63.39
63.39
63.39
63.39
63.39
63.39
63.39
63.39
63.39
63.39
63.39
63.39
63.39
63.39
63.39
63.39
63.39
63.39
63.39
63.39
63.39
63.39
63.39
63.39
63.39
63.39
63.39
63.39
63.39
63.39
63.39
63.39
63.39
63.39
63.39
63.39
63.39
63.39
63.39
63.39
63.39
63.39
63.39
63.39
63.39
63.39
