0.00
0.00
39.67
39.67
39.67
39.67
39.67
39.67
39.67
39.67
39.67
39.67
39.67
39.67
39.67
39.67
39.67
39.67
39.67
39.67
39.67
39.67
39.67
39.67
39.67
39.67
39.67
39.67
39.67
39.67
39.67
39.67
39.67
39.67
39.67
39.67
39.67
39.67
39.67
39.67
39.67
39.67
39.67
39.67
39.67
39.67
39.67
39.67
39.67
39.67
39.67
39.67
39.67
39.67
39.67
39.67
39.67
39.67
39.67
39.67
39.67
39.67
39.67
39.67
39.67
39.67
39.67
39.67
39.67
39.67
39.67
39.67
39.67
39.67
39.67
39.67
39.67
39.67
39.67
39.67
39.67
39.67
39.67
39.67
39.67
39.67
39.67
39.67
39.67
39.67
39.67
39.67
39.67
39.67
39.67
39.67
39.67
39.67
39.67
39.67
39.67
39.47
39.67
39.47
39.47
39.67
39.67
40.08
49.49
40.70
40.70
40.70
40.70
40.70
44.58
45.19
45.19
42.94
38.24
38.85
38.85
39.26
39.06
39.26
39.26
44.17
39.06
39.26
39.47
39.47
43.97
40.70
41.51
39.26
39.88
39.67
39.88
45.40
56.44
56.44
57.06
44.99
45.19
50.72
50.31
50.51
46.01
59.30
62.58
58.49
54.81
64.01
66.87
59.10
57.46
58.28
50.92
61.55
64.62
66.87
66.87
75.87
75.87
77.71
82.82
73.21
82.62
85.69
86.30
86.09
85.89
85.89
85.28
83.64
84.05
84.05
87.73
88.34
88.96
88.55
88.34
85.28
86.91
84.66
87.73
87.32
87.32
88.14
88.14
87.73
87.32
88.55
86.50
86.09
85.48
84.66
85.48
83.84
79.55
79.55
76.69
82.82
83.23
82.82
82.62
82.82
83.64
82.62
81.19
80.78
80.16
79.14
78.94
79.75
78.73
76.69
75.26
73.42
75.26
73.21
74.85
74.85
75.46
76.48
77.30
79.14
76.48
75.05
77.91
77.91
79.96
80.16
79.35
79.75
79.75
80.57
82.00
82.41
82.62
83.44
83.64
82.41
82.41
82.41
82.62
80.57
79.14
78.94
81.39
81.19
81.60
81.60
81.39
82.00
81.80
81.60
81.80
81.80
82.41
81.80
81.80
82.00
82.21
82.21
84.87
84.87
84.46
84.46
84.87
84.87
85.07
84.05
84.05
82.62
83.84
83.84
83.64
83.64
83.64
83.64
80.57
83.23
83.23
80.78
80.57
78.94
79.35
78.53
80.78
81.60
81.60
83.44
83.44
80.98
80.78
82.41
82.41
83.03
83.64
83.44
84.05
84.05
84.05
84.05
84.05
84.05
84.05
84.05
84.05
84.05
84.05
84.05
84.05
84.05
84.05
84.05
84.05
84.05
84.05
84.05
84.05
84.05
84.05
84.05
84.05
84.05
84.05
84.05
84.05
84.05
84.05
84.05
84.05
84.05
84.05
84.05
84.05
84.05
84.05
84.05
84.05
84.05
84.05
84.05
84.05
84.05
84.05
84.05
84.05
84.05
84.05
84.05
84.05
84.05
84.05
84.05
84.05
84.05
84.05
84.05
84.05
84.05
84.05
84.05
84.05
84.05
84.05
84.05
84.05
84.05
84.05
84.05
84.05
84.05
84.05
84.05
84.05
84.05
84.05
84.05
84.05
84.05
84.05
84.05
84.05
84.05
84.05
84.05
84.05
84.05
84.05
84.05
84.05
84.05
84.05
84.05
84.05
84.05
84.05
84.05
84.05
84.05
84.05
84.05
84.05
84.05
84.05
84.05
84.05
84.05
84.05
84.05
84.05
84.05
84.05
84.05
84.05
84.05
84.05
84.05
84.05
84.05
84.05
84.05
84.05
84.05
84.05
84.05
84.05
84.05
84.05
84.05
84.05
84.05
84.05
84.05
84.05
84.05
84.05
84.05
84.05
84.05
84.05
84.05
84.05
84.05
84.05
84.05
84.05
84.05
84.05
84.05
84.05
84.05
84.05
84.05
84.05
84.05
84.05
84.05
84.05
84.05
84.05
84.05
84.05
84.05
84.05
84.05
84.05
84.05
84.05
84.05
84.05
84.05
84.05
84.05
84.05
84.05
84.05
84.05
84.05
84.05
84.05
84.05
84.05
84.05
84.05
84.05
84.05
84.05
84.05
84.05
84.05
84.05
84.05
84.05
84.05
84.05
84.05
84.05
