0.00
75.26
75.26
76.28
76.48
79.75
80.37
80.37
80.57
82.82
82.82
83.23
84.87
84.66
84.87
84.25
82.82
84.66
86.30
86.50
86.91
86.91
86.50
87.32
86.91
86.91
86.50
86.50
86.50
86.30
86.30
86.50
86.71
86.71
86.50
85.89
85.89
86.50
86.09
86.50
86.50
86.71
86.30
85.89
84.66
84.87
84.46
84.66
84.25
83.03
81.60
81.60
80.16
81.19
81.19
80.57
80.57
79.75
79.35
79.14
78.12
77.91
77.91
78.53
81.80
81.80
81.19
81.60
80.78
80.57
78.73
77.30
77.51
77.51
77.51
77.71
78.12
78.73
78.73
78.73
78.73
78.94
78.32
79.55
78.94
77.51
78.32
77.71
76.69
76.28
76.07
73.42
72.19
71.57
72.39
71.78
71.57
69.94
70.14
67.08
71.17
71.17
71.17
71.17
71.17
71.17
71.17
71.17
71.17
71.17
71.17
71.17
71.17
71.17
71.17
71.17
71.17
71.17
71.17
71.17
71.17
71.17
71.17
71.17
71.17
71.17
71.17
71.17
71.17
71.17
71.17
71.17
71.17
71.17
71.17
71.17
71.17
71.17
71.17
71.17
71.17
71.17
71.17
71.17
71.17
71.17
71.17
71.17
71.17
71.17
71.17
71.17
71.17
71.17
71.17
71.17
71.17
71.17
71.17
71.17
71.17
71.17
71.17
71.17
71.17
71.17
71.17
71.17
71.17
71.17
71.17
71.17
71.17
71.17
71.17
71.17
71.17
71.17
71.17
71.17
71.17
71.17
71.17
71.17
71.17
71.17
71.17
71.17
71.17
71.17
71.17
71.17
71.17
71.17
71.17
71.17
71.17
71.17
71.17
71.17
71.17
71.17
71.17
71.17
71.17
71.17
71.17
71.17
71.17
71.17
71.17
71.17
71.17
71.17
71.17
71.17
71.17
71.17
71.17
71.17
71.17
71.17
71.17
71.17
71.17
71.17
71.17
71.17
71.17
71.17
71.17
71.17
71.17
71.17
71.17
71.17
71.17
71.17
71.17
71.17
71.17
71.17
71.17
71.17
71.17
71.17
71.17
71.17
71.17
71.17
71.17
60.33
60.33
60.33
60.33
60.33
60.33
60.33
60.33
60.33
60.33
60.33
60.33
60.33
60.33
60.33
60.33
60.33
60.33
60.33
60.33
60.33
60.33
60.33
60.33
60.33
60.33
60.33
60.33
60.33
60.33
60.33
60.33
60.33
60.33
60.33
60.33
60.33
60.33
60.33
60.33
60.33
60.33
60.33
60.33
60.33
60.33
60.33
60.33
60.33
60.33
60.33
60.33
60.33
60.33
60.33
60.33
60.33
60.33
60.33
60.33
60.33
60.33
60.33
60.33
60.33
60.33
60.33
60.33
60.33
60.33
60.33
60.33
60.33
60.33
60.33
60.33
60.33
60.33
60.33
60.33
60.33
60.33
60.33
60.33
60.33
60.33
60.33
60.33
60.33
60.33
60.33
60.33
60.33
60.33
60.33
60.33
60.33
60.33
60.33
60.33
60.33
60.33
60.33
60.33
60.33
60.33
60.33
60.33
60.33
60.33
60.33
60.33
60.33
60.33
60.33
60.33
60.33
60.33
60.33
60.33
60.33
60.33
60.33
60.33
60.33
60.33
60.33
60.33
60.33
60.33
60.33
60.33
60.33
60.33
60.33
60.33
60.33
60.33
60.33
60.33
60.33
60.33
60.33
60.33
60.33
60.33
60.33
60.33
60.33
60.33
60.33
60.33
60.33
60.33
60.33
60.33
60.33
60.33
60.33
60.33
60.33
60.33
60.33
60.33
60.33
60.33
60.33
60.33
60.33
60.33
60.33
60.33
60.33
60.33
60.33
60.33
60.33
60.33
60.33
60.33
60.33
60.33
60.33
60.33
60.33
60.33
60.33
60.33
60.33
60.33
60.33
60.33
60.33
60.33
60.33
60.33
60.33
60.33
60.33
60.33
60.33
60.33
60.33
60.33
60.33
60.33
60.33
60.33
60.33
60.33
60.33
60.33
60.33
60.33
60.33
60.33
60.33
60.33
60.33
60.33
60.33
60.33
60.33
60.33
60.33
60.33
60.33
60.33
60.33
60.33
60.33
60.33
60.33
60.33
60.33
60.33
60.33
60.33
60.33
60.33
60.33
60.33
60.33
60.33
60.33
60.33
60.33
60.33
60.33
