0.00
0.62
0.62
0.62
0.62
0.62
0.62
0.62
0.62
0.61
0.62
0.62
0.62
0.62
0.61
0.62
0.62
0.62
0.62
0.62
0.62
0.62
0.62
0.62
0.62
0.62
0.62
0.62
0.61
0.61
0.62
0.61
0.61
0.61
0.61
0.61
0.61
0.60
0.61
0.61
0.61
0.61
0.61
0.61
0.61
0.61
0.62
0.61
0.62
0.62
0.62
0.62
0.62
0.62
0.62
0.62
0.62
0.62
0.62
0.62
0.62
0.62
0.62
0.62
0.61
0.61
0.62
0.62
0.61
0.61
0.61
0.62
0.62
0.62
0.62
0.62
0.62
0.62
0.62
0.62
0.62
0.62
0.62
0.62
0.62
0.62
0.62
0.62
0.62
0.62
0.62
0.62
0.62
0.62
0.62
0.62
0.62
0.63
0.63
0.63
0.63
0.63
0.63
0.63
0.63
0.63
0.63
0.63
0.63
0.63
0.63
0.63
0.63
0.63
0.63
0.63
0.63
0.63
0.63
0.63
0.63
0.63
0.63
0.63
0.63
0.63
0.63
0.63
0.63
0.63
0.63
0.63
0.63
0.63
0.63
0.63
0.63
0.63
0.63
0.63
0.63
0.63
0.63
0.63
0.63
0.63
0.63
0.63
0.63
0.63
0.63
0.63
0.63
0.63
0.63
0.63
0.63
0.63
0.63
0.63
0.63
0.63
0.63
0.63
0.63
0.63
0.63
0.63
0.63
0.63
0.63
0.63
0.63
0.63
0.63
0.63
0.63
0.63
0.63
0.63
0.63
0.63
0.63
0.63
0.63
0.63
0.63
0.63
0.63
0.63
0.63
0.63
0.63
0.63
0.63
0.63
0.63
0.63
0.63
0.63
0.63
0.63
0.63
0.63
0.63
0.63
0.63
0.63
0.63
0.63
0.63
0.63
0.63
0.63
0.63
0.63
0.63
0.63
0.63
0.63
0.63
0.63
0.63
0.63
0.63
0.63
0.63
0.63
0.63
0.63
0.63
0.63
0.63
0.63
0.63
0.63
0.63
0.63
0.63
0.63
0.63
0.63
0.63
0.63
0.63
0.63
0.63
0.63
0.63
0.63
0.63
0.78
0.78
0.78
0.78
0.78
0.78
0.78
0.78
0.78
0.78
0.78
0.78
0.78
0.78
0.78
0.78
0.78
0.78
0.78
0.78
0.78
0.78
0.78
0.78
0.78
0.78
0.78
0.78
0.78
0.78
0.78
0.78
0.78
0.78
0.78
0.78
0.78
0.78
0.78
0.78
0.78
0.78
0.78
0.78
0.78
0.78
0.78
0.78
0.78
0.78
0.60
0.61
0.62
0.62
0.62
0.62
0.62
0.63
0.63
0.63
0.63
0.63
0.63
0.63
0.63
0.63
0.63
0.63
0.62
0.62
0.62
0.61
0.61
0.61
0.61
0.60
0.60
0.60
0.59
0.57
0.58
0.61
0.60
0.61
0.59
0.59
0.59
0.60
0.61
0.61
0.61
0.59
0.62
0.61
0.61
0.62
0.62
0.62
0.60
0.59
0.59
0.57
0.60
0.60
0.61
0.61
0.62
0.62
0.62
0.63
0.63
0.63
0.62
0.62
0.62
0.62
0.61
0.61
0.61
0.61
0.60
0.60
0.62
0.62
0.62
0.63
0.63
0.62
0.63
0.62
0.62
0.62
0.62
0.60
0.61
0.61
0.62
0.62
0.62
0.61
0.61
0.63
0.62
0.62
0.61
0.63
0.63
0.63
0.63
0.63
0.32
0.32
0.33
0.33
0.33
0.32
0.32
0.33
0.34
0.33
0.33
0.33
0.33
0.33
0.33
0.33
0.33
0.33
0.33
0.33
0.33
0.32
0.32
0.32
0.32
0.31
0.30
0.30
0.31
0.31
0.31
0.32
0.32
0.32
0.31
0.31
0.31
0.31
0.31
0.31
0.32
0.31
0.31
0.31
0.30
0.30
0.30
0.30
0.30
0.31
0.31
0.31
0.31
0.31
0.30
0.31
0.31
0.31
0.31
0.30
0.30
0.30
0.30
0.30
0.30
0.29
0.30
0.30
0.30
0.30
0.30
0.30
0.30
0.30
0.29
0.29
0.29
0.29
0.29
0.29
0.30
0.29
0.30
0.29
0.29
0.29
0.29
0.29
0.29
0.29
0.29
0.29
0.29
0.29
0.29
0.29
0.28
0.29
0.29
