0.00
0.63
0.63
0.63
0.63
0.63
0.63
0.63
0.63
0.63
0.63
0.63
0.63
0.63
0.63
0.63
0.63
0.63
0.63
0.63
0.63
0.63
0.64
0.64
0.63
0.67
0.64
0.64
0.68
0.66
0.64
0.85
0.85
0.63
0.63
0.63
0.63
0.63
0.63
0.63
0.63
0.63
0.63
0.63
0.63
0.63
0.63
0.63
0.63
0.63
0.63
0.63
0.63
0.63
0.63
0.63
0.63
0.63
0.63
0.63
0.63
0.63
0.63
0.63
0.63
0.63
0.63
0.63
0.63
0.63
0.63
0.63
0.63
0.63
0.63
0.63
0.63
0.63
0.63
0.63
0.63
0.63
0.63
0.63
0.63
0.63
0.63
0.63
0.63
0.63
0.63
0.63
0.63
0.63
0.63
0.63
0.63
0.63
0.63
0.63
0.63
0.78
0.78
0.78
0.78
0.78
0.78
0.78
0.78
0.78
0.78
0.78
0.78
0.78
0.78
0.78
0.78
0.78
0.78
0.78
0.78
0.78
0.78
0.78
0.78
0.78
0.78
0.78
0.78
0.78
0.78
0.78
0.78
0.78
0.78
0.78
0.78
0.78
0.78
0.78
0.78
0.78
0.78
0.78
0.78
0.78
0.78
0.78
0.78
0.78
0.78
0.78
0.78
0.78
0.78
0.78
0.78
0.78
0.78
0.78
0.78
0.78
0.78
0.78
0.78
0.78
0.78
0.78
0.78
0.78
0.78
0.78
0.77
0.78
0.78
0.78
0.78
0.78
0.78
0.78
0.78
0.78
0.78
0.78
0.78
0.78
0.78
0.78
0.78
0.78
0.78
0.78
0.78
0.78
0.78
0.78
0.78
0.78
0.78
0.78
0.78
0.47
0.48
0.45
0.45
0.45
0.45
0.47
0.50
0.50
0.52
0.57
0.57
0.57
0.60
0.61
0.61
0.62
0.62
0.62
0.62
0.62
0.62
0.62
0.62
0.61
0.62
0.62
0.60
0.60
0.60
0.59
0.60
0.61
0.62
0.61
0.61
0.61
0.59
0.56
0.57
0.61
0.62
0.60
0.56
0.56
0.57
0.59
0.57
0.57
0.58
0.60
0.60
0.60
0.57
0.57
0.57
0.58
0.60
0.60
0.61
0.59
0.60
0.60
0.58
0.58
0.61
0.59
0.59
0.59
0.58
0.60
0.60
0.61
0.61
0.61
0.62
0.62
0.63
0.63
0.63
0.63
0.63
0.63
0.63
0.62
0.63
0.63
0.62
0.63
0.63
0.63
0.63
0.63
0.63
0.63
0.63
0.63
0.62
0.62
0.62
0.39
0.39
0.40
0.41
0.40
0.39
0.39
0.39
0.38
0.40
0.40
0.42
0.40
0.38
0.37
0.36
0.36
0.36
0.34
0.34
0.35
0.34
0.34
0.34
0.33
0.33
0.33
0.34
0.34
0.34
0.34
0.34
0.34
0.34
0.34
0.34
0.34
0.34
0.35
0.35
0.36
0.34
0.34
0.34
0.34
0.34
0.34
0.34
0.34
0.34
0.34
0.34
0.37
0.37
0.37
0.37
0.38
0.37
0.37
0.37
0.35
0.34
0.34
0.34
0.34
0.34
0.33
0.33
0.34
0.33
0.33
0.33
0.34
0.34
0.35
0.34
0.34
0.34
0.34
0.34
0.33
0.33
0.32
0.32
0.32
0.32
0.32
0.33
0.33
0.32
0.32
0.32
0.32
0.32
0.32
0.32
0.32
0.32
0.32
0.32
0.32
0.32
0.32
0.32
0.32
0.32
0.32
0.32
0.32
0.32
0.32
0.32
0.32
0.32
0.32
0.32
0.32
0.32
0.32
0.32
0.32
0.32
0.32
0.32
0.32
0.32
0.32
0.32
0.32
0.32
0.32
0.32
0.32
0.32
0.32
0.32
0.32
0.32
0.32
0.32
0.32
0.32
0.32
0.32
0.32
0.32
0.32
0.32
0.32
0.32
0.32
0.32
0.32
0.32
0.32
0.32
0.32
0.32
0.32
0.32
0.32
0.32
0.32
0.32
0.32
0.32
0.32
0.32
0.32
0.32
0.32
0.32
0.32
0.32
0.32
0.32
0.32
0.32
0.32
0.32
0.32
0.32
0.32
0.32
0.32
0.32
0.32
0.32
0.32
0.32
0.32
0.32
0.32
0.32
0.32
0.32
0.32
0.32
0.32
