0.00
0.91
0.95
0.92
0.92
0.89
0.88
0.89
0.90
0.90
0.91
0.94
0.93
0.93
0.90
0.93
0.95
0.95
0.94
0.94
0.93
0.90
0.89
0.83
0.83
0.79
0.80
0.80
0.79
0.79
0.79
0.79
0.78
0.79
0.79
0.79
0.79
0.78
0.78
0.78
0.79
0.78
0.79
0.79
0.79
0.80
0.81
0.82
0.84
0.83
0.88
0.82
0.84
0.82
0.80
0.80
0.80
0.81
0.81
0.82
0.82
0.82
0.82
0.82
0.80
0.79
0.80
0.79
0.79
0.79
0.79
0.82
0.83
0.87
0.90
0.91
0.89
0.91
0.92
0.88
0.88
0.88
0.87
0.87
0.88
0.93
0.93
0.91
0.68
0.75
0.73
0.64
0.63
0.63
0.66
0.70
0.69
0.69
0.72
0.66
0.84
0.63
0.63
0.63
0.63
0.63
0.63
0.63
0.63
0.63
0.63
0.63
0.63
0.63
0.63
0.63
0.63
0.63
0.63
0.63
0.63
0.63
0.63
0.63
0.63
0.63
0.63
0.63
0.63
0.63
0.63
0.63
0.63
0.63
0.63
0.63
0.63
0.63
0.63
0.62
0.63
0.62
0.62
0.62
0.62
0.62
0.62
0.63
0.63
0.62
0.62
0.62
0.62
0.62
0.62
0.62
0.62
0.62
0.62
0.63
0.62
0.63
0.63
0.63
0.63
0.63
0.63
0.63
0.63
0.63
0.63
0.63
0.63
0.63
0.63
0.63
0.62
0.62
0.62
0.62
0.62
0.62
0.62
0.62
0.61
0.61
0.61
0.61
0.61
0.61
0.61
0.61
0.60
0.60
0.60
0.61
0.60
0.60
0.61
0.57
0.60
0.60
0.60
0.60
0.60
0.60
0.60
0.60
0.60
0.60
0.60
0.60
0.60
0.60
0.60
0.60
0.60
0.60
0.60
0.60
0.60
0.60
0.60
0.60
0.60
0.60
0.60
0.60
0.60
0.60
0.60
0.60
0.60
0.60
0.60
0.60
0.60
0.60
0.60
0.60
0.60
0.60
0.60
0.60
0.60
0.60
0.60
0.60
0.60
0.60
0.60
0.63
0.63
0.63
0.63
0.63
0.63
0.63
0.63
0.63
0.63
0.63
0.63
0.63
0.63
0.63
0.63
0.63
0.63
0.63
0.63
0.63
0.63
0.63
0.63
0.63
0.63
0.63
0.63
0.63
0.63
0.63
0.63
0.63
0.63
0.63
0.63
0.63
0.63
0.63
0.63
0.63
0.63
0.63
0.63
0.63
0.63
0.63
0.63
0.63
0.63
0.78
0.78
0.78
0.78
0.78
0.78
0.78
0.78
0.78
0.78
0.78
0.78
0.78
0.77
0.78
0.78
0.78
0.78
0.78
0.77
0.78
0.77
0.77
0.77
0.77
0.77
0.78
0.77
0.77
0.77
0.77
0.77
0.77
0.77
0.77
0.77
0.77
0.77
0.77
0.77
0.77
0.77
0.77
0.77
0.77
0.77
0.77
0.77
0.77
0.77
0.77
0.77
0.76
0.69
0.68
0.68
0.61
0.56
0.56
0.56
0.56
0.56
0.56
0.58
0.56
0.56
0.56
0.56
0.56
0.55
0.55
0.51
0.48
0.49
0.47
0.47
0.45
0.48
0.46
0.48
0.47
0.48
0.49
0.49
0.47
0.47
0.49
0.49
0.51
0.52
0.54
0.48
0.49
0.46
0.49
0.46
0.46
0.48
0.48
0.46
0.63
0.63
0.63
0.63
0.63
0.63
0.63
0.63
0.63
0.63
0.63
0.63
0.63
0.63
0.63
0.63
0.63
0.63
0.63
0.63
0.62
0.62
0.62
0.62
0.62
0.60
0.59
0.59
0.59
0.58
0.59
0.60
0.60
0.60
0.60
0.60
0.60
0.59
0.55
0.56
0.58
0.55
0.55
0.55
0.56
0.54
0.55
0.55
0.54
0.56
0.55
0.56
0.53
0.54
0.55
0.55
0.56
0.56
0.56
0.53
0.53
0.55
0.54
0.53
0.53
0.54
0.56
0.56
0.56
0.54
0.54
0.54
0.57
0.56
0.55
0.55
0.54
0.55
0.56
0.56
0.59
0.59
0.58
0.59
0.59
0.59
0.58
0.56
0.57
0.60
0.61
0.61
0.60
0.60
0.58
0.61
0.61
0.61
0.60
