0.00
0.00
0.78
0.78
0.78
0.78
0.78
0.78
0.78
0.78
0.78
0.78
0.78
0.78
0.78
0.78
0.78
0.78
0.78
0.78
0.78
0.78
0.78
0.78
0.78
0.78
0.78
0.78
0.78
0.78
0.78
0.78
0.78
0.78
0.78
0.78
0.78
0.78
0.78
0.78
0.78
0.78
0.78
0.78
0.78
0.78
0.78
0.78
0.78
0.78
0.78
0.78
0.78
0.78
0.78
0.78
0.78
0.78
0.78
0.78
0.78
0.78
0.78
0.78
0.78
0.78
0.78
0.78
0.78
0.78
0.78
0.78
0.78
0.78
0.78
0.78
0.78
0.78
0.78
0.78
0.78
0.78
0.78
0.78
0.78
0.78
0.78
0.78
0.78
0.78
0.78
0.78
0.78
0.78
0.78
0.78
0.78
0.78
0.78
0.78
0.78
0.78
0.78
0.78
0.78
0.78
0.78
0.77
0.71
0.77
0.77
0.77
0.77
0.77
0.74
0.74
0.74
0.76
0.79
0.78
0.78
0.78
0.78
0.78
0.78
0.75
0.78
0.78
0.78
0.78
0.75
0.77
0.76
0.78
0.78
0.78
0.78
0.74
0.66
0.66
0.66
0.74
0.74
0.70
0.70
0.70
0.73
0.64
0.61
0.64
0.67
0.60
0.58
0.64
0.65
0.65
0.70
0.62
0.59
0.58
0.58
0.49
0.49
0.47
0.41
0.52
0.42
0.38
0.37
0.37
0.38
0.38
0.38
0.40
0.40
0.40
0.35
0.34
0.33
0.34
0.34
0.38
0.36
0.39
0.35
0.36
0.36
0.34
0.34
0.35
0.36
0.34
0.37
0.37
0.38
0.39
0.38
0.40
0.45
0.45
0.48
0.41
0.41
0.41
0.42
0.41
0.40
0.42
0.43
0.44
0.45
0.46
0.46
0.45
0.46
0.48
0.50
0.52
0.50
0.52
0.50
0.50
0.50
0.48
0.48
0.46
0.48
0.50
0.47
0.47
0.45
0.45
0.45
0.45
0.45
0.44
0.42
0.42
0.42
0.41
0.40
0.42
0.42
0.42
0.42
0.44
0.46
0.46
0.43
0.43
0.43
0.43
0.43
0.42
0.43
0.43
0.43
0.43
0.42
0.43
0.43
0.42
0.42
0.42
0.39
0.39
0.39
0.39
0.39
0.39
0.39
0.40
0.40
0.42
0.40
0.40
0.40
0.40
0.40
0.40
0.44
0.41
0.41
0.44
0.44
0.46
0.45
0.46
0.44
0.43
0.43
0.41
0.41
0.44
0.44
0.42
0.42
0.41
0.40
0.41
0.40
0.40
0.40
0.40
0.40
0.40
0.40
0.40
0.40
0.40
0.40
0.40
0.40
0.40
0.40
0.40
0.40
0.40
0.40
0.40
0.40
0.40
0.40
0.40
0.40
0.40
0.40
0.40
0.40
0.40
0.40
0.40
0.40
0.40
0.40
0.40
0.40
0.40
0.40
0.40
0.40
0.40
0.40
0.40
0.40
0.40
0.40
0.40
0.40
0.40
0.40
0.40
0.40
0.40
0.40
0.40
0.40
0.40
0.40
0.40
0.40
0.40
0.40
0.40
0.40
0.40
0.40
0.40
0.40
0.40
0.40
0.40
0.40
0.40
0.40
0.40
0.40
0.40
0.40
0.40
0.40
0.40
0.40
0.40
0.40
0.40
0.40
0.40
0.40
0.40
0.40
0.40
0.40
0.40
0.40
0.40
0.40
0.40
0.40
0.40
0.40
0.40
0.40
0.40
0.40
0.40
0.40
0.40
0.40
0.40
0.40
0.40
0.40
0.40
0.40
0.40
0.40
0.40
0.40
0.40
0.40
0.40
0.40
0.40
0.40
0.40
0.40
0.40
0.40
0.40
0.40
0.40
0.40
0.40
0.40
0.40
0.40
0.40
0.40
0.40
0.40
0.40
0.40
0.40
0.40
0.40
0.40
0.40
0.40
0.40
0.40
0.40
0.40
0.40
0.40
0.40
0.40
0.40
0.40
0.40
0.40
0.40
0.40
0.40
0.40
0.40
0.40
0.40
0.40
0.40
0.40
0.40
0.40
0.40
0.40
0.40
0.40
0.40
0.40
0.40
0.40
0.40
0.40
0.40
0.40
0.40
0.40
0.40
0.40
0.40
0.40
0.40
0.40
0.40
0.40
0.40
0.40
0.40
0.40
0.40
