-100.0000 -100.0000
-342.4879 0.0000
-342.0325 0.0000
-341.7263 0.0000
-342.1443 0.0000
-341.7609 0.0000
-341.3753 0.0000
-341.4022 0.0000
-341.4470 0.0000
-341.6712 0.0000
-341.5022 0.0000
-342.2075 0.0000
-341.2222 0.0000
-340.8265 0.0000
-340.7410 0.0000
-339.6558 0.0000
-340.7847 0.0000
-341.5576 0.0000
-341.6197 0.0000
-341.4522 0.0000
-342.0069 0.0000
-342.4326 0.0000
-342.5765 0.0000
-342.4517 0.0000
-342.7219 0.0000
-342.1523 0.0000
-342.5326 0.0000
-342.7401 0.0000
-342.8152 0.0000
-342.3985 0.0000
-342.4467 0.0000
-342.7537 0.0000
-342.6072 0.0000
-342.4877 0.0000
-342.5799 0.0000
-343.0016 0.0000
-342.5774 0.0000
-342.8330 0.0000
-342.9171 0.0000
-342.7160 0.0000
-342.8148 0.0000
-343.2749 0.0000
-342.8496 0.0000
-342.6951 0.0000
-342.2260 0.0000
-342.3269 0.0000
-342.1445 0.0000
-342.6178 0.0000
-342.1209 0.0000
-341.8339 0.0000
-341.5277 0.0000
-341.1176 0.0000
-340.6218 0.0000
-339.3796 0.0000
-339.9535 0.0000
-340.4569 0.0000
-340.9428 0.0000
-340.4181 0.0000
-340.4408 0.0000
-340.4369 0.0000
-341.3828 0.0000
-340.9594 0.0000
-340.6894 0.0000
-340.5883 0.0000
-340.6122 0.0000
-339.8152 0.0000
-339.5813 0.0000
-339.1778 0.0000
-339.5931 0.0000
-339.0377 0.0000
-339.8853 0.0000
-339.8555 0.0000
-338.9625 0.0000
-338.7420 0.0000
-338.5096 0.0000
-338.9988 0.0000
-339.4126 0.0000
-340.4893 0.0000
-342.1409 0.0000
-339.7989 0.0000
-338.4152 0.0000
-337.2739 0.0000
-336.5345 0.0000
-335.6223 0.0000
-334.7617 0.0000
-335.2314 0.0000
-334.6630 0.0000
-334.5763 0.0000
-335.2232 0.0000
-335.1107 0.0000
-335.7300 0.0000
-336.4842 0.0000
-335.2313 0.0000
-336.0625 0.0000
-336.6173 0.0000
-337.3756 0.0000
-336.3818 0.0000
-336.8288 0.0000
-336.1720 0.0000
-336.8376 0.0000
-336.7452 0.0000
-333.3594 0.0000
-333.3645 0.0000
-333.2234 0.0000
-334.0304 0.0000
-333.7587 0.0000
-334.3984 0.0000
-335.0474 0.0000
-334.9760 0.0000
-333.9036 0.0000
-333.9905 0.0000
-334.6870 0.0000
-334.2324 0.0000
-334.1801 0.0000
-335.2561 0.0000
-334.2807 0.0000
-333.2557 0.0000
-332.0434 0.0000
-332.2282 0.0000
-331.6832 0.0000
-331.8896 0.0000
-331.3629 0.0000
-331.6922 0.0000
-331.7123 0.0000
-332.1455 0.0000
-332.9961 0.0000
-333.5384 0.0000
-333.4545 0.0000
-334.2411 0.0000
-333.0939 0.0000
-333.1965 0.0000
-333.2049 0.0000
-332.4068 0.0000
-333.1239 0.0000
-333.5075 0.0000
-334.2852 0.0000
-333.2713 0.0000
-333.6676 0.0000
-333.9349 0.0000
-333.3055 0.0000
-332.7235 0.0000
-333.5198 0.0000
-334.1783 0.0000
-334.7189 0.0000
-334.2958 0.0000
-334.7493 0.0000
-333.6554 0.0000
-333.7491 0.0000
-333.4554 0.0000
-333.1170 0.0000
-332.7915 0.0000
-333.5323 0.0000
-332.9535 0.0000
-332.9496 0.0000
-334.1036 0.0000
-333.5269 0.0000
-334.4383 0.0000
-333.9704 0.0000
-333.8765 0.0000
-333.9183 0.0000
-334.5309 0.0000
-335.5000 0.0000
-334.3553 0.0000
-333.9683 0.0000
-334.9665 0.0000
-333.4146 0.0000
-333.9191 0.0000
-334.6826 0.0000
-334.2275 0.0000
-334.3618 0.0000
-334.7989 0.0000
-333.6310 0.0000
-333.2931 0.0000
-333.4900 0.0000
-332.5543 0.0000
-332.5606 0.0000
-332.9596 0.0000
-331.8844 0.0000
-332.1193 0.0000
-332.1013 0.0000
-331.4890 0.0000
-332.4425 0.0000
-332.9754 0.0000
-332.5846 0.0000
-333.3659 0.0000
-332.7520 0.0000
-333.6577 0.0000
-332.9287 0.0000
-333.1836 0.0000
-332.7678 0.0000
-332.2620 0.0000
-331.3394 0.0000
-330.6398 0.0000
-331.7935 0.0000
-332.1750 0.0000
-332.7159 0.0000
-332.8314 0.0000
-332.2134 0.0000
-332.9204 0.0000
-332.3512 0.0000
-332.1495 0.0000
-317.1250 0.0000
-318.9309 0.0000
-318.2439 0.0000
-317.3515 0.0000
-317.6708 0.0000
-318.4349 0.0000
-316.6825 0.0000
-317.7289 0.0000
-317.1047 0.0000
-316.0289 0.0000
-315.9861 0.0000
-315.2443 0.0000
-317.5073 0.0000
-314.6589 0.0000
-314.5639 0.0000
-315.1918 0.0000
-315.4345 0.0000
-314.8806 0.0000
-312.6733 0.0000
-312.9363 0.0000
-313.9292 0.0000
-312.2205 0.0000
-312.0289 0.0000
-313.3926 0.0000
-313.5439 0.0000
-313.2829 0.0000
-313.1976 0.0000
-313.3500 0.0000
-313.1817 0.0000
-312.3229 0.0000
-312.3064 0.0000
-310.0880 0.0000
-309.7987 0.0000
-311.3924 0.0000
-308.6210 0.0000
-310.3038 0.0000
-310.6455 0.0000
-309.9656 0.0000
-309.7066 0.0000
-308.3064 0.0000
-309.2809 0.0000
-308.8118 0.0000
-309.2708 0.0000
-308.3760 0.0000
-308.1541 0.0000
-308.1981 0.0000
-307.5996 0.0000
-307.7191 0.0000
-307.6369 0.0000
-307.1994 0.0000
-308.1777 0.0000
-307.2847 0.0000
-307.5304 0.0000
-308.3992 0.0000
-308.4209 0.0000
-307.3591 0.0000
-307.6282 0.0000
-307.2232 0.0000
-307.8522 0.0000
-306.6360 0.0000
-306.9083 0.0000
-307.4328 0.0000
-306.8771 0.0000
-306.5332 0.0000
-307.0695 0.0000
-305.3654 0.0000
-304.3356 0.0000
-305.5144 0.0000
-303.8171 0.0000
-303.7001 0.0000
-303.1964 0.0000
-303.2490 0.0000
-303.1762 0.0000
-303.2221 0.0000
-303.0376 0.0000
-302.6120 0.0000
-302.0724 0.0000
-301.5047 0.0000
-302.3699 0.0000
-302.1754 0.0000
-303.5792 0.0000
-301.2996 0.0000
-301.0687 0.0000
-302.8036 0.0000
-300.8027 0.0000
-300.6281 0.0000
-299.3324 0.0000
-297.8707 0.0000
-297.6007 0.0000
-296.1655 0.0000
-295.9213 0.0000
-296.7393 0.0000
-297.3710 0.0000
-297.4484 0.0000
-296.0775 0.0000
-296.5239 0.0000
-294.7629 0.0000
-294.8932 0.0000
-295.0216 0.0000
-294.3700 0.0000
-327.6200 0.0000
-328.1125 0.0000
-327.7818 0.0000
-327.3091 0.0000
-327.0530 0.0000
-327.7837 0.0000
-327.4930 0.0000
-327.6655 0.0000
-326.7934 0.0000
-326.9293 0.0000
-326.5927 0.0000
-327.1153 0.0000
-327.8754 0.0000
-326.4145 0.0000
-327.1718 0.0000
-326.6153 0.0000
-326.2472 0.0000
-327.5919 0.0000
-327.0202 0.0000
-327.4596 0.0000
-327.2243 0.0000
-326.9660 0.0000
-327.3991 0.0000
-326.9926 0.0000
-326.9601 0.0000
-326.8268 0.0000
-326.5897 0.0000
-327.1676 0.0000
-327.7401 0.0000
-327.0341 0.0000
-327.2660 0.0000
-327.4120 0.0000
-327.4305 0.0000
-325.9451 0.0000
-327.1686 0.0000
-326.6472 0.0000
-326.8728 0.0000
-327.0040 0.0000
-326.6895 0.0000
-327.0657 0.0000
-326.7895 0.0000
-325.9488 0.0000
-326.9443 0.0000
-327.0254 0.0000
-327.5348 0.0000
-326.6406 0.0000
-328.1338 0.0000
-327.6860 0.0000
-326.9839 0.0000
-327.8474 0.0000
-326.8654 0.0000
-327.3751 0.0000
-327.3077 0.0000
-327.1095 0.0000
-327.4604 0.0000
-326.6269 0.0000
-326.9922 0.0000
-327.1665 0.0000
-327.4129 0.0000
-327.2441 0.0000
-327.1402 0.0000
-327.7959 0.0000
-326.7058 0.0000
-327.0617 0.0000
-326.8776 0.0000
-326.8110 0.0000
-326.8035 0.0000
-326.5191 0.0000
-327.8994 0.0000
-326.7534 0.0000
-327.5525 0.0000
-327.2224 0.0000
-326.7783 0.0000
-327.7638 0.0000
-326.9724 0.0000
-327.5739 0.0000
-326.4098 0.0000
-327.7117 0.0000
-327.5879 0.0000
-327.4249 0.0000
-327.5692 0.0000
-326.7981 0.0000
-326.7647 0.0000
-328.1845 0.0000
-327.8632 0.0000
-327.4348 0.0000
-326.7919 0.0000
-327.0641 0.0000
-326.8964 0.0000
-327.2884 0.0000
-327.0040 0.0000
-327.0198 0.0000
-327.5457 0.0000
-326.8795 0.0000
-327.5148 0.0000
-327.3457 0.0000
-327.4845 0.0000
-327.0392 0.0000
-327.1936 0.0000
-327.4525 0.0000
-307.1173 0.0000
-307.1001 0.0000
-307.4978 0.0000
-306.2583 0.0000
-306.3422 0.0000
-307.3912 0.0000
-307.5176 0.0000
-306.5396 0.0000
-307.4122 0.0000
-306.6171 0.0000
-306.9548 0.0000
-306.9837 0.0000
-306.9519 0.0000
-307.5417 0.0000
-306.3718 0.0000
-306.7307 0.0000
-307.4611 0.0000
-307.3214 0.0000
-307.9238 0.0000
-307.1492 0.0000
-307.5666 0.0000
-306.9582 0.0000
-307.4468 0.0000
-307.0960 0.0000
-306.8636 0.0000
-306.9975 0.0000
-307.3357 0.0000
-306.8675 0.0000
-306.9562 0.0000
-306.4456 0.0000
-307.1307 0.0000
-306.9290 0.0000
-307.1226 0.0000
-308.4158 0.0000
-307.1785 0.0000
-307.3156 0.0000
-306.0873 0.0000
-308.1711 0.0000
-306.7695 0.0000
-306.7312 0.0000
-308.1679 0.0000
-306.8270 0.0000
-306.4800 0.0000
-307.8181 0.0000
-307.0912 0.0000
-308.0963 0.0000
-306.3511 0.0000
-306.1504 0.0000
-307.1677 0.0000
-307.1876 0.0000
-308.2643 0.0000
-306.3740 0.0000
-307.9915 0.0000
-306.9967 0.0000
-307.1247 0.0000
-306.4980 0.0000
-306.8276 0.0000
-307.7378 0.0000
-306.2570 0.0000
-306.6023 0.0000
-306.8441 0.0000
-307.2680 0.0000
-306.7059 0.0000
-307.0816 0.0000
-308.5174 0.0000
-307.5898 0.0000
-307.4638 0.0000
-306.3116 0.0000
-306.7501 0.0000
-307.3947 0.0000
-306.4552 0.0000
-306.6450 0.0000
-308.1113 0.0000
-307.3813 0.0000
-307.3249 0.0000
-306.9373 0.0000
-307.9718 0.0000
-307.1594 0.0000
-307.5529 0.0000
-308.1244 0.0000
-307.5877 0.0000
-306.9498 0.0000
-306.3893 0.0000
-306.8353 0.0000
-307.6237 0.0000
-307.2466 0.0000
-306.4522 0.0000
-307.1732 0.0000
-306.7768 0.0000
-306.8319 0.0000
-307.3750 0.0000
-306.9683 0.0000
-307.8059 0.0000
-307.0780 0.0000
-306.4111 0.0000
-307.6840 0.0000
-307.2564 0.0000
-307.8443 0.0000
-307.2048 0.0000
