-100.0000 -100.0000
-335.6525 0.0000
-334.8616 0.0000
-335.4559 0.0000
-335.0607 0.0000
-334.9305 0.0000
-335.1076 0.0000
-334.4204 0.0000
-333.8065 0.0000
-333.4629 0.0000
-333.6570 0.0000
-333.6108 0.0000
-333.4142 0.0000
-333.6526 0.0000
-333.8048 0.0000
-333.2546 0.0000
-333.3735 0.0000
-334.1975 0.0000
-334.5129 0.0000
-334.3489 0.0000
-334.1406 0.0000
-333.4429 0.0000
-333.0752 0.0000
-332.8303 0.0000
-332.6616 0.0000
-333.7836 0.0000
-333.2550 0.0000
-333.8567 0.0000
-334.5373 0.0000
-334.6678 0.0000
-334.6855 0.0000
-334.7868 0.0000
-334.9185 0.0000
-335.2210 0.0000
-334.0052 0.0000
-335.0533 0.0000
-335.3490 0.0000
-335.4356 0.0000
-335.9824 0.0000
-336.5027 0.0000
-337.3362 0.0000
-337.7532 0.0000
-337.7597 0.0000
-336.6921 0.0000
-336.5081 0.0000
-336.8250 0.0000
-336.6181 0.0000
-336.3453 0.0000
-336.1161 0.0000
-335.8462 0.0000
-334.8748 0.0000
-334.7820 0.0000
-334.8093 0.0000
-334.7904 0.0000
-334.8456 0.0000
-334.6107 0.0000
-334.1824 0.0000
-334.2356 0.0000
-333.5550 0.0000
-333.2352 0.0000
-333.9387 0.0000
-333.4075 0.0000
-334.3368 0.0000
-333.5016 0.0000
-333.0508 0.0000
-334.0086 0.0000
-334.1082 0.0000
-333.1343 0.0000
-333.1995 0.0000
-333.3176 0.0000
-333.0443 0.0000
-332.6588 0.0000
-331.8585 0.0000
-332.3977 0.0000
-333.2248 0.0000
-333.0381 0.0000
-333.4561 0.0000
-333.5647 0.0000
-332.3968 0.0000
-331.8410 0.0000
-331.5513 0.0000
-332.7090 0.0000
-332.2864 0.0000
-332.5844 0.0000
-333.0762 0.0000
-332.5130 0.0000
-331.9304 0.0000
-331.8014 0.0000
-332.6404 0.0000
-333.3361 0.0000
-333.1714 0.0000
-333.3580 0.0000
-333.5387 0.0000
-333.3657 0.0000
-333.6645 0.0000
-332.8465 0.0000
-333.2085 0.0000
-333.3667 0.0000
-332.8537 0.0000
-332.7471 0.0000
-332.7911 0.0000
-329.3847 0.0000
-326.5736 0.0000
-327.0618 0.0000
-326.7394 0.0000
-327.3384 0.0000
-325.4156 0.0000
-325.9305 0.0000
-323.6818 0.0000
-321.6847 0.0000
-321.9453 0.0000
-321.7339 0.0000
-323.1319 0.0000
-322.2748 0.0000
-321.8628 0.0000
-321.6443 0.0000
-321.7140 0.0000
-321.8866 0.0000
-322.1668 0.0000
-321.9749 0.0000
-322.5616 0.0000
-324.1677 0.0000
-322.3036 0.0000
-321.6529 0.0000
-321.0520 0.0000
-322.1752 0.0000
-319.8979 0.0000
-319.6888 0.0000
-319.9004 0.0000
-320.1240 0.0000
-320.3250 0.0000
-320.7565 0.0000
-320.0385 0.0000
-322.3062 0.0000
-321.9032 0.0000
-322.2451 0.0000
-323.0805 0.0000
-323.4923 0.0000
-324.2835 0.0000
-323.1881 0.0000
-324.0824 0.0000
-323.0090 0.0000
-325.2643 0.0000
-323.1786 0.0000
-322.8007 0.0000
-322.6972 0.0000
-321.9013 0.0000
-320.2201 0.0000
-320.1694 0.0000
-320.2233 0.0000
-320.2938 0.0000
-319.2104 0.0000
-317.9087 0.0000
-317.3268 0.0000
-316.7695 0.0000
-318.6361 0.0000
-317.0384 0.0000
-318.1447 0.0000
-318.5206 0.0000
-316.8747 0.0000
-317.6762 0.0000
-318.4854 0.0000
-318.8189 0.0000
-318.6516 0.0000
-318.9906 0.0000
-318.5414 0.0000
-317.0433 0.0000
-316.8980 0.0000
-316.1516 0.0000
-317.6574 0.0000
-318.2003 0.0000
-318.5370 0.0000
-317.1700 0.0000
-316.7249 0.0000
-315.4692 0.0000
-316.7810 0.0000
-318.4872 0.0000
-318.3816 0.0000
-316.7791 0.0000
-315.9054 0.0000
-316.8239 0.0000
-316.0324 0.0000
-315.9445 0.0000
-315.5604 0.0000
-316.0872 0.0000
-316.0907 0.0000
-317.0156 0.0000
-315.6153 0.0000
-314.9343 0.0000
-315.8679 0.0000
-316.0656 0.0000
-317.0859 0.0000
-317.3692 0.0000
-316.8230 0.0000
-317.1519 0.0000
-317.5916 0.0000
-318.1169 0.0000
-317.0465 0.0000
-317.2070 0.0000
-316.7310 0.0000
-316.5119 0.0000
-353.8106 0.0000
-353.4005 0.0000
-353.6869 0.0000
-353.6532 0.0000
-353.7335 0.0000
-354.6271 0.0000
-353.9205 0.0000
-354.0706 0.0000
-354.6449 0.0000
-352.8524 0.0000
-353.4029 0.0000
-353.7214 0.0000
-353.8746 0.0000
-352.4736 0.0000
-354.5113 0.0000
-352.0074 0.0000
-354.2542 0.0000
-354.9013 0.0000
-354.1851 0.0000
-353.1694 0.0000
-353.9998 0.0000
-353.5822 0.0000
-353.4021 0.0000
-353.8023 0.0000
-353.9027 0.0000
-354.2590 0.0000
-354.0041 0.0000
-352.3478 0.0000
-353.2743 0.0000
-352.0232 0.0000
-353.6165 0.0000
-354.6605 0.0000
-354.4555 0.0000
-354.7929 0.0000
-354.1137 0.0000
-353.4436 0.0000
-353.7312 0.0000
-354.5379 0.0000
-352.2554 0.0000
-352.9299 0.0000
-353.6251 0.0000
-355.1198 0.0000
-352.7090 0.0000
-354.5540 0.0000
-352.7012 0.0000
-354.3201 0.0000
-352.5226 0.0000
-354.1065 0.0000
-354.8986 0.0000
-354.7955 0.0000
-353.4475 0.0000
-354.1411 0.0000
-353.7969 0.0000
-352.8723 0.0000
-352.8457 0.0000
-352.6991 0.0000
-352.1487 0.0000
-352.6947 0.0000
-351.6592 0.0000
-352.1008 0.0000
-351.6342 0.0000
-352.4686 0.0000
-353.1596 0.0000
-353.6589 0.0000
-354.4577 0.0000
-353.5354 0.0000
-353.2869 0.0000
-353.0300 0.0000
-352.6909 0.0000
-352.7466 0.0000
-354.1053 0.0000
-352.6139 0.0000
-353.1346 0.0000
-353.8672 0.0000
-354.1088 0.0000
-353.7281 0.0000
-354.0208 0.0000
-353.5064 0.0000
-353.7565 0.0000
-352.6776 0.0000
-353.2786 0.0000
-351.7532 0.0000
-350.7151 0.0000
-350.6180 0.0000
-352.4511 0.0000
-351.1900 0.0000
-351.4367 0.0000
-352.1167 0.0000
-352.7414 0.0000
-352.5731 0.0000
-351.9857 0.0000
-351.8687 0.0000
-351.4702 0.0000
-350.6997 0.0000
-351.1682 0.0000
-351.9770 0.0000
-351.3456 0.0000
-350.8154 0.0000
-349.9638 0.0000
-350.0199 0.0000
-333.5380 0.0000
-333.3768 0.0000
-332.7379 0.0000
-331.5272 0.0000
-331.2653 0.0000
-331.1931 0.0000
-331.6109 0.0000
-331.0308 0.0000
-330.2627 0.0000
-330.0582 0.0000
-331.3586 0.0000
-331.2193 0.0000
-329.6051 0.0000
-330.1705 0.0000
-330.9876 0.0000
-329.8891 0.0000
-330.7278 0.0000
-328.8730 0.0000
-328.1593 0.0000
-328.6701 0.0000
-328.4859 0.0000
-328.4447 0.0000
-328.0448 0.0000
-328.1946 0.0000
-328.2630 0.0000
-327.4695 0.0000
-327.8041 0.0000
-326.4777 0.0000
-327.0012 0.0000
-327.1326 0.0000
-327.0718 0.0000
-326.2593 0.0000
-326.8113 0.0000
-325.4808 0.0000
-325.4613 0.0000
-325.0007 0.0000
-325.1095 0.0000
-325.5277 0.0000
-325.1323 0.0000
-324.6099 0.0000
-324.2600 0.0000
-324.4669 0.0000
-324.4918 0.0000
-325.5375 0.0000
-324.8801 0.0000
-324.9166 0.0000
-324.0395 0.0000
-323.2288 0.0000
-323.4588 0.0000
-322.7186 0.0000
-322.1410 0.0000
-320.9143 0.0000
-320.7948 0.0000
-320.8973 0.0000
-320.4315 0.0000
-320.6838 0.0000
-320.5697 0.0000
-319.9297 0.0000
-319.2340 0.0000
-318.8255 0.0000
-318.9470 0.0000
-318.6693 0.0000
-317.9855 0.0000
-318.8991 0.0000
-319.0974 0.0000
-319.1119 0.0000
-318.7076 0.0000
-319.6790 0.0000
-319.1782 0.0000
-319.8468 0.0000
-318.4828 0.0000
-318.3380 0.0000
-317.9544 0.0000
-318.6367 0.0000
-319.3757 0.0000
-318.3179 0.0000
-320.2749 0.0000
-317.5564 0.0000
-317.3775 0.0000
-317.0596 0.0000
-317.0687 0.0000
-317.2830 0.0000
-317.5695 0.0000
-317.9875 0.0000
-317.4113 0.0000
-316.4621 0.0000
-316.1034 0.0000
-315.6979 0.0000
-316.8721 0.0000
-317.6992 0.0000
-318.1488 0.0000
-318.7210 0.0000
-317.3680 0.0000
-316.2109 0.0000
-317.2131 0.0000
-316.6576 0.0000
-317.0214 0.0000
-318.5817 0.0000
-316.6410 0.0000
-316.7205 0.0000
-309.4169 0.0000
-310.5502 0.0000
-309.1319 0.0000
-310.1218 0.0000
-308.3405 0.0000
-307.6101 0.0000
-307.9683 0.0000
-308.9624 0.0000
-308.1587 0.0000
-307.4973 0.0000
-307.5466 0.0000
-307.5977 0.0000
-307.9026 0.0000
-307.5553 0.0000
-307.1839 0.0000
-307.5163 0.0000
-308.9280 0.0000
-308.1511 0.0000
-307.1565 0.0000
-306.9511 0.0000
-306.4908 0.0000
-307.4084 0.0000
-307.4088 0.0000
-308.1721 0.0000
-307.5006 0.0000
-307.3291 0.0000
-307.0413 0.0000
-307.0004 0.0000
-306.6773 0.0000
-307.5353 0.0000
-307.2487 0.0000
-308.0375 0.0000
-306.8649 0.0000
-306.8154 0.0000
-307.5551 0.0000
-306.6683 0.0000
-306.6235 0.0000
-305.9051 0.0000
-306.4454 0.0000
-306.3605 0.0000
-305.5658 0.0000
-307.0385 0.0000
-305.8900 0.0000
-305.4838 0.0000
-305.2218 0.0000
-304.1858 0.0000
-303.4132 0.0000
-304.6915 0.0000
-303.0299 0.0000
-302.3268 0.0000
-301.9595 0.0000
-301.6384 0.0000
-301.7057 0.0000
-302.9031 0.0000
-301.2108 0.0000
-300.6644 0.0000
-301.5165 0.0000
-301.5222 0.0000
-301.1301 0.0000
-300.7768 0.0000
-301.5570 0.0000
-300.7046 0.0000
-300.5261 0.0000
-300.0366 0.0000
-300.3006 0.0000
-299.5342 0.0000
-300.7047 0.0000
-298.5113 0.0000
-298.2171 0.0000
-297.5494 0.0000
-297.5133 0.0000
-297.4717 0.0000
-297.2047 0.0000
-297.3896 0.0000
-297.3867 0.0000
-297.9970 0.0000
-297.0950 0.0000
-296.9304 0.0000
-297.3780 0.0000
-297.3950 0.0000
-297.9701 0.0000
-298.2126 0.0000
-298.3612 0.0000
-298.3822 0.0000
-297.9487 0.0000
-297.4584 0.0000
-297.3499 0.0000
-297.0224 0.0000
-297.3994 0.0000
-297.3948 0.0000
-297.9691 0.0000
-297.8513 0.0000
-297.4063 0.0000
-298.2509 0.0000
-297.3698 0.0000
-297.3122 0.0000
-297.8503 0.0000
-297.2113 0.0000
-298.0795 0.0000
