-100.0000 -100.0000
-324.1463 0.0000
-323.7331 0.0000
-323.6380 0.0000
-322.8672 0.0000
-322.0838 0.0000
-321.6053 0.0000
-321.1219 0.0000
-321.4824 0.0000
-320.1089 0.0000
-319.8672 0.0000
-318.6838 0.0000
-318.6860 0.0000
-316.6053 0.0000
-316.8399 0.0000
-318.9130 0.0000
-315.8410 0.0000
-314.7909 0.0000
-315.0090 0.0000
-315.5994 0.0000
-314.8050 0.0000
-315.0134 0.0000
-313.6941 0.0000
-315.4793 0.0000
-313.0006 0.0000
-312.5405 0.0000
-313.4176 0.0000
-311.8809 0.0000
-313.3653 0.0000
-313.7857 0.0000
-312.1951 0.0000
-311.0249 0.0000
-309.8602 0.0000
-310.4283 0.0000
-309.7942 0.0000
-310.5944 0.0000
-309.5627 0.0000
-309.6934 0.0000
-310.0600 0.0000
-309.4682 0.0000
-308.4684 0.0000
-309.5604 0.0000
-307.6710 0.0000
-307.6993 0.0000
-308.1864 0.0000
-308.2091 0.0000
-308.1539 0.0000
-307.8238 0.0000
-307.5102 0.0000
-308.2230 0.0000
-307.6635 0.0000
-307.6310 0.0000
-306.8122 0.0000
-309.3248 0.0000
-306.8984 0.0000
-306.3226 0.0000
-307.0157 0.0000
-307.5641 0.0000
-306.8149 0.0000
-307.6408 0.0000
-306.8474 0.0000
-307.1009 0.0000
-307.5299 0.0000
-306.3808 0.0000
-305.2591 0.0000
-306.8415 0.0000
-305.1781 0.0000
-305.2124 0.0000
-305.3270 0.0000
-305.2236 0.0000
-303.7011 0.0000
-303.8804 0.0000
-303.6252 0.0000
-303.4653 0.0000
-304.1254 0.0000
-305.0152 0.0000
-302.8507 0.0000
-301.1639 0.0000
-298.6373 0.0000
-298.5310 0.0000
-298.5068 0.0000
-299.3417 0.0000
-298.0915 0.0000
-298.5707 0.0000
-298.4310 0.0000
-297.6035 0.0000
-298.0475 0.0000
-298.2721 0.0000
-298.2889 0.0000
-297.6907 0.0000
-298.3139 0.0000
-297.3565 0.0000
-297.6377 0.0000
-297.9554 0.0000
-297.6893 0.0000
-297.8696 0.0000
-297.4999 0.0000
-298.1920 0.0000
-297.2450 0.0000
-296.0480 0.0000
-296.4601 0.0000
-335.5708 0.0000
-336.4981 0.0000
-336.1323 0.0000
-336.9444 0.0000
-336.2597 0.0000
-334.7026 0.0000
-335.6567 0.0000
-333.6920 0.0000
-334.8975 0.0000
-334.4799 0.0000
-335.1936 0.0000
-335.7287 0.0000
-335.5252 0.0000
-333.4076 0.0000
-334.8427 0.0000
-335.1483 0.0000
-334.5699 0.0000
-336.1836 0.0000
-334.7752 0.0000
-335.2674 0.0000
-335.1652 0.0000
-334.5933 0.0000
-334.6221 0.0000
-334.7965 0.0000
-335.8156 0.0000
-334.2885 0.0000
-335.0440 0.0000
-334.4775 0.0000
-336.2644 0.0000
-335.0307 0.0000
-335.4019 0.0000
-335.4621 0.0000
-336.5084 0.0000
-335.0211 0.0000
-335.6572 0.0000
-335.5679 0.0000
-334.7724 0.0000
-335.7876 0.0000
-335.0263 0.0000
-334.3140 0.0000
-335.3135 0.0000
-335.7767 0.0000
-334.6451 0.0000
-335.4433 0.0000
-334.7345 0.0000
-334.4901 0.0000
-335.6479 0.0000
-335.8864 0.0000
-333.8355 0.0000
-337.6499 0.0000
-335.9085 0.0000
-334.1056 0.0000
-335.3605 0.0000
-335.4677 0.0000
-335.0837 0.0000
-334.4090 0.0000
-336.2641 0.0000
-335.4041 0.0000
-335.3775 0.0000
-334.9954 0.0000
-335.3793 0.0000
-334.6126 0.0000
-335.1872 0.0000
-335.1073 0.0000
-335.1664 0.0000
-334.5043 0.0000
-334.5176 0.0000
-334.0636 0.0000
-334.9690 0.0000
-333.9936 0.0000
-336.2362 0.0000
-334.9462 0.0000
-334.7500 0.0000
-336.5946 0.0000
-336.7496 0.0000
-336.0876 0.0000
-335.4474 0.0000
-335.3164 0.0000
-334.7234 0.0000
-336.1988 0.0000
-335.8502 0.0000
-334.2822 0.0000
-335.4886 0.0000
-334.8076 0.0000
-335.6954 0.0000
-334.5224 0.0000
-336.2103 0.0000
-334.7533 0.0000
-336.5549 0.0000
-334.5398 0.0000
-335.4746 0.0000
-336.6865 0.0000
-335.6541 0.0000
-334.0705 0.0000
-334.7852 0.0000
-333.5796 0.0000
-334.9107 0.0000
-334.1989 0.0000
-334.8187 0.0000
-335.6604 0.0000
-321.4067 0.0000
-322.0870 0.0000
-321.6556 0.0000
-320.8776 0.0000
-321.5787 0.0000
-320.2962 0.0000
-320.5326 0.0000
-321.0725 0.0000
-320.8024 0.0000
-321.3509 0.0000
-321.8448 0.0000
-322.8823 0.0000
-323.1265 0.0000
-321.8085 0.0000
-321.1035 0.0000
-322.4900 0.0000
-321.7778 0.0000
-321.2737 0.0000
-321.2006 0.0000
-321.1670 0.0000
-321.6720 0.0000
-321.1922 0.0000
-321.2761 0.0000
-322.8395 0.0000
-320.8159 0.0000
-321.1326 0.0000
-320.7155 0.0000
-320.7238 0.0000
-321.7458 0.0000
-320.9849 0.0000
-320.7883 0.0000
-321.9423 0.0000
-321.2274 0.0000
-321.3378 0.0000
-320.6650 0.0000
-321.1293 0.0000
-321.7814 0.0000
-320.7249 0.0000
-321.8926 0.0000
-320.8834 0.0000
-321.4496 0.0000
-321.6610 0.0000
-321.2156 0.0000
-321.5587 0.0000
-321.3929 0.0000
-321.7259 0.0000
-321.7442 0.0000
-323.1379 0.0000
-319.4491 0.0000
-320.9891 0.0000
-320.4398 0.0000
-320.3015 0.0000
-319.7603 0.0000
-319.7252 0.0000
-320.4853 0.0000
-320.2286 0.0000
-318.9331 0.0000
-318.3567 0.0000
-318.4601 0.0000
-319.1181 0.0000
-318.3804 0.0000
-318.1306 0.0000
-319.6327 0.0000
-317.1270 0.0000
-316.5719 0.0000
-317.0688 0.0000
-317.5184 0.0000
-317.5668 0.0000
-316.8189 0.0000
-317.5173 0.0000
-317.0756 0.0000
-316.6256 0.0000
-317.8810 0.0000
-317.1802 0.0000
-317.5409 0.0000
-317.8410 0.0000
-316.8574 0.0000
-317.6134 0.0000
-316.8896 0.0000
-317.2831 0.0000
-317.4788 0.0000
-318.4166 0.0000
-317.8410 0.0000
-317.5699 0.0000
-316.9472 0.0000
-316.5052 0.0000
-315.7188 0.0000
-315.2711 0.0000
-315.4034 0.0000
-314.8180 0.0000
-314.8709 0.0000
-315.2045 0.0000
-316.1693 0.0000
-315.7843 0.0000
-316.1026 0.0000
-315.2911 0.0000
-315.6647 0.0000
-317.4093 0.0000
-315.5216 0.0000
-315.3881 0.0000
-316.1851 0.0000
-315.5981 0.0000
-316.2168 0.0000
-317.4292 0.0000
-317.5391 0.0000
-317.1686 0.0000
-316.2886 0.0000
-316.7151 0.0000
-316.8359 0.0000
-316.7327 0.0000
-315.7172 0.0000
-315.6481 0.0000
-316.7441 0.0000
-315.6612 0.0000
-315.0798 0.0000
-315.3689 0.0000
-315.5556 0.0000
-315.5278 0.0000
-316.7672 0.0000
-315.0164 0.0000
-314.9276 0.0000
-315.0028 0.0000
-314.7831 0.0000
-315.4889 0.0000
-315.1368 0.0000
-314.5896 0.0000
-313.9191 0.0000
-315.2381 0.0000
-313.0883 0.0000
-312.9317 0.0000
-313.0554 0.0000
-313.5583 0.0000
-313.0210 0.0000
-313.5564 0.0000
-314.4785 0.0000
-314.9043 0.0000
-315.5797 0.0000
-316.3305 0.0000
-316.1335 0.0000
-317.6638 0.0000
-318.0742 0.0000
-318.3430 0.0000
-318.9688 0.0000
-318.2572 0.0000
-317.7153 0.0000
-317.7571 0.0000
-318.7408 0.0000
-318.9801 0.0000
-317.0980 0.0000
-318.2886 0.0000
-318.1326 0.0000
-317.4312 0.0000
-318.8027 0.0000
-317.0528 0.0000
-317.4256 0.0000
-316.4855 0.0000
-315.9414 0.0000
-315.4701 0.0000
-316.5284 0.0000
-316.3222 0.0000
-315.5297 0.0000
-315.6287 0.0000
-316.2484 0.0000
-315.2260 0.0000
-315.8167 0.0000
-314.2433 0.0000
-313.5728 0.0000
-312.2593 0.0000
-312.0526 0.0000
-311.3916 0.0000
-312.3799 0.0000
-310.7355 0.0000
-309.3557 0.0000
-308.6092 0.0000
-309.4768 0.0000
-309.1080 0.0000
-308.6035 0.0000
-308.4099 0.0000
-309.2842 0.0000
-307.7319 0.0000
-308.8657 0.0000
-308.1484 0.0000
-308.4912 0.0000
-307.2398 0.0000
-307.4711 0.0000
-308.2755 0.0000
-308.1673 0.0000
-308.2574 0.0000
-307.3382 0.0000
-306.9682 0.0000
-306.9858 0.0000
-306.5654 0.0000
-306.6324 0.0000
-307.1249 0.0000
-307.4449 0.0000
-307.5622 0.0000
-307.4399 0.0000
-306.9178 0.0000
-306.2248 0.0000
-307.0696 0.0000
-284.1006 0.0000
-284.8389 0.0000
-285.6820 0.0000
-285.8682 0.0000
-285.0247 0.0000
-284.5256 0.0000
-284.1285 0.0000
-284.5145 0.0000
-283.9703 0.0000
-283.7893 0.0000
-284.1169 0.0000
-284.3257 0.0000
-284.3676 0.0000
-284.3020 0.0000
-284.1246 0.0000
-283.7872 0.0000
-283.8878 0.0000
-284.1631 0.0000
-285.0146 0.0000
-284.7744 0.0000
-285.0528 0.0000
-284.1682 0.0000
-284.0977 0.0000
-284.2293 0.0000
-284.7755 0.0000
-285.0520 0.0000
-284.7361 0.0000
-284.5620 0.0000
-284.5085 0.0000
-284.2997 0.0000
-285.2725 0.0000
-285.3842 0.0000
-285.3985 0.0000
-285.0561 0.0000
-286.1499 0.0000
-285.5877 0.0000
-285.4560 0.0000
-284.8084 0.0000
-284.9239 0.0000
-285.1168 0.0000
-284.6711 0.0000
-284.1041 0.0000
-284.8842 0.0000
-284.8726 0.0000
-285.2808 0.0000
-285.6134 0.0000
-286.3087 0.0000
-285.1475 0.0000
-285.8857 0.0000
-284.8570 0.0000
-284.1824 0.0000
-283.5508 0.0000
-283.9043 0.0000
-283.1902 0.0000
-283.4703 0.0000
-283.5840 0.0000
-282.5915 0.0000
-282.9768 0.0000
-282.7603 0.0000
-281.5495 0.0000
-280.4650 0.0000
-281.0628 0.0000
-281.3716 0.0000
-281.0974 0.0000
-281.8904 0.0000
-281.8364 0.0000
-282.8083 0.0000
-280.8549 0.0000
-281.2432 0.0000
-280.9076 0.0000
-280.6723 0.0000
-280.4980 0.0000
-281.2693 0.0000
-281.6694 0.0000
-281.1617 0.0000
-281.4452 0.0000
-281.5936 0.0000
-281.2251 0.0000
-280.9397 0.0000
-281.0953 0.0000
-281.6410 0.0000
-281.8640 0.0000
-281.7098 0.0000
-282.0426 0.0000
-281.7808 0.0000
-281.4699 0.0000
-280.8622 0.0000
-281.4748 0.0000
-281.1067 0.0000
-280.7270 0.0000
-281.0836 0.0000
-280.7293 0.0000
-280.9453 0.0000
-280.3169 0.0000
-279.5811 0.0000
-279.5052 0.0000
-279.3082 0.0000
-279.7914 0.0000
-279.5965 0.0000
