-100.0000 -100.0000
-356.4299 0.0000
-356.0882 0.0000
-356.2510 0.0000
-356.9351 0.0000
-354.8468 0.0000
-354.8079 0.0000
-354.0774 0.0000
-353.6720 0.0000
-355.8859 0.0000
-353.9090 0.0000
-353.7821 0.0000
-354.8435 0.0000
-351.6948 0.0000
-354.7373 0.0000
-354.4120 0.0000
-348.5362 0.0000
-346.7338 0.0000
-345.2519 0.0000
-344.8281 0.0000
-342.9267 0.0000
-342.4061 0.0000
-342.4156 0.0000
-343.6865 0.0000
-342.3542 0.0000
-340.5440 0.0000
-342.2893 0.0000
-338.5627 0.0000
-338.6869 0.0000
-340.8948 0.0000
-340.0498 0.0000
-338.8487 0.0000
-336.0529 0.0000
-335.8221 0.0000
-337.2615 0.0000
-336.5474 0.0000
-335.7848 0.0000
-334.0777 0.0000
-335.6418 0.0000
-334.3398 0.0000
-334.5522 0.0000
-332.2181 0.0000
-332.8990 0.0000
-333.7449 0.0000
-335.3299 0.0000
-336.2750 0.0000
-336.8635 0.0000
-336.5834 0.0000
-337.2261 0.0000
-337.3198 0.0000
-338.6716 0.0000
-340.4951 0.0000
-339.9750 0.0000
-339.9775 0.0000
-338.3883 0.0000
-338.8607 0.0000
-340.1070 0.0000
-340.1082 0.0000
-341.0131 0.0000
-341.6569 0.0000
-343.1748 0.0000
-340.1302 0.0000
-339.9503 0.0000
-338.9081 0.0000
-338.7858 0.0000
-339.1772 0.0000
-338.7170 0.0000
-337.5828 0.0000
-337.5082 0.0000
-339.8134 0.0000
-338.1846 0.0000
-338.4889 0.0000
-338.9370 0.0000
-338.4544 0.0000
-338.4703 0.0000
-338.0491 0.0000
-338.0930 0.0000
-337.7147 0.0000
-333.5783 0.0000
-334.0234 0.0000
-336.1929 0.0000
-336.3347 0.0000
-337.1992 0.0000
-338.5036 0.0000
-334.8578 0.0000
-334.1320 0.0000
-335.1271 0.0000
-333.5361 0.0000
-334.9413 0.0000
-333.4233 0.0000
-335.0362 0.0000
-335.3295 0.0000
-334.9646 0.0000
-334.1023 0.0000
-332.6782 0.0000
-333.6444 0.0000
-334.2697 0.0000
-334.4734 0.0000
-332.9747 0.0000
-331.2089 0.0000
-330.8959 0.0000
-353.1807 0.0000
-353.9275 0.0000
-353.6672 0.0000
-354.5388 0.0000
-353.4923 0.0000
-352.4635 0.0000
-353.1361 0.0000
-352.7056 0.0000
-353.6721 0.0000
-353.3973 0.0000
-353.2583 0.0000
-353.5504 0.0000
-353.0420 0.0000
-353.0804 0.0000
-352.3846 0.0000
-354.1121 0.0000
-353.5735 0.0000
-352.5584 0.0000
-353.6581 0.0000
-353.2865 0.0000
-353.0008 0.0000
-352.7497 0.0000
-353.4378 0.0000
-353.9380 0.0000
-353.5676 0.0000
-353.2044 0.0000
-353.7546 0.0000
-353.1261 0.0000
-354.4547 0.0000
-352.5398 0.0000
-353.3590 0.0000
-353.5621 0.0000
-353.4777 0.0000
-353.1931 0.0000
-352.8926 0.0000
-353.7582 0.0000
-353.0900 0.0000
-355.0990 0.0000
-352.8875 0.0000
-353.9864 0.0000
-352.4215 0.0000
-353.1066 0.0000
-352.9116 0.0000
-354.1118 0.0000
-352.4636 0.0000
-354.4182 0.0000
-352.7682 0.0000
-353.5132 0.0000
-354.2587 0.0000
-354.1156 0.0000
-353.1510 0.0000
-353.9027 0.0000
-353.9227 0.0000
-352.8097 0.0000
-352.7639 0.0000
-352.8757 0.0000
-353.3972 0.0000
-353.1057 0.0000
-354.6654 0.0000
-352.1099 0.0000
-352.6131 0.0000
-353.2431 0.0000
-354.6415 0.0000
-353.0410 0.0000
-354.0428 0.0000
-353.4522 0.0000
-351.9816 0.0000
-354.4006 0.0000
-353.7069 0.0000
-353.5995 0.0000
-353.7071 0.0000
-353.3121 0.0000
-354.6381 0.0000
-355.3767 0.0000
-353.5355 0.0000
-353.0389 0.0000
-352.9995 0.0000
-353.1937 0.0000
-353.7008 0.0000
-353.3946 0.0000
-353.8373 0.0000
-353.6624 0.0000
-353.9241 0.0000
-352.3945 0.0000
-354.6265 0.0000
-353.4209 0.0000
-353.1436 0.0000
-353.0472 0.0000
-353.8010 0.0000
-353.1247 0.0000
-354.1121 0.0000
-354.6585 0.0000
-353.0154 0.0000
-353.1835 0.0000
-353.7179 0.0000
-353.0735 0.0000
-352.8610 0.0000
-352.9959 0.0000
-354.1054 0.0000
-354.6483 0.0000
-338.5065 0.0000
-338.2918 0.0000
-337.4756 0.0000
-337.6181 0.0000
-337.8390 0.0000
-338.1728 0.0000
-337.3722 0.0000
-338.3464 0.0000
-337.4110 0.0000
-337.1964 0.0000
-337.5180 0.0000
-337.1004 0.0000
-337.9475 0.0000
-337.0118 0.0000
-338.4252 0.0000
-336.9579 0.0000
-337.7898 0.0000
-337.3758 0.0000
-336.7491 0.0000
-337.7775 0.0000
-338.0552 0.0000
-336.7832 0.0000
-337.2655 0.0000
-337.7453 0.0000
-337.3326 0.0000
-337.5377 0.0000
-337.8189 0.0000
-336.8180 0.0000
-337.6875 0.0000
-337.3118 0.0000
-337.8568 0.0000
-337.2489 0.0000
-337.6861 0.0000
-338.5921 0.0000
-337.4395 0.0000
-337.8489 0.0000
-337.8038 0.0000
-337.3319 0.0000
-337.0139 0.0000
-337.5783 0.0000
-337.6368 0.0000
-338.1183 0.0000
-338.0274 0.0000
-337.6708 0.0000
-337.4622 0.0000
-337.8312 0.0000
-336.6999 0.0000
-337.0306 0.0000
-338.4053 0.0000
-337.9539 0.0000
-337.9427 0.0000
-338.6902 0.0000
-338.5363 0.0000
-338.2996 0.0000
-338.7073 0.0000
-338.7137 0.0000
-338.6440 0.0000
-339.2475 0.0000
-339.3536 0.0000
-338.5063 0.0000
-338.8504 0.0000
-338.7043 0.0000
-338.7050 0.0000
-338.4694 0.0000
-339.1474 0.0000
-337.9880 0.0000
-337.5939 0.0000
-338.9333 0.0000
-338.6382 0.0000
-339.1054 0.0000
-338.8862 0.0000
-338.7064 0.0000
-338.6189 0.0000
-339.1474 0.0000
-339.3846 0.0000
-338.5786 0.0000
-338.9517 0.0000
-338.6738 0.0000
-339.9704 0.0000
-338.8125 0.0000
-339.9531 0.0000
-337.7532 0.0000
-337.5546 0.0000
-337.8346 0.0000
-338.6343 0.0000
-337.9322 0.0000
-337.7571 0.0000
-337.4994 0.0000
-337.7529 0.0000
-337.3181 0.0000
-336.9173 0.0000
-337.0754 0.0000
-336.2004 0.0000
-336.2661 0.0000
-335.6820 0.0000
-335.4079 0.0000
-334.1471 0.0000
-333.2928 0.0000
-333.3535 0.0000
-333.6275 0.0000
-324.9328 0.0000
-325.3823 0.0000
-325.4037 0.0000
-324.5407 0.0000
-324.6805 0.0000
-325.0534 0.0000
-325.1461 0.0000
-324.7221 0.0000
-324.7303 0.0000
-324.0273 0.0000
-323.4552 0.0000
-324.3609 0.0000
-324.0222 0.0000
-322.4311 0.0000
-322.0794 0.0000
-321.3291 0.0000
-322.3749 0.0000
-322.5544 0.0000
-322.8640 0.0000
-323.5129 0.0000
-322.0741 0.0000
-322.7268 0.0000
-323.1457 0.0000
-324.2539 0.0000
-322.6477 0.0000
-323.4808 0.0000
-321.6122 0.0000
-321.1871 0.0000
-322.0187 0.0000
-322.2785 0.0000
-321.4744 0.0000
-321.0200 0.0000
-320.2399 0.0000
-320.3161 0.0000
-319.5711 0.0000
-319.8297 0.0000
-319.3454 0.0000
-319.8698 0.0000
-318.8651 0.0000
-318.4153 0.0000
-318.5229 0.0000
-318.4191 0.0000
-318.3592 0.0000
-319.7687 0.0000
-318.4461 0.0000
-318.9664 0.0000
-318.7776 0.0000
-317.2414 0.0000
-316.2444 0.0000
-316.0729 0.0000
-314.9438 0.0000
-315.3599 0.0000
-314.6739 0.0000
-314.5456 0.0000
-313.5991 0.0000
-312.7294 0.0000
-312.2265 0.0000
-312.2555 0.0000
-313.3272 0.0000
-311.0473 0.0000
-311.5030 0.0000
-312.7298 0.0000
-311.2581 0.0000
-311.1841 0.0000
-311.5335 0.0000
-313.1447 0.0000
-312.4779 0.0000
-312.4990 0.0000
-312.0907 0.0000
-311.8270 0.0000
-312.1542 0.0000
-311.5335 0.0000
-310.6091 0.0000
-311.8931 0.0000
-311.3798 0.0000
-311.2179 0.0000
-310.8096 0.0000
-312.0694 0.0000
-310.7538 0.0000
-310.3939 0.0000
-309.9112 0.0000
-310.8271 0.0000
-309.7379 0.0000
-310.6745 0.0000
-310.7799 0.0000
-310.3222 0.0000
-309.7984 0.0000
-309.2368 0.0000
-310.0330 0.0000
-309.4158 0.0000
-308.4237 0.0000
-308.5809 0.0000
-308.3643 0.0000
-308.0633 0.0000
-307.8136 0.0000
-308.5840 0.0000
-308.5520 0.0000
-308.5317 0.0000
-308.8372 0.0000
-308.4750 0.0000
-316.6898 0.0000
-315.8226 0.0000
-317.4810 0.0000
-317.2381 0.0000
-316.2327 0.0000
-316.2999 0.0000
-317.1070 0.0000
-318.6785 0.0000
-316.1460 0.0000
-317.0357 0.0000
-316.1969 0.0000
-317.5684 0.0000
-317.8044 0.0000
-317.2703 0.0000
-316.4735 0.0000
-315.9579 0.0000
-316.8157 0.0000
-316.6320 0.0000
-316.2327 0.0000
-317.6633 0.0000
-316.1136 0.0000
-317.5192 0.0000
-317.1354 0.0000
-316.6538 0.0000
-316.3331 0.0000
-317.1692 0.0000
-317.2019 0.0000
-316.4642 0.0000
-315.8171 0.0000
-316.8875 0.0000
-315.2280 0.0000
-318.5759 0.0000
-316.4927 0.0000
-316.5500 0.0000
-316.6767 0.0000
-316.4769 0.0000
-315.6995 0.0000
-317.6904 0.0000
-316.7183 0.0000
-315.6805 0.0000
-318.2210 0.0000
-317.2090 0.0000
-317.4598 0.0000
-315.3918 0.0000
-316.7854 0.0000
-316.1199 0.0000
-316.8101 0.0000
-318.1542 0.0000
-316.9586 0.0000
-316.3162 0.0000
-317.6720 0.0000
-316.5058 0.0000
-317.8195 0.0000
-316.6911 0.0000
-316.8155 0.0000
-316.1151 0.0000
-316.9057 0.0000
-316.8598 0.0000
-315.8809 0.0000
-315.9173 0.0000
-318.2208 0.0000
-317.2639 0.0000
-317.3628 0.0000
-315.5332 0.0000
-317.8279 0.0000
-316.6271 0.0000
-316.8104 0.0000
-316.0978 0.0000
-316.8234 0.0000
-316.5665 0.0000
-315.5572 0.0000
-316.3035 0.0000
-317.7500 0.0000
-317.5995 0.0000
-317.0248 0.0000
-315.7413 0.0000
-317.4250 0.0000
-316.1024 0.0000
-316.5267 0.0000
-315.7808 0.0000
-317.2998 0.0000
-317.0635 0.0000
-317.0699 0.0000
-317.5232 0.0000
-317.3929 0.0000
-316.4083 0.0000
-316.4566 0.0000
-316.4184 0.0000
-316.5269 0.0000
-316.2624 0.0000
-317.0417 0.0000
-316.5326 0.0000
-317.2751 0.0000
-316.3020 0.0000
-317.3687 0.0000
-317.0946 0.0000
-316.3005 0.0000
-317.8020 0.0000
-317.1370 0.0000
