-100.0000 -100.0000
-335.8024 0.0000
-336.0847 0.0000
-336.3214 0.0000
-336.4838 0.0000
-336.0154 0.0000
-337.1713 0.0000
-337.2149 0.0000
-336.6918 0.0000
-337.0808 0.0000
-336.0832 0.0000
-336.5675 0.0000
-336.4978 0.0000
-335.6629 0.0000
-336.0615 0.0000
-335.6308 0.0000
-335.0433 0.0000
-335.3390 0.0000
-334.4796 0.0000
-333.7895 0.0000
-334.3292 0.0000
-333.4482 0.0000
-333.7419 0.0000
-333.8762 0.0000
-334.0476 0.0000
-334.4954 0.0000
-334.3678 0.0000
-334.1506 0.0000
-335.3426 0.0000
-335.0649 0.0000
-335.4687 0.0000
-334.9179 0.0000
-335.7255 0.0000
-335.3821 0.0000
-336.3607 0.0000
-336.5775 0.0000
-336.1653 0.0000
-336.4632 0.0000
-336.8996 0.0000
-337.5991 0.0000
-337.5485 0.0000
-337.1093 0.0000
-337.4731 0.0000
-337.0426 0.0000
-337.1157 0.0000
-337.6074 0.0000
-337.1764 0.0000
-337.4063 0.0000
-337.5416 0.0000
-337.3039 0.0000
-337.5307 0.0000
-338.0266 0.0000
-337.7622 0.0000
-337.5544 0.0000
-337.6307 0.0000
-337.6174 0.0000
-337.8217 0.0000
-337.2016 0.0000
-337.6181 0.0000
-337.2618 0.0000
-337.3698 0.0000
-337.2335 0.0000
-337.5861 0.0000
-337.4859 0.0000
-338.5325 0.0000
-337.8552 0.0000
-337.0415 0.0000
-337.4123 0.0000
-337.4921 0.0000
-337.2254 0.0000
-337.7964 0.0000
-337.3994 0.0000
-337.6343 0.0000
-338.2703 0.0000
-338.4916 0.0000
-338.3510 0.0000
-338.6207 0.0000
-338.0396 0.0000
-337.7582 0.0000
-337.9251 0.0000
-338.2000 0.0000
-338.6181 0.0000
-338.3247 0.0000
-338.0379 0.0000
-337.5319 0.0000
-337.9548 0.0000
-338.1208 0.0000
-338.9622 0.0000
-337.8644 0.0000
-338.3828 0.0000
-338.3714 0.0000
-338.6421 0.0000
-338.4808 0.0000
-338.3720 0.0000
-338.1555 0.0000
-338.1639 0.0000
-338.2194 0.0000
-337.6262 0.0000
-338.4392 0.0000
-338.1566 0.0000
-337.7437 0.0000
-321.6202 0.0000
-321.0608 0.0000
-320.9654 0.0000
-321.8789 0.0000
-322.3916 0.0000
-322.0849 0.0000
-321.3169 0.0000
-320.5813 0.0000
-318.7201 0.0000
-319.4336 0.0000
-319.2601 0.0000
-320.1419 0.0000
-320.4026 0.0000
-320.9927 0.0000
-320.7767 0.0000
-320.2342 0.0000
-320.8645 0.0000
-321.6167 0.0000
-320.9616 0.0000
-320.4195 0.0000
-320.5890 0.0000
-320.6737 0.0000
-319.8213 0.0000
-318.0180 0.0000
-318.1279 0.0000
-317.8554 0.0000
-318.2317 0.0000
-318.1683 0.0000
-319.6408 0.0000
-318.4907 0.0000
-319.6481 0.0000
-319.5155 0.0000
-320.2171 0.0000
-320.4903 0.0000
-320.6184 0.0000
-320.5103 0.0000
-319.7257 0.0000
-321.2322 0.0000
-318.1654 0.0000
-318.4432 0.0000
-316.2141 0.0000
-316.7731 0.0000
-317.0325 0.0000
-317.7315 0.0000
-317.5061 0.0000
-316.5995 0.0000
-316.5646 0.0000
-315.9795 0.0000
-314.5048 0.0000
-315.6207 0.0000
-315.5904 0.0000
-314.5672 0.0000
-314.3964 0.0000
-314.7438 0.0000
-316.1020 0.0000
-314.7192 0.0000
-316.3808 0.0000
-315.0166 0.0000
-313.0231 0.0000
-313.3618 0.0000
-312.9201 0.0000
-313.0408 0.0000
-313.5798 0.0000
-315.2989 0.0000
-313.3866 0.0000
-312.9436 0.0000
-310.8297 0.0000
-308.6142 0.0000
-306.6467 0.0000
-305.2584 0.0000
-305.9597 0.0000
-305.7721 0.0000
-305.2304 0.0000
-304.9132 0.0000
-306.5831 0.0000
-306.2783 0.0000
-306.1764 0.0000
-305.7226 0.0000
-305.4198 0.0000
-305.6571 0.0000
-306.5475 0.0000
-305.4218 0.0000
-305.7799 0.0000
-305.5553 0.0000
-305.7969 0.0000
-305.3251 0.0000
-305.9184 0.0000
-306.8134 0.0000
-308.3517 0.0000
-308.7137 0.0000
-310.5451 0.0000
-312.9570 0.0000
-311.5714 0.0000
-313.2377 0.0000
-312.5093 0.0000
-312.3755 0.0000
-312.4250 0.0000
-311.9825 0.0000
-312.1525 0.0000
-312.5616 0.0000
-299.1458 0.0000
-299.5242 0.0000
-299.5709 0.0000
-299.1312 0.0000
-298.9686 0.0000
-299.2654 0.0000
-299.7318 0.0000
-300.4234 0.0000
-300.7666 0.0000
-301.0299 0.0000
-301.3725 0.0000
-300.9094 0.0000
-300.9264 0.0000
-301.4555 0.0000
-302.2610 0.0000
-302.6276 0.0000
-302.9013 0.0000
-302.8471 0.0000
-302.6488 0.0000
-302.3051 0.0000
-303.0794 0.0000
-302.8998 0.0000
-302.7876 0.0000
-303.6935 0.0000
-303.7436 0.0000
-303.6065 0.0000
-302.9947 0.0000
-303.2981 0.0000
-304.7377 0.0000
-303.9512 0.0000
-303.8536 0.0000
-304.2466 0.0000
-304.9444 0.0000
-305.9489 0.0000
-306.0305 0.0000
-306.2807 0.0000
-305.6136 0.0000
-306.0419 0.0000
-307.2137 0.0000
-307.2559 0.0000
-306.7573 0.0000
-306.2307 0.0000
-306.6558 0.0000
-306.7620 0.0000
-306.3521 0.0000
-306.8304 0.0000
-306.6516 0.0000
-306.8324 0.0000
-306.8814 0.0000
-306.2105 0.0000
-305.2041 0.0000
-305.1961 0.0000
-304.7327 0.0000
-304.5811 0.0000
-305.0771 0.0000
-304.7938 0.0000
-306.2728 0.0000
-305.2437 0.0000
-305.8417 0.0000
-306.2055 0.0000
-305.3627 0.0000
-305.3866 0.0000
-305.1544 0.0000
-304.4701 0.0000
-304.6234 0.0000
-304.1464 0.0000
-304.8355 0.0000
-304.9156 0.0000
-304.5623 0.0000
-304.8775 0.0000
-304.8780 0.0000
-304.8233 0.0000
-305.2281 0.0000
-305.6224 0.0000
-304.9229 0.0000
-304.5031 0.0000
-304.9485 0.0000
-304.8559 0.0000
-304.7502 0.0000
-304.3961 0.0000
-304.9208 0.0000
-304.5872 0.0000
-303.8991 0.0000
-304.1458 0.0000
-303.1051 0.0000
-303.5981 0.0000
-303.6660 0.0000
-302.9136 0.0000
-303.2312 0.0000
-302.8275 0.0000
-302.8849 0.0000
-303.1310 0.0000
-304.6713 0.0000
-302.7757 0.0000
-303.2905 0.0000
-303.7960 0.0000
-304.5483 0.0000
-303.0741 0.0000
-302.2612 0.0000
-301.8610 0.0000
-326.3024 0.0000
-326.5819 0.0000
-327.4437 0.0000
-326.6815 0.0000
-326.1355 0.0000
-327.2791 0.0000
-327.6189 0.0000
-326.0443 0.0000
-326.6074 0.0000
-327.6948 0.0000
-327.8813 0.0000
-326.1182 0.0000
-325.6883 0.0000
-327.7162 0.0000
-327.7106 0.0000
-326.5291 0.0000
-327.8413 0.0000
-325.5526 0.0000
-326.2247 0.0000
-327.4481 0.0000
-328.2549 0.0000
-327.5881 0.0000
-326.5857 0.0000
-326.1979 0.0000
-326.5480 0.0000
-326.3510 0.0000
-325.9053 0.0000
-326.1477 0.0000
-327.3527 0.0000
-327.6892 0.0000
-326.8510 0.0000
-326.4034 0.0000
-328.4043 0.0000
-326.1793 0.0000
-327.7184 0.0000
-326.2067 0.0000
-326.7135 0.0000
-326.8363 0.0000
-326.4447 0.0000
-327.1687 0.0000
-327.0129 0.0000
-328.6286 0.0000
-326.8943 0.0000
-328.0586 0.0000
-326.9391 0.0000
-328.0204 0.0000
-326.5144 0.0000
-326.0934 0.0000
-327.3684 0.0000
-326.3155 0.0000
-326.8422 0.0000
-326.4463 0.0000
-326.0734 0.0000
-327.1408 0.0000
-326.2977 0.0000
-326.8928 0.0000
-327.0169 0.0000
-326.8315 0.0000
-325.8847 0.0000
-325.7835 0.0000
-327.8221 0.0000
-327.5164 0.0000
-326.7476 0.0000
-327.8320 0.0000
-327.9984 0.0000
-328.2193 0.0000
-328.1279 0.0000
-328.4520 0.0000
-326.8896 0.0000
-328.8507 0.0000
-326.0442 0.0000
-327.5729 0.0000
-327.6519 0.0000
-327.4955 0.0000
-326.5254 0.0000
-326.1787 0.0000
-327.7490 0.0000
-326.9147 0.0000
-326.7773 0.0000
-327.6599 0.0000
-326.0400 0.0000
-327.4169 0.0000
-327.0702 0.0000
-326.1912 0.0000
-326.6656 0.0000
-326.9227 0.0000
-326.9848 0.0000
-326.9193 0.0000
-328.3527 0.0000
-328.3183 0.0000
-326.4663 0.0000
-327.3326 0.0000
-326.3132 0.0000
-326.7843 0.0000
-327.7785 0.0000
-326.6293 0.0000
-327.1685 0.0000
-327.3058 0.0000
-326.1950 0.0000
-325.9578 0.0000
-320.2200 0.0000
-320.4121 0.0000
-319.9541 0.0000
-319.6604 0.0000
-320.0452 0.0000
-319.5085 0.0000
-319.3299 0.0000
-320.1903 0.0000
-319.7652 0.0000
-319.7360 0.0000
-320.8152 0.0000
-320.2212 0.0000
-320.6324 0.0000
-319.2074 0.0000
-319.9617 0.0000
-319.6819 0.0000
-320.1882 0.0000
-319.1812 0.0000
-320.2743 0.0000
-319.2363 0.0000
-320.0912 0.0000
-319.9469 0.0000
-320.5215 0.0000
-320.7302 0.0000
-319.5432 0.0000
-319.8061 0.0000
-319.4595 0.0000
-319.4279 0.0000
-320.2896 0.0000
-320.1044 0.0000
-320.0355 0.0000
-320.0301 0.0000
-319.5504 0.0000
-319.3258 0.0000
-319.9685 0.0000
-320.7491 0.0000
-319.8897 0.0000
-319.7275 0.0000
-320.2011 0.0000
-319.6004 0.0000
-319.7490 0.0000
-320.1147 0.0000
-319.4572 0.0000
-319.7215 0.0000
-320.5763 0.0000
-320.8620 0.0000
-320.5241 0.0000
-320.2832 0.0000
-319.9009 0.0000
-320.2441 0.0000
-320.2305 0.0000
-319.5444 0.0000
-319.7971 0.0000
-319.9900 0.0000
-320.0614 0.0000
-319.9399 0.0000
-319.9730 0.0000
-320.0945 0.0000
-320.0571 0.0000
-319.3117 0.0000
-319.5918 0.0000
-320.4266 0.0000
-320.5306 0.0000
-319.4272 0.0000
-320.3643 0.0000
-319.7283 0.0000
-320.6459 0.0000
-319.9611 0.0000
-319.7078 0.0000
-319.7575 0.0000
-319.7772 0.0000
-320.3373 0.0000
-319.4191 0.0000
-320.3474 0.0000
-319.1306 0.0000
-320.2304 0.0000
-319.8970 0.0000
-319.1942 0.0000
-319.5326 0.0000
-319.8718 0.0000
-320.8925 0.0000
-320.4388 0.0000
-320.0563 0.0000
-320.2313 0.0000
-320.3524 0.0000
-319.4657 0.0000
-320.1215 0.0000
-320.2334 0.0000
-320.4798 0.0000
-319.7731 0.0000
-320.0393 0.0000
-320.2281 0.0000
-319.7212 0.0000
-319.7863 0.0000
-318.8745 0.0000
-319.5909 0.0000
-320.4667 0.0000
-319.8078 0.0000
-320.3935 0.0000
