-100.0000 -100.0000
-367.4090 0.0000
-366.8115 0.0000
-366.8554 0.0000
-366.1598 0.0000
-366.6381 0.0000
-366.6880 0.0000
-365.9218 0.0000
-367.2256 0.0000
-366.9472 0.0000
-365.9245 0.0000
-365.4387 0.0000
-365.9029 0.0000
-364.4208 0.0000
-364.2550 0.0000
-365.5140 0.0000
-363.0119 0.0000
-362.2376 0.0000
-361.6344 0.0000
-361.8457 0.0000
-361.2095 0.0000
-362.9060 0.0000
-363.1605 0.0000
-364.0945 0.0000
-363.0741 0.0000
-362.4596 0.0000
-363.5783 0.0000
-363.9094 0.0000
-363.5606 0.0000
-364.1293 0.0000
-364.4190 0.0000
-364.7734 0.0000
-363.1942 0.0000
-364.1077 0.0000
-364.3545 0.0000
-363.6096 0.0000
-362.3728 0.0000
-361.9736 0.0000
-361.6521 0.0000
-361.5509 0.0000
-359.9772 0.0000
-358.3057 0.0000
-359.9526 0.0000
-361.0024 0.0000
-361.5690 0.0000
-361.7510 0.0000
-362.6180 0.0000
-362.4688 0.0000
-360.7949 0.0000
-361.9653 0.0000
-361.8500 0.0000
-361.6533 0.0000
-362.4088 0.0000
-362.6579 0.0000
-362.1881 0.0000
-363.9222 0.0000
-364.4526 0.0000
-365.1667 0.0000
-364.3521 0.0000
-365.2292 0.0000
-365.2296 0.0000
-364.0604 0.0000
-363.3722 0.0000
-364.3899 0.0000
-363.4210 0.0000
-363.7883 0.0000
-363.3940 0.0000
-364.7343 0.0000
-363.8609 0.0000
-363.5289 0.0000
-362.8124 0.0000
-362.5368 0.0000
-363.4599 0.0000
-361.9492 0.0000
-363.0957 0.0000
-363.4781 0.0000
-361.4912 0.0000
-361.0232 0.0000
-361.1527 0.0000
-360.5059 0.0000
-360.2534 0.0000
-357.9943 0.0000
-358.2311 0.0000
-358.4018 0.0000
-357.0629 0.0000
-357.0093 0.0000
-356.0753 0.0000
-356.6625 0.0000
-357.1435 0.0000
-356.4317 0.0000
-355.9910 0.0000
-355.2545 0.0000
-355.3657 0.0000
-356.0969 0.0000
-354.7478 0.0000
-355.1706 0.0000
-357.0020 0.0000
-354.7270 0.0000
-353.6901 0.0000
-354.0837 0.0000
-353.5489 0.0000
-347.6448 0.0000
-347.5170 0.0000
-348.6842 0.0000
-350.3293 0.0000
-348.0049 0.0000
-347.1724 0.0000
-347.0939 0.0000
-345.4932 0.0000
-344.0049 0.0000
-343.9175 0.0000
-343.8082 0.0000
-343.9686 0.0000
-343.7301 0.0000
-344.2995 0.0000
-343.8607 0.0000
-343.5702 0.0000
-342.9320 0.0000
-342.7661 0.0000
-342.6854 0.0000
-342.3589 0.0000
-342.0463 0.0000
-341.5255 0.0000
-341.1861 0.0000
-340.9953 0.0000
-341.4671 0.0000
-341.4116 0.0000
-341.0127 0.0000
-340.7382 0.0000
-341.5619 0.0000
-341.3346 0.0000
-341.6158 0.0000
-341.6753 0.0000
-341.9569 0.0000
-342.2602 0.0000
-342.6277 0.0000
-342.4661 0.0000
-342.1080 0.0000
-343.3559 0.0000
-341.0132 0.0000
-340.8707 0.0000
-339.9846 0.0000
-340.1041 0.0000
-339.8028 0.0000
-340.0932 0.0000
-339.8797 0.0000
-339.5548 0.0000
-339.0657 0.0000
-338.8380 0.0000
-338.4120 0.0000
-339.2715 0.0000
-339.2558 0.0000
-338.7996 0.0000
-338.7634 0.0000
-339.0721 0.0000
-339.2438 0.0000
-339.0586 0.0000
-339.6729 0.0000
-339.7381 0.0000
-339.4618 0.0000
-338.7592 0.0000
-338.4423 0.0000
-338.0311 0.0000
-338.3318 0.0000
-338.9259 0.0000
-338.2176 0.0000
-337.8910 0.0000
-336.9849 0.0000
-336.2324 0.0000
-335.6779 0.0000
-334.9494 0.0000
-335.2339 0.0000
-335.2823 0.0000
-334.4842 0.0000
-334.8947 0.0000
-335.9735 0.0000
-336.1124 0.0000
-336.0308 0.0000
-335.5982 0.0000
-335.5566 0.0000
-335.5539 0.0000
-335.9477 0.0000
-335.7294 0.0000
-335.6896 0.0000
-335.2330 0.0000
-335.6903 0.0000
-335.8913 0.0000
-335.7516 0.0000
-335.7654 0.0000
-337.1423 0.0000
-337.1091 0.0000
-337.5818 0.0000
-338.6282 0.0000
-337.9151 0.0000
-338.0585 0.0000
-338.5499 0.0000
-338.3327 0.0000
-337.8177 0.0000
-337.2157 0.0000
-337.0667 0.0000
-337.6010 0.0000
-337.2071 0.0000
-336.4708 0.0000
-336.1895 0.0000
-335.2717 0.0000
-334.9877 0.0000
-334.6285 0.0000
-334.7549 0.0000
-334.7524 0.0000
-334.0875 0.0000
-334.7339 0.0000
-332.8288 0.0000
-331.7343 0.0000
-331.5463 0.0000
-331.4535 0.0000
-330.4261 0.0000
-330.0729 0.0000
-329.3982 0.0000
-330.1293 0.0000
-330.8002 0.0000
-330.9496 0.0000
-330.8494 0.0000
-331.1177 0.0000
-330.5597 0.0000
-330.0341 0.0000
-330.4657 0.0000
-330.3613 0.0000
-330.2114 0.0000
-330.5503 0.0000
-330.2561 0.0000
-330.4703 0.0000
-330.4723 0.0000
-330.8060 0.0000
-330.5656 0.0000
-329.9661 0.0000
-329.2627 0.0000
-329.7439 0.0000
-330.3869 0.0000
-329.6710 0.0000
-331.0303 0.0000
-330.7716 0.0000
-331.3300 0.0000
-330.7528 0.0000
-331.5284 0.0000
-331.3728 0.0000
-331.3890 0.0000
-330.9162 0.0000
-331.3621 0.0000
-330.4536 0.0000
-331.3182 0.0000
-330.6128 0.0000
-331.2555 0.0000
-330.6075 0.0000
-330.9828 0.0000
-331.1173 0.0000
-330.3679 0.0000
-330.4431 0.0000
-330.8965 0.0000
-330.9249 0.0000
-330.9606 0.0000
-330.0820 0.0000
-330.6837 0.0000
-329.8236 0.0000
-329.2781 0.0000
-329.9023 0.0000
-328.9343 0.0000
-329.3333 0.0000
-328.5367 0.0000
-328.2515 0.0000
-328.4115 0.0000
-327.5062 0.0000
-327.3848 0.0000
-327.7714 0.0000
-327.5583 0.0000
-328.1388 0.0000
-327.2629 0.0000
-327.6027 0.0000
-327.2208 0.0000
-326.2409 0.0000
-325.9683 0.0000
-326.0148 0.0000
-326.0722 0.0000
-325.5006 0.0000
-325.1983 0.0000
-325.0054 0.0000
-324.7300 0.0000
-323.7889 0.0000
-324.3522 0.0000
-324.1290 0.0000
-324.9840 0.0000
-325.6666 0.0000
-325.3649 0.0000
-325.1296 0.0000
-324.7098 0.0000
-324.7893 0.0000
-324.7213 0.0000
-324.1007 0.0000
-323.9254 0.0000
-324.2084 0.0000
-324.2485 0.0000
-324.5158 0.0000
-326.6860 0.0000
-326.7847 0.0000
-326.4836 0.0000
-325.8571 0.0000
-326.0437 0.0000
-326.4594 0.0000
-326.2710 0.0000
-325.9131 0.0000
-325.3741 0.0000
-325.9147 0.0000
-326.4644 0.0000
-327.6153 0.0000
-326.5536 0.0000
-325.7425 0.0000
-325.8688 0.0000
-326.0331 0.0000
-325.7372 0.0000
-325.0401 0.0000
-325.2409 0.0000
-325.0673 0.0000
-323.8636 0.0000
-324.6793 0.0000
-325.0617 0.0000
-326.7867 0.0000
-325.5341 0.0000
-325.4894 0.0000
-324.9178 0.0000
-324.7537 0.0000
-324.4395 0.0000
-325.0357 0.0000
-325.5708 0.0000
-325.4958 0.0000
-325.6088 0.0000
-325.1671 0.0000
-324.7983 0.0000
-325.7706 0.0000
-325.6141 0.0000
-325.1508 0.0000
-324.9326 0.0000
-325.4873 0.0000
-324.8907 0.0000
-324.6614 0.0000
-325.1334 0.0000
-325.1224 0.0000
-324.6196 0.0000
-324.2383 0.0000
-324.0944 0.0000
-324.0311 0.0000
-323.4661 0.0000
-323.2566 0.0000
-322.7775 0.0000
-323.3534 0.0000
-324.3728 0.0000
-322.4245 0.0000
-322.0824 0.0000
-321.5748 0.0000
-320.8893 0.0000
-321.0458 0.0000
-321.7898 0.0000
-321.5607 0.0000
-321.0496 0.0000
-320.9864 0.0000
-320.0564 0.0000
-320.2411 0.0000
-319.9129 0.0000
-320.4118 0.0000
-319.7907 0.0000
-319.9635 0.0000
-321.4279 0.0000
-319.8418 0.0000
-320.5609 0.0000
-319.9292 0.0000
-319.4182 0.0000
-320.0444 0.0000
-319.9935 0.0000
-320.2163 0.0000
-320.3318 0.0000
-320.4268 0.0000
-320.6549 0.0000
-320.2608 0.0000
-320.3963 0.0000
-320.7648 0.0000
-320.7740 0.0000
-321.6174 0.0000
-321.8704 0.0000
-322.2592 0.0000
-322.0519 0.0000
-322.3167 0.0000
-322.3092 0.0000
-322.5133 0.0000
-323.3163 0.0000
-321.6619 0.0000
-321.8553 0.0000
-321.1644 0.0000
-321.0021 0.0000
-321.4439 0.0000
-320.7643 0.0000
-321.5542 0.0000
-320.3559 0.0000
-319.9532 0.0000
-276.2894 0.0000
-276.0205 0.0000
-276.1459 0.0000
-276.4905 0.0000
-276.8400 0.0000
-276.4494 0.0000
-276.7844 0.0000
-277.0784 0.0000
-276.3064 0.0000
-276.2897 0.0000
-275.9935 0.0000
-276.3230 0.0000
-276.7882 0.0000
-276.8506 0.0000
-277.4599 0.0000
-276.9925 0.0000
-277.2732 0.0000
-277.4273 0.0000
-276.2207 0.0000
-276.5196 0.0000
-274.9573 0.0000
-276.6031 0.0000
-275.2126 0.0000
-274.5290 0.0000
-274.7856 0.0000
-275.2961 0.0000
-275.3233 0.0000
-275.4937 0.0000
-275.6601 0.0000
-276.3343 0.0000
-274.5294 0.0000
-275.8869 0.0000
-273.8070 0.0000
-273.1683 0.0000
-273.8483 0.0000
-274.8206 0.0000
-275.8774 0.0000
-274.5785 0.0000
-274.6854 0.0000
-274.0681 0.0000
-274.7669 0.0000
-276.0144 0.0000
-275.1207 0.0000
-273.2525 0.0000
-273.6996 0.0000
-273.3166 0.0000
-273.9321 0.0000
-275.0983 0.0000
-273.4296 0.0000
-273.8311 0.0000
-274.3361 0.0000
-273.4036 0.0000
-274.3354 0.0000
-273.3793 0.0000
-273.9350 0.0000
-274.7994 0.0000
-274.4430 0.0000
-274.5103 0.0000
-274.4668 0.0000
-274.7943 0.0000
-275.8346 0.0000
-274.9412 0.0000
-276.2902 0.0000
-275.7921 0.0000
-275.3273 0.0000
-274.8546 0.0000
-274.6976 0.0000
-274.6285 0.0000
-274.1951 0.0000
-274.4122 0.0000
-274.2267 0.0000
-275.2671 0.0000
-274.2366 0.0000
-274.8692 0.0000
-274.8836 0.0000
-273.9193 0.0000
-273.3257 0.0000
-273.1866 0.0000
-273.1377 0.0000
-271.6218 0.0000
-272.4334 0.0000
-272.0852 0.0000
-273.0870 0.0000
-272.3597 0.0000
-272.7216 0.0000
-271.7784 0.0000
-272.1820 0.0000
-272.0470 0.0000
-272.0130 0.0000
-272.7025 0.0000
-273.0757 0.0000
-273.2448 0.0000
-272.4552 0.0000
-271.7992 0.0000
-272.2002 0.0000
-272.1427 0.0000
-272.0207 0.0000
-271.9599 0.0000
-271.7512 0.0000
