-100.0000 -100.0000
-366.5316 0.0000
-365.7326 0.0000
-365.1210 0.0000
-363.0804 0.0000
-363.4087 0.0000
-364.1061 0.0000
-362.7200 0.0000
-362.9738 0.0000
-362.3090 0.0000
-360.8196 0.0000
-360.5136 0.0000
-360.8041 0.0000
-358.7074 0.0000
-358.9536 0.0000
-360.3185 0.0000
-356.9426 0.0000
-355.2978 0.0000
-355.0880 0.0000
-354.9874 0.0000
-354.5450 0.0000
-356.2862 0.0000
-354.1891 0.0000
-356.0985 0.0000
-356.1731 0.0000
-355.4159 0.0000
-356.9062 0.0000
-356.3550 0.0000
-355.5671 0.0000
-357.1616 0.0000
-357.4487 0.0000
-358.8784 0.0000
-355.1061 0.0000
-355.3677 0.0000
-354.6943 0.0000
-354.3596 0.0000
-353.9458 0.0000
-353.5827 0.0000
-353.5030 0.0000
-353.3774 0.0000
-351.9453 0.0000
-351.0814 0.0000
-351.9408 0.0000
-353.0388 0.0000
-354.5658 0.0000
-355.4577 0.0000
-356.8042 0.0000
-356.1296 0.0000
-356.3988 0.0000
-357.2892 0.0000
-358.6892 0.0000
-357.8806 0.0000
-359.3413 0.0000
-361.2005 0.0000
-358.4001 0.0000
-359.4871 0.0000
-359.0540 0.0000
-360.0135 0.0000
-357.5373 0.0000
-358.4372 0.0000
-359.6650 0.0000
-357.6567 0.0000
-357.9597 0.0000
-357.9435 0.0000
-356.9572 0.0000
-357.4892 0.0000
-356.7600 0.0000
-357.4542 0.0000
-357.4201 0.0000
-359.0136 0.0000
-356.6026 0.0000
-355.9485 0.0000
-356.3040 0.0000
-356.2748 0.0000
-357.5547 0.0000
-355.5239 0.0000
-354.3107 0.0000
-353.7839 0.0000
-352.5387 0.0000
-352.0206 0.0000
-352.6774 0.0000
-351.6458 0.0000
-352.1997 0.0000
-353.6717 0.0000
-353.5683 0.0000
-352.8990 0.0000
-352.5411 0.0000
-352.5731 0.0000
-354.2388 0.0000
-352.8338 0.0000
-352.2686 0.0000
-351.3310 0.0000
-351.1492 0.0000
-351.2548 0.0000
-349.8582 0.0000
-349.7181 0.0000
-350.6232 0.0000
-351.0104 0.0000
-348.7660 0.0000
-347.2581 0.0000
-347.3960 0.0000
-338.2751 0.0000
-339.3115 0.0000
-338.5919 0.0000
-339.6435 0.0000
-339.3268 0.0000
-340.2817 0.0000
-340.3616 0.0000
-339.4854 0.0000
-339.3755 0.0000
-339.0849 0.0000
-338.6372 0.0000
-338.6022 0.0000
-338.2462 0.0000
-339.3275 0.0000
-339.6734 0.0000
-339.3799 0.0000
-339.0104 0.0000
-339.1869 0.0000
-339.9743 0.0000
-340.1990 0.0000
-340.4517 0.0000
-340.1678 0.0000
-340.1616 0.0000
-340.0057 0.0000
-339.8904 0.0000
-339.6206 0.0000
-340.0026 0.0000
-340.5004 0.0000
-340.0541 0.0000
-339.8123 0.0000
-339.7486 0.0000
-340.2380 0.0000
-339.5141 0.0000
-340.2316 0.0000
-340.9225 0.0000
-340.8284 0.0000
-340.7891 0.0000
-340.7314 0.0000
-340.6577 0.0000
-340.0879 0.0000
-340.2681 0.0000
-340.8385 0.0000
-340.5952 0.0000
-340.2574 0.0000
-340.0193 0.0000
-339.2819 0.0000
-338.9617 0.0000
-338.8327 0.0000
-339.4678 0.0000
-338.7369 0.0000
-339.5959 0.0000
-338.4094 0.0000
-338.1642 0.0000
-337.9066 0.0000
-338.2618 0.0000
-338.3491 0.0000
-338.3311 0.0000
-337.9054 0.0000
-337.7661 0.0000
-337.7716 0.0000
-338.1436 0.0000
-338.2792 0.0000
-338.2738 0.0000
-338.1447 0.0000
-338.5548 0.0000
-338.1495 0.0000
-338.2090 0.0000
-337.5580 0.0000
-337.2787 0.0000
-337.3177 0.0000
-337.3991 0.0000
-336.8403 0.0000
-337.1008 0.0000
-336.6093 0.0000
-336.3321 0.0000
-336.2678 0.0000
-336.5030 0.0000
-337.1658 0.0000
-336.8073 0.0000
-336.4045 0.0000
-336.5683 0.0000
-336.7894 0.0000
-336.5850 0.0000
-337.5039 0.0000
-337.3332 0.0000
-337.8413 0.0000
-337.0997 0.0000
-336.8579 0.0000
-336.6853 0.0000
-337.4140 0.0000
-336.6040 0.0000
-336.7698 0.0000
-337.1104 0.0000
-337.3743 0.0000
-337.5059 0.0000
-337.4961 0.0000
-337.4557 0.0000
-338.0624 0.0000
-338.0444 0.0000
-337.8485 0.0000
-333.3659 0.0000
-333.0885 0.0000
-332.7019 0.0000
-331.6430 0.0000
-330.9927 0.0000
-331.9034 0.0000
-331.1245 0.0000
-331.1044 0.0000
-331.3137 0.0000
-330.7252 0.0000
-330.0938 0.0000
-329.6299 0.0000
-330.3989 0.0000
-331.1805 0.0000
-330.9626 0.0000
-330.7637 0.0000
-330.6640 0.0000
-331.5183 0.0000
-331.2191 0.0000
-330.9789 0.0000
-331.0436 0.0000
-330.8516 0.0000
-330.9472 0.0000
-331.6378 0.0000
-332.2454 0.0000
-331.7105 0.0000
-331.8613 0.0000
-331.6683 0.0000
-331.5484 0.0000
-331.6041 0.0000
-331.8930 0.0000
-331.9065 0.0000
-331.7174 0.0000
-331.7387 0.0000
-331.3856 0.0000
-331.9904 0.0000
-332.4269 0.0000
-331.3754 0.0000
-330.3538 0.0000
-329.9812 0.0000
-330.5170 0.0000
-330.3843 0.0000
-330.6495 0.0000
-330.1484 0.0000
-329.2096 0.0000
-328.8165 0.0000
-329.2641 0.0000
-328.5671 0.0000
-328.4039 0.0000
-327.9754 0.0000
-327.9675 0.0000
-327.9937 0.0000
-328.9095 0.0000
-328.7367 0.0000
-328.4471 0.0000
-329.2766 0.0000
-328.1747 0.0000
-328.1972 0.0000
-328.4029 0.0000
-328.2273 0.0000
-328.4930 0.0000
-328.0544 0.0000
-327.7721 0.0000
-328.4246 0.0000
-327.3763 0.0000
-327.7508 0.0000
-327.1493 0.0000
-326.7167 0.0000
-326.6134 0.0000
-325.8024 0.0000
-325.2851 0.0000
-325.5764 0.0000
-326.1939 0.0000
-326.0740 0.0000
-326.5646 0.0000
-327.5462 0.0000
-327.3898 0.0000
-326.9059 0.0000
-326.8401 0.0000
-326.7100 0.0000
-327.6233 0.0000
-327.4390 0.0000
-327.2087 0.0000
-327.3342 0.0000
-327.4980 0.0000
-327.1357 0.0000
-326.7979 0.0000
-326.6297 0.0000
-326.5373 0.0000
-326.2413 0.0000
-326.3561 0.0000
-327.5195 0.0000
-326.8680 0.0000
-326.2685 0.0000
-326.6990 0.0000
-326.7341 0.0000
-326.7260 0.0000
-327.3243 0.0000
-326.3336 0.0000
-326.4520 0.0000
-289.5558 0.0000
-290.1697 0.0000
-288.7160 0.0000
-287.1936 0.0000
-286.8667 0.0000
-286.6283 0.0000
-287.5993 0.0000
-286.1365 0.0000
-285.8655 0.0000
-285.6450 0.0000
-285.8365 0.0000
-287.1040 0.0000
-285.3526 0.0000
-284.7598 0.0000
-285.4259 0.0000
-284.5321 0.0000
-285.3226 0.0000
-283.8682 0.0000
-283.3666 0.0000
-283.8573 0.0000
-283.2289 0.0000
-283.1786 0.0000
-283.6026 0.0000
-284.5260 0.0000
-282.6556 0.0000
-282.7808 0.0000
-284.0125 0.0000
-282.8869 0.0000
-283.6161 0.0000
-284.6582 0.0000
-283.5449 0.0000
-282.1354 0.0000
-280.6517 0.0000
-280.7195 0.0000
-280.0363 0.0000
-280.0999 0.0000
-279.7160 0.0000
-280.1952 0.0000
-278.9468 0.0000
-278.1945 0.0000
-278.5273 0.0000
-278.8373 0.0000
-278.8775 0.0000
-279.9640 0.0000
-278.7020 0.0000
-279.2992 0.0000
-278.9043 0.0000
-277.5139 0.0000
-277.0177 0.0000
-276.1964 0.0000
-274.7467 0.0000
-275.3049 0.0000
-274.2929 0.0000
-274.9666 0.0000
-273.4987 0.0000
-273.7965 0.0000
-274.3662 0.0000
-274.2795 0.0000
-274.7997 0.0000
-274.7444 0.0000
-274.5798 0.0000
-274.8016 0.0000
-274.3158 0.0000
-274.8289 0.0000
-274.9891 0.0000
-276.0082 0.0000
-276.4620 0.0000
-276.5154 0.0000
-276.9838 0.0000
-276.7378 0.0000
-276.0472 0.0000
-276.2510 0.0000
-275.8464 0.0000
-276.4815 0.0000
-276.4648 0.0000
-276.5501 0.0000
-277.7769 0.0000
-278.3326 0.0000
-277.1756 0.0000
-276.3103 0.0000
-275.7277 0.0000
-276.0148 0.0000
-275.6069 0.0000
-276.5936 0.0000
-276.4201 0.0000
-275.1395 0.0000
-274.8404 0.0000
-274.9695 0.0000
-275.3258 0.0000
-274.9759 0.0000
-275.6508 0.0000
-277.0789 0.0000
-275.3422 0.0000
-274.8255 0.0000
-274.2569 0.0000
-275.0955 0.0000
-274.7660 0.0000
-276.3163 0.0000
-275.5100 0.0000
-274.9982 0.0000
-302.7459 0.0000
-302.4967 0.0000
-302.0981 0.0000
-300.9263 0.0000
-301.8040 0.0000
-302.3522 0.0000
-301.9741 0.0000
-301.8142 0.0000
-301.4504 0.0000
-302.0146 0.0000
-301.3646 0.0000
-301.5671 0.0000
-301.8022 0.0000
-301.9111 0.0000
-302.9790 0.0000
-301.6561 0.0000
-302.3438 0.0000
-301.2219 0.0000
-301.8959 0.0000
-301.8215 0.0000
-301.6826 0.0000
-301.8268 0.0000
-302.1599 0.0000
-301.6104 0.0000
-301.6089 0.0000
-302.0185 0.0000
-301.0244 0.0000
-302.1325 0.0000
-301.8350 0.0000
-301.7533 0.0000
-301.7146 0.0000
-301.6740 0.0000
-301.2556 0.0000
-301.7825 0.0000
-301.9077 0.0000
-302.8894 0.0000
-303.4685 0.0000
-301.7845 0.0000
-301.0058 0.0000
-301.6073 0.0000
-302.1351 0.0000
-301.7129 0.0000
-302.1581 0.0000
-301.6626 0.0000
-301.8922 0.0000
-303.9757 0.0000
-302.3120 0.0000
-302.5397 0.0000
-302.3354 0.0000
-302.9863 0.0000
-302.2813 0.0000
-301.6295 0.0000
-302.4538 0.0000
-301.7839 0.0000
-302.0548 0.0000
-302.9405 0.0000
-302.3705 0.0000
-300.1623 0.0000
-302.2869 0.0000
-300.9822 0.0000
-301.4493 0.0000
-302.4089 0.0000
-302.3040 0.0000
-301.6687 0.0000
-301.1119 0.0000
-301.5777 0.0000
-302.9758 0.0000
-301.3883 0.0000
-301.9174 0.0000
-301.4936 0.0000
-301.8020 0.0000
-301.8314 0.0000
-302.0580 0.0000
-301.3987 0.0000
-301.6246 0.0000
-302.3951 0.0000
-302.1616 0.0000
-302.2807 0.0000
-302.2096 0.0000
-301.7952 0.0000
-301.0657 0.0000
-300.0799 0.0000
-302.5256 0.0000
-302.2334 0.0000
-301.9765 0.0000
-300.8438 0.0000
-302.3977 0.0000
-302.1853 0.0000
-302.8192 0.0000
-302.8874 0.0000
-301.7496 0.0000
-302.1770 0.0000
-302.7966 0.0000
-301.6164 0.0000
-301.3121 0.0000
-302.7069 0.0000
-301.0663 0.0000
-301.4511 0.0000
-301.5030 0.0000
