-100.0000 -100.0000
-340.5334 0.0000
-341.4393 0.0000
-342.0058 0.0000
-341.7662 0.0000
-341.1886 0.0000
-341.2927 0.0000
-341.2169 0.0000
-341.2092 0.0000
-340.7648 0.0000
-341.1001 0.0000
-342.0553 0.0000
-341.8347 0.0000
-342.5417 0.0000
-343.0140 0.0000
-343.0088 0.0000
-343.6791 0.0000
-342.4202 0.0000
-342.1577 0.0000
-341.9982 0.0000
-341.8533 0.0000
-341.7819 0.0000
-342.2183 0.0000
-342.1469 0.0000
-341.8810 0.0000
-342.1334 0.0000
-341.7648 0.0000
-341.3531 0.0000
-341.7140 0.0000
-342.1449 0.0000
-342.0924 0.0000
-341.3890 0.0000
-341.6534 0.0000
-341.8963 0.0000
-341.7207 0.0000
-341.4565 0.0000
-341.7057 0.0000
-341.2399 0.0000
-341.3892 0.0000
-341.9936 0.0000
-342.2132 0.0000
-342.6225 0.0000
-342.7860 0.0000
-342.2614 0.0000
-342.0423 0.0000
-342.5585 0.0000
-342.6356 0.0000
-342.9706 0.0000
-342.6613 0.0000
-342.3949 0.0000
-342.3166 0.0000
-341.6533 0.0000
-341.1842 0.0000
-342.5266 0.0000
-342.1214 0.0000
-341.4765 0.0000
-341.0780 0.0000
-340.5082 0.0000
-339.2882 0.0000
-339.6898 0.0000
-338.8572 0.0000
-338.6939 0.0000
-338.5978 0.0000
-339.0101 0.0000
-338.1626 0.0000
-338.0811 0.0000
-338.1214 0.0000
-337.6362 0.0000
-337.4877 0.0000
-337.2127 0.0000
-336.9083 0.0000
-336.4015 0.0000
-337.2119 0.0000
-337.5135 0.0000
-336.9825 0.0000
-337.1244 0.0000
-336.3368 0.0000
-336.3712 0.0000
-335.6736 0.0000
-334.8881 0.0000
-334.8115 0.0000
-335.4588 0.0000
-335.0291 0.0000
-335.2515 0.0000
-336.3691 0.0000
-337.2066 0.0000
-337.3719 0.0000
-338.1574 0.0000
-337.6903 0.0000
-337.4391 0.0000
-337.7180 0.0000
-338.3421 0.0000
-338.6282 0.0000
-338.3302 0.0000
-338.0896 0.0000
-337.8793 0.0000
-337.9696 0.0000
-338.7929 0.0000
-338.6299 0.0000
-338.5010 0.0000
-338.6864 0.0000
-336.4079 0.0000
-335.0865 0.0000
-335.1968 0.0000
-335.0337 0.0000
-335.2032 0.0000
-335.2712 0.0000
-334.6402 0.0000
-334.1397 0.0000
-333.9559 0.0000
-334.4984 0.0000
-334.3669 0.0000
-334.9565 0.0000
-335.5720 0.0000
-336.2732 0.0000
-336.6047 0.0000
-336.4830 0.0000
-336.8628 0.0000
-335.8910 0.0000
-336.1632 0.0000
-336.2722 0.0000
-336.1368 0.0000
-336.3116 0.0000
-336.1800 0.0000
-335.9349 0.0000
-335.9041 0.0000
-335.3444 0.0000
-335.5297 0.0000
-335.6669 0.0000
-335.5331 0.0000
-335.1525 0.0000
-335.0356 0.0000
-335.5198 0.0000
-335.8619 0.0000
-335.7229 0.0000
-336.0457 0.0000
-335.9224 0.0000
-336.9188 0.0000
-337.6711 0.0000
-337.7140 0.0000
-337.6879 0.0000
-336.8982 0.0000
-336.9179 0.0000
-338.0155 0.0000
-336.7594 0.0000
-335.8514 0.0000
-335.5689 0.0000
-335.0071 0.0000
-334.6522 0.0000
-334.4566 0.0000
-334.7798 0.0000
-335.1688 0.0000
-334.5448 0.0000
-333.4393 0.0000
-333.7689 0.0000
-334.5236 0.0000
-333.6620 0.0000
-333.9052 0.0000
-333.8600 0.0000
-332.6908 0.0000
-333.0012 0.0000
-333.3310 0.0000
-333.3436 0.0000
-333.9155 0.0000
-333.7560 0.0000
-333.2865 0.0000
-333.2383 0.0000
-333.4225 0.0000
-332.3853 0.0000
-332.2251 0.0000
-332.7190 0.0000
-332.7433 0.0000
-332.7722 0.0000
-332.3777 0.0000
-331.4743 0.0000
-330.9946 0.0000
-331.9383 0.0000
-332.0345 0.0000
-332.7584 0.0000
-332.6118 0.0000
-331.9083 0.0000
-332.4341 0.0000
-333.2023 0.0000
-332.4889 0.0000
-332.9534 0.0000
-332.4590 0.0000
-333.6756 0.0000
-333.9598 0.0000
-334.6882 0.0000
-334.3770 0.0000
-334.4812 0.0000
-333.8474 0.0000
-334.4079 0.0000
-333.8554 0.0000
-334.4298 0.0000
-334.0578 0.0000
-334.1436 0.0000
-334.2156 0.0000
-334.3240 0.0000
-334.2038 0.0000
-333.4342 0.0000
-312.0244 0.0000
-313.4952 0.0000
-312.0300 0.0000
-312.1423 0.0000
-311.6270 0.0000
-312.7976 0.0000
-310.7978 0.0000
-312.7047 0.0000
-312.3526 0.0000
-311.8923 0.0000
-311.3135 0.0000
-309.5501 0.0000
-308.4941 0.0000
-308.2772 0.0000
-309.3459 0.0000
-308.1163 0.0000
-307.4935 0.0000
-306.9205 0.0000
-305.6011 0.0000
-306.1581 0.0000
-306.0060 0.0000
-304.6846 0.0000
-304.3704 0.0000
-303.7111 0.0000
-303.6395 0.0000
-303.3869 0.0000
-303.7533 0.0000
-304.0953 0.0000
-304.5058 0.0000
-303.8157 0.0000
-305.2092 0.0000
-304.0960 0.0000
-303.7983 0.0000
-304.3135 0.0000
-304.9721 0.0000
-306.4062 0.0000
-305.0811 0.0000
-305.3871 0.0000
-304.2856 0.0000
-304.9291 0.0000
-304.2352 0.0000
-304.3606 0.0000
-305.7519 0.0000
-305.2136 0.0000
-304.6634 0.0000
-304.2781 0.0000
-303.6694 0.0000
-302.1275 0.0000
-303.6203 0.0000
-301.6819 0.0000
-302.4269 0.0000
-303.4382 0.0000
-301.7833 0.0000
-301.3428 0.0000
-301.2877 0.0000
-302.5582 0.0000
-301.4552 0.0000
-303.7000 0.0000
-301.4031 0.0000
-299.2593 0.0000
-299.6721 0.0000
-298.2700 0.0000
-296.5771 0.0000
-297.1764 0.0000
-297.2691 0.0000
-295.6315 0.0000
-294.8973 0.0000
-295.2587 0.0000
-294.1566 0.0000
-293.9906 0.0000
-293.5274 0.0000
-293.7440 0.0000
-293.9072 0.0000
-295.2242 0.0000
-293.8696 0.0000
-294.2924 0.0000
-294.4355 0.0000
-293.6025 0.0000
-294.8653 0.0000
-292.8279 0.0000
-293.2720 0.0000
-291.5657 0.0000
-290.5638 0.0000
-290.1596 0.0000
-291.2465 0.0000
-289.4305 0.0000
-290.4516 0.0000
-289.5573 0.0000
-289.5875 0.0000
-290.6805 0.0000
-291.1182 0.0000
-291.3226 0.0000
-290.5118 0.0000
-290.6608 0.0000
-291.0316 0.0000
-290.6946 0.0000
-290.7965 0.0000
-289.7486 0.0000
-289.2505 0.0000
-289.6334 0.0000
-302.0024 0.0000
-302.3051 0.0000
-302.8930 0.0000
-302.1623 0.0000
-300.6313 0.0000
-301.5176 0.0000
-301.9163 0.0000
-301.6865 0.0000
-302.1151 0.0000
-302.0157 0.0000
-300.9921 0.0000
-302.6872 0.0000
-301.0448 0.0000
-300.7168 0.0000
-302.9240 0.0000
-302.6899 0.0000
-301.8297 0.0000
-300.1888 0.0000
-301.3746 0.0000
-300.7969 0.0000
-302.2979 0.0000
-300.8104 0.0000
-302.0369 0.0000
-302.2381 0.0000
-301.9574 0.0000
-301.6000 0.0000
-301.2741 0.0000
-302.6506 0.0000
-300.9119 0.0000
-302.6325 0.0000
-302.5932 0.0000
-302.1436 0.0000
-301.7324 0.0000
-301.9504 0.0000
-302.1656 0.0000
-302.1869 0.0000
-301.4922 0.0000
-302.2263 0.0000
-301.6830 0.0000
-302.1425 0.0000
-301.9952 0.0000
-302.4992 0.0000
-302.3871 0.0000
-301.3973 0.0000
-301.4057 0.0000
-301.2793 0.0000
-302.0242 0.0000
-302.1959 0.0000
-301.4138 0.0000
-302.9660 0.0000
-301.4067 0.0000
-302.0636 0.0000
-301.6387 0.0000
-302.0714 0.0000
-302.8298 0.0000
-302.4272 0.0000
-302.2527 0.0000
-302.6254 0.0000
-301.8580 0.0000
-301.4747 0.0000
-301.6588 0.0000
-301.7042 0.0000
-301.9006 0.0000
-301.5454 0.0000
-301.7653 0.0000
-302.3305 0.0000
-302.0770 0.0000
-301.5216 0.0000
-301.9615 0.0000
-302.1010 0.0000
-303.1151 0.0000
-302.6698 0.0000
-302.3458 0.0000
-302.0367 0.0000
-301.3636 0.0000
-302.9145 0.0000
-301.2399 0.0000
-301.8446 0.0000
-301.4077 0.0000
-301.8600 0.0000
-301.8768 0.0000
-302.4890 0.0000
-301.9826 0.0000
-302.4104 0.0000
-302.1087 0.0000
-301.4543 0.0000
-302.5420 0.0000
-302.7524 0.0000
-301.4624 0.0000
-300.9714 0.0000
-302.7522 0.0000
-301.8983 0.0000
-301.7021 0.0000
-302.0547 0.0000
-301.3110 0.0000
-302.2786 0.0000
-301.2073 0.0000
-303.1256 0.0000
-302.0815 0.0000
-301.0625 0.0000
-326.4694 0.0000
-327.1314 0.0000
-327.5922 0.0000
-326.4167 0.0000
-326.0163 0.0000
-327.5219 0.0000
-327.4812 0.0000
-329.1377 0.0000
-326.9042 0.0000
-327.3236 0.0000
-327.1262 0.0000
-327.3478 0.0000
-327.9693 0.0000
-327.7239 0.0000
-327.3737 0.0000
-327.5294 0.0000
-327.8820 0.0000
-326.3390 0.0000
-325.9526 0.0000
-328.1543 0.0000
-327.3088 0.0000
-328.1909 0.0000
-327.9709 0.0000
-327.5058 0.0000
-326.0379 0.0000
-327.0853 0.0000
-326.8379 0.0000
-327.4191 0.0000
-326.1804 0.0000
-326.6077 0.0000
-326.1637 0.0000
-328.0823 0.0000
-327.0760 0.0000
-326.2566 0.0000
-327.1494 0.0000
-325.9702 0.0000
-326.7705 0.0000
-326.5629 0.0000
-327.8242 0.0000
-326.6165 0.0000
-326.2473 0.0000
-327.3177 0.0000
-327.9067 0.0000
-325.4815 0.0000
-326.4742 0.0000
-325.8910 0.0000
-325.8210 0.0000
-328.7120 0.0000
-326.8625 0.0000
-326.6779 0.0000
-327.4559 0.0000
-327.6411 0.0000
-328.0430 0.0000
-328.7205 0.0000
-326.4960 0.0000
-326.3414 0.0000
-327.1672 0.0000
-326.4085 0.0000
-326.6270 0.0000
-326.2109 0.0000
-328.1405 0.0000
-327.1437 0.0000
-326.6315 0.0000
-326.1980 0.0000
-328.0682 0.0000
-326.8071 0.0000
-328.2143 0.0000
-326.2611 0.0000
-326.6834 0.0000
-326.4545 0.0000
-326.0807 0.0000
-325.6595 0.0000
-327.0653 0.0000
-327.1065 0.0000
-327.1457 0.0000
-327.2017 0.0000
-327.1396 0.0000
-327.6501 0.0000
-327.6108 0.0000
-327.4948 0.0000
-326.8165 0.0000
-327.2158 0.0000
-327.3040 0.0000
-327.3965 0.0000
-326.7234 0.0000
-327.6852 0.0000
-326.2335 0.0000
-326.6838 0.0000
-327.4432 0.0000
-327.3074 0.0000
-327.5159 0.0000
-326.5417 0.0000
-327.8581 0.0000
-328.2166 0.0000
-327.8488 0.0000
-327.6504 0.0000
-327.0877 0.0000
-327.2372 0.0000
-328.2985 0.0000
