-100.0000 -100.0000
-343.1839 0.0000
-342.4273 0.0000
-342.6937 0.0000
-342.4375 0.0000
-343.5727 0.0000
-343.3369 0.0000
-343.8913 0.0000
-343.8367 0.0000
-343.1133 0.0000
-343.7468 0.0000
-342.7008 0.0000
-342.9283 0.0000
-341.8938 0.0000
-342.5407 0.0000
-343.5782 0.0000
-340.7972 0.0000
-339.8734 0.0000
-341.2640 0.0000
-341.3113 0.0000
-340.9023 0.0000
-342.2396 0.0000
-341.8839 0.0000
-341.6493 0.0000
-341.4372 0.0000
-341.1327 0.0000
-340.9501 0.0000
-340.5081 0.0000
-339.0706 0.0000
-339.6206 0.0000
-340.3195 0.0000
-339.9048 0.0000
-338.3306 0.0000
-339.1954 0.0000
-339.0600 0.0000
-338.3441 0.0000
-337.8111 0.0000
-336.9954 0.0000
-337.3802 0.0000
-336.1484 0.0000
-336.0396 0.0000
-335.9281 0.0000
-336.4281 0.0000
-337.8212 0.0000
-336.4919 0.0000
-336.1970 0.0000
-336.3888 0.0000
-336.4968 0.0000
-337.9653 0.0000
-337.1281 0.0000
-337.2924 0.0000
-337.4228 0.0000
-337.4170 0.0000
-337.8020 0.0000
-338.2608 0.0000
-337.4832 0.0000
-337.4255 0.0000
-337.6219 0.0000
-337.7605 0.0000
-339.3373 0.0000
-337.9397 0.0000
-336.3869 0.0000
-336.0401 0.0000
-337.4003 0.0000
-336.1670 0.0000
-336.6853 0.0000
-336.6520 0.0000
-336.0525 0.0000
-335.8042 0.0000
-337.0313 0.0000
-335.9481 0.0000
-335.3947 0.0000
-335.7638 0.0000
-335.5107 0.0000
-336.4098 0.0000
-336.2553 0.0000
-335.6252 0.0000
-335.7206 0.0000
-335.9048 0.0000
-337.3676 0.0000
-338.0599 0.0000
-335.6188 0.0000
-336.9498 0.0000
-336.8798 0.0000
-337.7655 0.0000
-337.0075 0.0000
-337.7658 0.0000
-337.5530 0.0000
-338.5180 0.0000
-336.9116 0.0000
-336.9629 0.0000
-337.6232 0.0000
-337.4073 0.0000
-337.2923 0.0000
-336.9066 0.0000
-336.2352 0.0000
-335.7973 0.0000
-335.7048 0.0000
-336.0374 0.0000
-334.8961 0.0000
-335.3168 0.0000
-336.9699 0.0000
-337.3609 0.0000
-337.6969 0.0000
-336.6513 0.0000
-336.1029 0.0000
-335.7380 0.0000
-337.1651 0.0000
-335.8005 0.0000
-337.2797 0.0000
-335.1692 0.0000
-335.6840 0.0000
-335.2671 0.0000
-334.7816 0.0000
-333.9253 0.0000
-334.1020 0.0000
-334.1158 0.0000
-333.9873 0.0000
-332.5171 0.0000
-331.8542 0.0000
-332.8558 0.0000
-333.2335 0.0000
-333.4202 0.0000
-334.5557 0.0000
-335.9679 0.0000
-334.2686 0.0000
-334.9129 0.0000
-334.5838 0.0000
-334.4568 0.0000
-334.2692 0.0000
-333.9847 0.0000
-333.8905 0.0000
-335.0232 0.0000
-334.3628 0.0000
-333.8697 0.0000
-334.2795 0.0000
-334.2335 0.0000
-335.7361 0.0000
-333.7963 0.0000
-333.7940 0.0000
-334.0744 0.0000
-334.9729 0.0000
-335.0552 0.0000
-335.7558 0.0000
-333.7191 0.0000
-334.7579 0.0000
-334.5118 0.0000
-335.0797 0.0000
-334.6489 0.0000
-335.6839 0.0000
-333.2710 0.0000
-333.2743 0.0000
-334.4540 0.0000
-333.2304 0.0000
-332.9826 0.0000
-332.4153 0.0000
-332.9836 0.0000
-331.9238 0.0000
-331.4383 0.0000
-331.8109 0.0000
-331.2892 0.0000
-331.3368 0.0000
-331.5492 0.0000
-331.0298 0.0000
-329.2257 0.0000
-330.2910 0.0000
-329.6721 0.0000
-331.2438 0.0000
-330.1996 0.0000
-331.0601 0.0000
-333.0832 0.0000
-330.0222 0.0000
-329.1818 0.0000
-328.7914 0.0000
-328.9802 0.0000
-328.0696 0.0000
-328.6508 0.0000
-328.5002 0.0000
-328.8071 0.0000
-329.1903 0.0000
-328.9909 0.0000
-327.9274 0.0000
-328.9675 0.0000
-328.0516 0.0000
-328.7223 0.0000
-328.1302 0.0000
-327.8615 0.0000
-328.5608 0.0000
-328.6660 0.0000
-327.5920 0.0000
-327.3819 0.0000
-325.6343 0.0000
-324.6823 0.0000
-323.3890 0.0000
-322.9764 0.0000
-322.3691 0.0000
-323.0462 0.0000
-322.7937 0.0000
-322.1427 0.0000
-321.8977 0.0000
-321.3476 0.0000
-333.2320 0.0000
-331.6644 0.0000
-331.8580 0.0000
-331.8435 0.0000
-332.7606 0.0000
-332.0689 0.0000
-333.2476 0.0000
-331.8173 0.0000
-331.6003 0.0000
-332.9513 0.0000
-332.7510 0.0000
-332.7595 0.0000
-332.0648 0.0000
-332.7055 0.0000
-331.9779 0.0000
-331.6725 0.0000
-332.0277 0.0000
-331.5439 0.0000
-331.8023 0.0000
-332.4449 0.0000
-331.2516 0.0000
-332.2664 0.0000
-331.8873 0.0000
-331.0860 0.0000
-331.6419 0.0000
-331.5325 0.0000
-332.2980 0.0000
-331.8906 0.0000
-331.7103 0.0000
-333.2426 0.0000
-332.0795 0.0000
-331.5926 0.0000
-331.4754 0.0000
-332.4842 0.0000
-331.7445 0.0000
-331.9627 0.0000
-332.6700 0.0000
-330.8708 0.0000
-332.9818 0.0000
-332.4645 0.0000
-332.1957 0.0000
-331.8538 0.0000
-332.1534 0.0000
-332.1940 0.0000
-332.7243 0.0000
-332.2122 0.0000
-332.1518 0.0000
-331.7392 0.0000
-331.5057 0.0000
-331.3373 0.0000
-331.2210 0.0000
-331.5129 0.0000
-331.0905 0.0000
-331.6092 0.0000
-331.0732 0.0000
-331.3047 0.0000
-331.2624 0.0000
-330.1305 0.0000
-331.0513 0.0000
-330.7356 0.0000
-330.8189 0.0000
-329.7243 0.0000
-329.0051 0.0000
-328.4492 0.0000
-328.1349 0.0000
-328.8789 0.0000
-329.9623 0.0000
-330.7701 0.0000
-330.3170 0.0000
-330.1595 0.0000
-330.3940 0.0000
-331.3270 0.0000
-329.2118 0.0000
-328.9084 0.0000
-329.0377 0.0000
-328.4850 0.0000
-328.9430 0.0000
-329.3026 0.0000
-328.5800 0.0000
-329.5949 0.0000
-328.1526 0.0000
-328.3542 0.0000
-328.4010 0.0000
-328.0076 0.0000
-327.5170 0.0000
-327.9960 0.0000
-327.8183 0.0000
-327.7859 0.0000
-327.8676 0.0000
-327.6179 0.0000
-328.0589 0.0000
-327.5302 0.0000
-327.1584 0.0000
-327.7468 0.0000
-327.4053 0.0000
-327.6556 0.0000
-328.1863 0.0000
-327.5532 0.0000
-327.4602 0.0000
-327.1608 0.0000
-295.6028 0.0000
-295.7841 0.0000
-295.5693 0.0000
-295.0557 0.0000
-294.0282 0.0000
-293.6487 0.0000
-293.5060 0.0000
-293.1583 0.0000
-293.5081 0.0000
-292.2054 0.0000
-292.4937 0.0000
-293.0806 0.0000
-291.0077 0.0000
-290.6739 0.0000
-292.0174 0.0000
-292.7306 0.0000
-291.6491 0.0000
-290.5698 0.0000
-290.1038 0.0000
-289.4544 0.0000
-289.0088 0.0000
-288.9832 0.0000
-289.3661 0.0000
-290.8021 0.0000
-288.0346 0.0000
-288.7024 0.0000
-286.8703 0.0000
-286.0135 0.0000
-286.4338 0.0000
-286.5474 0.0000
-286.6687 0.0000
-286.6639 0.0000
-286.2837 0.0000
-287.4475 0.0000
-286.4755 0.0000
-287.2583 0.0000
-286.4137 0.0000
-286.4167 0.0000
-286.8578 0.0000
-287.2518 0.0000
-287.5689 0.0000
-287.5177 0.0000
-287.3593 0.0000
-287.8694 0.0000
-287.3477 0.0000
-287.5766 0.0000
-287.9200 0.0000
-287.6797 0.0000
-287.0818 0.0000
-287.5521 0.0000
-286.9312 0.0000
-286.8821 0.0000
-286.8547 0.0000
-286.3503 0.0000
-286.3608 0.0000
-286.6441 0.0000
-285.8160 0.0000
-285.3696 0.0000
-286.1206 0.0000
-285.5447 0.0000
-285.2520 0.0000
-284.8317 0.0000
-284.9698 0.0000
-284.6447 0.0000
-285.1967 0.0000
-284.9718 0.0000
-283.7521 0.0000
-284.7957 0.0000
-284.1217 0.0000
-283.5882 0.0000
-284.2537 0.0000
-282.7253 0.0000
-282.8808 0.0000
-283.4112 0.0000
-283.3137 0.0000
-283.5367 0.0000
-284.1275 0.0000
-282.9573 0.0000
-282.5991 0.0000
-282.8904 0.0000
-282.3515 0.0000
-283.1320 0.0000
-283.6416 0.0000
-283.9203 0.0000
-283.5092 0.0000
-283.3332 0.0000
-283.1643 0.0000
-283.1359 0.0000
-283.5607 0.0000
-283.4965 0.0000
-283.8802 0.0000
-283.9533 0.0000
-284.9055 0.0000
-284.7375 0.0000
-284.9603 0.0000
-285.4329 0.0000
-285.3952 0.0000
-285.0697 0.0000
-284.3980 0.0000
-284.5754 0.0000
-326.7901 0.0000
-327.9916 0.0000
-326.3179 0.0000
-327.7764 0.0000
-327.3582 0.0000
-327.4693 0.0000
-327.2372 0.0000
-327.8319 0.0000
-327.4414 0.0000
-326.8620 0.0000
-326.6957 0.0000
-326.9369 0.0000
-327.4662 0.0000
-326.5971 0.0000
-326.5650 0.0000
-326.9167 0.0000
-326.8117 0.0000
-326.8024 0.0000
-327.3756 0.0000
-326.9534 0.0000
-327.0534 0.0000
-326.2524 0.0000
-326.8555 0.0000
-326.9624 0.0000
-327.4262 0.0000
-326.9208 0.0000
-327.2797 0.0000
-327.2192 0.0000
-326.9082 0.0000
-327.6180 0.0000
-327.0752 0.0000
-326.1193 0.0000
-327.1860 0.0000
-327.1379 0.0000
-327.0303 0.0000
-327.1951 0.0000
-326.6158 0.0000
-327.6374 0.0000
-326.5635 0.0000
-327.2703 0.0000
-327.2611 0.0000
-326.8209 0.0000
-328.0430 0.0000
-327.6489 0.0000
-327.0043 0.0000
-326.5482 0.0000
-328.3674 0.0000
-326.7674 0.0000
-327.1052 0.0000
-327.1503 0.0000
-326.2974 0.0000
-327.0963 0.0000
-326.7646 0.0000
-327.0032 0.0000
-327.2651 0.0000
-327.4291 0.0000
-326.7083 0.0000
-327.9331 0.0000
-327.3599 0.0000
-327.0039 0.0000
-326.6966 0.0000
-326.5467 0.0000
-327.0151 0.0000
-327.4984 0.0000
-327.1744 0.0000
-327.4962 0.0000
-325.9902 0.0000
-327.6571 0.0000
-326.9574 0.0000
-327.0839 0.0000
-327.1637 0.0000
-326.6452 0.0000
-326.8226 0.0000
-326.5811 0.0000
-326.7338 0.0000
-327.2813 0.0000
-327.4787 0.0000
-327.1805 0.0000
-326.5015 0.0000
-327.5420 0.0000
-328.0235 0.0000
-328.0323 0.0000
-327.4197 0.0000
-328.4215 0.0000
-326.1958 0.0000
-327.4213 0.0000
-327.0076 0.0000
-327.5716 0.0000
-327.5340 0.0000
-327.6100 0.0000
-327.0149 0.0000
-327.6824 0.0000
-326.8971 0.0000
-326.3476 0.0000
-326.2851 0.0000
-326.5588 0.0000
-327.6593 0.0000
-326.7897 0.0000
-326.4923 0.0000
