-100.0000 -100.0000
-332.9659 0.0000
-333.5388 0.0000
-333.2423 0.0000
-332.1642 0.0000
-331.9181 0.0000
-333.0623 0.0000
-331.8090 0.0000
-331.6294 0.0000
-331.3200 0.0000
-330.4319 0.0000
-329.7702 0.0000
-330.0272 0.0000
-328.7993 0.0000
-329.2248 0.0000
-330.4560 0.0000
-328.9052 0.0000
-327.8127 0.0000
-327.6386 0.0000
-328.0804 0.0000
-327.7881 0.0000
-327.3651 0.0000
-327.2506 0.0000
-328.6007 0.0000
-326.8430 0.0000
-326.6946 0.0000
-326.9471 0.0000
-326.4940 0.0000
-327.4036 0.0000
-328.2678 0.0000
-327.9917 0.0000
-328.0766 0.0000
-327.4924 0.0000
-327.4678 0.0000
-327.6556 0.0000
-327.0621 0.0000
-327.5414 0.0000
-327.7904 0.0000
-327.7197 0.0000
-328.0132 0.0000
-326.7356 0.0000
-326.2602 0.0000
-326.6455 0.0000
-326.8735 0.0000
-327.6523 0.0000
-327.6735 0.0000
-328.6969 0.0000
-326.4384 0.0000
-325.9970 0.0000
-326.2994 0.0000
-327.1074 0.0000
-327.5406 0.0000
-327.7077 0.0000
-329.8055 0.0000
-327.0042 0.0000
-327.0172 0.0000
-327.6201 0.0000
-327.7793 0.0000
-327.8377 0.0000
-328.0333 0.0000
-327.2979 0.0000
-327.9060 0.0000
-327.0945 0.0000
-327.2452 0.0000
-326.7205 0.0000
-327.1241 0.0000
-326.8440 0.0000
-327.6238 0.0000
-327.7395 0.0000
-328.7226 0.0000
-328.5778 0.0000
-327.9689 0.0000
-327.8015 0.0000
-327.3996 0.0000
-328.6754 0.0000
-326.6017 0.0000
-325.6380 0.0000
-323.7660 0.0000
-321.5294 0.0000
-322.4417 0.0000
-324.2255 0.0000
-323.1036 0.0000
-323.5332 0.0000
-324.8652 0.0000
-325.5716 0.0000
-324.8231 0.0000
-325.5643 0.0000
-326.4141 0.0000
-325.9850 0.0000
-326.0182 0.0000
-326.1832 0.0000
-325.3535 0.0000
-326.2781 0.0000
-325.5347 0.0000
-324.2547 0.0000
-323.9832 0.0000
-323.9659 0.0000
-323.9189 0.0000
-323.4920 0.0000
-322.2082 0.0000
-322.6264 0.0000
-296.2835 0.0000
-296.9846 0.0000
-297.1975 0.0000
-298.8211 0.0000
-297.1475 0.0000
-297.2493 0.0000
-297.1367 0.0000
-296.6477 0.0000
-295.6192 0.0000
-296.6057 0.0000
-297.2565 0.0000
-297.7974 0.0000
-297.8004 0.0000
-298.0763 0.0000
-298.8676 0.0000
-299.1180 0.0000
-299.1039 0.0000
-298.9826 0.0000
-299.4133 0.0000
-298.6422 0.0000
-298.7935 0.0000
-298.3392 0.0000
-297.7611 0.0000
-296.6886 0.0000
-296.1521 0.0000
-295.7490 0.0000
-296.0927 0.0000
-294.8103 0.0000
-295.8831 0.0000
-295.8824 0.0000
-297.1192 0.0000
-296.9131 0.0000
-297.7105 0.0000
-297.8429 0.0000
-297.8662 0.0000
-297.1611 0.0000
-296.3286 0.0000
-297.9160 0.0000
-295.7197 0.0000
-295.8123 0.0000
-295.4387 0.0000
-296.3734 0.0000
-296.1045 0.0000
-295.6577 0.0000
-295.2011 0.0000
-294.7349 0.0000
-295.5233 0.0000
-294.6954 0.0000
-293.1478 0.0000
-293.6933 0.0000
-293.4399 0.0000
-292.4269 0.0000
-292.2469 0.0000
-292.5794 0.0000
-294.0666 0.0000
-293.7394 0.0000
-294.2898 0.0000
-295.5641 0.0000
-294.9855 0.0000
-294.9888 0.0000
-295.3248 0.0000
-295.7386 0.0000
-295.5351 0.0000
-295.4050 0.0000
-295.4594 0.0000
-295.5613 0.0000
-294.9469 0.0000
-294.1855 0.0000
-294.3611 0.0000
-295.3744 0.0000
-295.0603 0.0000
-294.3744 0.0000
-294.5361 0.0000
-294.3435 0.0000
-295.2227 0.0000
-295.2811 0.0000
-296.0426 0.0000
-297.2866 0.0000
-296.5310 0.0000
-296.6932 0.0000
-297.2255 0.0000
-296.7228 0.0000
-297.3739 0.0000
-298.1454 0.0000
-297.2136 0.0000
-296.9511 0.0000
-298.3906 0.0000
-298.9102 0.0000
-299.1933 0.0000
-299.4035 0.0000
-298.3958 0.0000
-299.1229 0.0000
-299.2773 0.0000
-299.8444 0.0000
-299.5640 0.0000
-299.8597 0.0000
-300.0703 0.0000
-299.6729 0.0000
-300.1824 0.0000
-299.0457 0.0000
-335.3021 0.0000
-336.2665 0.0000
-335.7738 0.0000
-335.5359 0.0000
-335.5336 0.0000
-334.9916 0.0000
-335.0532 0.0000
-335.4836 0.0000
-336.6527 0.0000
-335.1226 0.0000
-335.7182 0.0000
-334.6616 0.0000
-336.2944 0.0000
-334.8492 0.0000
-336.4687 0.0000
-334.5817 0.0000
-335.7040 0.0000
-336.0345 0.0000
-335.2169 0.0000
-335.5861 0.0000
-336.6916 0.0000
-334.4093 0.0000
-334.5468 0.0000
-334.7266 0.0000
-335.8611 0.0000
-334.7635 0.0000
-335.0113 0.0000
-335.2552 0.0000
-335.4200 0.0000
-334.9974 0.0000
-335.8300 0.0000
-334.8107 0.0000
-335.6976 0.0000
-335.1628 0.0000
-335.9076 0.0000
-334.6614 0.0000
-335.7732 0.0000
-334.4735 0.0000
-333.3795 0.0000
-335.2997 0.0000
-334.4187 0.0000
-336.3409 0.0000
-336.1215 0.0000
-335.5550 0.0000
-335.9580 0.0000
-335.0854 0.0000
-335.2245 0.0000
-334.0619 0.0000
-336.7147 0.0000
-335.3434 0.0000
-336.6623 0.0000
-335.8312 0.0000
-335.7234 0.0000
-334.7086 0.0000
-335.6557 0.0000
-334.4802 0.0000
-335.5675 0.0000
-333.7238 0.0000
-334.0507 0.0000
-333.5587 0.0000
-334.5488 0.0000
-334.7054 0.0000
-333.8470 0.0000
-332.6107 0.0000
-334.0905 0.0000
-332.6890 0.0000
-331.9984 0.0000
-332.2235 0.0000
-332.3953 0.0000
-332.6253 0.0000
-333.6971 0.0000
-333.5631 0.0000
-332.8078 0.0000
-333.5107 0.0000
-333.8290 0.0000
-332.5998 0.0000
-333.0497 0.0000
-332.2444 0.0000
-332.7030 0.0000
-332.2246 0.0000
-332.3208 0.0000
-330.8323 0.0000
-331.6850 0.0000
-331.4623 0.0000
-331.2983 0.0000
-331.8407 0.0000
-331.9782 0.0000
-332.4513 0.0000
-331.7893 0.0000
-334.0401 0.0000
-330.6874 0.0000
-330.0639 0.0000
-329.4510 0.0000
-329.3626 0.0000
-329.5172 0.0000
-329.3095 0.0000
-327.9949 0.0000
-327.3201 0.0000
-327.4683 0.0000
-327.0287 0.0000
-349.0940 0.0000
-348.8151 0.0000
-349.2131 0.0000
-350.5786 0.0000
-349.9774 0.0000
-349.3071 0.0000
-350.8560 0.0000
-349.3308 0.0000
-348.2255 0.0000
-349.4211 0.0000
-351.1849 0.0000
-349.3614 0.0000
-348.6372 0.0000
-350.8501 0.0000
-350.1367 0.0000
-351.2431 0.0000
-351.4902 0.0000
-350.1085 0.0000
-349.3817 0.0000
-349.5183 0.0000
-349.6521 0.0000
-351.3127 0.0000
-349.2375 0.0000
-349.7219 0.0000
-351.1580 0.0000
-350.0747 0.0000
-350.6928 0.0000
-349.6428 0.0000
-349.7219 0.0000
-349.8462 0.0000
-349.4973 0.0000
-350.4236 0.0000
-350.8279 0.0000
-351.0583 0.0000
-349.2725 0.0000
-350.2876 0.0000
-350.3852 0.0000
-352.2460 0.0000
-349.7761 0.0000
-350.4196 0.0000
-350.4206 0.0000
-350.0933 0.0000
-349.2614 0.0000
-350.3504 0.0000
-350.3472 0.0000
-351.5517 0.0000
-348.7793 0.0000
-350.1939 0.0000
-350.2117 0.0000
-350.3160 0.0000
-349.5379 0.0000
-350.1647 0.0000
-349.6719 0.0000
-348.7010 0.0000
-349.8210 0.0000
-350.0264 0.0000
-350.3347 0.0000
-349.3871 0.0000
-350.4442 0.0000
-348.3414 0.0000
-351.0684 0.0000
-349.8434 0.0000
-350.7209 0.0000
-350.7114 0.0000
-350.4732 0.0000
-351.0656 0.0000
-349.8076 0.0000
-350.4053 0.0000
-348.9395 0.0000
-351.4758 0.0000
-349.3467 0.0000
-350.2074 0.0000
-350.6060 0.0000
-349.9417 0.0000
-350.2587 0.0000
-350.1462 0.0000
-350.7507 0.0000
-349.8189 0.0000
-349.9391 0.0000
-350.2516 0.0000
-350.1171 0.0000
-351.1844 0.0000
-350.7802 0.0000
-349.0352 0.0000
-349.4708 0.0000
-348.9216 0.0000
-349.9447 0.0000
-350.2079 0.0000
-351.1135 0.0000
-350.2686 0.0000
-350.1050 0.0000
-350.8442 0.0000
-350.1369 0.0000
-349.4767 0.0000
-349.6816 0.0000
-349.2399 0.0000
-349.8727 0.0000
-350.3383 0.0000
-351.1460 0.0000
-349.4769 0.0000
-350.9312 0.0000
-349.4931 0.0000
-351.0657 0.0000
-351.5780 0.0000
-349.6483 0.0000
-349.9307 0.0000
-350.6604 0.0000
-350.4297 0.0000
-349.2267 0.0000
-351.2644 0.0000
-350.6046 0.0000
-349.7424 0.0000
-349.9508 0.0000
-350.8116 0.0000
-350.3337 0.0000
-350.4211 0.0000
-351.1726 0.0000
-350.4439 0.0000
-348.4408 0.0000
-350.6033 0.0000
-349.7890 0.0000
-351.5649 0.0000
-350.1418 0.0000
-350.6737 0.0000
-350.7831 0.0000
-351.0807 0.0000
-350.4810 0.0000
-350.6062 0.0000
-349.4960 0.0000
-349.6870 0.0000
-350.4079 0.0000
-351.8598 0.0000
-348.8291 0.0000
-348.8404 0.0000
-350.9340 0.0000
-350.9794 0.0000
-350.5372 0.0000
-349.1804 0.0000
-350.2082 0.0000
-350.3730 0.0000
-348.8503 0.0000
-350.8620 0.0000
-349.8113 0.0000
-349.9229 0.0000
-350.2528 0.0000
-348.5520 0.0000
-349.7215 0.0000
-351.7428 0.0000
-350.4786 0.0000
-348.9324 0.0000
-350.1682 0.0000
-349.1107 0.0000
-350.8172 0.0000
-350.3098 0.0000
-349.4559 0.0000
-350.5075 0.0000
-350.0310 0.0000
-349.1407 0.0000
-350.5274 0.0000
-349.3837 0.0000
-350.5673 0.0000
-350.3170 0.0000
-350.8807 0.0000
-349.8859 0.0000
-349.6586 0.0000
-349.1959 0.0000
-350.8371 0.0000
-348.8820 0.0000
-349.7826 0.0000
-350.1140 0.0000
-349.1252 0.0000
-350.4806 0.0000
-350.3375 0.0000
-351.1122 0.0000
-350.5261 0.0000
-350.6511 0.0000
-349.7747 0.0000
-349.8716 0.0000
-350.7460 0.0000
-349.1209 0.0000
-350.2819 0.0000
-349.6238 0.0000
-350.4919 0.0000
-349.1533 0.0000
-350.8307 0.0000
-349.8249 0.0000
-350.9682 0.0000
-348.9468 0.0000
-349.2731 0.0000
-349.6845 0.0000
-349.5958 0.0000
-349.7210 0.0000
-349.4145 0.0000
-350.4284 0.0000
-351.8791 0.0000
-350.5104 0.0000
-349.7253 0.0000
-349.8525 0.0000
-350.5171 0.0000
