3.00 50000.00 10.00 100.00 0.00 0.01 51.39 15.02 91.43 50.18 41.78 100.00 52.56 95.32 1.26 iris_0 
4.00 50000.00 10.00 100.00 0.00 0.01 68.92 16.53 91.84 51.29 30.73 91.74 50.61 89.32 3.50 Ionosphere_0 
5.00 50000.00 10.00 100.00 0.00 0.01 83.78 20.79 97.14 83.55 27.85 99.52 40.18 89.71 2.78 Cancer_0 
6.00 50000.00 10.00 100.00 0.00 0.01 78.39 1.34 80.11 77.49 0.90 79.45 49.13 61.59 27.71 bank-additional_0 
7.00 50000.00 10.00 100.00 0.00 0.01 76.67 17.44 95.24 71.93 16.59 90.62 45.60 50.72 57.13 PenDigit_0 
8.00 50000.00 10.00 100.00 0.00 0.01 89.48 17.46 100.00 90.06 15.93 100.00 48.09 69.09 252.56 chess_0 
3.00 50000.00 10.00 300.00 0.00 0.01 63.83 15.87 93.33 60.18 15.07 92.86 48.20 95.17 1.86 iris_1 
4.00 50000.00 10.00 300.00 0.00 0.01 70.73 12.78 90.20 60.55 23.69 95.41 54.43 89.07 4.23 Ionosphere_1 
5.00 50000.00 10.00 300.00 0.00 0.01 79.65 16.92 96.93 89.62 10.30 99.52 42.86 90.57 3.27 Cancer_1 
6.00 50000.00 10.00 300.00 0.00 0.01 78.20 2.91 80.17 78.27 2.64 80.12 44.19 61.20 59.85 bank-additional_1 
7.00 50000.00 10.00 300.00 0.00 0.01 83.20 7.20 93.13 78.68 6.65 89.02 52.32 50.43 58.13 PenDigit_1 
8.00 50000.00 10.00 300.00 0.00 0.01 74.08 21.97 100.00 75.43 21.17 100.00 53.25 70.54 208.67 chess_1 
3.00 50000.00 10.00 500.00 0.00 0.01 61.97 17.93 93.33 58.57 13.07 88.89 44.30 95.03 1.75 iris_2 
4.00 50000.00 10.00 500.00 0.00 0.01 65.60 13.48 84.90 52.30 27.05 94.50 51.11 91.35 4.33 Ionosphere_2 
5.00 50000.00 10.00 500.00 0.00 0.01 81.34 16.02 96.52 90.14 10.41 100.00 44.30 91.11 3.39 Cancer_2 
6.00 50000.00 10.00 500.00 0.00 0.01 76.07 8.16 80.07 75.80 8.38 79.76 45.68 64.53 55.88 bank-additional_2 
7.00 50000.00 10.00 500.00 0.00 0.01 78.64 19.46 93.89 74.00 17.98 87.34 42.86 49.77 59.39 PenDigit_2 
8.00 50000.00 10.00 500.00 0.00 0.01 84.50 18.87 100.00 84.22 19.20 100.00 51.65 69.59 334.31 chess_2 
3.00 50000.00 10.00 700.00 0.00 0.01 57.29 18.77 91.43 64.74 16.54 91.03 47.06 95.53 1.67 iris_3 
4.00 50000.00 10.00 700.00 0.00 0.01 63.68 15.42 88.98 37.70 28.85 89.91 47.83 90.51 4.38 Ionosphere_3 
5.00 50000.00 10.00 700.00 0.00 0.01 89.31 11.38 97.14 93.99 7.33 99.52 48.57 91.04 3.35 Cancer_3 
6.00 50000.00 10.00 700.00 0.00 0.01 78.60 1.28 80.08 78.49 1.23 79.91 48.57 62.14 62.40 bank-additional_3 
7.00 50000.00 10.00 700.00 0.00 0.01 84.61 7.34 94.54 79.65 6.54 89.79 50.00 49.18 59.06 PenDigit_3 
