-345.55010 0.00000
-338.49690 0.00000
-338.30590 0.00000
-338.37030 0.00000
-339.77660 0.00000
-339.67580 0.00000
-336.94200 0.00000
-337.07580 0.00000
-337.08930 0.00000
-338.08460 0.00000
-338.20130 0.00000
-338.40120 0.00000
-337.63990 0.00000
-338.08950 0.00000
-338.10430 0.00000
-338.27350 0.00000
-338.51530 0.00000
-338.89410 0.00000
-338.76940 0.00000
-339.48590 0.00000
-339.32170 0.00000
-339.66060 0.00000
-339.24420 0.00000
-339.90970 0.00000
-340.22840 0.00000
-339.95000 0.00000
-339.62470 0.00000
-340.37390 0.00000
-340.60070 0.00000
-340.13230 0.00000
-340.19700 0.00000
-338.59780 0.00000
-338.39620 0.00000
-338.75230 0.00000
-338.21680 0.00000
-338.24730 0.00000
-338.52960 0.00000
-339.41370 0.00000
-338.68440 0.00000
-337.96350 0.00000
-339.24110 0.00000
-338.40610 0.00000
-337.70870 0.00000
-337.99550 0.00000
-337.87020 0.00000
-338.53560 0.00000
-338.02120 0.00000
-338.42410 0.00000
-339.36030 0.00000
-337.37830 0.00000
-337.83670 0.00000
-338.28930 0.00000
-337.70120 0.00000
-336.87160 0.00000
-337.22080 0.00000
-337.37010 0.00000
-337.10260 0.00000
-335.87820 0.00000
-337.50090 0.00000
-336.28890 0.00000
-336.16210 0.00000
-335.89100 0.00000
-336.66520 0.00000
-337.30050 0.00000
-337.63900 0.00000
-337.90740 0.00000
-336.59460 0.00000
-336.16540 0.00000
-336.62280 0.00000
-337.46350 0.00000
-336.84350 0.00000
-336.25780 0.00000
-335.94930 0.00000
-335.71990 0.00000
-335.09100 0.00000
-336.09780 0.00000
-334.70060 0.00000
-334.55730 0.00000
-334.68720 0.00000
-334.67450 0.00000
-335.10710 0.00000
-335.24670 0.00000
-335.23560 0.00000
-336.29940 0.00000
-335.37670 0.00000
-335.62880 0.00000
-335.68060 0.00000
-336.21710 0.00000
-336.30880 0.00000
-335.91440 0.00000
-335.99950 0.00000
-335.87290 0.00000
-334.96510 0.00000
-334.80790 0.00000
-335.07590 0.00000
-335.06280 0.00000
-334.51770 0.00000
-334.27880 0.00000
-333.43620 0.00000
-333.50690 0.00000
-333.84110 0.00000
-336.90410 0.00000
-336.60080 0.00000
-336.54990 0.00000
-336.43970 0.00000
-336.92420 0.00000
-336.04680 0.00000
-336.36310 0.00000
-336.26720 0.00000
-336.38370 0.00000
-336.30880 0.00000
-336.17380 0.00000
-335.91910 0.00000
-336.28310 0.00000
-336.30310 0.00000
-336.58570 0.00000
-336.76870 0.00000
-336.74870 0.00000
-336.72160 0.00000
-337.07820 0.00000
-336.68670 0.00000
-336.90740 0.00000
-336.72370 0.00000
-336.87080 0.00000
-337.05030 0.00000
-336.48120 0.00000
-336.80980 0.00000
-336.62260 0.00000
-336.22090 0.00000
-336.35770 0.00000
-335.95930 0.00000
-336.16880 0.00000
-336.16090 0.00000
-336.14280 0.00000
-335.71280 0.00000
-336.24610 0.00000
-336.21620 0.00000
-336.13090 0.00000
-336.44670 0.00000
-335.82770 0.00000
-335.32490 0.00000
-335.57680 0.00000
-335.81520 0.00000
-335.98520 0.00000
-335.88810 0.00000
-335.57500 0.00000
-335.45800 0.00000
-335.55530 0.00000
-335.90780 0.00000
-335.50940 0.00000
-334.94490 0.00000
-335.13240 0.00000
-335.41580 0.00000
-335.38190 0.00000
-335.69970 0.00000
-336.05400 0.00000
-335.59320 0.00000
-336.20610 0.00000
-335.76730 0.00000
-335.72420 0.00000
-335.45260 0.00000
-335.24580 0.00000
-335.57800 0.00000
-336.22690 0.00000
-335.11530 0.00000
-334.94730 0.00000
-334.43150 0.00000
-334.75710 0.00000
-334.23710 0.00000
-334.93650 0.00000
-334.65810 0.00000
-334.44790 0.00000
-334.75040 0.00000
-335.10980 0.00000
-334.81500 0.00000
-334.42630 0.00000
-334.24880 0.00000
-334.48860 0.00000
-334.56810 0.00000
-335.29670 0.00000
-334.30780 0.00000
-334.80430 0.00000
-335.16030 0.00000
-334.14060 0.00000
-334.09590 0.00000
-333.63580 0.00000
-333.26470 0.00000
-333.98790 0.00000
-333.81540 0.00000
-333.47840 0.00000
-333.56400 0.00000
-333.02220 0.00000
-332.99450 0.00000
-333.13920 0.00000
-333.62000 0.00000
-332.67740 0.00000
-332.82420 0.00000
-332.31260 0.00000
-332.63210 0.00000
-332.57950 0.00000
-332.32310 0.00000
-300.66390 0.00000
-299.58340 0.00000
-299.92930 0.00000
-299.12640 0.00000
-299.95560 0.00000
-300.04250 0.00000
-297.84390 0.00000
-299.64300 0.00000
-297.95780 0.00000
-297.23160 0.00000
-296.48600 0.00000
-295.99910 0.00000
-296.28100 0.00000
-296.78420 0.00000
-296.44330 0.00000
-295.63300 0.00000
-295.28830 0.00000
-295.17730 0.00000
-295.60680 0.00000
-295.63020 0.00000
-294.84250 0.00000
-293.32950 0.00000
-293.72770 0.00000
-294.87460 0.00000
-293.05290 0.00000
-293.59490 0.00000
-295.31840 0.00000
-293.61940 0.00000
-293.80710 0.00000
-294.33340 0.00000
-295.00420 0.00000
-295.08340 0.00000
-296.05780 0.00000
-297.45740 0.00000
-295.12670 0.00000
-293.62630 0.00000
-292.71480 0.00000
-292.65410 0.00000
-292.62230 0.00000
-293.69470 0.00000
-292.67930 0.00000
-295.26930 0.00000
-294.98650 0.00000
-294.74220 0.00000
-293.20360 0.00000
-293.11320 0.00000
-293.43800 0.00000
-293.58300 0.00000
-291.55420 0.00000
-290.44180 0.00000
-291.57580 0.00000
-289.64800 0.00000
-289.46580 0.00000
-288.82260 0.00000
-289.44810 0.00000
-288.02530 0.00000
-289.35250 0.00000
-288.82180 0.00000
-288.03310 0.00000
-288.33830 0.00000
-289.08540 0.00000
-289.92510 0.00000
-289.14310 0.00000
-289.17460 0.00000
-288.14860 0.00000
-288.56160 0.00000
-287.87660 0.00000
-288.40410 0.00000
-289.28750 0.00000
-288.24090 0.00000
-288.89150 0.00000
-289.44800 0.00000
-290.93690 0.00000
-289.19370 0.00000
-289.20690 0.00000
-289.50980 0.00000
-289.22360 0.00000
-289.62740 0.00000
-288.82560 0.00000
-289.74730 0.00000
-289.48280 0.00000
-289.46620 0.00000
-291.30470 0.00000
-289.36400 0.00000
-289.32300 0.00000
-289.19730 0.00000
-289.60300 0.00000
-289.10130 0.00000
-289.11790 0.00000
-288.44830 0.00000
-288.99120 0.00000
-289.53820 0.00000
-289.36980 0.00000
-289.11510 0.00000
-289.41060 0.00000
-287.51950 0.00000
-286.92630 0.00000
-286.15790 0.00000
-285.39530 0.00000
-286.00740 0.00000
-286.14510 0.00000
-286.19320 0.00000
-286.09330 0.00000
-286.37730 0.00000
-286.45680 0.00000
-287.12050 0.00000
-286.26770 0.00000
-286.59650 0.00000
-287.51140 0.00000
-287.33810 0.00000
-287.66250 0.00000
-287.90300 0.00000
-288.40380 0.00000
-288.32360 0.00000
-289.14520 0.00000
-289.56570 0.00000
-289.10220 0.00000
-289.02990 0.00000
-289.45500 0.00000
-289.95300 0.00000
-290.40050 0.00000
-290.40770 0.00000
-290.20700 0.00000
-289.91990 0.00000
-290.66480 0.00000
-290.34670 0.00000
-289.16210 0.00000
-289.20970 0.00000
-289.54220 0.00000
-289.52430 0.00000
-289.63640 0.00000
-289.35750 0.00000
-286.83710 0.00000
-286.76680 0.00000
-284.87250 0.00000
-283.90250 0.00000
-282.26610 0.00000
-282.11500 0.00000
-280.61470 0.00000
-281.64030 0.00000
-283.53140 0.00000
-280.38560 0.00000
-280.65430 0.00000
-279.71140 0.00000
-280.69300 0.00000
-283.40360 0.00000
-280.79880 0.00000
-280.23060 0.00000
-281.22600 0.00000
-280.41530 0.00000
-280.22550 0.00000
-280.77700 0.00000
-279.05570 0.00000
-279.17400 0.00000
-278.09990 0.00000
-277.45280 0.00000
-276.93060 0.00000
-276.56400 0.00000
-276.69650 0.00000
-275.82560 0.00000
-276.26960 0.00000
-276.97820 0.00000
-275.00890 0.00000
-274.03590 0.00000
-274.62520 0.00000
-274.70290 0.00000
-274.65040 0.00000
-275.60080 0.00000
-276.39190 0.00000
-276.55580 0.00000
-276.90250 0.00000
-276.42650 0.00000
-275.99920 0.00000
-274.34700 0.00000
-275.60220 0.00000
-275.47000 0.00000
-273.99090 0.00000
-274.52630 0.00000
-273.82330 0.00000
-273.53340 0.00000
-274.17250 0.00000
-274.61210 0.00000
-276.02860 0.00000
-274.52970 0.00000
-274.97820 0.00000
-274.69770 0.00000
-274.69630 0.00000
-274.06830 0.00000
-274.09530 0.00000
-273.90650 0.00000
-273.29430 0.00000
-273.86990 0.00000
-275.88810 0.00000
-273.32170 0.00000
-274.41480 0.00000
-273.74770 0.00000
-274.85610 0.00000
-273.17320 0.00000
-272.98420 0.00000
-339.31130 0.00000
-337.38300 0.00000
-337.57400 0.00000
-337.54960 0.00000
-337.71890 0.00000
-337.72940 0.00000
-337.00120 0.00000
-336.82540 0.00000
-337.03530 0.00000
-337.42820 0.00000
-337.32970 0.00000
-337.14630 0.00000
-337.32240 0.00000
-337.32760 0.00000
-337.29350 0.00000
-337.35620 0.00000
-337.39320 0.00000
-337.38810 0.00000
-337.27600 0.00000
-336.97650 0.00000
-337.08790 0.00000
-337.28070 0.00000
-336.88500 0.00000
-337.22130 0.00000
-337.70230 0.00000
-336.89500 0.00000
-336.97790 0.00000
-337.42140 0.00000
-337.64830 0.00000
-337.54150 0.00000
-337.36360 0.00000
-336.45060 0.00000
-336.25560 0.00000
-336.78260 0.00000
-336.72040 0.00000
-336.47170 0.00000
-336.62400 0.00000
-336.82220 0.00000
-336.79200 0.00000
-336.53590 0.00000
-337.03180 0.00000
-337.01380 0.00000
-336.95710 0.00000
-337.03040 0.00000
-337.57460 0.00000
-337.68170 0.00000
-337.37810 0.00000
-337.73260 0.00000
-337.65530 0.00000
-336.76460 0.00000
-336.95830 0.00000
-336.99910 0.00000
-337.14940 0.00000
-336.47430 0.00000
-336.95620 0.00000
-337.34380 0.00000
-337.64330 0.00000
-336.59050 0.00000
-337.06330 0.00000
-336.88630 0.00000
-336.28300 0.00000
-336.05880 0.00000
-336.14540 0.00000
-336.81030 0.00000
-335.87120 0.00000
-336.13860 0.00000
-336.52930 0.00000
-336.43040 0.00000
-336.35830 0.00000
-336.45110 0.00000
-336.37300 0.00000
-336.44150 0.00000
-336.56810 0.00000
-336.69520 0.00000
-336.16530 0.00000
-336.76500 0.00000
-335.95680 0.00000
-336.05320 0.00000
-336.33320 0.00000
-336.19620 0.00000
-336.24300 0.00000
-336.59640 0.00000
-336.47870 0.00000
-336.22440 0.00000
-336.70560 0.00000
-336.44660 0.00000
-336.40470 0.00000
-336.33210 0.00000
-336.19080 0.00000
-336.40670 0.00000
-336.47930 0.00000
-336.31620 0.00000
-335.92570 0.00000
-335.90110 0.00000
-335.91370 0.00000
-336.22690 0.00000
-335.88280 0.00000
-336.02160 0.00000
-336.03770 0.00000
-336.48720 0.00000
-336.63960 0.00000
-323.83480 0.00000
-322.26460 0.00000
-321.54090 0.00000
-323.18720 0.00000
-323.04300 0.00000
-322.27590 0.00000
-322.58810 0.00000
-322.75600 0.00000
-324.34900 0.00000
-324.02560 0.00000
-322.63380 0.00000
-320.31150 0.00000
-321.54090 0.00000
-320.90830 0.00000
-321.17020 0.00000
-321.80670 0.00000
-323.21660 0.00000
-322.55660 0.00000
-323.25300 0.00000
-321.72130 0.00000
-319.67460 0.00000
-318.80810 0.00000
-320.67230 0.00000
-318.57320 0.00000
-316.45460 0.00000
-316.77530 0.00000
-316.97230 0.00000
-315.27380 0.00000
-315.12720 0.00000
-314.42510 0.00000
-314.65790 0.00000
-315.75660 0.00000
-314.18010 0.00000
-315.24670 0.00000
-315.52430 0.00000
-315.34730 0.00000
-314.84830 0.00000
-313.73260 0.00000
-314.69970 0.00000
-313.04480 0.00000
-312.40570 0.00000
-312.78950 0.00000
-312.72240 0.00000
-312.05050 0.00000
-311.30390 0.00000
-311.87630 0.00000
-311.27280 0.00000
-310.92430 0.00000
-311.93580 0.00000
-311.18150 0.00000
-311.51680 0.00000
-310.63780 0.00000
-309.69480 0.00000
-310.30680 0.00000
-306.75070 0.00000
-307.31750 0.00000
-307.93010 0.00000
-308.64610 0.00000
-307.04120 0.00000
-306.52620 0.00000
-307.30070 0.00000
-305.18070 0.00000
-304.13300 0.00000
-303.76810 0.00000
-304.09440 0.00000
-303.65410 0.00000
-303.76030 0.00000
-304.01830 0.00000
-304.70000 0.00000
-304.07930 0.00000
-304.59910 0.00000
-303.18040 0.00000
-303.23280 0.00000
-303.01140 0.00000
-303.22910 0.00000
-303.47850 0.00000
-307.24750 0.00000
-303.51550 0.00000
-304.45380 0.00000
-303.24990 0.00000
-303.57040 0.00000
-304.74230 0.00000
-303.76760 0.00000
-304.29310 0.00000
-303.71530 0.00000
-304.59840 0.00000
-302.43450 0.00000
-302.60520 0.00000
-303.29180 0.00000
-303.76300 0.00000
-302.69770 0.00000
-303.15570 0.00000
-301.50000 0.00000
-302.07200 0.00000
-301.25970 0.00000
-301.89540 0.00000
-301.07400 0.00000
-301.37050 0.00000
-301.10910 0.00000
-300.95130 0.00000
-332.25050 0.00000
-331.65730 0.00000
-332.43740 0.00000
-332.21750 0.00000
-331.73060 0.00000
-332.65340 0.00000
-332.06850 0.00000
-331.95850 0.00000
-332.37650 0.00000
-332.41140 0.00000
-332.27940 0.00000
-331.51840 0.00000
-332.74460 0.00000
-332.74540 0.00000
-332.39690 0.00000
-332.46280 0.00000
-332.29030 0.00000
-331.53090 0.00000
-332.06200 0.00000
-332.10010 0.00000
-332.73940 0.00000
-331.50900 0.00000
-332.38340 0.00000
-332.45360 0.00000
-332.34540 0.00000
-332.56080 0.00000
-332.62950 0.00000
-332.82820 0.00000
-332.80570 0.00000
-333.12040 0.00000
-332.73730 0.00000
-332.58580 0.00000
-332.44150 0.00000
-332.30430 0.00000
-332.45140 0.00000
-333.00210 0.00000
-332.25930 0.00000
-332.06540 0.00000
-332.08870 0.00000
-332.20700 0.00000
-331.68890 0.00000
-332.80530 0.00000
-331.99580 0.00000
-331.83260 0.00000
-332.82230 0.00000
-332.32400 0.00000
-332.74900 0.00000
-332.55520 0.00000
-332.32880 0.00000
-331.99550 0.00000
-332.62830 0.00000
-331.63910 0.00000
-332.55310 0.00000
-331.71910 0.00000
-332.03720 0.00000
-332.17100 0.00000
-332.44330 0.00000
-331.75800 0.00000
-332.37770 0.00000
-332.10960 0.00000
-332.24370 0.00000
-332.80300 0.00000
-332.50910 0.00000
-332.80790 0.00000
-331.14660 0.00000
-332.06000 0.00000
-332.87160 0.00000
-332.81300 0.00000
-332.57240 0.00000
-331.72550 0.00000
-333.70040 0.00000
-333.22260 0.00000
-331.68660 0.00000
-332.58870 0.00000
-332.24170 0.00000
-333.05100 0.00000
-331.70400 0.00000
-332.33610 0.00000
-332.18390 0.00000
-331.72190 0.00000
-331.28180 0.00000
-331.87560 0.00000
-331.98440 0.00000
-332.23820 0.00000
-332.45450 0.00000
-332.39230 0.00000
-331.94220 0.00000
-332.29290 0.00000
-332.19510 0.00000
-332.43340 0.00000
-333.27460 0.00000
-331.87960 0.00000
-331.71170 0.00000
-332.08950 0.00000
-332.15530 0.00000
-332.47940 0.00000
-332.73900 0.00000
-332.50410 0.00000
-332.59490 0.00000
-332.61120 0.00000
-280.99200 0.00000
-280.82160 0.00000
-280.35890 0.00000
-280.56020 0.00000
-281.67920 0.00000
-279.96700 0.00000
-279.67620 0.00000
-279.75640 0.00000
-280.39890 0.00000
-279.16070 0.00000
-279.10590 0.00000
-278.91320 0.00000
-279.29570 0.00000
-279.41310 0.00000
-279.75530 0.00000
-279.82540 0.00000
-279.80350 0.00000
-278.96900 0.00000
-279.74910 0.00000
-279.96090 0.00000
-279.37940 0.00000
-279.71660 0.00000
-279.31900 0.00000
-279.63050 0.00000
-279.49370 0.00000
-279.45520 0.00000
-278.26310 0.00000
-278.87180 0.00000
-279.23270 0.00000
-279.97500 0.00000
-281.05760 0.00000
-280.13420 0.00000
-278.83850 0.00000
-278.04960 0.00000
-276.86080 0.00000
-277.36670 0.00000
-277.81180 0.00000
-278.33270 0.00000
-278.12490 0.00000
-277.90900 0.00000
-278.47230 0.00000
-277.91970 0.00000
-278.57920 0.00000
-278.47880 0.00000
-278.36000 0.00000
-279.19300 0.00000
-278.73530 0.00000
-277.44000 0.00000
-278.54230 0.00000
-278.36930 0.00000
-276.85040 0.00000
-276.71760 0.00000
-276.75020 0.00000
-277.19030 0.00000
-277.59040 0.00000
-278.02060 0.00000
-278.32870 0.00000
-277.81550 0.00000
-277.45350 0.00000
-277.10780 0.00000
-275.82410 0.00000
-276.02830 0.00000
-274.93360 0.00000
-273.86420 0.00000
-274.10100 0.00000
-274.24950 0.00000
-275.35150 0.00000
-275.53820 0.00000
-276.29430 0.00000
-276.80580 0.00000
-277.57100 0.00000
-276.28100 0.00000
-276.91660 0.00000
-277.39540 0.00000
-277.29920 0.00000
-277.57280 0.00000
-277.16520 0.00000
-278.08230 0.00000
-276.15000 0.00000
-276.48950 0.00000
-276.31490 0.00000
-276.06570 0.00000
-276.44480 0.00000
-276.32960 0.00000
-276.77370 0.00000
-276.57190 0.00000
-276.82240 0.00000
-276.72420 0.00000
-277.32310 0.00000
-276.40680 0.00000
-275.90940 0.00000
-275.34970 0.00000
-276.21970 0.00000
-275.23010 0.00000
-275.53290 0.00000
-275.78990 0.00000
-275.52700 0.00000
-275.48070 0.00000
-275.60760 0.00000
-337.34140 0.00000
-335.38460 0.00000
-335.75610 0.00000
-335.84700 0.00000
-335.81200 0.00000
-335.40700 0.00000
-334.75130 0.00000
-335.16810 0.00000
-334.63120 0.00000
-334.46310 0.00000
-334.80490 0.00000
-334.52260 0.00000
-334.71410 0.00000
-334.60700 0.00000
-334.77500 0.00000
-334.18910 0.00000
-334.24750 0.00000
-335.20570 0.00000
-336.16640 0.00000
-334.82390 0.00000
-334.86360 0.00000
-335.26310 0.00000
-336.31870 0.00000
-336.21890 0.00000
-335.66220 0.00000
-336.09190 0.00000
-336.67550 0.00000
-335.76680 0.00000
-336.02140 0.00000
-335.72850 0.00000
-336.12240 0.00000
-335.05760 0.00000
-335.33340 0.00000
-335.16830 0.00000
-334.43460 0.00000
-334.48680 0.00000
-334.35520 0.00000
-335.86410 0.00000
-334.99740 0.00000
-334.27110 0.00000
-335.45830 0.00000
-335.09590 0.00000
-332.90480 0.00000
-332.42010 0.00000
-332.37330 0.00000
-331.91850 0.00000
-331.20590 0.00000
-331.70550 0.00000
-331.38050 0.00000
-329.91680 0.00000
-330.82730 0.00000
-329.76830 0.00000
-329.97200 0.00000
-330.48550 0.00000
-329.36860 0.00000
-331.02820 0.00000
-330.08200 0.00000
-328.70560 0.00000
-329.11440 0.00000
-328.72750 0.00000
-328.79990 0.00000
-328.22900 0.00000
-328.20090 0.00000
-328.68420 0.00000
-327.89090 0.00000
-328.37940 0.00000
-328.61490 0.00000
-327.79180 0.00000
-325.63850 0.00000
-325.99870 0.00000
-326.08990 0.00000
-326.73770 0.00000
-326.35630 0.00000
-326.43640 0.00000
-326.43160 0.00000
-326.61920 0.00000
-326.80390 0.00000
-326.86390 0.00000
-326.57030 0.00000
-327.41450 0.00000
-327.73870 0.00000
-327.84670 0.00000
-327.20660 0.00000
-325.79140 0.00000
-325.67150 0.00000
-324.87650 0.00000
-325.33720 0.00000
-325.99600 0.00000
-326.72250 0.00000
-326.26210 0.00000
-326.67050 0.00000
-327.02310 0.00000
-325.97450 0.00000
-325.65890 0.00000
-326.31950 0.00000
-324.67580 0.00000
-324.42610 0.00000
-323.85510 0.00000
-323.52260 0.00000
-323.95840 0.00000
-323.92130 0.00000
-379.24280 0.00000
-378.74350 0.00000
-377.19600 0.00000
-376.30250 0.00000
-379.75380 0.00000
-376.11510 0.00000
-379.45870 0.00000
-379.29510 0.00000
-378.97210 0.00000
-377.79240 0.00000
-377.63530 0.00000
-378.26520 0.00000
-378.22170 0.00000
-378.81540 0.00000
-378.15440 0.00000
-379.00300 0.00000
-377.72170 0.00000
-378.05290 0.00000
-377.71400 0.00000
-375.55150 0.00000
-379.37070 0.00000
-377.63940 0.00000
-377.98770 0.00000
-378.28600 0.00000
-377.70060 0.00000
-380.07310 0.00000
-377.16720 0.00000
-376.02310 0.00000
-377.23110 0.00000
-376.87000 0.00000
-379.01290 0.00000
-378.65130 0.00000
-377.41120 0.00000
-376.57050 0.00000
-379.00690 0.00000
-378.21370 0.00000
-377.37480 0.00000
-379.01130 0.00000
-378.51060 0.00000
-374.92910 0.00000
-376.87600 0.00000
-378.43490 0.00000
-377.64200 0.00000
-379.48270 0.00000
-377.22610 0.00000
-376.04720 0.00000
-377.62330 0.00000
-380.01890 0.00000
-377.08400 0.00000
-375.87750 0.00000
-378.56960 0.00000
-380.03470 0.00000
-378.80580 0.00000
-378.69450 0.00000
-379.91880 0.00000
-378.49920 0.00000
-380.77590 0.00000
-378.70460 0.00000
-379.11750 0.00000
-379.64450 0.00000
-377.28700 0.00000
-377.29760 0.00000
-378.73800 0.00000
-375.36500 0.00000
-374.77090 0.00000
-371.92250 0.00000
-373.22620 0.00000
-371.61630 0.00000
-373.82370 0.00000
-373.14590 0.00000
-369.72000 0.00000
-370.72020 0.00000
-369.98260 0.00000
-369.94140 0.00000
-366.70100 0.00000
-366.42870 0.00000
-367.55440 0.00000
-368.38030 0.00000
-368.36780 0.00000
-368.12720 0.00000
-369.61980 0.00000
-367.37340 0.00000
-366.30740 0.00000
-366.09520 0.00000
-364.18430 0.00000
-363.02320 0.00000
-364.32040 0.00000
-363.11220 0.00000
-361.44360 0.00000
-362.99490 0.00000
-360.88130 0.00000
-360.86580 0.00000
-360.51750 0.00000
-362.12720 0.00000
-359.80580 0.00000
-360.93630 0.00000
-361.44060 0.00000
-359.86970 0.00000
-359.91640 0.00000
-360.02380 0.00000
-292.92050 0.00000
-292.07340 0.00000
-292.06540 0.00000
-292.13490 0.00000
-292.55660 0.00000
-291.83210 0.00000
-290.80810 0.00000
-291.67830 0.00000
-291.65530 0.00000
-291.21630 0.00000
-291.23780 0.00000
-290.80870 0.00000
-290.49690 0.00000
-290.52280 0.00000
-291.29120 0.00000
-289.70510 0.00000
-289.07660 0.00000
-288.53620 0.00000
-288.77020 0.00000
-288.26460 0.00000
-287.57750 0.00000
-286.54610 0.00000
-286.76530 0.00000
-287.31220 0.00000
-286.39440 0.00000
-286.87810 0.00000
-286.36750 0.00000
-287.39150 0.00000
-286.87030 0.00000
-286.85170 0.00000
-286.24590 0.00000
-285.96110 0.00000
-285.11110 0.00000
-286.30760 0.00000
-286.43470 0.00000
-286.00410 0.00000
-285.44300 0.00000
-285.82220 0.00000
-285.45760 0.00000
-285.95440 0.00000
-286.94210 0.00000
-287.36070 0.00000
-286.73820 0.00000
-286.96830 0.00000
-285.98970 0.00000
-285.93700 0.00000
-286.17670 0.00000
-285.90880 0.00000
-284.65990 0.00000
-284.46260 0.00000
-284.85230 0.00000
-284.56090 0.00000
-284.39740 0.00000
-283.65130 0.00000
-283.89640 0.00000
-283.15990 0.00000
-283.65850 0.00000
-283.13010 0.00000
-283.28930 0.00000
-282.88950 0.00000
-282.87110 0.00000
-283.10440 0.00000
-283.14720 0.00000
-283.13010 0.00000
-283.02650 0.00000
-282.70600 0.00000
-282.47340 0.00000
-282.08890 0.00000
-282.37330 0.00000
-282.35740 0.00000
-282.09680 0.00000
-281.84080 0.00000
-281.98760 0.00000
-282.03970 0.00000
-282.64920 0.00000
-283.47880 0.00000
-282.58770 0.00000
-282.58020 0.00000
-282.41430 0.00000
-282.65470 0.00000
-282.81440 0.00000
-282.66800 0.00000
-283.25620 0.00000
-283.83580 0.00000
-284.32260 0.00000
-284.04970 0.00000
-284.36410 0.00000
-284.10530 0.00000
-284.19750 0.00000
-283.75690 0.00000
-284.31980 0.00000
-284.06560 0.00000
-284.92030 0.00000
-284.85040 0.00000
-284.58620 0.00000
-283.58760 0.00000
-282.63280 0.00000
-282.13270 0.00000
-281.18800 0.00000
-281.12050 0.00000
-313.80250 0.00000
-314.47660 0.00000
-313.45840 0.00000
-313.76240 0.00000
-313.26910 0.00000
-314.65550 0.00000
-314.19860 0.00000
-314.31020 0.00000
-313.75960 0.00000
-313.85650 0.00000
-313.70950 0.00000
-313.34850 0.00000
-313.89200 0.00000
-313.59080 0.00000
-312.74280 0.00000
-313.70710 0.00000
-313.90390 0.00000
-313.86400 0.00000
-314.11750 0.00000
-313.82160 0.00000
-313.73800 0.00000
-313.83940 0.00000
-313.55150 0.00000
-313.71530 0.00000
-313.01440 0.00000
-313.96320 0.00000
-314.37210 0.00000
-313.30700 0.00000
-313.21500 0.00000
-313.72470 0.00000
-313.66750 0.00000
-313.80250 0.00000
-314.53660 0.00000
-314.16220 0.00000
-313.12960 0.00000
-313.87230 0.00000
-313.80920 0.00000
-313.61520 0.00000
-313.33510 0.00000
-313.26890 0.00000
-313.74890 0.00000
-313.56950 0.00000
-313.40640 0.00000
-314.35360 0.00000
-313.82450 0.00000
-313.90700 0.00000
-313.85870 0.00000
-314.93230 0.00000
-313.57750 0.00000
-313.52380 0.00000
-314.27780 0.00000
-314.41800 0.00000
-314.16680 0.00000
-314.44530 0.00000
-314.24400 0.00000
-313.52080 0.00000
-314.08060 0.00000
-313.54070 0.00000
-313.08800 0.00000
-313.64660 0.00000
-313.43270 0.00000
-313.52910 0.00000
-313.85250 0.00000
-313.71740 0.00000
-313.55520 0.00000
-314.01470 0.00000
-313.33270 0.00000
-314.56350 0.00000
-314.13480 0.00000
-312.97230 0.00000
-314.07460 0.00000
-313.41700 0.00000
-313.61990 0.00000
-313.47260 0.00000
-313.09170 0.00000
-313.90260 0.00000
-313.84000 0.00000
-313.55960 0.00000
-313.85970 0.00000
-312.82660 0.00000
-313.48130 0.00000
-314.10900 0.00000
-313.75820 0.00000
-313.78890 0.00000
-313.42240 0.00000
-314.35950 0.00000
-313.32370 0.00000
-312.90120 0.00000
-313.67370 0.00000
-313.12990 0.00000
-313.98640 0.00000
-313.48790 0.00000
-313.59050 0.00000
-313.56680 0.00000
-313.57000 0.00000
-313.14430 0.00000
-313.64690 0.00000
-313.70110 0.00000
-313.56560 0.00000
-335.56900 0.00000
-376.92600 0.00000
-378.44550 0.00000
-379.12070 0.00000
-378.94730 0.00000
-378.83130 0.00000
-375.43100 0.00000
-377.02260 0.00000
-378.59320 0.00000
-379.05590 0.00000
-377.91100 0.00000
-378.13680 0.00000
-377.19550 0.00000
-379.58790 0.00000
-377.82980 0.00000
-378.35590 0.00000
-378.17050 0.00000
-377.94510 0.00000
-375.91460 0.00000
-377.07670 0.00000
-377.71200 0.00000
-378.71330 0.00000
-375.87870 0.00000
-378.51680 0.00000
-378.82260 0.00000
-377.75150 0.00000
-377.80450 0.00000
-378.74880 0.00000
-378.14490 0.00000
-376.58590 0.00000
-376.39550 0.00000
-375.02000 0.00000
-376.74780 0.00000
-380.14800 0.00000
-376.57800 0.00000
-377.13400 0.00000
-379.49170 0.00000
-377.72440 0.00000
-378.02720 0.00000
-377.17420 0.00000
-380.37850 0.00000
-378.01480 0.00000
-376.83390 0.00000
-379.12560 0.00000
-378.56520 0.00000
-377.96380 0.00000
-377.28880 0.00000
-377.93390 0.00000
-379.01360 0.00000
-377.32790 0.00000
-378.53200 0.00000
-378.48310 0.00000
-377.13550 0.00000
-376.52340 0.00000
-379.99550 0.00000
-379.40710 0.00000
-379.14250 0.00000
-375.50010 0.00000
-379.50070 0.00000
-377.03770 0.00000
-376.79800 0.00000
-377.44400 0.00000
-379.20090 0.00000
-379.53120 0.00000
-377.84540 0.00000
-378.80780 0.00000
-378.01520 0.00000
-377.13810 0.00000
-376.80550 0.00000
-379.46600 0.00000
-377.45040 0.00000
-377.21720 0.00000
-377.05260 0.00000
-378.56650 0.00000
-375.57170 0.00000
-380.88370 0.00000
-376.55810 0.00000
-378.34160 0.00000
-377.70550 0.00000
-377.72810 0.00000
-378.01830 0.00000
-378.72260 0.00000
-377.45980 0.00000
-378.78050 0.00000
-378.37960 0.00000
-376.88860 0.00000
-378.35990 0.00000
-378.59840 0.00000
-377.03480 0.00000
-376.45220 0.00000
-377.52150 0.00000
-376.54310 0.00000
-375.39030 0.00000
-377.05820 0.00000
-378.70910 0.00000
-379.72150 0.00000
-375.98340 0.00000
-377.12290 0.00000
-376.11770 0.00000
-378.59990 0.00000
-378.72010 0.00000
-302.94250 0.00000
-301.88320 0.00000
-300.25430 0.00000
-301.51770 0.00000
-300.80270 0.00000
-300.80400 0.00000
-300.92040 0.00000
-300.27010 0.00000
-300.45940 0.00000
-300.95050 0.00000
-301.25560 0.00000
-300.14100 0.00000
-300.48600 0.00000
-300.17770 0.00000
-299.90870 0.00000
-299.93610 0.00000
-300.13250 0.00000
-299.04130 0.00000
-299.17220 0.00000
-299.48520 0.00000
-298.36160 0.00000
-297.91490 0.00000
-298.69420 0.00000
-298.10160 0.00000
-297.75100 0.00000
-297.40840 0.00000
-297.33630 0.00000
-297.01890 0.00000
-296.64230 0.00000
-295.64470 0.00000
-294.82520 0.00000
-294.78450 0.00000
-294.97090 0.00000
-294.62160 0.00000
-294.63090 0.00000
-295.05800 0.00000
-295.60000 0.00000
-295.32320 0.00000
-296.11780 0.00000
-295.67460 0.00000
-295.13160 0.00000
-295.03450 0.00000
-295.67110 0.00000
-295.18790 0.00000
-294.42530 0.00000
-295.59390 0.00000
-294.52880 0.00000
-294.59460 0.00000
-294.77710 0.00000
-294.69510 0.00000
-294.15760 0.00000
-293.94860 0.00000
-293.87230 0.00000
-294.13160 0.00000
-293.91560 0.00000
-293.94520 0.00000
-294.00100 0.00000
-294.82610 0.00000
-292.84850 0.00000
-292.60400 0.00000
-293.08390 0.00000
-292.95320 0.00000
-292.86210 0.00000
-292.45960 0.00000
-292.50620 0.00000
-292.67360 0.00000
-292.05910 0.00000
-292.99140 0.00000
-291.82170 0.00000
-291.90360 0.00000
-291.53390 0.00000
-290.52070 0.00000
-291.41710 0.00000
-291.75060 0.00000
-292.76110 0.00000
-292.28240 0.00000
-293.42730 0.00000
-293.22960 0.00000
-293.86780 0.00000
-293.87300 0.00000
-293.91640 0.00000
-293.82110 0.00000
-293.97940 0.00000
-294.44820 0.00000
-294.32280 0.00000
-294.68930 0.00000
-294.63730 0.00000
-295.81800 0.00000
-294.12590 0.00000
-294.21120 0.00000
-294.69770 0.00000
-294.22070 0.00000
-293.46380 0.00000
-293.77640 0.00000
-294.63590 0.00000
-295.40380 0.00000
-293.92590 0.00000
-294.00020 0.00000
-294.04900 0.00000
-294.10020 0.00000
-313.55640 0.00000
-314.59530 0.00000
-313.47450 0.00000
-312.72000 0.00000
-313.47220 0.00000
-314.04870 0.00000
-312.98820 0.00000
-313.74200 0.00000
-313.82050 0.00000
-313.44910 0.00000
-314.43820 0.00000
-313.33730 0.00000
-314.10420 0.00000
-313.66280 0.00000
-313.49020 0.00000
-313.41310 0.00000
-313.80720 0.00000
-312.88320 0.00000
-314.16750 0.00000
-313.62230 0.00000
-314.68520 0.00000
-313.28710 0.00000
-313.96810 0.00000
-313.69090 0.00000
-313.89330 0.00000
-313.98470 0.00000
-314.17390 0.00000
-314.18110 0.00000
-313.69140 0.00000
-313.78490 0.00000
-314.18630 0.00000
-313.48290 0.00000
-313.62210 0.00000
-313.92610 0.00000
-313.70510 0.00000
-313.53960 0.00000
-312.89460 0.00000
-313.86590 0.00000
-313.43500 0.00000
-313.46070 0.00000
-313.72050 0.00000
-314.36830 0.00000
-314.27750 0.00000
-313.69110 0.00000
-313.51400 0.00000
-314.03710 0.00000
-313.06450 0.00000
-313.58850 0.00000
-313.71800 0.00000
-312.60010 0.00000
-313.48900 0.00000
-314.20470 0.00000
-314.04050 0.00000
-313.76140 0.00000
-313.35850 0.00000
-314.76710 0.00000
-313.37420 0.00000
-313.32680 0.00000
-313.92110 0.00000
-313.55180 0.00000
-313.51940 0.00000
-313.45190 0.00000
-313.39220 0.00000
-313.81470 0.00000
-313.50040 0.00000
-313.87000 0.00000
-314.03390 0.00000
-313.51480 0.00000
-313.97840 0.00000
-313.96510 0.00000
-314.47830 0.00000
-314.45820 0.00000
-312.60430 0.00000
-313.42480 0.00000
-313.92370 0.00000
-313.91670 0.00000
-314.01240 0.00000
-313.25870 0.00000
-314.09610 0.00000
-313.43270 0.00000
-313.19080 0.00000
-313.42400 0.00000
-313.38190 0.00000
-313.43490 0.00000
-313.28170 0.00000
-314.48100 0.00000
-314.30510 0.00000
-312.40280 0.00000
-313.47560 0.00000
-313.24590 0.00000
-313.92750 0.00000
-313.96500 0.00000
-313.03550 0.00000
-314.29910 0.00000
-312.81250 0.00000
-313.80430 0.00000
-314.55040 0.00000
-313.78540 0.00000
-313.55390 0.00000
-313.78660 0.00000
-332.37630 0.00000
-332.76540 0.00000
-331.86530 0.00000
-331.85820 0.00000
-331.86360 0.00000
-333.13550 0.00000
-332.16710 0.00000
-332.53160 0.00000
-331.98290 0.00000
-332.74200 0.00000
-332.21070 0.00000
-332.08740 0.00000
-332.82850 0.00000
-333.17330 0.00000
-331.47530 0.00000
-332.22850 0.00000
-332.30500 0.00000
-332.77770 0.00000
-332.52580 0.00000
-332.68390 0.00000
-332.36230 0.00000
-331.82800 0.00000
-332.85530 0.00000
-332.11180 0.00000
-332.74250 0.00000
-332.70010 0.00000
-333.17500 0.00000
-332.14770 0.00000
-332.23130 0.00000
-332.31620 0.00000
-332.17150 0.00000
-332.51020 0.00000
-332.55530 0.00000
-332.97710 0.00000
-332.11480 0.00000
-331.43140 0.00000
-331.31090 0.00000
-332.26570 0.00000
-332.10160 0.00000
-332.92140 0.00000
-332.87330 0.00000
-332.63640 0.00000
-332.35030 0.00000
-332.44210 0.00000
-332.80930 0.00000
-332.32700 0.00000
-332.26410 0.00000
-332.25680 0.00000
-332.04290 0.00000
-331.80100 0.00000
-333.00880 0.00000
-332.31230 0.00000
-332.44660 0.00000
-332.24740 0.00000
-331.90490 0.00000
-331.32790 0.00000
-333.02250 0.00000
-332.38550 0.00000
-332.09160 0.00000
-332.80800 0.00000
-332.64430 0.00000
-331.72130 0.00000
-331.96620 0.00000
-332.70850 0.00000
-333.02660 0.00000
-332.42590 0.00000
-331.45000 0.00000
-331.99420 0.00000
-331.98690 0.00000
-331.72810 0.00000
-332.16390 0.00000
-332.01820 0.00000
-332.27490 0.00000
-331.67430 0.00000
-332.78300 0.00000
-332.86380 0.00000
-332.46160 0.00000
-332.83590 0.00000
-333.07290 0.00000
-331.95470 0.00000
-333.03920 0.00000
-333.03120 0.00000
-332.08940 0.00000
-331.69080 0.00000
-332.21200 0.00000
-331.55820 0.00000
-331.94880 0.00000
-331.58040 0.00000
-333.20830 0.00000
-332.68680 0.00000
-332.35190 0.00000
-332.63420 0.00000
-332.15670 0.00000
-332.33530 0.00000
-332.39480 0.00000
-331.30030 0.00000
-332.91020 0.00000
-332.82580 0.00000
-331.64810 0.00000
-377.80180 0.00000
-324.43480 0.00000
-322.68950 0.00000
-323.44790 0.00000
-322.36910 0.00000
-320.87320 0.00000
-320.09610 0.00000
-319.30330 0.00000
-318.58670 0.00000
-317.96490 0.00000
-317.80720 0.00000
-318.45900 0.00000
-319.42010 0.00000
-318.55670 0.00000
-318.90180 0.00000
-318.31300 0.00000
-319.34090 0.00000
-318.67290 0.00000
-319.84060 0.00000
-318.53300 0.00000
-318.24470 0.00000
-317.83500 0.00000
-319.53250 0.00000
-319.69910 0.00000
-319.25500 0.00000
-319.45080 0.00000
-319.10950 0.00000
-318.74760 0.00000
-318.32260 0.00000
-318.55810 0.00000
-318.45800 0.00000
-318.18850 0.00000
-318.56510 0.00000
-317.20680 0.00000
-317.77700 0.00000
-317.90440 0.00000
-317.05980 0.00000
-317.93690 0.00000
-317.31460 0.00000
-317.39230 0.00000
-316.68290 0.00000
-317.14520 0.00000
-316.28600 0.00000
-315.88430 0.00000
-316.28780 0.00000
-315.40950 0.00000
-315.31530 0.00000
-315.72490 0.00000
-316.40890 0.00000
-315.26000 0.00000
-316.05670 0.00000
-315.91360 0.00000
-316.50280 0.00000
-316.69840 0.00000
-315.73620 0.00000
-316.78480 0.00000
-316.61580 0.00000
-316.64520 0.00000
-315.26120 0.00000
-315.00630 0.00000
-314.56400 0.00000
-314.29630 0.00000
-313.48970 0.00000
-312.47150 0.00000
-311.57170 0.00000
-311.53930 0.00000
-311.06480 0.00000
-310.51810 0.00000
-309.45350 0.00000
-309.76410 0.00000
-309.38010 0.00000
-309.93920 0.00000
-309.91250 0.00000
-310.71980 0.00000
-311.34750 0.00000
-308.83640 0.00000
-308.46790 0.00000
-309.05830 0.00000
-308.84560 0.00000
-308.62040 0.00000
-308.23820 0.00000
-307.75340 0.00000
-307.56050 0.00000
-305.41130 0.00000
-305.84110 0.00000
-306.16470 0.00000
-305.18570 0.00000
-305.49040 0.00000
-305.35270 0.00000
-304.91430 0.00000
-305.27430 0.00000
-305.74970 0.00000
-305.28220 0.00000
-305.58880 0.00000
-304.90560 0.00000
-304.38590 0.00000
-304.30780 0.00000
-304.35370 0.00000
-304.43020 0.00000
-303.71030 0.00000
-303.44040 0.00000
-318.31210 0.00000
-317.75270 0.00000
-318.65360 0.00000
-318.00070 0.00000
-318.61610 0.00000
-318.43470 0.00000
-318.73360 0.00000
-318.80070 0.00000
-318.87180 0.00000
-317.89780 0.00000
-318.54170 0.00000
-317.98870 0.00000
-319.16010 0.00000
-318.41230 0.00000
-318.10420 0.00000
-318.53470 0.00000
-317.95180 0.00000
-318.12760 0.00000
-318.14160 0.00000
-317.82260 0.00000
-318.01890 0.00000
-318.07280 0.00000
-317.65100 0.00000
-317.83070 0.00000
-317.50980 0.00000
-318.25690 0.00000
-318.73910 0.00000
-318.10490 0.00000
-317.83050 0.00000
-317.62010 0.00000
-318.00430 0.00000
-318.41450 0.00000
-317.82250 0.00000
-318.33920 0.00000
-318.10180 0.00000
-318.55930 0.00000
-317.57570 0.00000
-318.30480 0.00000
-318.67070 0.00000
-317.81200 0.00000
-318.78620 0.00000
-318.95590 0.00000
-318.07020 0.00000
-318.63720 0.00000
-318.29700 0.00000
-318.30250 0.00000
-318.41550 0.00000
-318.00600 0.00000
-318.77050 0.00000
-318.56120 0.00000
-318.97620 0.00000
-318.16950 0.00000
-317.49000 0.00000
-317.59540 0.00000
-317.25250 0.00000
-317.43820 0.00000
-317.51050 0.00000
-317.12480 0.00000
-316.27960 0.00000
-316.35330 0.00000
-316.97230 0.00000
-316.17380 0.00000
-316.56360 0.00000
-316.49870 0.00000
-315.81440 0.00000
-315.36100 0.00000
-315.05940 0.00000
-315.78200 0.00000
-315.19620 0.00000
-315.59690 0.00000
-315.35520 0.00000
-315.89790 0.00000
-316.61230 0.00000
-316.45730 0.00000
-316.44270 0.00000
-317.43070 0.00000
-316.29500 0.00000
-315.79560 0.00000
-315.88590 0.00000
-315.96550 0.00000
-316.31350 0.00000
-316.45450 0.00000
-315.90330 0.00000
-315.08800 0.00000
-314.23780 0.00000
-313.62700 0.00000
-313.37920 0.00000
-313.78050 0.00000
-314.47700 0.00000
-314.19720 0.00000
-313.65930 0.00000
-312.99330 0.00000
-313.28130 0.00000
-313.38480 0.00000
-312.40040 0.00000
-312.47630 0.00000
-312.50520 0.00000
-312.83370 0.00000
-313.62360 0.00000
-313.70250 0.00000
-346.17710 0.00000
-346.90440 0.00000
-346.51660 0.00000
-346.15750 0.00000
-346.44890 0.00000
-346.44840 0.00000
-346.20870 0.00000
-346.71810 0.00000
-346.51730 0.00000
-346.28070 0.00000
-347.41860 0.00000
-345.98240 0.00000
-346.87100 0.00000
-346.98040 0.00000
-346.75300 0.00000
-345.83600 0.00000
-346.12820 0.00000
-345.65100 0.00000
-346.74060 0.00000
-346.17580 0.00000
-347.10150 0.00000
-345.81630 0.00000
-346.90790 0.00000
-346.73390 0.00000
-346.44040 0.00000
-346.73220 0.00000
-346.39940 0.00000
-347.07410 0.00000
-346.65340 0.00000
-346.90900 0.00000
-346.53060 0.00000
-346.00410 0.00000
-346.37350 0.00000
-346.30560 0.00000
-346.96640 0.00000
-346.75840 0.00000
-346.28090 0.00000
-346.83520 0.00000
-346.48050 0.00000
-346.50260 0.00000
-347.02860 0.00000
-346.54480 0.00000
-346.58590 0.00000
-346.75990 0.00000
-346.67060 0.00000
-347.14150 0.00000
-346.34630 0.00000
-345.91300 0.00000
-346.39190 0.00000
-345.86430 0.00000
-346.31300 0.00000
-346.95180 0.00000
-346.73500 0.00000
-346.43930 0.00000
-346.04050 0.00000
-347.19440 0.00000
-346.63520 0.00000
-346.03270 0.00000
-346.64810 0.00000
-346.30260 0.00000
-346.11960 0.00000
-346.30730 0.00000
-346.54620 0.00000
-346.69380 0.00000
-346.77290 0.00000
-346.18890 0.00000
-347.22090 0.00000
-345.79090 0.00000
-346.53990 0.00000
-346.48050 0.00000
-347.37440 0.00000
-346.74760 0.00000
-346.01380 0.00000
-346.49710 0.00000
-346.87660 0.00000
-347.16050 0.00000
-346.45050 0.00000
-346.28470 0.00000
-346.27580 0.00000
-346.25730 0.00000
-345.59690 0.00000
-346.60550 0.00000
-345.96610 0.00000
-346.39010 0.00000
-346.11800 0.00000
-346.55230 0.00000
-346.91820 0.00000
-346.16130 0.00000
-346.50570 0.00000
-346.46200 0.00000
-346.94730 0.00000
-346.14130 0.00000
-345.56750 0.00000
-347.47220 0.00000
-345.89550 0.00000
-346.15200 0.00000
-347.00860 0.00000
-346.76320 0.00000
-346.39310 0.00000
-346.57930 0.00000
-346.30580 0.00000
-347.29380 0.00000
-345.82580 0.00000
-346.16060 0.00000
-346.59870 0.00000
-347.32130 0.00000
-347.31090 0.00000
-347.18210 0.00000
-346.45970 0.00000
-346.38780 0.00000
-345.95840 0.00000
-345.94910 0.00000
-346.87380 0.00000
-346.62350 0.00000
-345.76800 0.00000
-345.98360 0.00000
-346.56500 0.00000
-346.05910 0.00000
-346.86080 0.00000
-347.39950 0.00000
-346.32290 0.00000
-346.42370 0.00000
-346.46560 0.00000
-345.60450 0.00000
-346.31540 0.00000
-346.70280 0.00000
-347.48290 0.00000
-346.19310 0.00000
-346.17130 0.00000
-346.64000 0.00000
-346.80680 0.00000
-346.60500 0.00000
-346.89040 0.00000
-346.53160 0.00000
-345.68150 0.00000
-346.69230 0.00000
-346.78150 0.00000
-346.44670 0.00000
-346.53300 0.00000
-346.00140 0.00000
-346.35610 0.00000
-346.48170 0.00000
-346.68920 0.00000
-347.37810 0.00000
-346.78550 0.00000
-346.46290 0.00000
-346.37350 0.00000
-346.67220 0.00000
-346.39650 0.00000
-346.23840 0.00000
-346.77060 0.00000
-346.83460 0.00000
-347.30200 0.00000
-346.87320 0.00000
-346.96140 0.00000
-346.50280 0.00000
-347.02910 0.00000
-346.55620 0.00000
-345.67160 0.00000
-346.46350 0.00000
-346.08230 0.00000
-346.27520 0.00000
-346.70600 0.00000
-346.56600 0.00000
-346.63230 0.00000
-346.96290 0.00000
-346.04680 0.00000
-346.77980 0.00000
-347.21070 0.00000
-346.32990 0.00000
-346.86930 0.00000
-346.35990 0.00000
-346.87750 0.00000
-346.69380 0.00000
-346.27380 0.00000
-346.64410 0.00000
-347.11820 0.00000
-346.60140 0.00000
-346.83720 0.00000
-346.46430 0.00000
-346.83610 0.00000
-347.10170 0.00000
-346.13270 0.00000
-346.64470 0.00000
-346.61830 0.00000
-346.80320 0.00000
-346.55160 0.00000
-346.21580 0.00000
-346.63340 0.00000
-346.43170 0.00000
-346.95020 0.00000
-346.48710 0.00000
-346.64980 0.00000
-346.50720 0.00000
-346.45970 0.00000
-345.74100 0.00000
-346.61180 0.00000
-346.57500 0.00000
-346.56690 0.00000
-324.03300 0.00000
-319.87110 0.00000
-319.89050 0.00000
-320.30790 0.00000
-319.84890 0.00000
-319.73170 0.00000
-319.44610 0.00000
-319.56650 0.00000
-319.41020 0.00000
-318.76240 0.00000
-318.54930 0.00000
-318.65070 0.00000
-318.58120 0.00000
-318.54250 0.00000
-318.83280 0.00000
-318.77690 0.00000
-318.66910 0.00000
-318.83780 0.00000
-318.55820 0.00000
-317.83710 0.00000
-318.28090 0.00000
-318.64740 0.00000
-318.35050 0.00000
-318.29840 0.00000
-318.15800 0.00000
-318.43250 0.00000
-317.99180 0.00000
-318.69710 0.00000
-318.34870 0.00000
-318.00170 0.00000
-318.17850 0.00000
-317.58330 0.00000
-317.67020 0.00000
-317.84850 0.00000
-317.72560 0.00000
-318.09740 0.00000
-318.37720 0.00000
-317.91180 0.00000
-317.11310 0.00000
-316.94350 0.00000
-318.14860 0.00000
-317.25540 0.00000
-317.87010 0.00000
-317.74940 0.00000
-317.97970 0.00000
-318.13480 0.00000
-318.01980 0.00000
-318.36580 0.00000
-317.81110 0.00000
-317.12230 0.00000
-317.65340 0.00000
-316.74190 0.00000
-316.57930 0.00000
-315.82070 0.00000
-315.78190 0.00000
-315.85580 0.00000
-315.92290 0.00000
-315.73080 0.00000
-316.58660 0.00000
-316.68190 0.00000
-316.55660 0.00000
-316.37380 0.00000
-315.80660 0.00000
-315.88920 0.00000
-316.39740 0.00000
-316.50670 0.00000
-316.16920 0.00000
-316.18980 0.00000
-315.83230 0.00000
-315.60600 0.00000
-315.88790 0.00000
-316.26240 0.00000
-315.83700 0.00000
-316.20720 0.00000
-316.95730 0.00000
-316.60580 0.00000
-317.18190 0.00000
-316.72440 0.00000
-316.55730 0.00000
-317.16060 0.00000
-316.95050 0.00000
-316.20880 0.00000
-316.21450 0.00000
-316.40510 0.00000
-316.40200 0.00000
-316.48290 0.00000
-317.11070 0.00000
-317.01340 0.00000
-317.17650 0.00000
-317.81650 0.00000
-317.72480 0.00000
-318.01470 0.00000
-317.91090 0.00000
-317.74500 0.00000
-318.15770 0.00000
-317.96120 0.00000
-318.30900 0.00000
-318.13450 0.00000
-318.33290 0.00000
-318.42440 0.00000
-318.16010 0.00000
-348.28040 0.00000
-348.13720 0.00000
-347.47770 0.00000
-346.86630 0.00000
-347.87060 0.00000
-347.60600 0.00000
-349.03470 0.00000
-348.67090 0.00000
-348.45650 0.00000
-348.03020 0.00000
-348.30050 0.00000
-348.56110 0.00000
-348.03470 0.00000
-347.86950 0.00000
-347.64390 0.00000
-348.33290 0.00000
-347.37750 0.00000
-347.36150 0.00000
-348.09020 0.00000
-347.67280 0.00000
-348.15510 0.00000
-348.18600 0.00000
-348.24910 0.00000
-348.20360 0.00000
-347.77610 0.00000
-347.89420 0.00000
-347.42380 0.00000
-347.70010 0.00000
-347.45150 0.00000
-347.25540 0.00000
-347.82930 0.00000
-347.77610 0.00000
-348.60320 0.00000
-347.31230 0.00000
-347.70550 0.00000
-348.01030 0.00000
-347.65250 0.00000
-348.70860 0.00000
-348.71470 0.00000
-347.24630 0.00000
-347.75370 0.00000
-347.88580 0.00000
-347.96140 0.00000
-348.02980 0.00000
-347.61960 0.00000
-347.54070 0.00000
-348.35490 0.00000
-348.42740 0.00000
-347.77990 0.00000
-347.53930 0.00000
-348.45700 0.00000
-349.02650 0.00000
-348.51420 0.00000
-348.33230 0.00000
-348.82170 0.00000
-349.21300 0.00000
-348.66970 0.00000
-349.02220 0.00000
-348.50510 0.00000
-348.59780 0.00000
-348.78930 0.00000
-349.18120 0.00000
-349.87310 0.00000
-348.77920 0.00000
-348.37880 0.00000
-347.46330 0.00000
-347.47040 0.00000
-347.71660 0.00000
-347.73720 0.00000
-348.01460 0.00000
-347.01350 0.00000
-347.18190 0.00000
-347.70930 0.00000
-347.36860 0.00000
-347.22150 0.00000
-347.74260 0.00000
-347.72010 0.00000
-347.75180 0.00000
-348.56620 0.00000
-348.24300 0.00000
-348.53700 0.00000
-347.97090 0.00000
-347.38430 0.00000
-346.99480 0.00000
-346.79060 0.00000
-346.06920 0.00000
-346.15560 0.00000
-346.57380 0.00000
-346.40660 0.00000
-346.91020 0.00000
-346.87190 0.00000
-346.53930 0.00000
-346.27600 0.00000
-346.95410 0.00000
-345.98480 0.00000
-346.15910 0.00000
-346.36330 0.00000
-346.34750 0.00000
-346.77750 0.00000
-346.51440 0.00000
-331.00780 0.00000
-331.74720 0.00000
-331.54680 0.00000
-331.35480 0.00000
-331.21840 0.00000
-331.44090 0.00000
-331.31620 0.00000
-331.76280 0.00000
-331.51890 0.00000
-331.17380 0.00000
-331.64010 0.00000
-331.06210 0.00000
-331.06390 0.00000
-330.99410 0.00000
-330.90940 0.00000
-330.28080 0.00000
-329.67220 0.00000
-329.27520 0.00000
-330.08180 0.00000
-328.86330 0.00000
-328.92710 0.00000
-328.98610 0.00000
-329.11560 0.00000
-329.23900 0.00000
-329.00100 0.00000
-328.63380 0.00000
-328.63170 0.00000
-329.88610 0.00000
-328.12550 0.00000
-328.43460 0.00000
-328.20180 0.00000
-327.23490 0.00000
-327.90090 0.00000
-327.51790 0.00000
-327.33580 0.00000
-327.36130 0.00000
-327.07940 0.00000
-327.18470 0.00000
-327.12920 0.00000
-326.46730 0.00000
-326.95310 0.00000
-327.82110 0.00000
-327.39770 0.00000
-327.24380 0.00000
-327.20120 0.00000
-327.80470 0.00000
-327.91760 0.00000
-328.22120 0.00000
-328.23070 0.00000
-327.15610 0.00000
-327.26420 0.00000
-327.37730 0.00000
-327.92330 0.00000
-326.74510 0.00000
-326.76000 0.00000
-327.49570 0.00000
-325.92120 0.00000
-325.09680 0.00000
-325.32760 0.00000
-325.97800 0.00000
-325.54780 0.00000
-325.31890 0.00000
-324.61650 0.00000
-324.87510 0.00000
-325.58820 0.00000
-324.77960 0.00000
-324.73510 0.00000
-324.59860 0.00000
-325.15140 0.00000
-325.83210 0.00000
-326.98870 0.00000
-326.29260 0.00000
-325.14010 0.00000
-325.33510 0.00000
-325.78880 0.00000
-327.22510 0.00000
-324.74460 0.00000
-323.39080 0.00000
-322.60210 0.00000
-322.78320 0.00000
-321.71410 0.00000
-321.87530 0.00000
-321.35060 0.00000
-321.26030 0.00000
-320.33860 0.00000
-321.11640 0.00000
-321.19770 0.00000
-319.71070 0.00000
-319.22720 0.00000
-318.42070 0.00000
-319.41190 0.00000
-318.39930 0.00000
-318.07360 0.00000
-318.87770 0.00000
-317.92720 0.00000
-317.98050 0.00000
-318.39460 0.00000
-318.15930 0.00000
-318.43790 0.00000
-317.59610 0.00000
-297.74280 0.00000
-297.50300 0.00000
-297.05900 0.00000
-298.74430 0.00000
-297.73720 0.00000
-297.73510 0.00000
-297.12610 0.00000
-297.73850 0.00000
-297.84480 0.00000
-296.83520 0.00000
-297.65940 0.00000
-298.10660 0.00000
-298.96450 0.00000
-298.52780 0.00000
-298.37820 0.00000
-298.28550 0.00000
-297.06110 0.00000
-297.39800 0.00000
-296.22830 0.00000
-295.72110 0.00000
-295.00230 0.00000
-295.12400 0.00000
-295.99990 0.00000
-295.91270 0.00000
-295.72810 0.00000
-296.45750 0.00000
-296.69700 0.00000
-297.65830 0.00000
-297.59830 0.00000
-295.69670 0.00000
-296.71720 0.00000
-296.80230 0.00000
-297.31520 0.00000
-298.25630 0.00000
-296.31820 0.00000
-296.28820 0.00000
-296.04390 0.00000
-296.70440 0.00000
-295.62990 0.00000
-295.81640 0.00000
-296.07340 0.00000
-295.80980 0.00000
-295.06570 0.00000
-295.93860 0.00000
-295.77450 0.00000
-296.82240 0.00000
-297.98770 0.00000
-297.37330 0.00000
-296.62230 0.00000
-295.88100 0.00000
-296.33780 0.00000
-297.12390 0.00000
-296.63240 0.00000
-296.60070 0.00000
-296.87390 0.00000
-295.60430 0.00000
-295.18430 0.00000
-295.41800 0.00000
-294.66390 0.00000
-295.05180 0.00000
-295.63750 0.00000
-295.81040 0.00000
-294.87270 0.00000
-295.10590 0.00000
-294.47520 0.00000
-294.04630 0.00000
-292.65320 0.00000
-293.73440 0.00000
-293.38320 0.00000
-292.95590 0.00000
-292.48780 0.00000
-290.19750 0.00000
-289.93050 0.00000
-287.73920 0.00000
-288.76480 0.00000
-287.18570 0.00000
-286.06720 0.00000
-286.99780 0.00000
-287.25950 0.00000
-285.61630 0.00000
-285.11550 0.00000
-285.58090 0.00000
-284.62300 0.00000
-285.12660 0.00000
-284.72100 0.00000
-284.95600 0.00000
-285.71710 0.00000
-286.27330 0.00000
-287.11340 0.00000
-286.53080 0.00000
-287.78000 0.00000
-285.30880 0.00000
-286.10760 0.00000
-285.18930 0.00000
-287.62120 0.00000
-283.96870 0.00000
-286.81560 0.00000
-283.54710 0.00000
-283.17180 0.00000
-319.99260 0.00000
-347.86030 0.00000
-347.46750 0.00000
-347.84170 0.00000
-348.48060 0.00000
-348.69120 0.00000
-347.51830 0.00000
-348.11720 0.00000
-348.39370 0.00000
-348.51230 0.00000
-348.01890 0.00000
-347.80030 0.00000
-347.74120 0.00000
-347.83840 0.00000
-348.10590 0.00000
-347.90900 0.00000
-348.01480 0.00000
-348.14360 0.00000
-347.80530 0.00000
-348.41780 0.00000
-347.87320 0.00000
-348.64310 0.00000
-347.00700 0.00000
-348.96020 0.00000
-348.53190 0.00000
-348.37190 0.00000
-348.07060 0.00000
-348.62560 0.00000
-347.99370 0.00000
-347.91030 0.00000
-348.23140 0.00000
-347.23960 0.00000
-347.62700 0.00000
-348.08940 0.00000
-347.68520 0.00000
-347.72830 0.00000
-347.77170 0.00000
-348.65410 0.00000
-347.91910 0.00000
-347.64320 0.00000
-348.57420 0.00000
-348.53130 0.00000
-348.02470 0.00000
-348.27270 0.00000
-348.19660 0.00000
-348.42310 0.00000
-347.85980 0.00000
-348.73220 0.00000
-348.01380 0.00000
-347.21860 0.00000
-347.49700 0.00000
-348.19450 0.00000
-347.97580 0.00000
-347.60350 0.00000
-347.99570 0.00000
-347.78180 0.00000
-347.92550 0.00000
-347.63530 0.00000
-348.80750 0.00000
-347.95690 0.00000
-348.15490 0.00000
-347.59690 0.00000
-347.84120 0.00000
-347.78020 0.00000
-348.18030 0.00000
-348.01210 0.00000
-347.46900 0.00000
-347.47110 0.00000
-348.41900 0.00000
-348.41610 0.00000
-348.12090 0.00000
-347.70280 0.00000
-347.17930 0.00000
-347.58690 0.00000
-347.19650 0.00000
-348.26050 0.00000
-347.76030 0.00000
-347.90690 0.00000
-348.36800 0.00000
-348.24870 0.00000
-347.50070 0.00000
-348.39340 0.00000
-348.68270 0.00000
-349.18900 0.00000
-346.90620 0.00000
-348.62030 0.00000
-348.14220 0.00000
-348.22730 0.00000
-347.73690 0.00000
-347.56740 0.00000
-347.81980 0.00000
-348.08650 0.00000
-347.13900 0.00000
-348.29890 0.00000
-347.93330 0.00000
-348.24090 0.00000
-347.57030 0.00000
-348.01080 0.00000
-347.93000 0.00000
-347.99960 0.00000
-347.80200 0.00000
-332.81260 0.00000
-332.39770 0.00000
-331.73810 0.00000
-330.67790 0.00000
-332.67200 0.00000
-332.11450 0.00000
-332.73530 0.00000
-332.35490 0.00000
-332.42920 0.00000
-332.55170 0.00000
-332.39290 0.00000
-332.48090 0.00000
-332.40770 0.00000
-332.72850 0.00000
-333.06580 0.00000
-333.41540 0.00000
-332.97380 0.00000
-332.66790 0.00000
-333.08740 0.00000
-332.35820 0.00000
-333.21270 0.00000
-333.37180 0.00000
-333.44510 0.00000
-333.45160 0.00000
-333.24610 0.00000
-333.39050 0.00000
-333.17980 0.00000
-332.97610 0.00000
-332.89180 0.00000
-332.55360 0.00000
-332.60790 0.00000
-332.93390 0.00000
-332.91760 0.00000
-332.76330 0.00000
-332.58430 0.00000
-332.41240 0.00000
-332.29700 0.00000
-332.79290 0.00000
-333.00960 0.00000
-332.57400 0.00000
-332.75330 0.00000
-332.60780 0.00000
-332.57790 0.00000
-333.09550 0.00000
-332.56540 0.00000
-332.08610 0.00000
-331.69200 0.00000
-332.10990 0.00000
-331.99730 0.00000
-331.42700 0.00000
-332.36130 0.00000
-331.90520 0.00000
-332.19130 0.00000
-331.75120 0.00000
-332.85340 0.00000
-332.64260 0.00000
-332.82860 0.00000
-333.15550 0.00000
-333.05550 0.00000
-333.26520 0.00000
-333.13280 0.00000
-333.79070 0.00000
-333.32790 0.00000
-332.40550 0.00000
-332.01860 0.00000
-331.38670 0.00000
-331.38040 0.00000
-331.76480 0.00000
-331.86610 0.00000
-332.41960 0.00000
-331.27350 0.00000
-331.47780 0.00000
-332.01140 0.00000
-332.51740 0.00000
-331.75050 0.00000
-331.86990 0.00000
-331.51050 0.00000
-331.53590 0.00000
-331.85490 0.00000
-331.71740 0.00000
-331.77390 0.00000
-331.47500 0.00000
-331.00570 0.00000
-330.88470 0.00000
-330.66100 0.00000
-330.26390 0.00000
-330.99490 0.00000
-330.54070 0.00000
-330.66910 0.00000
-331.16390 0.00000
-331.09410 0.00000
-330.87820 0.00000
-331.48140 0.00000
-331.48630 0.00000
-331.13790 0.00000
-331.06140 0.00000
-331.46020 0.00000
-331.99860 0.00000
-332.09880 0.00000
-332.29450 0.00000
-307.11070 0.00000
-307.02890 0.00000
-306.56430 0.00000
-305.53450 0.00000
-306.06280 0.00000
-306.30810 0.00000
-307.16660 0.00000
-306.99230 0.00000
-307.05130 0.00000
-306.98310 0.00000
-307.16780 0.00000
-306.35170 0.00000
-307.40950 0.00000
-307.42980 0.00000
-305.97010 0.00000
-305.58060 0.00000
-306.25040 0.00000
-306.42180 0.00000
-306.44980 0.00000
-306.52950 0.00000
-307.02420 0.00000
-306.10490 0.00000
-306.22780 0.00000
-305.63820 0.00000
-306.58660 0.00000
-304.74820 0.00000
-305.97630 0.00000
-305.25790 0.00000
-305.12160 0.00000
-305.82420 0.00000
-305.35290 0.00000
-305.88060 0.00000
-306.14090 0.00000
-305.30170 0.00000
-304.95560 0.00000
-304.45860 0.00000
-304.73130 0.00000
-304.68930 0.00000
-304.30260 0.00000
-305.60440 0.00000
-303.21440 0.00000
-303.98630 0.00000
-304.35570 0.00000
-302.83460 0.00000
-302.96010 0.00000
-304.72370 0.00000
-303.12620 0.00000
-302.10700 0.00000
-301.82440 0.00000
-301.35770 0.00000
-301.76500 0.00000
-301.20350 0.00000
-301.40890 0.00000
-301.57030 0.00000
-302.58220 0.00000
-301.68020 0.00000
-301.24350 0.00000
-301.78710 0.00000
-301.67110 0.00000
-301.74560 0.00000
-302.22240 0.00000
-301.48290 0.00000
-301.22790 0.00000
-301.49140 0.00000
-300.03550 0.00000
-300.77490 0.00000
-302.24980 0.00000
-300.64840 0.00000
-300.62560 0.00000
-300.78590 0.00000
-301.09090 0.00000
-301.72820 0.00000
-302.26520 0.00000
-301.50610 0.00000
-301.14020 0.00000
-301.57380 0.00000
-300.86870 0.00000
-301.26520 0.00000
-300.16090 0.00000
-299.88800 0.00000
-300.40320 0.00000
-302.07550 0.00000
-301.92010 0.00000
-300.68230 0.00000
-301.12490 0.00000
-299.87200 0.00000
-299.04830 0.00000
-298.58200 0.00000
-300.62470 0.00000
-300.07570 0.00000
-299.57690 0.00000
-300.03970 0.00000
-299.99420 0.00000
-299.18450 0.00000
-299.43340 0.00000
-298.01740 0.00000
-298.65730 0.00000
-299.02260 0.00000
-298.45700 0.00000
-299.36600 0.00000
-327.04880 0.00000
-326.76560 0.00000
-326.25750 0.00000
-325.27890 0.00000
-324.91400 0.00000
-328.88040 0.00000
-326.13070 0.00000
-326.29730 0.00000
-325.79450 0.00000
-326.44510 0.00000
-326.19340 0.00000
-327.94030 0.00000
-326.49920 0.00000
-327.82820 0.00000
-325.40030 0.00000
-326.32390 0.00000
-326.32260 0.00000
-326.26670 0.00000
-326.65650 0.00000
-325.58150 0.00000
-326.79610 0.00000
-326.06790 0.00000
-326.98080 0.00000
-326.28340 0.00000
-325.42650 0.00000
-325.91310 0.00000
-327.37220 0.00000
-325.37380 0.00000
-324.58360 0.00000
-327.55940 0.00000
-325.51260 0.00000
-326.19530 0.00000
-327.09280 0.00000
-328.01840 0.00000
-325.30810 0.00000
-325.50190 0.00000
-325.55450 0.00000
-326.10500 0.00000
-325.35530 0.00000
-327.99800 0.00000
-328.06310 0.00000
-326.57730 0.00000
-327.23080 0.00000
-325.37800 0.00000
-326.36320 0.00000
-326.57260 0.00000
-325.30390 0.00000
-326.58900 0.00000
-326.88350 0.00000
-325.14130 0.00000
-327.00560 0.00000
-326.82070 0.00000
-327.69240 0.00000
-327.63150 0.00000
-324.44660 0.00000
-324.86620 0.00000
-327.27770 0.00000
-324.98230 0.00000
-325.49580 0.00000
-327.33130 0.00000
-327.64670 0.00000
-325.61350 0.00000
-324.55290 0.00000
-326.49430 0.00000
-327.45990 0.00000
-326.95340 0.00000
-326.16400 0.00000
-327.60810 0.00000
-326.24620 0.00000
-324.66080 0.00000
-327.01740 0.00000
-326.80600 0.00000
-325.27810 0.00000
-326.75610 0.00000
-325.50380 0.00000
-329.42030 0.00000
-326.19420 0.00000
-328.30770 0.00000
-326.75190 0.00000
-325.50720 0.00000
-325.07980 0.00000
-327.85730 0.00000
-328.06360 0.00000
-325.21630 0.00000
-325.43590 0.00000
-325.84870 0.00000
-326.06820 0.00000
-325.67870 0.00000
-327.34650 0.00000
-327.61980 0.00000
-325.49040 0.00000
-326.97230 0.00000
-326.89790 0.00000
-326.95690 0.00000
-326.20290 0.00000
-325.82220 0.00000
-326.63630 0.00000
-327.65980 0.00000
-325.62030 0.00000
-347.95590 0.00000
-328.02690 0.00000
-327.77910 0.00000
-328.11370 0.00000
-328.58410 0.00000
-329.64710 0.00000
-329.31730 0.00000
-329.48410 0.00000
-329.82210 0.00000
-330.01390 0.00000
-329.81070 0.00000
-329.28150 0.00000
-328.51910 0.00000
-328.53170 0.00000
-328.95230 0.00000
-329.67980 0.00000
-329.26490 0.00000
-329.39320 0.00000
-328.82450 0.00000
-329.24510 0.00000
-329.36860 0.00000
-329.96950 0.00000
-329.16470 0.00000
-329.89990 0.00000
-330.69460 0.00000
-330.72090 0.00000
-330.37130 0.00000
-330.83900 0.00000
-330.94340 0.00000
-330.86030 0.00000
-330.73580 0.00000
-330.00030 0.00000
-329.70170 0.00000
-330.02780 0.00000
-329.18120 0.00000
-329.04440 0.00000
-328.71000 0.00000
-329.24090 0.00000
-329.33890 0.00000
-329.12900 0.00000
-330.34480 0.00000
-330.82800 0.00000
-330.89460 0.00000
-331.37220 0.00000
-331.13620 0.00000
-331.16620 0.00000
-330.95380 0.00000
-330.94270 0.00000
-331.11670 0.00000
-330.87820 0.00000
-331.12550 0.00000
-331.21860 0.00000
-330.84510 0.00000
-330.68200 0.00000
-331.15170 0.00000
-330.59590 0.00000
-330.48720 0.00000
-330.47900 0.00000
-330.99750 0.00000
-330.82080 0.00000
-331.09170 0.00000
-331.09980 0.00000
-331.51320 0.00000
-331.68590 0.00000
-331.71480 0.00000
-331.94860 0.00000
-331.74160 0.00000
-331.07730 0.00000
-331.67150 0.00000
-331.12530 0.00000
-331.25390 0.00000
-330.90800 0.00000
-330.45630 0.00000
-330.14470 0.00000
-329.37530 0.00000
-330.32430 0.00000
-329.92400 0.00000
-330.31570 0.00000
-330.09250 0.00000
-330.25530 0.00000
-329.76240 0.00000
-329.87500 0.00000
-330.69650 0.00000
-331.85460 0.00000
-331.09270 0.00000
-331.37830 0.00000
-331.45970 0.00000
-331.41600 0.00000
-331.51230 0.00000
-331.06530 0.00000
-330.75200 0.00000
-331.19930 0.00000
-330.77750 0.00000
-330.98030 0.00000
-331.50230 0.00000
-332.06660 0.00000
-331.74510 0.00000
-331.77970 0.00000
-331.57490 0.00000
-331.88200 0.00000
-332.19290 0.00000
-316.13500 0.00000
-315.87810 0.00000
-317.24380 0.00000
-317.12520 0.00000
-319.22550 0.00000
-319.13520 0.00000
-318.94330 0.00000
-319.55850 0.00000
-320.76710 0.00000
-320.66690 0.00000
-319.82060 0.00000
-319.14270 0.00000
-319.61660 0.00000
-319.06680 0.00000
-320.22610 0.00000
-322.16640 0.00000
-322.77630 0.00000
-323.86650 0.00000
-322.77720 0.00000
-321.49510 0.00000
-323.50480 0.00000
-323.65740 0.00000
-322.63820 0.00000
-322.71890 0.00000
-319.56630 0.00000
-321.54680 0.00000
-318.20340 0.00000
-315.71310 0.00000
-316.40790 0.00000
-316.48030 0.00000
-317.51220 0.00000
-318.77970 0.00000
-318.37270 0.00000
-318.34000 0.00000
-319.60180 0.00000
-318.59950 0.00000
-318.52630 0.00000
-319.71750 0.00000
-320.49090 0.00000
-320.00680 0.00000
-320.70650 0.00000
-321.47490 0.00000
-320.39890 0.00000
-321.27020 0.00000
-320.58950 0.00000
-318.55290 0.00000
-318.54910 0.00000
-319.42150 0.00000
-319.62990 0.00000
-319.80510 0.00000
-321.32920 0.00000
-321.59560 0.00000
-319.58360 0.00000
-320.46540 0.00000
-321.23440 0.00000
-320.30950 0.00000
-322.49630 0.00000
-319.39480 0.00000
-319.65450 0.00000
-320.78030 0.00000
-319.97370 0.00000
-320.98190 0.00000
-322.32830 0.00000
-319.30050 0.00000
-318.62180 0.00000
-317.46720 0.00000
-317.81840 0.00000
-317.58750 0.00000
-318.89170 0.00000
-318.75400 0.00000
-318.24220 0.00000
-318.59050 0.00000
-318.90780 0.00000
-318.60060 0.00000
-316.45180 0.00000
-316.06300 0.00000
-316.11360 0.00000
-316.93360 0.00000
-317.52830 0.00000
-314.49990 0.00000
-315.39650 0.00000
-314.92260 0.00000
-313.89360 0.00000
-313.82920 0.00000
-312.58260 0.00000
-311.30440 0.00000
-311.59560 0.00000
-311.93120 0.00000
-311.42960 0.00000
-311.65310 0.00000
-310.53850 0.00000
-310.63660 0.00000
-311.04780 0.00000
-311.42990 0.00000
-308.24190 0.00000
-308.63310 0.00000
-308.76250 0.00000
-308.92610 0.00000
-307.71290 0.00000
-307.18940 0.00000
-325.90930 0.00000
-325.94490 0.00000
-327.11330 0.00000
-327.15220 0.00000
-325.11370 0.00000
-326.53300 0.00000
-324.42070 0.00000
-326.92140 0.00000
-326.18860 0.00000
-326.67290 0.00000
-327.26720 0.00000
-326.10550 0.00000
-326.83890 0.00000
-326.93030 0.00000
-325.69780 0.00000
-326.15250 0.00000
-326.90810 0.00000
-325.77240 0.00000
-326.15450 0.00000
-325.58290 0.00000
-326.92330 0.00000
-325.96150 0.00000
-327.13290 0.00000
-326.44850 0.00000
-326.94730 0.00000
-327.62400 0.00000
-327.19890 0.00000
-328.88020 0.00000
-326.14350 0.00000
-326.73530 0.00000
-328.62950 0.00000
-326.31130 0.00000
-326.36590 0.00000
-327.81760 0.00000
-326.79730 0.00000
-326.55480 0.00000
-324.48720 0.00000
-325.56080 0.00000
-325.63300 0.00000
-324.25860 0.00000
-325.68460 0.00000
-327.55600 0.00000
-326.81010 0.00000
-325.12570 0.00000
-325.65610 0.00000
-325.71160 0.00000
-326.94510 0.00000
-327.34550 0.00000
-325.43760 0.00000
-325.59320 0.00000
-327.69860 0.00000
-326.70170 0.00000
-326.73870 0.00000
-324.99930 0.00000
-326.37640 0.00000
-327.25480 0.00000
-326.19500 0.00000
-324.56220 0.00000
-326.68580 0.00000
-325.33080 0.00000
-326.93700 0.00000
-327.25570 0.00000
-325.49640 0.00000
-326.59660 0.00000
-324.56170 0.00000
-325.28230 0.00000
-326.10750 0.00000
-327.75560 0.00000
-327.68340 0.00000
-326.31550 0.00000
-327.60140 0.00000
-327.38830 0.00000
-324.71310 0.00000
-328.10120 0.00000
-326.83300 0.00000
-328.01710 0.00000
-326.78430 0.00000
-324.89930 0.00000
-327.45820 0.00000
-325.76540 0.00000
-322.98560 0.00000
-323.94740 0.00000
-327.63900 0.00000
-325.48960 0.00000
-326.98670 0.00000
-328.71360 0.00000
-326.65280 0.00000
-325.35120 0.00000
-326.25590 0.00000
-326.46270 0.00000
-328.27190 0.00000
-326.92110 0.00000
-327.07820 0.00000
-326.52920 0.00000
-326.52820 0.00000
-328.11770 0.00000
-327.96520 0.00000
-326.55090 0.00000
-327.09700 0.00000
-326.72700 0.00000
-316.63220 0.00000
-318.50490 0.00000
-317.15260 0.00000
-316.70070 0.00000
-317.61790 0.00000
-319.00710 0.00000
-317.53520 0.00000
-318.71840 0.00000
-317.15680 0.00000
-317.40190 0.00000
-316.91370 0.00000
-317.12810 0.00000
-318.11320 0.00000
-318.14770 0.00000
-315.87530 0.00000
-316.80980 0.00000
-317.23260 0.00000
-316.49700 0.00000
-317.71980 0.00000
-318.57740 0.00000
-318.11860 0.00000
-317.94940 0.00000
-316.89010 0.00000
-315.94470 0.00000
-317.15980 0.00000
-318.09720 0.00000
-318.35260 0.00000
-317.24730 0.00000
-317.36670 0.00000
-317.17250 0.00000
-317.55290 0.00000
-316.72050 0.00000
-318.47640 0.00000
-318.32030 0.00000
-316.58530 0.00000
-317.11560 0.00000
-317.17050 0.00000
-316.94030 0.00000
-317.50560 0.00000
-317.68420 0.00000
-317.99540 0.00000
-317.51250 0.00000
-317.68870 0.00000
-318.45930 0.00000
-317.58900 0.00000
-317.45960 0.00000
-317.38840 0.00000
-317.57650 0.00000
-316.88960 0.00000
-316.78010 0.00000
-319.00950 0.00000
-317.69210 0.00000
-319.00110 0.00000
-318.01520 0.00000
-318.97580 0.00000
-318.41630 0.00000
-318.78650 0.00000
-318.06980 0.00000
-316.49200 0.00000
-316.99490 0.00000
-317.15120 0.00000
-317.18880 0.00000
-317.36590 0.00000
-317.43800 0.00000
-318.40880 0.00000
-318.37630 0.00000
-317.07880 0.00000
-317.65330 0.00000
-318.15450 0.00000
-317.64110 0.00000
-318.06820 0.00000
-317.47050 0.00000
-318.10200 0.00000
-318.57910 0.00000
-317.46250 0.00000
-318.41410 0.00000
-318.27880 0.00000
-317.73380 0.00000
-318.07790 0.00000
-317.84330 0.00000
-318.07040 0.00000
-318.05510 0.00000
-317.05140 0.00000
-317.50470 0.00000
-318.95450 0.00000
-317.62040 0.00000
-316.89310 0.00000
-316.57560 0.00000
-317.84560 0.00000
-317.76890 0.00000
-317.58480 0.00000
-318.02820 0.00000
-317.85800 0.00000
-317.54030 0.00000
-317.40020 0.00000
-316.64350 0.00000
-317.87130 0.00000
-318.59510 0.00000
-317.40170 0.00000
-328.16060 0.00000
-328.37160 0.00000
-329.67390 0.00000
-329.54820 0.00000
-329.14270 0.00000
-329.43910 0.00000
-327.40930 0.00000
-327.46670 0.00000
-327.80180 0.00000
-328.71310 0.00000
-327.02340 0.00000
-326.69350 0.00000
-327.30470 0.00000
-327.50880 0.00000
-327.26630 0.00000
-327.43220 0.00000
-326.61150 0.00000
-326.51710 0.00000
-325.46500 0.00000
-323.92000 0.00000
-323.85350 0.00000
-324.07580 0.00000
-322.79950 0.00000
-323.77950 0.00000
-323.54540 0.00000
-323.37280 0.00000
-323.96330 0.00000
-323.49140 0.00000
-324.27170 0.00000
-323.35390 0.00000
-322.22770 0.00000
-321.05950 0.00000
-319.42650 0.00000
-320.64490 0.00000
-320.67350 0.00000
-319.74470 0.00000
-319.94560 0.00000
-320.22970 0.00000
-320.49630 0.00000
-320.06880 0.00000
-320.96790 0.00000
-320.92090 0.00000
-319.18790 0.00000
-318.79600 0.00000
-319.36800 0.00000
-319.30050 0.00000
-319.08480 0.00000
-318.37720 0.00000
-318.34840 0.00000
-316.36400 0.00000
-315.55510 0.00000
-315.94480 0.00000
-315.96440 0.00000
-315.91470 0.00000
-317.70420 0.00000
-319.05630 0.00000
-319.54140 0.00000
-318.25070 0.00000
-319.43590 0.00000
-318.45760 0.00000
-317.24550 0.00000
-316.60470 0.00000
-317.39980 0.00000
-318.92810 0.00000
-318.01100 0.00000
-318.50180 0.00000
-319.44420 0.00000
-320.31110 0.00000
-319.42270 0.00000
-319.74420 0.00000
-319.11760 0.00000
-319.20780 0.00000
-319.69810 0.00000
-320.24200 0.00000
-318.99480 0.00000
-320.88610 0.00000
-318.93870 0.00000
-319.28790 0.00000
-320.50830 0.00000
-320.91300 0.00000
-320.73820 0.00000
-321.46040 0.00000
-320.46820 0.00000
-319.24640 0.00000
-319.69780 0.00000
-318.44440 0.00000
-319.63160 0.00000
-318.54470 0.00000
-318.42930 0.00000
-319.29660 0.00000
-318.82150 0.00000
-318.00700 0.00000
-317.02320 0.00000
-316.56050 0.00000
-316.73350 0.00000
-316.76400 0.00000
-316.29810 0.00000
-315.74290 0.00000
-315.45220 0.00000
-316.16460 0.00000
-315.82710 0.00000
-336.30940 0.00000
-334.28990 0.00000
-334.07490 0.00000
-334.44800 0.00000
-336.27880 0.00000
-334.92130 0.00000
-335.83560 0.00000
-334.14670 0.00000
-336.73770 0.00000
-335.41370 0.00000
-336.06080 0.00000
-334.94580 0.00000
-335.91890 0.00000
-337.50450 0.00000
-338.90540 0.00000
-340.09600 0.00000
-341.69590 0.00000
-341.33880 0.00000
-342.16920 0.00000
-341.17820 0.00000
-340.72360 0.00000
-339.48740 0.00000
-339.56180 0.00000
-339.79700 0.00000
-337.69500 0.00000
-337.27990 0.00000
-338.08560 0.00000
-336.85150 0.00000
-337.04120 0.00000
-334.99700 0.00000
-334.62510 0.00000
-335.66730 0.00000
-334.79450 0.00000
-335.43580 0.00000
-335.47100 0.00000
-336.64010 0.00000
-336.92670 0.00000
-337.65800 0.00000
-337.93210 0.00000
-336.88740 0.00000
-336.52950 0.00000
-337.17290 0.00000
-337.79080 0.00000
-337.35220 0.00000
-336.36640 0.00000
-337.27570 0.00000
-336.86360 0.00000
-336.71650 0.00000
-336.72150 0.00000
-336.40860 0.00000
-337.17360 0.00000
-336.14240 0.00000
-334.34390 0.00000
-334.46230 0.00000
-335.83450 0.00000
-333.04640 0.00000
-334.48810 0.00000
-333.92210 0.00000
-331.71140 0.00000
-329.61550 0.00000
-331.03050 0.00000
-331.15520 0.00000
-330.67000 0.00000
-328.62480 0.00000
-327.42290 0.00000
-327.82800 0.00000
-327.99050 0.00000
-328.39370 0.00000
-328.36130 0.00000
-327.51960 0.00000
-326.98050 0.00000
-328.43830 0.00000
-328.91070 0.00000
-329.92170 0.00000
-327.97070 0.00000
-329.71430 0.00000
-332.31240 0.00000
-329.88650 0.00000
-328.48170 0.00000
-329.06120 0.00000
-329.89310 0.00000
-329.25290 0.00000
-328.68710 0.00000
-327.89150 0.00000
-327.75010 0.00000
-327.59680 0.00000
-328.01930 0.00000
-326.54820 0.00000
-325.23000 0.00000
-326.51130 0.00000
-325.65900 0.00000
-325.90490 0.00000
-326.24690 0.00000
-327.28410 0.00000
-325.66310 0.00000
-326.51360 0.00000
-325.90840 0.00000
-326.32420 0.00000
-326.13640 0.00000
-326.44640 0.00000
-330.91500 0.00000
-332.12660 0.00000
-331.83970 0.00000
-330.79660 0.00000
-330.90440 0.00000
-331.83170 0.00000
-330.94760 0.00000
-332.02960 0.00000
-331.16250 0.00000
-331.39580 0.00000
-331.66190 0.00000
-330.35120 0.00000
-332.04570 0.00000
-331.33900 0.00000
-331.50740 0.00000
-330.28070 0.00000
-330.95750 0.00000
-329.97420 0.00000
-329.65140 0.00000
-329.14250 0.00000
-329.93600 0.00000
-327.88430 0.00000
-327.99550 0.00000
-327.89220 0.00000
-327.70290 0.00000
-328.39300 0.00000
-327.88840 0.00000
-327.93290 0.00000
-328.22440 0.00000
-329.12280 0.00000
-328.45580 0.00000
-328.79010 0.00000
-329.01470 0.00000
-328.46390 0.00000
-327.94790 0.00000
-327.12490 0.00000
-326.61000 0.00000
-325.86720 0.00000
-325.33940 0.00000
-325.28970 0.00000
-325.36140 0.00000
-326.60880 0.00000
-324.10350 0.00000
-323.76570 0.00000
-323.08750 0.00000
-322.25060 0.00000
-321.86610 0.00000
-322.53700 0.00000
-322.16290 0.00000
-322.06040 0.00000
-322.41870 0.00000
-322.11840 0.00000
-322.70380 0.00000
-322.00010 0.00000
-321.76210 0.00000
-322.39290 0.00000
-322.42480 0.00000
-321.63380 0.00000
-320.50540 0.00000
-320.52700 0.00000
-320.28080 0.00000
-320.94140 0.00000
-320.71170 0.00000
-321.53080 0.00000
-319.46430 0.00000
-319.55450 0.00000
-319.90410 0.00000
-320.61580 0.00000
-320.26640 0.00000
-320.32150 0.00000
-321.59690 0.00000
-320.66230 0.00000
-320.34510 0.00000
-320.48040 0.00000
-320.45660 0.00000
-320.73300 0.00000
-320.42310 0.00000
-320.37030 0.00000
-320.58700 0.00000
-320.49670 0.00000
-319.41640 0.00000
-318.75230 0.00000
-318.94080 0.00000
-318.68380 0.00000
-318.89850 0.00000
-318.16590 0.00000
-318.54300 0.00000
-318.38390 0.00000
-317.84300 0.00000
-318.52850 0.00000
-319.35620 0.00000
-319.14690 0.00000
-318.66840 0.00000
-317.94590 0.00000
-316.98830 0.00000
-318.25430 0.00000
-317.74860 0.00000
-317.86900 0.00000
-317.86230 0.00000
-317.54150 0.00000
-318.06990 0.00000
-317.92310 0.00000
-317.92290 0.00000
-318.67360 0.00000
-317.09130 0.00000
-317.13950 0.00000
-317.71110 0.00000
-318.20330 0.00000
-317.37750 0.00000
-317.78940 0.00000
-317.71820 0.00000
-316.83170 0.00000
-316.57740 0.00000
-317.24900 0.00000
-315.08850 0.00000
-315.08920 0.00000
-315.28760 0.00000
-316.46680 0.00000
-315.27260 0.00000
-314.75470 0.00000
-314.97540 0.00000
-314.83600 0.00000
-314.63480 0.00000
-316.25960 0.00000
-315.37800 0.00000
-315.42500 0.00000
-314.67290 0.00000
-314.53990 0.00000
-313.77150 0.00000
-314.65170 0.00000
-314.46940 0.00000
-314.24330 0.00000
-313.68470 0.00000
-313.25040 0.00000
-313.73930 0.00000
-312.69860 0.00000
-311.43730 0.00000
-312.28490 0.00000
-312.09230 0.00000
-313.34360 0.00000
-313.54430 0.00000
-312.13150 0.00000
-312.43190 0.00000
-311.67940 0.00000
-312.55320 0.00000
-313.35220 0.00000
-312.27520 0.00000
-312.67800 0.00000
-312.82500 0.00000
-313.22320 0.00000
-312.34450 0.00000
-312.76600 0.00000
-313.06290 0.00000
-313.21980 0.00000
-310.90840 0.00000
-309.30220 0.00000
-308.82250 0.00000
-308.18870 0.00000
-308.23720 0.00000
-308.14570 0.00000
-308.59460 0.00000
-308.07450 0.00000
-306.88810 0.00000
-307.17440 0.00000
-308.00720 0.00000
-306.45130 0.00000
-305.95590 0.00000
-306.10150 0.00000
-305.39500 0.00000
-305.30600 0.00000
-304.61500 0.00000
-305.16820 0.00000
-305.25540 0.00000
-303.90080 0.00000
-303.93930 0.00000
-304.76580 0.00000
-305.46030 0.00000
-305.62650 0.00000
-305.38220 0.00000
-304.57780 0.00000
-304.20270 0.00000
-305.18320 0.00000
-304.61040 0.00000
-304.18910 0.00000
-304.01370 0.00000
-302.90800 0.00000
-301.88030 0.00000
-300.67720 0.00000
-300.66190 0.00000
-300.60040 0.00000
-299.69840 0.00000
-300.70020 0.00000
-300.41910 0.00000
-300.19490 0.00000
-300.51720 0.00000
-299.61080 0.00000
-299.22430 0.00000
-299.32700 0.00000
-298.50190 0.00000
-328.64130 0.00000
-344.56750 0.00000
-345.98420 0.00000
-346.58290 0.00000
-345.92000 0.00000
-347.41610 0.00000
-343.49000 0.00000
-344.94230 0.00000
-345.89290 0.00000
-346.10480 0.00000
-345.17430 0.00000
-345.10160 0.00000
-343.68020 0.00000
-343.54830 0.00000
-343.70720 0.00000
-343.96770 0.00000
-344.09930 0.00000
-345.20220 0.00000
-345.50040 0.00000
-345.38270 0.00000
-347.46620 0.00000
-347.19770 0.00000
-348.83070 0.00000
-348.13070 0.00000
-346.67960 0.00000
-345.52850 0.00000
-344.78510 0.00000
-345.86500 0.00000
-346.73780 0.00000
-346.59240 0.00000
-347.16780 0.00000
-345.20740 0.00000
-344.84950 0.00000
-345.08160 0.00000
-343.86360 0.00000
-345.08810 0.00000
-344.41810 0.00000
-345.24200 0.00000
-344.54570 0.00000
-344.21800 0.00000
-347.07330 0.00000
-344.55630 0.00000
-343.09110 0.00000
-343.01390 0.00000
-344.07870 0.00000
-343.60340 0.00000
-342.47200 0.00000
-341.35920 0.00000
-340.92390 0.00000
-339.02590 0.00000
-340.55950 0.00000
-340.12910 0.00000
-339.39960 0.00000
-338.76320 0.00000
-337.94660 0.00000
-338.79680 0.00000
-338.72790 0.00000
-337.27460 0.00000
-336.46080 0.00000
-335.75180 0.00000
-334.35540 0.00000
-334.22500 0.00000
-333.96530 0.00000
-336.58330 0.00000
-335.59120 0.00000
-335.73360 0.00000
-336.15280 0.00000
-333.89260 0.00000
-332.73280 0.00000
-333.13770 0.00000
-333.53810 0.00000
-334.18230 0.00000
-332.00120 0.00000
-331.51970 0.00000
-332.03250 0.00000
-333.17360 0.00000
-333.86980 0.00000
-334.96600 0.00000
-333.85560 0.00000
-332.89720 0.00000
-332.23360 0.00000
-332.51940 0.00000
-331.59600 0.00000
-330.83000 0.00000
-331.08940 0.00000
-330.56100 0.00000
-331.51310 0.00000
-332.33110 0.00000
-332.82170 0.00000
-331.14540 0.00000
-330.02290 0.00000
-330.18670 0.00000
-329.11160 0.00000
-328.80790 0.00000
-330.40520 0.00000
-331.46480 0.00000
-331.95650 0.00000
-331.35590 0.00000
-331.75970 0.00000
-334.62340 0.00000
-334.58880 0.00000
-333.99350 0.00000
-334.52790 0.00000
-334.12150 0.00000
-334.08620 0.00000
-334.86900 0.00000
-334.53140 0.00000
-334.95680 0.00000
-335.33450 0.00000
-335.44820 0.00000
-335.22260 0.00000
-334.97860 0.00000
-334.86200 0.00000
-335.66460 0.00000
-335.36520 0.00000
-335.35910 0.00000
-335.74670 0.00000
-335.31560 0.00000
-335.08920 0.00000
-335.13130 0.00000
-334.78420 0.00000
-334.66590 0.00000
-334.57820 0.00000
-334.54690 0.00000
-334.95280 0.00000
-334.89050 0.00000
-335.25550 0.00000
-334.71850 0.00000
-334.13040 0.00000
-333.62490 0.00000
-332.81060 0.00000
-333.13990 0.00000
-333.09340 0.00000
-333.19200 0.00000
-332.86490 0.00000
-332.87920 0.00000
-333.04160 0.00000
-333.14280 0.00000
-334.15160 0.00000
-334.61340 0.00000
-333.34650 0.00000
-333.22570 0.00000
-333.63280 0.00000
-333.72160 0.00000
-333.91600 0.00000
-332.87050 0.00000
-332.84580 0.00000
-332.96360 0.00000
-333.51640 0.00000
-334.07320 0.00000
-333.51710 0.00000
-333.52380 0.00000
-333.76970 0.00000
-333.43150 0.00000
-334.03890 0.00000
-334.25130 0.00000
-334.24050 0.00000
-334.51490 0.00000
-334.80990 0.00000
-333.83410 0.00000
-333.95630 0.00000
-333.21110 0.00000
-333.10120 0.00000
-332.86240 0.00000
-332.03360 0.00000
-332.22350 0.00000
-331.16570 0.00000
-331.53780 0.00000
-332.07730 0.00000
-332.47730 0.00000
-332.94730 0.00000
-331.93800 0.00000
-332.37490 0.00000
-332.81430 0.00000
-332.59290 0.00000
-332.17110 0.00000
-332.46310 0.00000
-333.53350 0.00000
-332.81540 0.00000
-334.01340 0.00000
-332.55580 0.00000
-332.91680 0.00000
-332.85210 0.00000
-332.39330 0.00000
-332.10700 0.00000
-331.48650 0.00000
-331.42220 0.00000
-331.36210 0.00000
-331.37170 0.00000
-331.37710 0.00000
-331.51790 0.00000
-331.38900 0.00000
-331.36540 0.00000
-330.69930 0.00000
-330.86720 0.00000
-329.88030 0.00000
-330.78160 0.00000
-330.65730 0.00000
-331.01180 0.00000
-331.25180 0.00000
-331.31300 0.00000
-358.74350 0.00000
-361.71830 0.00000
-362.22500 0.00000
-359.88610 0.00000
-359.07570 0.00000
-359.89510 0.00000
-360.57530 0.00000
-359.54560 0.00000
-359.29220 0.00000
-361.01600 0.00000
-360.65320 0.00000
-357.73430 0.00000
-361.64250 0.00000
-360.74650 0.00000
-359.31010 0.00000
-357.82070 0.00000
-359.84940 0.00000
-358.31840 0.00000
-359.18640 0.00000
-357.97140 0.00000
-361.66750 0.00000
-358.13260 0.00000
-360.43440 0.00000
-360.86890 0.00000
-360.65900 0.00000
-360.44750 0.00000
-360.76140 0.00000
-362.66850 0.00000
-360.57200 0.00000
-362.54370 0.00000
-359.54450 0.00000
-359.86830 0.00000
-361.36500 0.00000
-358.49210 0.00000
-359.55670 0.00000
-359.91060 0.00000
-359.60120 0.00000
-359.06810 0.00000
-359.00940 0.00000
-359.46360 0.00000
-359.12450 0.00000
-361.93000 0.00000
-358.19750 0.00000
-358.03980 0.00000
-360.14720 0.00000
-360.09250 0.00000
-360.28820 0.00000
-360.42120 0.00000
-360.04590 0.00000
-360.20920 0.00000
-361.15700 0.00000
-359.56900 0.00000
-361.42110 0.00000
-358.84320 0.00000
-359.00690 0.00000
-361.75190 0.00000
-359.68290 0.00000
-357.74490 0.00000
-358.83400 0.00000
-360.23560 0.00000
-358.64220 0.00000
-361.90730 0.00000
-360.09450 0.00000
-360.66130 0.00000
-358.06090 0.00000
-358.79640 0.00000
-361.27600 0.00000
-360.88320 0.00000
-360.57680 0.00000
-360.00550 0.00000
-363.72070 0.00000
-361.72570 0.00000
-359.69580 0.00000
-361.06050 0.00000
-360.43990 0.00000
-361.77190 0.00000
-357.77860 0.00000
-358.26490 0.00000
-359.20010 0.00000
-359.66780 0.00000
-356.38500 0.00000
-360.27980 0.00000
-358.89470 0.00000
-358.01230 0.00000
-359.51590 0.00000
-359.70090 0.00000
-360.75980 0.00000
-359.41200 0.00000
-359.03160 0.00000
-361.09150 0.00000
-363.83590 0.00000
-358.47790 0.00000
-355.97600 0.00000
-360.64140 0.00000
-358.36820 0.00000
-362.43690 0.00000
-361.71640 0.00000
-360.49810 0.00000
-361.02560 0.00000
-359.78940 0.00000
-360.35130 0.00000
-362.19900 0.00000
-357.71660 0.00000
-357.82000 0.00000
-359.95880 0.00000
-362.02640 0.00000
-360.70440 0.00000
-362.11660 0.00000
-358.98020 0.00000
-360.75100 0.00000
-358.39090 0.00000
-358.21460 0.00000
-360.67890 0.00000
-362.18280 0.00000
-356.82960 0.00000
-358.65340 0.00000
-358.67270 0.00000
-359.89820 0.00000
-359.95340 0.00000
-360.55940 0.00000
-360.48490 0.00000
-359.70600 0.00000
-360.31830 0.00000
-358.97170 0.00000
-359.94900 0.00000
-360.48380 0.00000
-361.70400 0.00000
-359.23070 0.00000
-357.36920 0.00000
-360.24780 0.00000
-359.14370 0.00000
-359.80570 0.00000
-360.85760 0.00000
-361.34830 0.00000
-359.63250 0.00000
-358.06690 0.00000
-358.56200 0.00000
-359.83520 0.00000
-360.49630 0.00000
-362.27810 0.00000
-361.71110 0.00000
-359.49480 0.00000
-360.32580 0.00000
-359.65690 0.00000
-360.12450 0.00000
-360.49250 0.00000
-359.29900 0.00000
-360.62190 0.00000
-358.64220 0.00000
-358.30810 0.00000
-361.40850 0.00000
-361.10110 0.00000
-362.79210 0.00000
-360.02520 0.00000
-358.03790 0.00000
-357.01760 0.00000
-360.90920 0.00000
-361.24170 0.00000
-358.46260 0.00000
-359.09580 0.00000
-360.91310 0.00000
-359.04560 0.00000
-359.81100 0.00000
-360.98450 0.00000
-362.15580 0.00000
-360.16670 0.00000
-357.74520 0.00000
-360.14800 0.00000
-359.77150 0.00000
-359.06560 0.00000
-359.90400 0.00000
-360.55640 0.00000
-359.81030 0.00000
-359.13050 0.00000
-361.13210 0.00000
-360.55240 0.00000
-362.21310 0.00000
-361.45730 0.00000
-362.67980 0.00000
-359.26170 0.00000
-361.09140 0.00000
-363.52470 0.00000
-358.38700 0.00000
-359.25990 0.00000
-359.95130 0.00000
-357.92190 0.00000
-359.14540 0.00000
-357.38760 0.00000
-361.84580 0.00000
-360.85030 0.00000
-359.48640 0.00000
-361.58200 0.00000
-359.95020 0.00000
-360.31720 0.00000
-360.11410 0.00000
-357.92750 0.00000
-361.64040 0.00000
-360.29830 0.00000
-358.76500 0.00000
