0.00
61.55
61.35
61.15
60.94
60.94
60.94
60.94
60.94
60.94
60.94
60.94
61.15
61.15
61.15
61.15
61.35
61.35
61.35
61.35
62.58
61.55
61.96
62.78
62.58
63.39
63.19
62.37
62.17
62.17
61.15
61.15
61.55
60.94
60.94
61.15
61.15
61.35
61.15
60.94
60.94
60.94
60.94
61.15
60.94
60.94
60.74
60.53
60.53
60.53
60.33
60.33
60.33
60.53
60.53
60.33
60.53
60.53
60.53
60.74
60.74
60.53
60.53
60.53
60.53
60.53
60.53
60.74
60.74
60.74
60.53
60.53
60.74
60.74
60.53
60.53
60.53
60.53
60.53
60.53
60.33
60.33
60.33
60.33
60.33
60.53
60.33
60.33
60.53
60.33
60.33
60.33
60.33
60.33
60.33
60.33
60.33
60.33
60.33
60.33
60.33
60.33
60.33
60.33
60.33
60.33
60.33
60.33
60.33
60.33
60.33
60.33
60.33
60.33
60.33
60.33
60.33
60.33
60.33
60.33
60.33
60.33
60.33
60.33
60.33
60.33
60.33
60.33
60.33
60.33
60.33
60.33
60.33
60.33
60.33
60.33
60.33
60.33
60.33
60.33
60.33
60.33
60.33
60.33
60.33
60.33
60.33
60.33
60.33
60.33
60.33
60.33
60.33
60.33
60.33
60.33
60.33
60.33
60.33
60.33
60.33
60.33
60.33
60.33
60.33
60.33
60.33
60.33
60.33
60.33
60.33
60.33
60.33
60.33
60.33
60.33
60.33
60.33
60.33
60.33
60.33
60.33
60.33
60.33
60.33
60.33
60.33
60.33
60.33
60.33
60.33
60.33
60.33
60.33
60.33
60.33
60.33
60.33
60.33
60.33
60.33
60.33
60.33
60.33
60.33
60.33
60.33
60.33
60.33
60.33
60.33
60.33
60.33
60.33
60.33
60.33
60.33
60.33
60.33
60.33
60.33
60.33
60.33
60.33
60.33
60.33
60.33
60.33
60.33
60.33
60.33
60.33
60.33
60.33
60.33
60.33
60.33
60.33
60.33
60.33
60.33
60.33
60.33
60.33
60.33
60.33
60.33
60.33
60.33
60.33
60.33
60.33
60.33
60.33
60.33
60.33
60.33
60.33
60.33
60.33
60.33
60.33
60.33
60.33
60.33
60.33
60.33
60.33
60.33
60.33
60.33
60.33
60.33
60.33
60.33
60.33
60.33
60.33
60.33
60.33
60.33
60.33
60.33
60.33
60.33
60.33
60.33
60.33
60.33
60.33
60.33
60.33
60.33
60.33
60.33
60.33
60.33
60.33
60.33
60.33
60.33
88.14
87.93
87.73
87.73
88.14
88.14
88.14
88.96
89.16
88.96
88.96
88.96
88.75
88.34
87.93
87.93
88.14
87.93
87.93
87.73
86.30
86.50
86.50
86.50
87.93
87.93
87.93
88.55
88.96
88.96
88.96
88.55
88.14
88.14
88.96
88.96
89.37
89.16
89.16
88.34
88.34
88.96
89.16
89.16
89.16
89.16
89.37
89.37
89.57
89.57
89.57
89.37
89.57
89.57
89.57
89.57
89.16
89.57
88.75
88.75
88.75
88.34
88.34
88.96
89.78
89.98
90.18
89.98
89.98
89.78
89.78
89.98
89.78
89.98
89.78
89.78
90.39
90.39
90.39
90.39
89.78
90.39
90.18
89.57
89.57
89.57
89.57
89.57
89.37
89.57
90.39
89.37
89.37
89.16
89.16
89.16
89.37
89.78
89.37
89.37
89.37
89.37
89.37
89.37
89.37
89.37
89.37
89.37
89.37
89.37
89.37
89.37
89.37
89.37
89.37
89.37
89.37
89.37
89.37
89.37
89.37
89.37
89.37
89.37
89.37
89.37
89.37
89.37
89.37
89.37
89.37
89.37
89.37
89.37
89.37
89.37
89.37
89.37
89.37
89.37
89.37
89.37
89.37
89.37
89.37
89.37
89.37
89.37
89.37
89.37
89.37
89.37
89.37
89.37
89.37
89.37
89.37
89.37
89.37
89.37
89.37
89.37
89.37
89.37
89.37
89.37
89.37
89.37
89.37
89.37
89.37
89.37
89.37
89.37
89.37
89.37
89.37
89.37
89.37
89.37
89.37
89.37
89.37
89.37
89.37
89.37
89.37
89.37
89.37
89.37
89.37
89.37
89.37
89.37
89.37
89.37
89.37
89.37
89.37
