0.00
39.67
39.67
39.67
39.67
39.67
39.67
39.67
39.67
39.67
39.67
39.67
39.67
39.67
39.67
39.67
39.67
39.67
39.67
39.67
39.67
39.67
39.67
39.67
39.88
39.67
39.88
40.08
40.08
41.10
42.13
49.69
42.13
48.26
57.67
54.81
65.03
64.83
66.26
73.42
74.85
78.94
82.21
82.21
83.84
84.87
85.07
85.69
83.64
83.64
81.39
82.62
83.03
83.64
82.62
83.84
87.12
87.12
86.50
83.64
79.35
86.30
86.30
86.09
88.75
85.89
85.69
83.64
83.64
83.23
87.73
86.71
80.57
78.94
85.07
86.50
89.16
88.96
91.82
92.02
90.18
90.39
90.39
90.39
89.57
89.37
90.18
90.39
90.39
89.78
89.16
86.91
86.50
89.37
88.96
86.50
86.91
87.53
88.75
89.37
91.00
60.33
60.33
60.33
60.33
60.33
60.33
60.33
60.33
60.33
60.33
60.33
60.33
60.33
60.33
60.33
60.33
60.33
60.33
60.33
60.33
60.33
60.33
60.33
60.33
60.33
60.33
60.33
60.33
60.33
60.33
60.33
60.33
60.33
60.33
60.33
60.33
60.33
60.33
60.33
60.33
60.33
60.33
60.33
60.33
60.33
60.33
60.33
60.33
60.33
60.33
60.33
60.33
60.33
60.33
60.33
60.33
60.33
60.33
60.33
60.33
60.33
60.33
60.33
60.33
60.33
60.33
60.33
60.33
60.33
60.33
60.33
60.33
60.33
60.33
60.33
60.33
60.33
60.33
60.33
60.33
60.53
60.53
60.53
60.33
60.33
60.33
60.53
60.53
60.53
60.53
60.53
60.53
60.53
60.53
60.53
60.53
60.74
60.53
60.53
60.74
60.74
60.74
60.74
60.74
60.74
60.74
60.74
60.74
60.74
60.74
60.74
60.74
60.74
60.74
60.74
60.74
60.74
60.74
60.74
60.74
60.74
60.74
60.74
60.74
60.74
60.74
60.74
60.33
60.33
60.33
60.33
60.33
60.33
60.33
60.33
60.33
60.33
60.33
60.33
60.33
60.33
60.33
60.33
60.33
60.33
60.33
60.33
60.53
60.74
60.74
60.74
60.33
60.33
60.33
60.33
60.33
60.33
60.33
60.33
60.33
60.33
60.33
60.33
60.33
60.53
61.15
60.94
60.94
60.53
60.53
60.53
60.53
61.15
60.53
60.53
60.74
60.74
60.53
60.53
60.74
60.94
60.74
60.74
60.74
60.53
60.33
60.74
60.53
60.53
60.53
60.53
60.53
60.53
60.74
60.33
60.33
60.33
60.33
60.53
60.53
60.53
60.53
60.53
60.53
60.53
60.53
60.53
60.53
60.53
60.53
60.53
60.53
60.53
60.53
60.53
60.53
60.53
60.53
60.53
60.53
60.53
60.53
60.53
60.53
60.53
60.53
60.53
60.53
60.53
60.53
60.53
60.53
60.53
60.53
60.53
60.53
60.53
60.53
60.53
60.53
60.53
60.53
60.53
60.53
60.53
60.53
60.53
60.53
60.53
60.53
60.53
60.53
60.53
60.53
60.53
60.53
60.53
60.53
60.53
60.53
60.53
60.53
60.53
60.53
60.53
60.53
60.53
60.53
60.53
60.53
60.53
60.53
60.53
60.53
60.53
60.53
60.53
60.53
60.53
60.53
60.53
60.53
60.53
60.53
60.53
60.53
60.53
60.53
60.53
60.53
60.53
60.53
60.53
60.53
60.53
60.53
60.53
60.53
60.53
60.53
60.33
60.33
60.33
60.33
60.33
60.33
60.33
60.33
60.33
60.33
60.33
60.33
60.33
60.33
60.33
60.33
60.33
60.33
60.33
60.33
60.33
60.33
60.33
60.33
60.33
60.33
60.33
60.33
60.33
60.33
60.33
60.33
60.33
60.33
60.33
60.33
60.33
60.33
60.33
60.33
60.33
60.33
60.33
60.33
60.33
60.33
60.33
60.33
60.33
60.33
60.33
60.33
60.33
60.33
60.33
60.33
60.33
60.33
60.33
60.33
60.33
60.33
60.33
60.33
60.33
60.33
60.33
60.33
60.33
60.33
60.33
60.33
60.33
60.33
60.33
60.33
60.33
60.33
60.33
60.33
60.33
60.33
60.33
60.33
60.33
60.33
60.33
60.33
60.33
60.33
60.33
60.33
60.33
60.33
60.33
60.33
60.33
60.33
60.33
