0.00
60.12
60.33
60.12
60.33
60.33
60.33
60.33
60.33
60.33
60.33
60.33
60.33
60.33
60.33
60.33
60.33
60.33
60.33
60.33
60.33
60.33
60.33
60.33
60.33
60.33
60.33
60.33
60.33
60.33
60.33
60.33
60.33
60.33
60.33
60.33
60.33
60.33
60.33
60.33
60.33
60.33
60.33
60.33
60.33
60.33
60.33
60.33
60.33
60.33
60.33
60.33
60.33
60.33
60.33
60.33
60.33
60.33
60.33
60.33
60.33
60.33
60.33
60.33
60.33
60.33
60.33
60.33
60.33
60.33
60.33
60.33
60.33
60.33
60.33
60.33
60.33
60.33
60.33
60.33
60.33
60.33
60.33
60.33
60.33
60.33
60.33
60.33
60.33
60.33
60.33
60.33
60.33
60.33
60.33
60.33
60.33
60.33
60.33
60.33
60.33
60.33
60.33
60.33
60.33
60.33
60.33
60.33
60.33
60.33
60.33
60.33
60.33
60.33
60.33
60.33
60.33
60.33
60.33
60.33
60.33
60.33
60.33
60.33
60.33
60.33
60.33
60.33
60.33
60.33
60.33
60.33
60.33
60.33
60.33
60.33
60.33
60.33
60.33
60.33
60.33
60.33
60.33
60.33
60.33
60.33
60.33
60.33
60.33
60.33
60.33
60.33
60.33
60.33
60.33
60.33
60.33
60.33
60.33
60.33
60.33
60.33
60.33
60.33
60.33
60.33
60.33
60.33
60.33
60.33
60.33
60.33
60.33
60.33
60.33
60.33
60.33
60.33
60.33
60.33
60.33
60.33
60.33
60.33
60.33
60.33
60.33
60.33
60.33
60.33
60.33
60.33
60.33
60.33
60.33
60.33
60.33
60.33
60.33
60.33
60.33
66.87
68.10
68.10
67.28
68.71
67.48
65.03
65.03
63.80
63.80
65.24
65.44
62.99
61.76
60.74
60.94
60.74
60.53
60.53
60.94
60.94
60.94
60.94
60.94
60.94
60.94
60.94
61.15
61.15
60.94
60.94
61.35
61.15
61.76
61.96
61.96
62.99
62.58
61.35
62.17
62.37
61.15
61.15
61.15
61.35
61.55
61.76
64.21
64.21
64.01
61.96
62.99
63.19
62.99
63.60
64.83
64.01
64.01
64.21
64.21
64.42
64.62
65.24
70.14
75.05
77.30
77.30
77.30
78.94
80.16
80.16
82.00
82.41
83.23
84.25
83.23
82.41
84.66
84.66
85.69
85.69
85.69
85.69
85.69
84.87
84.66
84.46
83.23
84.87
84.46
84.66
84.87
85.07
85.48
85.69
85.69
85.69
86.30
87.32
87.32
87.32
87.32
87.32
87.32
87.32
87.32
87.32
87.32
87.32
87.32
87.32
87.32
87.32
87.32
87.32
87.32
87.32
87.32
87.32
87.32
87.32
87.32
87.32
87.32
87.32
87.32
87.32
87.32
87.32
87.32
87.32
87.32
87.32
87.32
87.32
87.32
87.32
87.32
87.32
87.32
87.32
87.32
87.32
87.32
87.32
87.32
87.32
87.32
87.32
87.32
87.32
87.32
87.32
87.32
87.32
87.32
87.32
87.32
87.32
87.32
87.32
87.32
87.32
87.32
87.32
87.32
87.32
87.32
87.32
87.32
87.32
87.32
87.32
87.32
87.32
87.32
87.32
87.32
87.32
87.32
87.32
87.32
87.32
87.32
87.32
87.32
87.32
87.32
87.32
87.32
87.32
87.32
87.32
87.32
87.32
87.32
87.32
87.32
87.32
87.32
87.32
87.32
87.32
87.32
87.32
87.32
87.32
87.32
87.32
87.32
87.32
87.32
87.32
87.32
87.32
87.32
87.32
87.32
87.32
87.32
87.32
87.32
87.32
87.32
87.32
87.32
87.32
87.32
87.32
87.32
87.32
87.32
87.32
87.32
87.32
87.32
87.32
87.32
87.32
87.32
87.32
87.32
87.32
87.32
87.32
87.32
87.32
87.32
87.32
87.32
87.32
87.32
87.32
87.32
87.32
87.32
87.32
87.32
87.32
87.32
87.32
87.32
87.32
87.32
87.32
87.32
87.32
87.32
87.32
87.32
87.32
87.32
87.32
87.32
87.32
87.32
87.32
87.32
87.32
87.32
87.32
87.32
87.32
87.32
87.32
87.32
87.32
87.32
87.32
87.32
87.32
87.32
87.32
87.32
87.32
87.32
87.32
87.32
87.32
