0.00
60.33
60.33
60.33
60.33
60.33
60.33
60.33
60.33
60.33
60.33
60.33
60.33
60.33
60.33
60.33
60.33
60.33
60.33
60.33
60.33
60.33
60.33
60.33
60.33
60.33
60.33
60.33
60.33
60.33
60.33
60.33
60.33
60.33
60.33
60.33
60.33
60.33
60.33
60.33
60.33
60.33
60.33
60.33
60.33
60.33
60.33
60.33
60.33
60.33
60.33
60.33
60.33
60.33
60.33
60.33
60.33
60.33
60.33
60.33
60.33
60.33
60.33
60.33
60.33
60.33
60.33
60.33
60.33
60.33
60.33
60.33
60.33
60.33
60.33
60.33
60.33
60.33
60.33
60.33
60.33
60.33
60.33
60.33
60.33
60.33
60.33
60.33
60.33
60.33
60.33
60.33
60.33
60.33
60.33
60.33
60.33
60.33
60.33
60.33
60.33
60.94
60.74
60.74
61.35
63.80
65.03
69.53
68.10
67.48
70.55
70.76
70.76
68.51
67.08
67.08
67.08
66.67
70.14
67.89
68.92
71.78
69.53
66.05
67.89
69.53
68.71
73.21
72.39
69.73
66.46
67.69
65.44
62.58
62.58
66.05
67.69
65.85
63.80
61.15
62.17
65.24
64.21
64.21
63.60
64.21
65.24
66.87
66.87
67.28
65.85
65.85
65.24
64.42
68.10
64.83
63.60
65.03
68.10
66.26
66.67
69.33
66.26
67.08
69.53
70.55
71.98
70.55
71.17
70.35
69.73
71.17
70.55
72.60
70.96
70.96
70.96
73.62
73.01
74.23
75.05
72.80
75.46
75.87
75.46
74.85
71.78
71.78
66.46
67.48
69.12
69.33
70.35
70.55
70.96
70.14
66.67
64.83
64.62
65.64
68.92
68.92
68.92
68.92
68.92
68.92
68.92
68.92
68.92
68.92
68.92
68.92
68.92
68.92
68.92
68.92
68.92
68.92
68.92
68.92
68.92
68.92
68.92
68.92
68.92
68.92
68.92
68.92
68.92
68.92
68.92
68.92
68.92
68.92
68.92
68.92
68.92
68.92
68.92
68.92
68.92
68.92
68.92
68.92
68.92
68.92
68.92
68.92
68.92
68.92
68.92
24.54
25.36
26.99
29.24
29.24
26.58
26.58
27.20
28.43
30.06
28.63
28.63
28.63
28.63
28.63
25.77
25.56
26.18
26.18
25.36
28.43
28.43
28.63
27.61
27.61
30.47
30.47
30.47
26.58
25.15
25.15
24.95
25.36
23.72
24.34
24.95
24.74
24.54
24.54
24.54
24.54
25.56
25.56
29.24
26.58
26.58
24.34
24.54
23.52
24.74
24.74
24.74
24.74
24.74
24.74
24.74
24.74
24.74
24.74
24.74
24.74
24.74
24.74
24.74
24.74
24.74
24.74
24.74
24.74
24.74
24.74
24.74
24.74
24.74
24.74
24.74
24.74
24.74
24.74
24.74
24.74
24.74
24.74
24.74
24.74
24.74
24.74
24.74
24.74
24.74
24.74
24.74
24.74
24.74
24.74
24.74
24.74
24.74
24.74
24.74
24.74
24.74
24.74
24.74
24.74
24.74
24.74
24.74
24.74
24.74
24.74
24.74
24.74
24.74
24.74
24.74
24.74
24.74
24.74
24.74
24.74
24.74
24.74
24.74
24.74
24.74
24.74
24.74
24.74
24.74
24.74
24.74
24.74
24.74
24.74
24.74
24.74
24.74
24.74
24.74
24.74
24.74
24.74
24.74
24.74
24.74
24.74
24.74
24.74
24.74
24.74
24.74
24.74
24.74
24.74
24.74
24.74
24.74
24.74
24.74
24.74
24.74
24.74
24.74
24.74
24.74
24.74
24.74
24.74
24.74
24.74
24.74
24.74
24.74
24.74
24.74
24.74
24.74
24.74
24.74
24.74
24.74
24.74
24.74
24.74
24.74
24.74
24.74
24.74
24.74
24.74
24.74
24.74
24.74
24.74
24.74
24.74
24.74
24.74
24.74
24.74
24.74
24.74
24.74
24.74
24.74
24.74
24.74
24.74
24.74
24.74
24.74
24.74
24.74
24.74
24.74
24.74
24.74
24.74
24.74
24.74
24.74
24.74
24.74
24.74
24.74
24.74
24.74
24.74
24.74
24.74
24.74
24.74
24.74
24.74
24.74
24.74
24.74
24.74
24.74
24.74
24.74
24.74
24.74
24.74
24.74
24.74
24.74
24.74
