0.00
39.67
39.67
39.67
39.88
39.88
39.88
39.88
39.88
40.08
40.29
40.49
41.31
41.10
51.53
59.10
62.58
67.28
59.92
59.92
61.55
67.89
70.55
78.73
83.84
84.46
81.39
79.75
82.21
86.09
86.91
83.44
86.50
86.30
84.25
84.25
84.66
84.87
84.66
82.21
80.16
81.60
83.03
83.23
82.62
84.46
81.80
79.14
78.53
78.53
76.89
73.82
73.82
73.82
73.82
73.01
73.01
73.01
73.01
73.01
73.01
71.17
71.98
71.98
71.57
71.98
69.94
77.30
76.07
77.91
77.91
79.55
79.55
76.48
76.89
74.44
75.05
78.73
78.73
79.55
78.73
74.64
74.64
77.30
78.53
81.80
77.91
74.44
74.44
71.57
65.85
65.64
65.64
65.64
65.03
61.15
60.94
60.94
61.96
61.35
60.53
60.53
60.53
60.53
60.53
60.53
60.53
60.53
60.53
60.53
60.53
60.53
60.53
60.53
60.53
60.53
60.53
60.53
60.53
60.53
60.53
60.53
60.53
60.53
60.53
60.53
60.53
60.53
60.53
60.53
60.53
60.53
60.53
60.53
60.53
60.53
60.53
60.53
60.53
60.53
60.53
60.53
60.53
60.53
60.53
60.53
60.53
60.53
60.53
60.53
60.53
60.53
60.53
60.53
60.53
60.53
60.53
60.53
60.53
60.53
60.53
60.53
60.53
60.53
60.53
60.53
60.53
60.53
60.53
60.53
60.53
60.53
60.53
60.53
60.53
60.53
60.53
60.53
60.53
60.53
60.53
60.53
60.53
60.53
60.53
60.53
60.53
60.53
60.53
60.53
60.53
60.53
60.53
60.53
60.53
60.53
60.53
60.53
60.53
60.53
60.53
60.33
60.33
60.33
60.33
60.33
60.33
60.33
60.33
60.33
60.33
60.33
60.33
60.33
60.33
60.33
60.33
60.33
60.33
60.33
60.33
60.33
60.33
60.33
60.33
60.33
60.33
60.33
60.33
60.33
60.33
60.33
60.33
60.33
60.33
60.33
60.33
60.33
60.33
60.33
60.33
60.33
60.33
60.33
60.33
60.33
60.33
60.33
60.33
60.33
60.33
60.33
60.33
60.33
60.33
60.33
60.33
60.33
60.33
60.33
60.33
60.33
60.33
60.33
60.33
60.33
60.33
60.33
60.33
60.33
60.33
60.33
60.33
60.33
60.33
60.33
60.33
60.33
60.33
60.33
60.33
60.33
60.33
60.33
60.33
60.33
60.33
60.33
60.33
60.33
60.33
60.33
60.33
60.33
60.33
60.33
60.33
60.33
60.33
60.33
60.33
60.33
60.33
60.33
60.33
60.33
60.33
60.33
60.33
60.33
60.33
60.33
60.33
60.33
60.33
60.33
60.33
60.33
60.33
60.33
60.33
60.33
60.33
60.33
60.33
60.33
60.33
60.33
60.33
60.33
60.33
60.33
60.33
60.33
60.33
60.33
60.33
60.33
60.33
60.33
60.33
60.33
60.33
60.33
60.33
60.33
60.33
60.33
60.33
60.33
60.33
60.33
60.33
60.33
60.33
60.33
60.33
60.33
60.33
60.33
60.33
60.33
60.33
60.33
60.33
60.33
60.33
60.33
60.33
60.33
60.33
60.33
60.33
60.33
60.33
60.33
60.33
60.33
60.33
60.33
60.33
60.33
60.33
60.33
60.33
60.33
60.33
60.33
60.33
60.33
60.33
60.33
60.33
60.33
60.33
60.33
60.33
60.33
60.33
60.33
60.33
66.46
65.85
67.69
67.69
68.51
67.48
68.51
68.51
68.51
68.51
67.69
66.46
65.64
66.05
66.46
67.28
66.87
69.12
69.33
70.76
71.98
71.98
71.98
71.98
71.98
71.98
71.78
71.78
72.19
71.98
72.39
72.39
72.39
73.42
73.01
73.62
73.42
73.42
73.01
72.80
72.60
73.82
73.82
75.05
74.44
77.71
77.71
77.91
80.37
78.94
78.32
78.53
78.53
78.53
75.26
75.87
75.66
77.10
75.66
74.85
75.46
73.82
72.19
74.64
75.87
75.05
75.87
76.48
78.32
76.69
76.69
76.69
81.39
82.62
81.60
81.19
81.19
79.14
78.12
77.30
77.30
80.16
81.39
80.78
78.73
79.75
79.75
80.78
80.16
79.35
79.35
80.16
77.71
80.57
77.10
76.48
73.42
72.60
71.98
