0.00
39.67
39.67
39.67
39.67
39.67
39.67
39.67
39.67
39.67
39.67
39.67
39.67
39.67
39.67
39.67
39.67
39.67
39.67
39.67
39.67
39.67
39.67
39.67
39.67
39.67
39.67
39.67
39.67
39.67
39.67
39.67
39.67
39.67
39.67
39.67
39.67
39.67
39.67
39.67
39.67
39.67
39.67
39.67
39.67
39.67
39.67
39.67
39.67
39.67
39.67
39.67
39.67
39.67
39.67
39.67
39.67
39.67
39.67
39.67
39.67
39.67
39.67
39.67
39.67
39.67
39.67
39.67
39.67
39.67
39.67
39.67
39.67
39.67
39.67
39.67
39.67
39.67
39.67
39.67
39.67
39.67
39.67
39.67
39.67
39.67
39.67
39.67
39.67
39.67
39.67
39.67
39.67
39.67
39.67
39.67
39.67
39.67
39.67
39.67
39.67
60.33
60.33
60.33
60.33
60.33
60.33
60.33
60.33
60.33
60.33
60.33
60.33
60.33
60.33
60.33
60.33
60.33
60.33
60.33
60.33
60.33
60.33
60.33
60.33
60.33
60.33
60.33
60.33
60.33
60.33
60.33
60.33
60.33
60.33
60.33
60.33
60.33
60.33
60.33
60.33
60.33
60.33
60.33
60.33
60.33
60.33
60.33
60.33
60.33
60.33
60.33
60.33
60.33
60.33
60.33
60.33
60.33
60.33
60.33
60.33
60.33
60.33
60.33
60.33
60.33
60.33
60.33
60.33
60.33
60.33
60.33
60.33
60.33
60.33
60.33
60.33
60.33
60.33
60.33
60.33
60.33
60.33
60.33
60.33
60.33
60.33
60.33
60.33
60.33
60.33
60.33
60.33
60.33
60.33
60.33
60.33
60.33
60.33
60.33
60.33
60.33
60.33
60.33
60.33
60.33
60.33
60.33
60.33
60.33
60.33
60.33
60.33
60.33
60.33
60.33
60.33
60.33
60.33
60.33
60.33
60.33
60.33
60.33
60.33
60.33
60.33
60.33
60.33
60.33
60.33
60.33
60.33
60.33
60.33
60.33
60.33
60.33
60.33
60.33
60.33
60.33
60.33
60.33
60.33
60.33
60.33
60.33
60.33
60.33
60.33
60.33
91.62
92.84
92.84
93.05
93.05
93.87
93.25
93.25
93.25
92.84
93.05
93.05
94.07
94.27
94.07
94.07
94.27
94.27
94.27
94.27
95.09
95.09
94.89
94.07
94.48
94.07
94.27
94.89
95.50
95.50
95.30
95.50
95.30
94.48
94.48
94.27
94.27
94.27
93.66
94.07
94.27
94.48
94.27
94.27
94.27
94.48
94.27
94.68
94.89
61.76
61.76
61.15
61.15
61.15
61.15
61.35
61.55
62.17
62.17
61.55
61.96
61.55
61.55
62.99
61.96
61.96
61.35
61.55
61.15
60.74
60.74
60.94
60.94
60.74
60.74
60.74
60.74
60.94
61.15
61.15
60.94
60.53
60.53
60.94
60.94
60.94
60.74
60.74
60.94
60.94
60.94
60.94
60.94
60.94
60.94
60.94
60.74
60.74
60.74
60.74
60.53
60.53
60.53
60.53
60.53
60.74
60.94
60.74
60.74
60.74
60.74
60.74
60.74
60.74
60.74
60.94
60.74
60.74
60.74
60.53
60.53
60.74
60.74
60.74
60.74
60.74
60.74
60.74
60.74
60.74
60.74
60.74
60.74
60.94
61.55
61.35
61.55
61.35
61.76
61.76
61.96
62.58
61.76
61.55
63.19
63.60
65.85
66.46
66.05
66.05
66.05
66.05
66.05
66.05
66.05
66.05
66.05
66.05
66.05
66.05
66.05
66.05
66.05
66.05
66.05
66.05
66.05
66.05
66.05
66.05
66.05
66.05
66.05
66.05
66.05
66.05
66.05
66.05
66.05
66.05
66.05
66.05
66.05
66.05
66.05
66.05
66.05
66.05
66.05
66.05
66.05
66.05
66.05
66.05
66.05
66.05
66.05
66.05
66.05
66.05
66.05
66.05
66.05
66.05
66.05
66.05
66.05
66.05
66.05
66.05
66.05
66.05
66.05
66.05
66.05
66.05
66.05
66.05
66.05
66.05
66.05
66.05
66.05
66.05
66.05
66.05
66.05
66.05
66.05
66.05
66.05
66.05
66.05
66.05
66.05
66.05
66.05
66.05
66.05
66.05
66.05
66.05
66.05
66.05
66.05
66.05
66.05
66.05
