0.00
60.33
60.33
60.33
60.33
60.33
60.33
60.33
60.33
60.33
60.33
60.33
60.33
60.33
60.33
60.33
60.33
60.33
60.33
60.33
60.33
60.33
60.33
60.33
60.33
60.33
60.33
60.33
60.33
60.33
60.33
60.33
60.33
60.33
60.33
60.33
60.33
60.33
60.33
60.33
60.33
60.33
60.33
60.33
60.33
60.33
60.33
60.33
60.33
60.33
60.33
60.33
60.33
60.33
60.33
60.33
60.33
60.33
60.33
60.33
60.33
60.33
60.33
60.33
60.33
60.33
60.33
60.33
60.33
60.33
60.33
60.33
60.33
60.33
60.33
60.33
60.33
60.33
60.33
60.33
60.33
60.33
60.33
60.33
60.33
60.33
60.33
60.33
60.33
60.33
60.33
60.33
60.33
60.33
60.33
60.33
60.33
60.33
60.33
60.33
60.33
60.33
60.33
60.33
60.33
60.33
60.33
60.33
60.33
60.33
60.33
60.33
60.33
60.33
60.33
60.33
60.33
60.33
60.33
60.33
60.33
60.33
60.33
60.33
60.33
60.33
60.33
60.33
60.33
60.33
60.33
60.33
60.33
60.33
60.33
60.33
60.33
60.33
60.33
60.33
60.33
60.33
60.33
60.33
60.33
60.33
60.33
60.33
60.33
60.33
60.33
60.33
60.33
60.33
60.33
60.33
60.33
60.33
60.33
60.33
60.33
60.33
60.33
60.33
60.33
60.33
60.33
60.33
60.33
60.33
60.33
60.33
60.33
60.33
60.33
60.33
60.33
60.33
60.33
60.33
60.33
60.33
60.33
60.33
60.33
60.33
60.33
60.33
60.33
60.33
60.33
60.33
60.33
60.33
60.33
60.33
89.98
89.16
89.78
90.59
91.62
60.74
60.53
60.53
60.53
60.74
60.74
60.53
60.53
60.53
60.53
60.53
60.53
60.53
60.53
60.53
60.53
60.53
60.33
60.53
60.53
60.53
60.53
60.53
60.53
60.53
60.53
60.53
60.53
60.53
60.53
60.53
60.53
60.53
60.53
60.53
60.53
60.53
60.53
60.53
60.53
60.53
60.53
60.53
60.53
60.53
60.53
60.53
60.74
60.94
62.37
61.15
60.74
60.74
60.53
60.53
60.53
60.53
60.53
60.53
60.53
60.53
60.53
60.53
60.53
60.53
60.74
60.74
60.74
60.74
60.74
60.53
60.53
60.74
60.74
60.53
60.74
60.74
60.74
61.76
62.78
63.19
63.60
63.19
63.39
63.39
62.58
62.78
63.80
63.80
63.80
63.80
63.60
64.83
62.99
62.99
63.19
63.60
62.99
62.99
62.99
62.99
62.99
62.99
62.99
62.99
62.99
62.99
62.99
62.99
62.99
62.99
62.99
62.99
62.99
62.99
62.99
62.99
62.99
62.99
62.99
62.99
62.99
62.99
62.99
62.99
62.99
62.99
62.99
62.99
62.99
62.99
62.99
62.99
62.99
62.99
62.99
62.99
62.99
62.99
62.99
62.99
62.99
62.99
62.99
62.99
62.99
62.99
62.99
62.99
62.99
62.99
62.99
62.99
62.99
62.99
62.99
62.99
62.99
62.99
62.99
62.99
62.99
62.99
62.99
62.99
62.99
62.99
62.99
62.99
62.99
62.99
62.99
62.99
62.99
62.99
62.99
62.99
62.99
62.99
62.99
62.99
62.99
62.99
62.99
62.99
62.99
62.99
62.99
62.99
62.99
62.99
62.99
62.99
62.99
62.99
62.99
62.99
62.99
62.99
62.99
62.99
62.99
62.99
62.99
62.99
62.99
62.99
62.99
62.99
62.99
62.99
62.99
62.99
62.99
62.99
62.99
62.99
62.99
62.99
62.99
62.99
62.99
62.99
62.99
62.99
62.99
62.99
62.99
62.99
62.99
62.99
62.99
62.99
62.99
62.99
62.99
62.99
62.99
62.99
62.99
62.99
62.99
62.99
62.99
62.99
62.99
62.99
62.99
62.99
62.99
62.99
62.99
62.99
62.99
62.99
62.99
62.99
62.99
62.99
62.99
62.99
62.99
62.99
62.99
62.99
62.99
62.99
62.99
62.99
62.99
62.99
62.99
62.99
62.99
62.99
62.99
62.99
62.99
62.99
62.99
62.99
62.99
62.99
62.99
62.99
62.99
62.99
62.99
62.99
62.99
62.99
62.99
62.99
62.99
62.99
62.99
62.99
62.99
62.99
