0.00
66.67
64.21
65.03
63.19
63.19
62.58
62.17
62.17
60.74
60.33
60.33
60.33
60.33
60.33
60.33
60.33
60.33
60.74
60.33
60.33
60.33
60.33
60.33
60.33
60.33
60.33
60.33
60.33
60.33
60.33
60.33
60.33
60.33
60.33
60.33
60.33
60.33
60.33
60.33
60.33
60.33
60.33
60.33
60.33
60.33
60.33
60.33
60.33
60.33
60.33
60.33
60.33
60.33
60.33
60.33
60.33
60.33
60.33
60.33
60.33
60.33
60.33
60.33
60.33
60.33
60.33
60.33
60.33
60.33
60.33
60.33
60.33
60.33
60.33
60.33
60.33
60.33
60.33
60.33
60.33
60.33
60.33
60.33
60.33
60.33
60.33
60.33
60.53
60.53
60.33
60.33
60.33
60.33
60.33
60.33
60.33
60.33
60.53
60.53
60.53
60.53
60.53
60.53
60.53
60.53
60.53
60.53
60.53
60.53
60.53
60.53
60.53
60.53
60.53
60.53
60.53
60.53
60.53
60.53
60.53
60.53
60.53
60.53
60.53
60.53
60.53
60.53
60.53
60.53
60.53
60.53
60.53
60.53
60.53
60.53
60.53
60.53
60.53
60.53
60.53
60.53
60.53
60.53
60.53
60.53
60.53
60.53
60.53
60.53
60.53
60.53
60.53
60.53
60.53
60.53
60.53
60.53
60.53
60.53
60.53
60.53
60.53
60.53
60.53
60.53
60.53
60.53
60.53
60.53
60.53
60.53
60.53
60.53
60.53
60.53
60.53
60.53
60.53
60.53
60.53
60.53
60.53
60.53
60.53
60.53
60.53
60.53
60.53
60.53
60.53
60.53
60.53
60.53
60.53
60.53
60.53
60.53
60.53
60.53
60.53
60.53
60.53
60.53
60.53
60.53
60.53
60.53
60.53
60.53
60.53
60.53
60.53
60.53
60.53
60.53
60.53
60.53
60.53
60.53
60.53
60.53
60.53
60.53
60.53
60.53
60.53
60.53
60.53
60.53
60.53
60.53
60.53
60.53
60.53
60.53
60.53
60.53
60.53
60.53
60.53
60.53
60.53
60.53
60.53
60.53
60.53
60.53
60.53
60.53
60.53
68.71
67.48
66.05
66.05
66.05
66.05
61.76
64.83
64.62
61.35
61.15
61.55
61.76
66.67
69.73
73.62
71.17
68.92
71.98
72.19
70.55
70.55
70.55
69.33
69.33
67.89
68.92
71.37
74.23
78.53
78.53
80.78
79.35
84.25
85.28
81.39
80.16
82.82
86.91
87.32
83.23
81.19
81.19
79.96
79.96
78.32
78.32
77.71
77.71
77.91
77.91
76.89
74.64
74.64
75.46
75.46
74.85
74.85
74.85
71.37
68.51
74.23
74.03
71.98
73.42
71.57
72.19
68.92
68.92
67.89
64.83
65.64
66.26
68.30
67.89
67.89
67.89
67.89
69.73
71.37
71.78
67.69
67.69
67.69
70.55
71.98
71.98
71.78
71.37
69.33
69.33
67.48
69.94
69.94
70.96
68.51
66.26
63.39
63.80
64.62
63.39
62.78
64.01
66.67
65.85
65.85
68.10
69.53
66.05
64.01
64.01
65.64
65.03
65.64
70.96
70.96
73.21
71.78
70.55
68.51
64.83
66.67
68.30
68.30
67.48
70.35
71.17
65.85
65.85
67.89
66.46
69.94
68.92
68.92
69.33
70.14
69.53
71.78
71.98
71.98
72.39
72.80
72.60
69.94
69.53
70.76
72.80
76.48
75.05
75.26
74.64
76.48
79.14
79.14
79.14
78.73
77.51
79.35
79.96
81.80
80.37
79.96
80.98
80.16
80.16
79.35
79.75
79.75
79.35
79.35
79.35
79.55
78.73
78.53
78.53
78.53
78.32
78.32
78.53
78.53
78.32
78.94
80.37
80.98
81.19
81.19
81.80
81.39
82.00
82.62
81.60
82.82
82.62
83.03
82.82
83.44
83.44
84.66
85.07
83.84
83.84
84.46
84.87
84.87
83.23
81.80
81.39
82.00
81.39
81.60
80.57
80.16
80.16
79.75
80.98
80.98
79.14
80.16
80.57
79.96
79.96
80.57
80.57
80.98
81.19
81.60
81.80
80.98
80.98
80.98
81.80
82.41
82.00
82.21
81.80
82.00
82.82
84.05
85.07
85.07
85.89
86.30
85.89
86.71
86.71
87.12
85.89
85.89
83.84
