0.00
39.67
39.67
39.67
39.67
39.67
39.67
39.67
39.67
39.67
39.67
39.67
39.67
39.67
39.67
39.67
39.67
39.67
39.67
39.67
39.67
39.67
39.67
39.67
39.67
39.67
39.67
39.67
39.67
39.26
39.06
39.06
39.06
39.26
38.85
38.85
38.85
39.06
39.06
38.65
37.83
37.83
38.45
38.04
37.01
37.01
37.01
35.38
32.92
32.11
32.11
30.27
30.27
32.72
32.72
32.11
32.11
32.11
32.11
32.11
32.11
29.65
29.65
29.65
29.24
30.06
29.65
32.31
32.72
32.72
32.72
32.52
32.52
32.52
32.52
32.31
32.52
32.52
31.90
32.72
32.72
30.67
30.67
31.49
32.11
32.11
29.04
28.02
28.02
27.40
24.54
23.52
23.52
25.77
24.95
22.90
24.13
25.56
27.20
26.99
26.38
63.19
63.19
62.17
62.17
63.39
63.39
66.26
63.19
65.24
65.03
65.03
65.44
67.28
65.85
67.48
68.92
68.71
71.37
71.37
72.60
77.10
75.05
74.64
73.01
72.80
74.23
76.69
76.48
74.64
73.62
73.42
68.92
66.87
63.80
63.80
62.99
62.17
60.33
60.33
60.33
60.33
60.33
61.15
60.53
60.33
61.55
61.96
61.76
61.96
61.96
63.60
64.62
64.83
67.28
64.21
61.76
61.96
64.62
62.78
62.78
65.44
62.58
62.78
63.80
66.87
66.87
66.67
67.89
65.85
65.24
66.46
69.33
69.33
71.37
76.48
75.87
75.87
75.26
75.26
75.26
74.85
76.69
77.71
76.07
74.64
74.23
73.82
72.39
72.39
72.80
72.80
71.37
70.35
70.55
71.57
71.57
70.14
68.30
69.12
70.96
70.96
70.96
70.96
70.96
70.96
70.96
70.96
70.96
70.96
70.96
70.96
70.96
70.96
70.96
70.96
70.96
70.96
70.96
70.96
70.96
70.96
70.96
70.96
70.96
70.96
70.96
70.96
70.96
70.96
70.96
70.96
70.96
70.96
70.96
70.96
70.96
70.96
70.96
70.96
70.96
70.96
70.96
70.96
70.96
70.96
70.96
70.96
70.96
70.96
70.96
39.67
39.67
39.67
39.47
39.47
39.47
39.47
39.47
39.47
39.26
38.65
38.65
39.06
39.26
39.26
39.26
39.06
39.06
38.65
39.06
38.24
38.24
38.65
38.04
37.83
38.04
37.63
37.63
37.63
38.24
38.24
38.24
37.42
37.42
36.81
36.40
36.61
37.01
37.01
36.61
36.61
36.61
36.61
36.20
35.58
35.58
35.58
35.58
35.58
36.61
60.33
60.33
60.33
60.33
60.33
60.33
60.33
60.33
60.33
60.33
60.33
60.53
60.53
60.33
60.33
60.33
60.53
60.33
60.33
60.33
60.33
60.33
60.33
60.33
60.33
60.33
60.33
60.94
61.55
61.55
61.76
60.74
60.74
60.74
60.74
60.74
60.74
60.74
60.74
60.74
61.35
61.96
62.17
62.17
62.17
62.17
61.96
61.96
61.76
61.55
60.74
60.94
60.94
61.55
61.55
61.55
61.35
61.35
61.35
61.35
61.35
61.35
60.94
60.94
62.58
62.99
62.99
62.99
62.78
62.78
62.78
64.01
64.01
64.01
64.21
64.62
64.62
63.19
63.60
63.60
64.21
65.24
64.62
64.62
64.62
68.30
68.30
67.08
67.08
67.89
69.73
69.73
69.73
69.73
68.30
69.94
70.14
73.42
73.42
74.23
74.23
74.23
74.23
74.23
74.23
74.23
74.23
74.23
74.23
74.23
74.23
74.23
74.23
74.23
74.23
74.23
74.23
74.23
74.23
74.23
74.23
74.23
74.23
74.23
74.23
74.23
74.23
74.23
74.23
74.23
74.23
74.23
74.23
74.23
74.23
74.23
74.23
74.23
74.23
74.23
74.23
74.23
74.23
74.23
74.23
74.23
74.23
74.23
74.23
74.23
74.23
74.23
74.23
74.23
74.23
74.23
74.23
74.23
74.23
74.23
74.23
74.23
74.23
74.23
74.23
74.23
74.23
74.23
74.23
74.23
74.23
74.23
74.23
74.23
74.23
74.23
74.23
74.23
74.23
74.23
74.23
74.23
74.23
74.23
74.23
74.23
74.23
74.23
74.23
74.23
74.23
74.23
74.23
74.23
74.23
74.23
74.23
74.23
74.23
