0.00
0.63
0.63
0.63
0.63
0.63
0.63
0.63
0.63
0.63
0.63
0.63
0.63
0.63
0.63
0.63
0.63
0.63
0.63
0.63
0.63
0.63
0.63
0.63
0.63
0.63
0.63
0.63
0.63
0.63
0.63
0.63
0.63
0.63
0.63
0.63
0.63
0.63
0.63
0.63
0.63
0.63
0.63
0.63
0.63
0.63
0.63
0.63
0.63
0.63
0.63
0.63
0.63
0.63
0.63
0.63
0.63
0.63
0.63
0.63
0.63
0.63
0.63
0.63
0.63
0.63
0.63
0.63
0.63
0.63
0.63
0.63
0.63
0.63
0.63
0.63
0.63
0.63
0.63
0.63
0.63
0.63
0.63
0.63
0.63
0.63
0.63
0.63
0.63
0.63
0.63
0.63
0.63
0.63
0.63
0.63
0.63
0.63
0.63
0.63
0.63
0.62
0.63
0.63
0.62
0.60
0.59
0.55
0.56
0.57
0.54
0.54
0.54
0.56
0.57
0.57
0.57
0.58
0.55
0.57
0.56
0.53
0.55
0.58
0.57
0.55
0.56
0.52
0.53
0.55
0.58
0.57
0.59
0.61
0.61
0.58
0.57
0.58
0.60
0.62
0.62
0.59
0.60
0.60
0.60
0.60
0.59
0.58
0.58
0.57
0.58
0.58
0.59
0.60
0.56
0.59
0.60
0.59
0.56
0.58
0.58
0.55
0.58
0.57
0.55
0.54
0.53
0.54
0.54
0.54
0.55
0.54
0.54
0.52
0.54
0.54
0.54
0.51
0.52
0.51
0.50
0.52
0.50
0.49
0.50
0.50
0.53
0.53
0.58
0.57
0.56
0.55
0.54
0.54
0.54
0.55
0.58
0.59
0.59
0.59
0.56
0.56
0.56
0.56
0.56
0.56
0.56
0.56
0.56
0.56
0.56
0.56
0.56
0.56
0.56
0.56
0.56
0.56
0.56
0.56
0.56
0.56
0.56
0.56
0.56
0.56
0.56
0.56
0.56
0.56
0.56
0.56
0.56
0.56
0.56
0.56
0.56
0.56
0.56
0.56
0.56
0.56
0.56
0.56
0.56
0.56
0.56
0.56
0.56
0.56
0.56
0.87
0.86
0.85
0.84
0.84
0.86
0.86
0.85
0.85
0.84
0.84
0.84
0.84
0.84
0.84
0.86
0.86
0.86
0.86
0.86
0.85
0.85
0.84
0.85
0.85
0.83
0.83
0.83
0.86
0.87
0.87
0.87
0.86
0.87
0.87
0.87
0.87
0.87
0.87
0.87
0.87
0.86
0.86
0.84
0.86
0.86
0.87
0.87
0.87
0.87
0.87
0.87
0.87
0.87
0.87
0.87
0.87
0.87
0.87
0.87
0.87
0.87
0.87
0.87
0.87
0.87
0.87
0.87
0.87
0.87
0.87
0.87
0.87
0.87
0.87
0.87
0.87
0.87
0.87
0.87
0.87
0.87
0.87
0.87
0.87
0.87
0.87
0.87
0.87
0.87
0.87
0.87
0.87
0.87
0.87
0.87
0.87
0.87
0.87
0.87
0.87
0.87
0.87
0.87
0.87
0.87
0.87
0.87
0.87
0.87
0.87
0.87
0.87
0.87
0.87
0.87
0.87
0.87
0.87
0.87
0.87
0.87
0.87
0.87
0.87
0.87
0.87
0.87
0.87
0.87
0.87
0.87
0.87
0.87
0.87
0.87
0.87
0.87
0.87
0.87
0.87
0.87
0.87
0.87
0.87
0.87
0.87
0.87
0.87
0.87
0.87
0.87
0.87
0.87
0.87
0.87
0.87
0.87
0.87
0.87
0.87
0.87
0.87
0.87
0.87
0.87
0.87
0.87
0.87
0.87
0.87
0.87
0.87
0.87
0.87
0.87
0.87
0.87
0.87
0.87
0.87
0.87
0.87
0.87
0.87
0.87
0.87
0.87
0.87
0.87
0.87
0.87
0.87
0.87
0.87
0.87
0.87
0.87
0.87
0.87
0.87
0.87
0.87
0.87
0.87
0.87
0.87
0.87
0.87
0.87
0.87
0.87
0.87
0.87
0.87
0.87
0.87
0.87
0.87
0.87
0.87
0.87
0.87
0.87
0.87
0.87
0.87
0.87
0.87
0.87
0.87
0.87
0.87
0.87
0.87
0.87
0.87
0.87
0.87
0.87
0.87
0.87
0.87
0.87
0.87
0.87
0.87
0.87
0.87
