0.00
0.78
0.78
0.78
0.78
0.78
0.78
0.78
0.78
0.77
0.77
0.77
0.77
0.77
0.70
0.64
0.61
0.57
0.63
0.63
0.62
0.57
0.54
0.46
0.40
0.39
0.43
0.45
0.42
0.37
0.36
0.41
0.37
0.37
0.40
0.40
0.39
0.39
0.39
0.42
0.45
0.43
0.41
0.41
0.42
0.39
0.43
0.46
0.46
0.46
0.48
0.51
0.51
0.51
0.51
0.52
0.52
0.52
0.52
0.52
0.52
0.54
0.53
0.53
0.53
0.53
0.55
0.48
0.49
0.47
0.47
0.45
0.45
0.48
0.48
0.51
0.50
0.46
0.46
0.45
0.46
0.50
0.50
0.48
0.46
0.43
0.47
0.51
0.51
0.53
0.58
0.59
0.59
0.59
0.59
0.62
0.62
0.62
0.62
0.62
0.63
0.63
0.63
0.63
0.63
0.63
0.63
0.63
0.63
0.63
0.63
0.63
0.63
0.63
0.63
0.63
0.63
0.63
0.63
0.63
0.63
0.63
0.63
0.63
0.63
0.63
0.63
0.63
0.63
0.63
0.63
0.63
0.63
0.63
0.63
0.63
0.63
0.63
0.63
0.63
0.63
0.63
0.63
0.63
0.63
0.63
0.63
0.63
0.63
0.63
0.63
0.63
0.63
0.63
0.63
0.63
0.63
0.63
0.63
0.63
0.63
0.63
0.63
0.63
0.63
0.63
0.63
0.63
0.63
0.63
0.63
0.63
0.63
0.63
0.63
0.63
0.63
0.63
0.63
0.63
0.63
0.63
0.63
0.63
0.63
0.63
0.63
0.63
0.63
0.63
0.63
0.63
0.63
0.63
0.63
0.63
0.63
0.63
0.63
0.63
0.63
0.63
0.63
0.63
0.63
0.63
0.63
0.63
0.63
0.63
0.63
0.63
0.63
0.63
0.63
0.63
0.63
0.63
0.63
0.63
0.63
0.63
0.63
0.63
0.63
0.63
0.63
0.63
0.63
0.63
0.63
0.63
0.63
0.63
0.63
0.63
0.63
0.63
0.63
0.63
0.63
0.63
0.63
0.63
0.63
0.63
0.63
0.63
0.63
0.63
0.63
0.63
0.63
0.63
0.63
0.63
0.63
0.63
0.63
0.63
0.63
0.63
0.63
0.63
0.63
0.63
0.63
0.63
0.63
0.63
0.63
0.63
0.63
0.63
0.63
0.63
0.63
0.63
0.63
0.63
0.63
0.63
0.63
0.63
0.63
0.63
0.63
0.63
0.63
0.63
0.63
0.63
0.63
0.63
0.63
0.63
0.63
0.63
0.63
0.63
0.63
0.63
0.63
0.63
0.63
0.63
0.63
0.63
0.63
0.63
0.63
0.63
0.63
0.63
0.63
0.63
0.63
0.63
0.63
0.63
0.63
0.63
0.63
0.63
0.63
0.63
0.63
0.63
0.63
0.63
0.63
0.63
0.63
0.63
0.63
0.63
0.63
0.63
0.63
0.63
0.63
0.63
0.63
0.63
0.63
0.63
0.63
0.63
0.63
0.63
0.63
0.63
0.63
0.63
0.63
0.63
0.63
0.63
0.63
0.63
0.63
0.63
0.63
0.63
0.63
0.63
0.63
0.63
0.63
0.63
0.63
0.63
0.63
0.63
0.63
0.63
0.63
0.63
0.63
0.63
0.63
0.63
0.63
0.63
0.63
0.63
0.63
0.63
0.63
0.63
0.63
0.63
0.63
0.63
0.63
0.63
0.63
0.63
0.63
0.63
0.63
0.58
0.58
0.57
0.57
0.56
0.57
0.56
0.56
0.56
0.56
0.57
0.58
0.59
0.58
0.58
0.57
0.58
0.56
0.55
0.54
0.53
0.53
0.53
0.53
0.53
0.53
0.53
0.53
0.53
0.53
0.53
0.53
0.53
0.52
0.52
0.51
0.52
0.52
0.52
0.52
0.52
0.51
0.51
0.50
0.51
0.47
0.47
0.47
0.44
0.46
0.47
0.46
0.46
0.46
0.50
0.49
0.49
0.48
0.49
0.50
0.50
0.51
0.53
0.50
0.49
0.50
0.49
0.48
0.47
0.48
0.48
0.48
0.43
0.42
0.43
0.43
0.43
0.46
0.47
0.48
0.48
0.45
0.43
0.44
0.46
0.45
0.45
0.44
0.45
0.45
0.45
0.45
0.47
0.44
0.48
0.48
0.52
0.52
0.53
