0.00
0.58
0.60
0.59
0.61
0.61
0.61
0.62
0.62
0.63
0.63
0.63
0.63
0.63
0.63
0.63
0.63
0.63
0.63
0.63
0.63
0.63
0.63
0.63
0.63
0.63
0.63
0.63
0.63
0.63
0.63
0.63
0.63
0.63
0.63
0.63
0.63
0.63
0.63
0.63
0.63
0.63
0.63
0.63
0.63
0.63
0.63
0.63
0.63
0.63
0.63
0.63
0.63
0.63
0.63
0.63
0.63
0.63
0.63
0.63
0.63
0.63
0.63
0.63
0.63
0.63
0.63
0.63
0.63
0.63
0.63
0.63
0.63
0.63
0.63
0.63
0.63
0.63
0.63
0.63
0.63
0.63
0.63
0.63
0.63
0.63
0.63
0.63
0.63
0.63
0.63
0.63
0.63
0.63
0.63
0.63
0.63
0.63
0.63
0.63
0.63
0.63
0.63
0.63
0.63
0.63
0.63
0.63
0.63
0.63
0.63
0.63
0.63
0.63
0.63
0.63
0.63
0.63
0.63
0.63
0.63
0.63
0.63
0.63
0.63
0.63
0.63
0.63
0.63
0.63
0.63
0.63
0.63
0.63
0.63
0.63
0.63
0.63
0.63
0.63
0.63
0.63
0.63
0.63
0.63
0.63
0.63
0.63
0.63
0.63
0.63
0.63
0.63
0.63
0.63
0.63
0.63
0.63
0.63
0.63
0.63
0.63
0.63
0.63
0.63
0.63
0.63
0.63
0.63
0.63
0.63
0.63
0.63
0.63
0.63
0.63
0.63
0.63
0.63
0.63
0.63
0.63
0.63
0.63
0.63
0.63
0.63
0.63
0.63
0.63
0.63
0.63
0.63
0.63
0.63
0.63
0.63
0.63
0.63
0.63
0.63
0.63
0.63
0.63
0.63
0.63
0.63
0.63
0.63
0.63
0.63
0.63
0.63
0.63
0.63
0.63
0.63
0.63
0.63
0.63
0.63
0.63
0.63
0.63
0.63
0.63
0.63
0.63
0.63
0.63
0.63
0.63
0.63
0.63
0.63
0.63
0.63
0.63
0.63
0.63
0.63
0.63
0.63
0.63
0.63
0.63
0.63
0.63
0.63
0.63
0.63
0.56
0.57
0.58
0.58
0.58
0.58
0.62
0.59
0.59
0.62
0.62
0.62
0.62
0.58
0.55
0.51
0.54
0.56
0.53
0.53
0.54
0.54
0.54
0.55
0.55
0.57
0.56
0.54
0.51
0.46
0.46
0.44
0.45
0.40
0.38
0.43
0.45
0.41
0.36
0.36
0.41
0.43
0.43
0.45
0.45
0.47
0.47
0.47
0.47
0.47
0.47
0.48
0.50
0.50
0.50
0.50
0.50
0.50
0.50
0.54
0.56
0.51
0.51
0.53
0.52
0.53
0.53
0.56
0.56
0.57
0.59
0.59
0.58
0.56
0.57
0.57
0.57
0.57
0.55
0.54
0.53
0.57
0.57
0.57
0.54
0.53
0.53
0.53
0.54
0.55
0.55
0.57
0.55
0.55
0.54
0.56
0.58
0.61
0.60
0.59
0.61
0.61
0.60
0.58
0.58
0.58
0.56
0.55
0.58
0.60
0.60
0.59
0.59
0.59
0.54
0.54
0.52
0.53
0.54
0.56
0.59
0.58
0.56
0.56
0.57
0.54
0.54
0.58
0.58
0.57
0.58
0.55
0.56
0.56
0.55
0.55
0.55
0.53
0.53
0.53
0.53
0.52
0.52
0.55
0.55
0.54
0.52
0.48
0.50
0.50
0.50
0.48
0.46
0.46
0.46
0.46
0.47
0.45
0.45
0.43
0.44
0.45
0.44
0.45
0.45
0.45
0.45
0.45
0.45
0.45
0.45
0.45
0.46
0.46
0.46
0.46
0.47
0.47
0.46
0.46
0.47
0.46
0.44
0.44
0.43
0.43
0.43
0.43
0.42
0.42
0.43
0.41
0.42
0.41
0.41
0.41
0.41
0.39
0.39
0.40
0.40
0.39
0.39
0.39
0.41
0.43
0.43
0.42
0.43
0.43
0.44
0.45
0.45
0.45
0.44
0.44
0.46
0.45
0.44
0.45
0.45
0.44
0.44
0.44
0.43
0.43
0.43
0.44
0.44
0.44
0.43
0.42
0.42
0.42
0.43
0.42
0.41
0.40
0.39
0.39
0.38
0.37
0.38
0.36
0.36
0.36
0.38
0.38
0.40
